S
I=33,J=33
0.000000, 0.000000, 0.000000
4.000000, 0.000000, 0.000000
8.000000, 0.000000, 0.000000
12.000000, 0.000000, 0.000000
16.000000, 0.000000, 0.000000
20.000000, 0.000000, 0.000000
24.000000, 0.000000, 0.000000
28.000000, 0.000000, 0.000000
32.000000, 0.000000, 0.000000
36.000000, 0.000000, 0.000000
40.000000, 0.000000, 0.000000
44.000000, 0.000000, 0.000000
48.000000, 0.000000, 0.000000
52.000000, 0.000000, 0.000000
56.000000, 0.000000, 0.000000
60.000000, 0.000000, 0.000000
64.000000, 0.000000, 0.000000
68.000000, 0.000000, 0.000000
72.000000, 0.000000, 0.000000
76.000000, 0.000000, 0.000000
80.000000, 0.000000, 0.000000
84.000000, 0.000000, 0.000000
88.000000, 0.000000, 0.000000
92.000000, 0.000000, 0.000000
96.000000, 0.000000, 0.000000
100.000000, 0.000000, 0.000000
104.000000, 0.000000, 0.000000
108.000000, 0.000000, 0.000000
112.000000, 0.000000, 0.000000
116.000000, 0.000000, 0.000000
120.000000, 0.000000, 0.000000
124.000000, 0.000000, 0.000000
0.000000, 4.000000, 0.000000
4.000000, 4.000000, 0.000000
8.000000, 4.000000, 0.000000
12.000000, 4.000000, 0.000000
16.000000, 4.000000, 0.000000
20.000000, 4.000000, 0.000000
24.000000, 4.000000, 0.000000
28.000000, 4.000000, 0.000000
32.000000, 4.000000, 0.000000
36.000000, 4.000000, 0.000000
40.000000, 4.000000, 0.000000
44.000000, 4.000000, 0.000000
48.000000, 4.000000, 0.000000
52.000000, 4.000000, 0.000000
56.000000, 4.000000, 0.000003
60.000000, 4.000000, 0.000012
64.000000, 4.000000, 0.000012
68.000000, 4.000000, 0.000003
72.000000, 4.000000, 0.000000
76.000000, 4.000000, 0.000000
80.000000, 4.000000, 0.000000
84.000000, 4.000000, 0.000000
88.000000, 4.000000, 0.000000
92.000000, 4.000000, 0.000000
96.000000, 4.000000, 0.000000
100.000000, 4.000000, 0.000000
104.000000, 4.000000, 0.000000
108.000000, 4.000000, 0.000000
112.000000, 4.000000, 0.000000
116.000000, 4.000000, 0.000000
120.000000, 4.000000, 0.000000
124.000000, 4.000000, 0.000000
0.000000, 8.000000, 0.000000
4.000000, 8.000000, 0.000000
8.000000, 8.000000, 0.000002
12.000000, 8.000000, 0.000029
16.000000, 8.000000, 0.000235
20.000000, 8.000000, 0.000298
24.000000, 8.000000, 0.000057
28.000000, 8.000000, 0.000003
32.000000, 8.000000, 0.000000
36.000000, 8.000000, 0.000000
40.000000, 8.000000, 0.000000
44.000000, 8.000000, 0.000000
48.000000, 8.000000, 0.000046
52.000000, 8.000000, 0.007115
56.000000, 8.000000, 0.120156
60.000000, 8.000000, 0.464854
64.000000, 8.000000, 0.464854
68.000000, 8.000000, 0.120156
72.000000, 8.000000, 0.007115
76.000000, 8.000000, 0.000046
80.000000, 8.000000, 0.000000
84.000000, 8.000000, 0.000000
88.000000, 8.000000, 0.000000
92.000000, 8.000000, 0.000000
96.000000, 8.000000, 0.000003
100.000000, 8.000000, 0.000057
104.000000, 8.000000, 0.000298
108.000000, 8.000000, 0.000235
112.000000, 8.000000, 0.000029
116.000000, 8.000000, 0.000002
120.000000, 8.000000, 0.000000
124.000000, 8.000000, 0.000000
0.000000, 12.000000, 0.000075
4.000000, 12.000000, 0.003534
8.000000, 12.000000, 0.068889
12.000000, 12.000000, 0.419319
16.000000, 12.000000, 1.491207
20.000000, 12.000000, 1.843807
24.000000, 12.000000, 0.580903
28.000000, 12.000000, 0.120383
32.000000, 12.000000, 0.007200
36.000000, 12.000000, 0.000059
40.000000, 12.000000, 0.000000
44.000000, 12.000000, 0.000046
48.000000, 12.000000, 0.029643
52.000000, 12.000000, 2.444572
56.000000, 12.000000, 24.054607
60.000000, 12.000000, 59.971882
64.000000, 12.000000, 59.971882
68.000000, 12.000000, 24.054607
72.000000, 12.000000, 2.444573
76.000000, 12.000000, 0.029643
80.000000, 12.000000, 0.000046
84.000000, 12.000000, 0.000000
88.000000, 12.000000, 0.000059
92.000000, 12.000000, 0.007200
96.000000, 12.000000, 0.120383
100.000000, 12.000000, 0.580903
104.000000, 12.000000, 1.843807
108.000000, 12.000000, 1.491207
112.000000, 12.000000, 0.419319
116.000000, 12.000000, 0.068889
120.000000, 12.000000, 0.003534
124.000000, 12.000000, 0.000042
0.000000, 16.000000, 0.205703
4.000000, 16.000000, 2.395670
8.000000, 16.000000, 17.917509
12.000000, 16.000000, 53.079262
16.000000, 16.000000, 90.241875
20.000000, 16.000000, 101.055328
24.000000, 16.000000, 61.843716
28.000000, 16.000000, 24.241590
32.000000, 16.000000, 2.929314
36.000000, 16.000000, 0.083334
40.000000, 16.000000, 0.000304
44.000000, 16.000000, 0.009271
48.000000, 16.000000, 2.511481
52.000000, 16.000000, 55.843475
56.000000, 16.000000, 219.080505
60.000000, 16.000000, 305.537079
64.000000, 16.000000, 305.537048
68.000000, 16.000000, 219.080490
72.000000, 16.000000, 55.843472
76.000000, 16.000000, 2.511481
80.000000, 16.000000, 0.009271
84.000000, 16.000000, 0.000304
88.000000, 16.000000, 0.083334
92.000000, 16.000000, 2.929314
96.000000, 16.000000, 24.241589
100.000000, 16.000000, 61.843708
104.000000, 16.000000, 101.055321
108.000000, 16.000000, 90.241867
112.000000, 16.000000, 53.079254
116.000000, 16.000000, 17.917507
120.000000, 16.000000, 2.394882
124.000000, 16.000000, 0.093728
0.000000, 20.000000, 37.066799
4.000000, 20.000000, 80.080444
8.000000, 20.000000, 199.199890
12.000000, 20.000000, 277.397339
16.000000, 20.000000, 318.420258
20.000000, 20.000000, 326.842682
24.000000, 20.000000, 305.545380
28.000000, 20.000000, 223.999100
32.000000, 20.000000, 79.405670
36.000000, 20.000000, 7.004408
40.000000, 20.000000, 0.108563
44.000000, 20.000000, 0.219038
48.000000, 20.000000, 29.759521
52.000000, 20.000000, 243.459412
56.000000, 20.000000, 500.276245
60.000000, 20.000000, 655.180298
64.000000, 20.000000, 655.180237
68.000000, 20.000000, 500.276245
72.000000, 20.000000, 243.459396
76.000000, 20.000000, 29.759521
80.000000, 20.000000, 0.219038
84.000000, 20.000000, 0.108563
88.000000, 20.000000, 7.004407
92.000000, 20.000000, 79.405670
96.000000, 20.000000, 223.999069
100.000000, 20.000000, 305.545380
104.000000, 20.000000, 326.842682
108.000000, 20.000000, 318.420288
112.000000, 20.000000, 277.397339
116.000000, 20.000000, 199.199860
120.000000, 20.000000, 79.828705
124.000000, 20.000000, 11.597906
0.000000, 24.000000, 588.767700
4.000000, 24.000000, 282.840302
8.000000, 24.000000, 374.471039
12.000000, 24.000000, 491.598145
16.000000, 24.000000, 596.122681
20.000000, 24.000000, 638.533691
24.000000, 24.000000, 631.249084
28.000000, 24.000000, 520.120850
32.000000, 24.000000, 328.323181
36.000000, 24.000000, 96.645409
40.000000, 24.000000, 5.644213
44.000000, 24.000000, 1.553365
48.000000, 24.000000, 98.352325
52.000000, 24.000000, 487.151978
56.000000, 24.000000, 945.788635
60.000000, 24.000000, 1241.628906
64.000000, 24.000000, 1241.628906
68.000000, 24.000000, 945.788635
72.000000, 24.000000, 487.151978
76.000000, 24.000000, 98.352325
80.000000, 24.000000, 1.553365
84.000000, 24.000000, 5.644213
88.000000, 24.000000, 96.645401
92.000000, 24.000000, 328.323212
96.000000, 24.000000, 520.120850
100.000000, 24.000000, 631.249084
104.000000, 24.000000, 638.533630
108.000000, 24.000000, 596.122742
112.000000, 24.000000, 491.598145
116.000000, 24.000000, 374.470581
120.000000, 24.000000, 279.255829
124.000000, 24.000000, 149.303284
0.000000, 28.000000, 1103.315552
4.000000, 28.000000, 451.430115
8.000000, 28.000000, 643.282288
12.000000, 28.000000, 844.189819
16.000000, 28.000000, 1033.644287
20.000000, 28.000000, 1170.384766
24.000000, 28.000000, 1193.095337
28.000000, 28.000000, 1048.163818
32.000000, 28.000000, 756.036438
36.000000, 28.000000, 366.673676
40.000000, 28.000000, 55.162918
44.000000, 28.000000, 5.898317
48.000000, 28.000000, 192.142975
52.000000, 28.000000, 846.879700
56.000000, 28.000000, 1640.171387
60.000000, 28.000000, 2164.400879
64.000000, 28.000000, 2164.400879
68.000000, 28.000000, 1640.171387
72.000000, 28.000000, 846.879639
76.000000, 28.000000, 192.142975
80.000000, 28.000000, 5.898317
84.000000, 28.000000, 55.162922
88.000000, 28.000000, 366.673706
92.000000, 28.000000, 756.036438
96.000000, 28.000000, 1048.163940
100.000000, 28.000000, 1193.095459
104.000000, 28.000000, 1170.384766
108.000000, 28.000000, 1033.644287
112.000000, 28.000000, 844.189819
116.000000, 28.000000, 643.281494
120.000000, 28.000000, 445.148010
124.000000, 28.000000, 336.660095
0.000000, 32.000000, 1682.645142
4.000000, 32.000000, 714.420349
8.000000, 32.000000, 1011.901123
12.000000, 32.000000, 1347.766113
16.000000, 32.000000, 1670.035767
20.000000, 32.000000, 1936.356812
24.000000, 32.000000, 2024.542969
28.000000, 32.000000, 1902.986816
32.000000, 32.000000, 1496.292603
36.000000, 32.000000, 890.355225
40.000000, 32.000000, 262.529053
44.000000, 32.000000, 25.484917
48.000000, 32.000000, 294.192596
52.000000, 32.000000, 1297.923462
56.000000, 32.000000, 2600.227539
60.000000, 32.000000, 3542.235596
64.000000, 32.000000, 3542.235596
68.000000, 32.000000, 2600.227539
72.000000, 32.000000, 1297.923340
76.000000, 32.000000, 294.192505
80.000000, 32.000000, 25.484917
84.000000, 32.000000, 262.529083
88.000000, 32.000000, 890.355225
92.000000, 32.000000, 1496.292480
96.000000, 32.000000, 1902.986938
100.000000, 32.000000, 2024.543213
104.000000, 32.000000, 1936.356812
108.000000, 32.000000, 1670.035767
112.000000, 32.000000, 1347.766113
116.000000, 32.000000, 1011.899841
120.000000, 32.000000, 704.872498
124.000000, 32.000000, 500.739380
0.000000, 36.000000, 2531.813477
4.000000, 36.000000, 1064.114502
8.000000, 36.000000, 1509.794067
12.000000, 36.000000, 2010.513672
16.000000, 36.000000, 2552.895020
20.000000, 36.000000, 3047.811523
24.000000, 36.000000, 3324.933105
28.000000, 36.000000, 3272.804688
32.000000, 36.000000, 2759.533203
36.000000, 36.000000, 1848.499756
40.000000, 36.000000, 761.726685
44.000000, 36.000000, 98.484337
48.000000, 36.000000, 324.448029
52.000000, 36.000000, 1768.920654
56.000000, 36.000000, 3877.412354
60.000000, 36.000000, 5441.591309
64.000000, 36.000000, 5441.590820
68.000000, 36.000000, 3877.412842
72.000000, 36.000000, 1768.920532
76.000000, 36.000000, 324.448029
80.000000, 36.000000, 98.484322
84.000000, 36.000000, 761.726807
88.000000, 36.000000, 1848.500000
92.000000, 36.000000, 2759.533691
96.000000, 36.000000, 3272.804932
100.000000, 36.000000, 3324.932861
104.000000, 36.000000, 3047.811523
108.000000, 36.000000, 2552.895020
112.000000, 36.000000, 2010.513428
116.000000, 36.000000, 1509.792236
120.000000, 36.000000, 1049.574341
124.000000, 36.000000, 762.568909
0.000000, 40.000000, 3540.686768
4.000000, 40.000000, 1470.047852
8.000000, 40.000000, 2088.941895
12.000000, 40.000000, 2848.839600
16.000000, 40.000000, 3698.371094
20.000000, 40.000000, 4528.946777
24.000000, 40.000000, 5152.396484
28.000000, 40.000000, 5314.442871
32.000000, 40.000000, 4744.408203
36.000000, 40.000000, 3473.938477
40.000000, 40.000000, 1757.041748
44.000000, 40.000000, 374.904724
48.000000, 40.000000, 305.615906
52.000000, 40.000000, 2089.358887
56.000000, 40.000000, 5190.545410
60.000000, 40.000000, 7612.825684
64.000000, 40.000000, 7612.825684
68.000000, 40.000000, 5190.545898
72.000000, 40.000000, 2089.358887
76.000000, 40.000000, 305.615845
80.000000, 40.000000, 374.904724
84.000000, 40.000000, 1757.041504
88.000000, 40.000000, 3473.938477
92.000000, 40.000000, 4744.408203
96.000000, 40.000000, 5314.442871
100.000000, 40.000000, 5152.395996
104.000000, 40.000000, 4528.946777
108.000000, 40.000000, 3698.371582
112.000000, 40.000000, 2848.839600
116.000000, 40.000000, 2088.938965
120.000000, 40.000000, 1449.779419
124.000000, 40.000000, 1049.868774
0.000000, 44.000000, 4612.244141
4.000000, 44.000000, 1929.626709
8.000000, 44.000000, 2753.472900
12.000000, 44.000000, 3827.733398
16.000000, 44.000000, 5079.142090
20.000000, 44.000000, 6393.149414
24.000000, 44.000000, 7485.181641
28.000000, 44.000000, 8038.466309
32.000000, 44.000000, 7649.155273
36.000000, 44.000000, 6121.560547
40.000000, 44.000000, 3650.476074
44.000000, 44.000000, 1209.593994
48.000000, 44.000000, 293.908356
52.000000, 44.000000, 2039.487671
56.000000, 44.000000, 6040.848145
60.000000, 44.000000, 9456.513672
64.000000, 44.000000, 9456.512695
68.000000, 44.000000, 6040.847168
72.000000, 44.000000, 2039.487793
76.000000, 44.000000, 293.908356
80.000000, 44.000000, 1209.594116
84.000000, 44.000000, 3650.476074
88.000000, 44.000000, 6121.560547
92.000000, 44.000000, 7649.155273
96.000000, 44.000000, 8038.466797
100.000000, 44.000000, 7485.182129
104.000000, 44.000000, 6393.148926
108.000000, 44.000000, 5079.142578
112.000000, 44.000000, 3827.733398
116.000000, 44.000000, 2753.469971
120.000000, 44.000000, 1903.389282
124.000000, 44.000000, 1362.669067
0.000000, 48.000000, 5705.916504
4.000000, 48.000000, 2389.969727
8.000000, 48.000000, 3453.703613
12.000000, 48.000000, 4897.819336
16.000000, 48.000000, 6602.823242
20.000000, 48.000000, 8485.230469
24.000000, 48.000000, 10253.191406
28.000000, 48.000000, 11472.113281
32.000000, 48.000000, 11540.358398
36.000000, 48.000000, 9976.982422
40.000000, 48.000000, 6802.715332
44.000000, 48.000000, 3033.119873
48.000000, 48.000000, 599.072205
52.000000, 48.000000, 1421.305176
56.000000, 48.000000, 5498.637207
60.000000, 48.000000, 9474.922852
64.000000, 48.000000, 9474.922852
68.000000, 48.000000, 5498.638184
72.000000, 48.000000, 1421.305054
76.000000, 48.000000, 599.072205
80.000000, 48.000000, 3033.120117
84.000000, 48.000000, 6802.714844
88.000000, 48.000000, 9976.982422
92.000000, 48.000000, 11540.358398
96.000000, 48.000000, 11472.114258
100.000000, 48.000000, 10253.191406
104.000000, 48.000000, 8485.230469
108.000000, 48.000000, 6602.822754
112.000000, 48.000000, 4897.819824
116.000000, 48.000000, 3453.699707
120.000000, 48.000000, 2357.512451
124.000000, 48.000000, 1680.842407
0.000000, 52.000000, 6708.343262
4.000000, 52.000000, 2825.794434
8.000000, 52.000000, 4117.284668
12.000000, 52.000000, 5910.431152
16.000000, 52.000000, 8137.791016
20.000000, 52.000000, 10627.593750
24.000000, 52.000000, 13161.537109
28.000000, 52.000000, 15214.961914
32.000000, 52.000000, 16003.798828
36.000000, 52.000000, 14815.991211
40.000000, 52.000000, 11290.697266
44.000000, 52.000000, 6289.544922
48.000000, 52.000000, 1921.815796
52.000000, 52.000000, 664.040833
56.000000, 52.000000, 3084.984863
60.000000, 52.000000, 6229.946777
64.000000, 52.000000, 6229.946289
68.000000, 52.000000, 3084.984863
72.000000, 52.000000, 664.040894
76.000000, 52.000000, 1921.815552
80.000000, 52.000000, 6289.545898
84.000000, 52.000000, 11290.697266
88.000000, 52.000000, 14815.989258
92.000000, 52.000000, 16003.798828
96.000000, 52.000000, 15214.961914
100.000000, 52.000000, 13161.543945
104.000000, 52.000000, 10627.873047
108.000000, 52.000000, 8138.071289
112.000000, 52.000000, 5910.437988
116.000000, 52.000000, 4117.280273
120.000000, 52.000000, 2787.766846
124.000000, 52.000000, 1973.001343
0.000000, 56.000000, 7400.221191
4.000000, 56.000000, 3172.205566
8.000000, 56.000000, 4675.472656
12.000000, 56.000000, 6741.766602
16.000000, 56.000000, 9368.450195
20.000000, 56.000000, 12457.914063
24.000000, 56.000000, 15717.544922
28.000000, 56.000000, 18587.195313
32.000000, 56.000000, 20241.750000
36.000000, 56.000000, 19701.640625
40.000000, 56.000000, 16347.183594
44.000000, 56.000000, 10699.895508
48.000000, 56.000000, 4776.964844
52.000000, 56.000000, 1156.210693
56.000000, 56.000000, 820.865356
60.000000, 56.000000, 1900.163208
64.000000, 56.000000, 1900.163208
68.000000, 56.000000, 820.865295
72.000000, 56.000000, 1156.210815
76.000000, 56.000000, 4776.964844
80.000000, 56.000000, 10699.896484
84.000000, 56.000000, 16347.185547
88.000000, 56.000000, 19701.636719
92.000000, 56.000000, 20241.753906
96.000000, 56.000000, 18587.195313
100.000000, 56.000000, 15717.626953
104.000000, 56.000000, 12464.761719
108.000000, 56.000000, 9375.296875
112.000000, 56.000000, 6741.848145
116.000000, 56.000000, 4675.466797
120.000000, 56.000000, 3130.462158
124.000000, 56.000000, 2205.488037
0.000000, 60.000000, 8060.933594
4.000000, 60.000000, 3374.677002
8.000000, 60.000000, 5006.982422
12.000000, 60.000000, 7248.269531
16.000000, 60.000000, 10148.493164
20.000000, 60.000000, 13614.457031
24.000000, 60.000000, 17417.367188
28.000000, 60.000000, 20865.816406
32.000000, 60.000000, 23143.236328
36.000000, 60.000000, 23186.476563
40.000000, 60.000000, 20244.250000
44.000000, 60.000000, 14570.415039
48.000000, 60.000000, 8072.857422
52.000000, 60.000000, 3470.457031
56.000000, 60.000000, 2833.649414
60.000000, 60.000000, 8156.693359
64.000000, 60.000000, 8156.692871
68.000000, 60.000000, 2833.649414
72.000000, 60.000000, 3470.456787
76.000000, 60.000000, 8072.857422
80.000000, 60.000000, 14570.416992
84.000000, 60.000000, 20244.248047
88.000000, 60.000000, 23186.478516
92.000000, 60.000000, 23143.236328
96.000000, 60.000000, 20865.816406
100.000000, 60.000000, 17417.400391
104.000000, 60.000000, 13616.858398
108.000000, 60.000000, 10150.894531
112.000000, 60.000000, 7248.305664
116.000000, 60.000000, 5006.977051
120.000000, 60.000000, 3328.356445
124.000000, 60.000000, 2347.153809
0.000000, 64.000000, 8272.788086
4.000000, 64.000000, 3458.418213
8.000000, 64.000000, 5066.177734
12.000000, 64.000000, 7335.131836
16.000000, 64.000000, 10314.959961
20.000000, 64.000000, 13836.833008
24.000000, 64.000000, 17752.921875
28.000000, 64.000000, 21358.589844
32.000000, 64.000000, 23789.136719
36.000000, 64.000000, 23958.175781
40.000000, 64.000000, 21149.279297
44.000000, 64.000000, 15526.381836
48.000000, 64.000000, 8995.459961
52.000000, 64.000000, 4357.244141
56.000000, 64.000000, 4490.020996
60.000000, 64.000000, 14456.973633
64.000000, 64.000000, 14456.974609
68.000000, 64.000000, 4490.020996
72.000000, 64.000000, 4357.244141
76.000000, 64.000000, 8995.459961
80.000000, 64.000000, 15526.383789
84.000000, 64.000000, 21149.281250
88.000000, 64.000000, 23958.173828
92.000000, 64.000000, 23789.142578
96.000000, 64.000000, 21358.589844
100.000000, 64.000000, 17752.927734
104.000000, 64.000000, 13837.122070
108.000000, 64.000000, 10315.249023
112.000000, 64.000000, 7335.138672
116.000000, 64.000000, 5066.172363
120.000000, 64.000000, 3410.730957
124.000000, 64.000000, 2389.917725
0.000000, 68.000000, 7717.570801
4.000000, 68.000000, 3276.577393
8.000000, 68.000000, 4877.977539
12.000000, 68.000000, 7045.413086
16.000000, 68.000000, 9820.687500
20.000000, 68.000000, 13149.601563
24.000000, 68.000000, 16723.132813
28.000000, 68.000000, 19910.798828
32.000000, 68.000000, 21920.734375
36.000000, 68.000000, 21719.394531
40.000000, 68.000000, 18567.666016
44.000000, 68.000000, 12857.193359
48.000000, 68.000000, 6529.853027
52.000000, 68.000000, 2202.077148
56.000000, 68.000000, 1195.256348
60.000000, 68.000000, 2870.025635
64.000000, 68.000000, 2870.025391
68.000000, 68.000000, 1195.256348
72.000000, 68.000000, 2202.077148
76.000000, 68.000000, 6529.853516
80.000000, 68.000000, 12857.192383
84.000000, 68.000000, 18567.664063
88.000000, 68.000000, 21719.392578
92.000000, 68.000000, 21920.734375
96.000000, 68.000000, 19910.798828
100.000000, 68.000000, 16723.216797
104.000000, 68.000000, 13156.449219
108.000000, 68.000000, 9827.535156
112.000000, 68.000000, 7045.494141
116.000000, 68.000000, 4877.971680
120.000000, 68.000000, 3232.699219
124.000000, 68.000000, 2276.000977
0.000000, 72.000000, 7140.507324
4.000000, 72.000000, 3018.440674
8.000000, 72.000000, 4415.383301
12.000000, 72.000000, 6359.990723
16.000000, 72.000000, 8807.761719
20.000000, 72.000000, 11602.404297
24.000000, 72.000000, 14505.636719
28.000000, 72.000000, 16988.667969
32.000000, 72.000000, 18221.558594
36.000000, 72.000000, 17335.410156
40.000000, 72.000000, 13835.500000
44.000000, 72.000000, 8424.494141
48.000000, 72.000000, 3167.921631
52.000000, 72.000000, 653.755920
56.000000, 72.000000, 1666.274170
60.000000, 72.000000, 3714.095947
64.000000, 72.000000, 3714.095459
68.000000, 72.000000, 1666.274048
72.000000, 72.000000, 653.755859
76.000000, 72.000000, 3167.921387
80.000000, 72.000000, 8424.494141
84.000000, 72.000000, 13835.500000
88.000000, 72.000000, 17335.410156
92.000000, 72.000000, 18221.558594
96.000000, 72.000000, 16988.666016
100.000000, 72.000000, 14505.675781
104.000000, 72.000000, 11604.807617
108.000000, 72.000000, 8810.165039
112.000000, 72.000000, 6360.029297
116.000000, 72.000000, 4415.378906
120.000000, 72.000000, 2978.088379
124.000000, 72.000000, 2088.495605
0.000000, 76.000000, 6188.542969
4.000000, 76.000000, 2614.501709
8.000000, 76.000000, 3793.364990
12.000000, 76.000000, 5417.460938
16.000000, 76.000000, 7386.876953
20.000000, 76.000000, 9567.918945
24.000000, 76.000000, 11725.452148
28.000000, 76.000000, 13352.261719
32.000000, 76.000000, 13741.366211
36.000000, 76.000000, 12315.757813
40.000000, 76.000000, 8910.819336
44.000000, 76.000000, 4470.558594
48.000000, 76.000000, 1082.735596
52.000000, 76.000000, 989.427612
56.000000, 76.000000, 4481.072266
60.000000, 76.000000, 8289.010742
64.000000, 76.000000, 8289.010742
68.000000, 76.000000, 4481.071777
72.000000, 76.000000, 989.427734
76.000000, 76.000000, 1082.735474
80.000000, 76.000000, 4470.559570
84.000000, 76.000000, 8910.820313
88.000000, 76.000000, 12315.756836
92.000000, 76.000000, 13741.364258
96.000000, 76.000000, 13352.261719
100.000000, 76.000000, 11725.454102
104.000000, 76.000000, 9567.927734
108.000000, 76.000000, 7386.885254
112.000000, 76.000000, 5417.459961
116.000000, 76.000000, 3793.361084
120.000000, 76.000000, 2579.326904
124.000000, 76.000000, 1815.243896
0.000000, 80.000000, 5154.562988
4.000000, 80.000000, 2159.868164
8.000000, 80.000000, 3105.444336
12.000000, 80.000000, 4365.971191
16.000000, 80.000000, 5825.700195
20.000000, 80.000000, 7423.129395
24.000000, 80.000000, 8823.493164
28.000000, 80.000000, 9673.579102
32.000000, 80.000000, 9485.805664
36.000000, 80.000000, 7896.179688
40.000000, 80.000000, 5047.810547
44.000000, 80.000000, 1960.941406
48.000000, 80.000000, 371.258545
52.000000, 80.000000, 1799.714844
56.000000, 80.000000, 6005.544922
60.000000, 80.000000, 9800.574219
64.000000, 80.000000, 9800.574219
68.000000, 80.000000, 6005.544922
72.000000, 80.000000, 1799.714966
76.000000, 80.000000, 371.258575
80.000000, 80.000000, 1960.941406
84.000000, 80.000000, 5047.811035
88.000000, 80.000000, 7896.179688
92.000000, 80.000000, 9485.806641
96.000000, 80.000000, 9673.579102
100.000000, 80.000000, 8823.493164
104.000000, 80.000000, 7423.130859
108.000000, 80.000000, 5825.699707
112.000000, 80.000000, 4365.971680
116.000000, 80.000000, 3105.440674
120.000000, 80.000000, 2130.384766
124.000000, 80.000000, 1506.114136
0.000000, 84.000000, 4054.182861
4.000000, 84.000000, 1695.845581
8.000000, 84.000000, 2408.895752
12.000000, 84.000000, 3315.168457
16.000000, 84.000000, 4367.476074
20.000000, 84.000000, 5419.004883
24.000000, 84.000000, 6258.101563
28.000000, 84.000000, 6591.423828
32.000000, 84.000000, 6067.669434
36.000000, 84.000000, 4653.640137
40.000000, 84.000000, 2569.516846
44.000000, 84.000000, 700.835754
48.000000, 84.000000, 290.403473
52.000000, 84.000000, 2127.809082
56.000000, 84.000000, 5725.423340
60.000000, 84.000000, 8658.517578
64.000000, 84.000000, 8658.518555
68.000000, 84.000000, 5725.423340
72.000000, 84.000000, 2127.809082
76.000000, 84.000000, 290.403503
80.000000, 84.000000, 700.835693
84.000000, 84.000000, 2569.516602
88.000000, 84.000000, 4653.640625
92.000000, 84.000000, 6067.669922
96.000000, 84.000000, 6591.423828
100.000000, 84.000000, 6258.102051
104.000000, 84.000000, 5419.004395
108.000000, 84.000000, 4367.476074
112.000000, 84.000000, 3315.168457
116.000000, 84.000000, 2408.892334
120.000000, 84.000000, 1672.753906
124.000000, 84.000000, 1191.142090
0.000000, 88.000000, 3050.988281
4.000000, 88.000000, 1261.218140
8.000000, 88.000000, 1794.894287
12.000000, 88.000000, 2412.944336
16.000000, 88.000000, 3090.239502
20.000000, 88.000000, 3739.869873
24.000000, 88.000000, 4176.304199
28.000000, 88.000000, 4202.609863
32.000000, 88.000000, 3656.543457
36.000000, 88.000000, 2560.660400
40.000000, 88.000000, 1171.937134
44.000000, 88.000000, 190.769363
48.000000, 88.000000, 318.565765
52.000000, 88.000000, 1965.633667
56.000000, 88.000000, 4553.115234
60.000000, 88.000000, 6506.458984
64.000000, 88.000000, 6506.458496
68.000000, 88.000000, 4553.115234
72.000000, 88.000000, 1965.633667
76.000000, 88.000000, 318.565735
80.000000, 88.000000, 190.769363
84.000000, 88.000000, 1171.937134
88.000000, 88.000000, 2560.660645
92.000000, 88.000000, 3656.543457
96.000000, 88.000000, 4202.608887
100.000000, 88.000000, 4176.303711
104.000000, 88.000000, 3739.869385
108.000000, 88.000000, 3090.240234
112.000000, 88.000000, 2412.944092
116.000000, 88.000000, 1794.892090
120.000000, 88.000000, 1243.671753
124.000000, 88.000000, 884.267578
0.000000, 92.000000, 2128.683838
4.000000, 92.000000, 877.228638
8.000000, 92.000000, 1244.067017
12.000000, 92.000000, 1657.737671
16.000000, 92.000000, 2083.032227
20.000000, 92.000000, 2445.192139
24.000000, 92.000000, 2596.706055
28.000000, 92.000000, 2511.529297
32.000000, 92.000000, 2040.655762
36.000000, 92.000000, 1295.149658
40.000000, 92.000000, 465.940552
44.000000, 92.000000, 50.980293
48.000000, 92.000000, 316.672211
52.000000, 92.000000, 1530.688110
56.000000, 92.000000, 3205.625732
60.000000, 92.000000, 4437.308594
64.000000, 92.000000, 4437.307617
68.000000, 92.000000, 3205.625732
72.000000, 92.000000, 1530.688110
76.000000, 92.000000, 316.672180
80.000000, 92.000000, 50.980293
84.000000, 92.000000, 465.940552
88.000000, 92.000000, 1295.149536
92.000000, 92.000000, 2040.655640
96.000000, 92.000000, 2511.529541
100.000000, 92.000000, 2596.705811
104.000000, 92.000000, 2445.192139
108.000000, 92.000000, 2083.032227
112.000000, 92.000000, 1657.737427
116.000000, 92.000000, 1244.065552
120.000000, 92.000000, 865.119141
124.000000, 92.000000, 616.467773
0.000000, 96.000000, 1285.658447
4.000000, 96.000000, 576.533936
8.000000, 96.000000, 815.039246
12.000000, 96.000000, 1077.655518
16.000000, 96.000000, 1322.563721
20.000000, 96.000000, 1517.948853
24.000000, 96.000000, 1574.017334
28.000000, 96.000000, 1425.354004
32.000000, 96.000000, 1079.207764
36.000000, 96.000000, 588.719727
40.000000, 96.000000, 129.926208
44.000000, 96.000000, 12.484841
48.000000, 96.000000, 249.944061
52.000000, 96.000000, 1069.325928
56.000000, 96.000000, 2088.681152
60.000000, 96.000000, 2792.476074
64.000000, 96.000000, 2792.475830
68.000000, 96.000000, 2088.681152
72.000000, 96.000000, 1069.325806
76.000000, 96.000000, 249.944031
80.000000, 96.000000, 12.484841
84.000000, 96.000000, 129.926208
88.000000, 96.000000, 588.719727
92.000000, 96.000000, 1079.207764
96.000000, 96.000000, 1425.354004
100.000000, 96.000000, 1574.017334
104.000000, 96.000000, 1517.948730
108.000000, 96.000000, 1322.563599
112.000000, 96.000000, 1077.655273
116.000000, 96.000000, 815.038330
120.000000, 96.000000, 569.249512
124.000000, 96.000000, 395.092407
0.000000, 100.000000, 954.945251
4.000000, 100.000000, 355.689178
8.000000, 100.000000, 492.494904
12.000000, 100.000000, 652.885193
16.000000, 100.000000, 792.704529
20.000000, 100.000000, 878.465271
24.000000, 100.000000, 879.275635
28.000000, 100.000000, 749.379517
32.000000, 100.000000, 511.648376
36.000000, 100.000000, 209.555939
40.000000, 100.000000, 20.243086
44.000000, 100.000000, 2.960431
48.000000, 100.000000, 143.127289
52.000000, 100.000000, 650.002686
56.000000, 100.000000, 1252.311279
60.000000, 100.000000, 1648.804199
64.000000, 100.000000, 1648.804077
68.000000, 100.000000, 1252.311157
72.000000, 100.000000, 650.002747
76.000000, 100.000000, 143.127274
80.000000, 100.000000, 2.960431
84.000000, 100.000000, 20.243084
88.000000, 100.000000, 209.555923
92.000000, 100.000000, 511.648376
96.000000, 100.000000, 749.379456
100.000000, 100.000000, 879.275391
104.000000, 100.000000, 878.465393
108.000000, 100.000000, 792.704651
112.000000, 100.000000, 652.885132
116.000000, 100.000000, 492.494263
120.000000, 100.000000, 350.107727
124.000000, 100.000000, 244.544403
0.000000, 104.000000, 202.131912
4.000000, 104.000000, 186.348526
8.000000, 104.000000, 295.277802
12.000000, 104.000000, 366.030396
16.000000, 104.000000, 431.953949
20.000000, 104.000000, 449.638245
24.000000, 104.000000, 440.442688
28.000000, 104.000000, 354.500610
32.000000, 104.000000, 188.050735
36.000000, 104.000000, 31.663443
40.000000, 104.000000, 1.006963
44.000000, 104.000000, 0.666016
48.000000, 104.000000, 59.283440
52.000000, 104.000000, 356.357117
56.000000, 104.000000, 700.903503
60.000000, 104.000000, 916.718323
64.000000, 104.000000, 916.718323
68.000000, 104.000000, 700.903503
72.000000, 104.000000, 356.357117
76.000000, 104.000000, 59.283432
80.000000, 104.000000, 0.666016
84.000000, 104.000000, 1.006963
88.000000, 104.000000, 31.663443
92.000000, 104.000000, 188.050751
96.000000, 104.000000, 354.500610
100.000000, 104.000000, 440.442688
104.000000, 104.000000, 449.638245
108.000000, 104.000000, 431.953918
112.000000, 104.000000, 366.030396
116.000000, 104.000000, 295.277618
120.000000, 104.000000, 185.002167
124.000000, 104.000000, 50.821503
0.000000, 108.000000, 3.641839
4.000000, 108.000000, 19.311762
8.000000, 108.000000, 83.873840
12.000000, 108.000000, 163.761795
16.000000, 108.000000, 213.828949
20.000000, 108.000000, 225.328079
24.000000, 108.000000, 180.205444
28.000000, 108.000000, 100.479958
32.000000, 108.000000, 20.367720
36.000000, 108.000000, 1.002151
40.000000, 108.000000, 0.007282
44.000000, 108.000000, 0.055094
48.000000, 108.000000, 10.797818
52.000000, 108.000000, 137.607269
56.000000, 108.000000, 345.465179
60.000000, 108.000000, 447.684570
64.000000, 108.000000, 447.684601
68.000000, 108.000000, 345.465179
72.000000, 108.000000, 137.607269
76.000000, 108.000000, 10.797817
80.000000, 108.000000, 0.055094
84.000000, 108.000000, 0.007282
88.000000, 108.000000, 1.002151
92.000000, 108.000000, 20.367720
96.000000, 108.000000, 100.479973
100.000000, 108.000000, 180.205429
104.000000, 108.000000, 225.328064
108.000000, 108.000000, 213.828949
112.000000, 108.000000, 163.761765
116.000000, 108.000000, 83.873833
120.000000, 108.000000, 19.289522
124.000000, 108.000000, 1.377188
0.000000, 112.000000, 0.006299
4.000000, 112.000000, 0.142128
8.000000, 112.000000, 1.738020
12.000000, 112.000000, 7.609719
16.000000, 112.000000, 18.246239
20.000000, 112.000000, 21.685297
24.000000, 112.000000, 9.543339
28.000000, 112.000000, 2.695052
32.000000, 112.000000, 0.222385
36.000000, 112.000000, 0.003331
40.000000, 112.000000, 0.000007
44.000000, 112.000000, 0.000929
48.000000, 112.000000, 0.350078
52.000000, 112.000000, 14.957770
56.000000, 112.000000, 98.907394
60.000000, 112.000000, 178.322006
64.000000, 112.000000, 178.321991
68.000000, 112.000000, 98.907379
72.000000, 112.000000, 14.957770
76.000000, 112.000000, 0.350078
80.000000, 112.000000, 0.000929
84.000000, 112.000000, 0.000007
88.000000, 112.000000, 0.003331
92.000000, 112.000000, 0.222385
96.000000, 112.000000, 2.695051
100.000000, 112.000000, 9.543338
104.000000, 112.000000, 21.685301
108.000000, 112.000000, 18.246239
112.000000, 112.000000, 7.609721
116.000000, 112.000000, 1.738019
120.000000, 112.000000, 0.142119
124.000000, 112.000000, 0.003231
0.000000, 116.000000, 0.000000
4.000000, 116.000000, 0.000026
8.000000, 116.000000, 0.000873
12.000000, 116.000000, 0.007482
16.000000, 116.000000, 0.040410
20.000000, 116.000000, 0.050970
24.000000, 116.000000, 0.012014
28.000000, 116.000000, 0.001653
32.000000, 116.000000, 0.000068
36.000000, 116.000000, 0.000000
40.000000, 116.000000, 0.000000
44.000000, 116.000000, 0.000001
48.000000, 116.000000, 0.001553
52.000000, 116.000000, 0.208409
56.000000, 116.000000, 2.687805
60.000000, 116.000000, 8.777823
64.000000, 116.000000, 8.777822
68.000000, 116.000000, 2.687805
72.000000, 116.000000, 0.208409
76.000000, 116.000000, 0.001553
80.000000, 116.000000, 0.000001
84.000000, 116.000000, 0.000000
88.000000, 116.000000, 0.000000
92.000000, 116.000000, 0.000068
96.000000, 116.000000, 0.001653
100.000000, 116.000000, 0.012014
104.000000, 116.000000, 0.050970
108.000000, 116.000000, 0.040410
112.000000, 116.000000, 0.007482
116.000000, 116.000000, 0.000873
120.000000, 116.000000, 0.000026
124.000000, 116.000000, 0.000000
0.000000, 120.000000, 0.000000
4.000000, 120.000000, 0.000000
8.000000, 120.000000, 0.000000
12.000000, 120.000000, 0.000000
16.000000, 120.000000, 0.000000
20.000000, 120.000000, 0.000000
24.000000, 120.000000, 0.000000
28.000000, 120.000000, 0.000000
32.000000, 120.000000, 0.000000
36.000000, 120.000000, 0.000000
40.000000, 120.000000, 0.000000
44.000000, 120.000000, 0.000000
48.000000, 120.000000, 0.000000
52.000000, 120.000000, 0.000068
56.000000, 120.000000, 0.001635
60.000000, 120.000000, 0.006803
64.000000, 120.000000, 0.006803
68.000000, 120.000000, 0.001635
72.000000, 120.000000, 0.000068
76.000000, 120.000000, 0.000000
80.000000, 120.000000, 0.000000
84.000000, 120.000000, 0.000000
88.000000, 120.000000, 0.000000
92.000000, 120.000000, 0.000000
96.000000, 120.000000, 0.000000
100.000000, 120.000000, 0.000000
104.000000, 120.000000, 0.000000
108.000000, 120.000000, 0.000000
112.000000, 120.000000, 0.000000
116.000000, 120.000000, 0.000000
120.000000, 120.000000, 0.000000
124.000000, 120.000000, 0.000000
0.000000, 124.000000, 0.000000
4.000000, 124.000000, 0.000000
8.000000, 124.000000, 0.000000
12.000000, 124.000000, 0.000000
16.000000, 124.000000, 0.000000
20.000000, 124.000000, 0.000000
24.000000, 124.000000, 0.000000
28.000000, 124.000000, 0.000000
32.000000, 124.000000, 0.000000
36.000000, 124.000000, 0.000000
40.000000, 124.000000, 0.000000
44.000000, 124.000000, 0.000000
48.000000, 124.000000, 0.000000
52.000000, 124.000000, 0.000000
56.000000, 124.000000, 0.000000
60.000000, 124.000000, 0.000000
64.000000, 124.000000, 0.000000
68.000000, 124.000000, 0.000000
72.000000, 124.000000, 0.000000
76.000000, 124.000000, 0.000000
80.000000, 124.000000, 0.000000
84.000000, 124.000000, 0.000000
88.000000, 124.000000, 0.000000
92.000000, 124.000000, 0.000000
96.000000, 124.000000, 0.000000
100.000000, 124.000000, 0.000000
104.000000, 124.000000, 0.000000
108.000000, 124.000000, 0.000000
112.000000, 124.000000, 0.000000
116.000000, 124.000000, 0.000000
120.000000, 124.000000, 0.000000
124.000000, 124.000000, 0.000000
