S
I=64,J=64
0.0, 0.0, 0.000000
0.0, 0.0, 0.000000
0.0, 0.0, 0.000000
0.0, 0.0, 0.000000
0.0, 0.0, 0.000000
0.0, 0.0, 0.000000
0.0, 0.0, 0.000000
0.0, 0.0, 0.000000
0.0, 0.0, 0.000000
0.0, 0.0, 0.000000
0.0, 0.0, 0.000000
0.0, 0.0, 0.000000
0.0, 0.0, 0.000000
0.0, 0.0, 0.000000
0.0, 0.0, 0.000000
0.0, 0.0, 0.000000
0.0, 0.0, 0.000025
0.0, 0.0, 0.000254
0.0, 0.0, 0.001638
0.0, 0.0, 0.010682
0.0, 0.0, 0.054765
0.0, 0.0, 0.239664
0.0, 0.0, 0.831247
0.0, 0.0, 2.453233
0.0, 0.0, 6.177724
0.0, 0.0, 13.862102
0.0, 0.0, 28.234354
0.0, 0.0, 48.605671
0.0, 0.0, 72.005653
0.0, 0.0, 91.290619
0.0, 0.0, 106.930473
0.0, 0.0, 115.367645
0.0, 0.0, 116.485130
0.0, 0.0, 111.307678
0.0, 0.0, 100.045677
0.0, 0.0, 81.533379
0.0, 0.0, 60.715778
0.0, 0.0, 37.770985
0.0, 0.0, 20.542894
0.0, 0.0, 10.045323
0.0, 0.0, 4.568760
0.0, 0.0, 1.830495
0.0, 0.0, 0.591302
0.0, 0.0, 0.158786
0.0, 0.0, 0.036119
0.0, 0.0, 0.007576
0.0, 0.0, 0.001321
0.0, 0.0, 0.000229
0.0, 0.0, 0.000025
0.0, 0.0, 0.000000
0.0, 0.0, 0.000000
0.0, 0.0, 0.000000
0.0, 0.0, 0.000000
0.0, 0.0, 0.000000
0.0, 0.0, 0.000000
0.0, 0.0, 0.000000
0.0, 0.0, 0.000000
0.0, 0.0, 0.000000
0.0, 0.0, 0.000000
0.0, 0.0, 0.000000
0.0, 0.0, 0.000000
0.0, 0.0, 0.000000
0.0, 0.0, 0.000000
0.0, 0.0, 0.000000
0.0, 0.0, 0.000000
0.0, 0.0, 0.000000
0.0, 0.0, 0.000000
0.0, 0.0, 0.000000
0.0, 0.0, 0.000000
0.0, 0.0, 0.000000
0.0, 0.0, 0.000000
0.0, 0.0, 0.000000
0.0, 0.0, 0.000000
0.0, 0.0, 0.000000
0.0, 0.0, 0.000000
0.0, 0.0, 0.000000
0.0, 0.0, 0.000000
0.0, 0.0, 0.000000
0.0, 0.0, 0.000000
0.0, 0.0, 0.000068
0.0, 0.0, 0.000576
0.0, 0.0, 0.003421
0.0, 0.0, 0.015758
0.0, 0.0, 0.061525
0.0, 0.0, 0.228097
0.0, 0.0, 0.735991
0.0, 0.0, 2.091936
0.0, 0.0, 5.020085
0.0, 0.0, 10.515130
0.0, 0.0, 19.539925
0.0, 0.0, 32.283234
0.0, 0.0, 47.973598
0.0, 0.0, 62.602913
0.0, 0.0, 74.717163
0.0, 0.0, 83.680206
0.0, 0.0, 88.849060
0.0, 0.0, 89.438202
0.0, 0.0, 85.744659
0.0, 0.0, 77.908112
0.0, 0.0, 67.152359
0.0, 0.0, 53.025436
0.0, 0.0, 38.133476
0.0, 0.0, 24.608955
0.0, 0.0, 14.621044
0.0, 0.0, 7.821815
0.0, 0.0, 3.627823
0.0, 0.0, 1.455210
0.0, 0.0, 0.507987
0.0, 0.0, 0.163299
0.0, 0.0, 0.047101
0.0, 0.0, 0.012634
0.0, 0.0, 0.002760
0.0, 0.0, 0.000440
0.0, 0.0, 0.000051
0.0, 0.0, 0.000000
0.0, 0.0, 0.000000
0.0, 0.0, 0.000000
0.0, 0.0, 0.000000
0.0, 0.0, 0.000000
0.0, 0.0, 0.000000
0.0, 0.0, 0.000000
0.0, 0.0, 0.000000
0.0, 0.0, 0.000000
0.0, 0.0, 0.000000
0.0, 0.0, 0.000000
0.0, 0.0, 0.000000
0.0, 0.0, 0.000000
0.0, 0.0, 0.000000
0.0, 0.0, 0.000000
0.0, 0.0, 0.000000
0.0, 0.0, 0.000000
0.0, 0.0, 0.000000
0.0, 0.0, 0.000000
0.0, 0.0, 0.000000
0.0, 0.0, 0.000000
0.0, 0.0, 0.000000
0.0, 0.0, 0.000000
0.0, 0.0, 0.000000
0.0, 0.0, 0.000000
0.0, 0.0, 0.000000
0.0, 0.0, 0.000000
0.0, 0.0, 0.000000
0.0, 0.0, 0.000135
0.0, 0.0, 0.001253
0.0, 0.0, 0.008603
0.0, 0.0, 0.039120
0.0, 0.0, 0.143220
0.0, 0.0, 0.448560
0.0, 0.0, 1.248425
0.0, 0.0, 3.235707
0.0, 0.0, 7.440228
0.0, 0.0, 15.178916
0.0, 0.0, 26.839457
0.0, 0.0, 41.893661
0.0, 0.0, 58.759201
0.0, 0.0, 74.447845
0.0, 0.0, 87.359940
0.0, 0.0, 96.662285
0.0, 0.0, 103.084717
0.0, 0.0, 107.060730
0.0, 0.0, 107.164177
0.0, 0.0, 103.214760
0.0, 0.0, 96.723061
0.0, 0.0, 87.312424
0.0, 0.0, 75.085167
0.0, 0.0, 60.745762
0.0, 0.0, 46.086342
0.0, 0.0, 32.053383
0.0, 0.0, 19.875629
0.0, 0.0, 10.858875
0.0, 0.0, 5.242060
0.0, 0.0, 2.313138
0.0, 0.0, 0.924728
0.0, 0.0, 0.340861
0.0, 0.0, 0.109418
0.0, 0.0, 0.029704
0.0, 0.0, 0.006808
0.0, 0.0, 0.001169
0.0, 0.0, 0.000186
0.0, 0.0, 0.000017
0.0, 0.0, 0.000000
0.0, 0.0, 0.000000
0.0, 0.0, 0.000000
0.0, 0.0, 0.000000
0.0, 0.0, 0.000000
0.0, 0.0, 0.000000
0.0, 0.0, 0.000000
0.0, 0.0, 0.000000
0.0, 0.0, 0.000000
0.0, 0.0, 0.000000
0.0, 0.0, 0.000000
0.0, 0.0, 0.000000
0.0, 0.0, 0.000000
0.0, 0.0, 0.000000
0.0, 0.0, 0.000000
0.0, 0.0, 0.000000
0.0, 0.0, 0.000000
0.0, 0.0, 0.000000
0.0, 0.0, 0.000000
0.0, 0.0, 0.000000
0.0, 0.0, 0.000000
0.0, 0.0, 0.000000
0.0, 0.0, 0.000000
0.0, 0.0, 0.000000
0.0, 0.0, 0.000068
0.0, 0.0, 0.000576
0.0, 0.0, 0.003235
0.0, 0.0, 0.018137
0.0, 0.0, 0.080425
0.0, 0.0, 0.306271
0.0, 0.0, 0.938881
0.0, 0.0, 2.460905
0.0, 0.0, 5.708488
0.0, 0.0, 11.926401
0.0, 0.0, 22.939804
0.0, 0.0, 39.330795
0.0, 0.0, 60.171162
0.0, 0.0, 81.931671
0.0, 0.0, 101.114326
0.0, 0.0, 116.730728
0.0, 0.0, 127.837524
0.0, 0.0, 135.209946
0.0, 0.0, 140.170959
0.0, 0.0, 142.584930
0.0, 0.0, 142.106079
0.0, 0.0, 138.494690
0.0, 0.0, 131.693771
0.0, 0.0, 122.513947
0.0, 0.0, 110.585548
0.0, 0.0, 96.489647
0.0, 0.0, 80.506981
0.0, 0.0, 62.714958
0.0, 0.0, 44.350353
0.0, 0.0, 28.200838
0.0, 0.0, 16.360636
0.0, 0.0, 8.625947
0.0, 0.0, 4.183247
0.0, 0.0, 1.811479
0.0, 0.0, 0.693932
0.0, 0.0, 0.234720
0.0, 0.0, 0.067639
0.0, 0.0, 0.017816
0.0, 0.0, 0.003878
0.0, 0.0, 0.000677
0.0, 0.0, 0.000085
0.0, 0.0, 0.000000
0.0, 0.0, 0.000000
0.0, 0.0, 0.000000
0.0, 0.0, 0.000000
0.0, 0.0, 0.000000
0.0, 0.0, 0.000000
0.0, 0.0, 0.000000
0.0, 0.0, 0.000000
0.0, 0.0, 0.000000
0.0, 0.0, 0.000000
0.0, 0.0, 0.000000
0.0, 0.0, 0.000000
0.0, 0.0, 0.000000
0.0, 0.0, 0.000000
0.0, 0.0, 0.000000
0.0, 0.0, 0.000000
0.0, 0.0, 0.000000
0.0, 0.0, 0.000000
0.0, 0.0, 0.000000
0.0, 0.0, 0.000000
0.0, 0.0, 0.000000
0.0, 0.0, 0.000000
0.0, 0.0, 0.000220
0.0, 0.0, 0.001846
0.0, 0.0, 0.011126
0.0, 0.0, 0.048655
0.0, 0.0, 0.177243
0.0, 0.0, 0.604176
0.0, 0.0, 1.789141
0.0, 0.0, 4.693594
0.0, 0.0, 10.519382
0.0, 0.0, 20.727804
0.0, 0.0, 36.708511
0.0, 0.0, 58.850124
0.0, 0.0, 86.472893
0.0, 0.0, 114.886826
0.0, 0.0, 139.489853
0.0, 0.0, 158.461121
0.0, 0.0, 171.000748
0.0, 0.0, 179.032303
0.0, 0.0, 183.786957
0.0, 0.0, 186.244049
0.0, 0.0, 186.925247
0.0, 0.0, 185.430740
0.0, 0.0, 181.321442
0.0, 0.0, 174.592285
0.0, 0.0, 165.092896
0.0, 0.0, 153.976517
0.0, 0.0, 141.116699
0.0, 0.0, 125.358482
0.0, 0.0, 105.974724
0.0, 0.0, 83.998215
0.0, 0.0, 61.817966
0.0, 0.0, 41.885529
0.0, 0.0, 26.170521
0.0, 0.0, 14.781182
0.0, 0.0, 7.525885
0.0, 0.0, 3.443852
0.0, 0.0, 1.392640
0.0, 0.0, 0.516757
0.0, 0.0, 0.170299
0.0, 0.0, 0.050365
0.0, 0.0, 0.013226
0.0, 0.0, 0.002896
0.0, 0.0, 0.000610
0.0, 0.0, 0.000085
0.0, 0.0, 0.000000
0.0, 0.0, 0.000000
0.0, 0.0, 0.000000
0.0, 0.0, 0.000000
0.0, 0.0, 0.000000
0.0, 0.0, 0.000000
0.0, 0.0, 0.000000
0.0, 0.0, 0.000000
0.0, 0.0, 0.000000
0.0, 0.0, 0.000000
0.0, 0.0, 0.000000
0.0, 0.0, 0.000000
0.0, 0.0, 0.000000
0.0, 0.0, 0.000000
0.0, 0.0, 0.000000
0.0, 0.0, 0.000000
0.0, 0.0, 0.000000
0.0, 0.0, 0.000000
0.0, 0.0, 0.000000
0.0, 0.0, 0.000000
0.0, 0.0, 0.001744
0.0, 0.0, 0.020271
0.0, 0.0, 0.107081
0.0, 0.0, 0.416654
0.0, 0.0, 1.295026
0.0, 0.0, 3.470236
0.0, 0.0, 8.512676
0.0, 0.0, 18.452658
0.0, 0.0, 35.730564
0.0, 0.0, 60.660469
0.0, 0.0, 92.106606
0.0, 0.0, 127.495956
0.0, 0.0, 162.134247
0.0, 0.0, 192.219681
0.0, 0.0, 215.098557
0.0, 0.0, 229.484406
0.0, 0.0, 237.106018
0.0, 0.0, 240.457108
0.0, 0.0, 241.578049
0.0, 0.0, 241.225449
0.0, 0.0, 239.381897
0.0, 0.0, 236.056458
0.0, 0.0, 230.667755
0.0, 0.0, 223.183365
0.0, 0.0, 214.256821
0.0, 0.0, 204.312912
0.0, 0.0, 193.062042
0.0, 0.0, 178.837418
0.0, 0.0, 160.582565
0.0, 0.0, 138.714172
0.0, 0.0, 114.619316
0.0, 0.0, 89.219223
0.0, 0.0, 64.007996
0.0, 0.0, 42.055290
0.0, 0.0, 25.095209
0.0, 0.0, 13.438044
0.0, 0.0, 6.604938
0.0, 0.0, 2.940845
0.0, 0.0, 1.205880
0.0, 0.0, 0.456824
0.0, 0.0, 0.158275
0.0, 0.0, 0.052651
0.0, 0.0, 0.015665
0.0, 0.0, 0.003963
0.0, 0.0, 0.000914
0.0, 0.0, 0.000135
0.0, 0.0, 0.000034
0.0, 0.0, 0.000237
0.0, 0.0, 0.000898
0.0, 0.0, 0.002295
0.0, 0.0, 0.004357
0.0, 0.0, 0.006408
0.0, 0.0, 0.007465
0.0, 0.0, 0.056170
0.0, 0.0, 0.056317
0.0, 0.0, 0.056548
0.0, 0.0, 0.056559
0.0, 0.0, 0.055894
0.0, 0.0, 0.054091
0.0, 0.0, 0.050822
0.0, 0.0, 0.046080
0.0, 0.0, 0.040289
0.0, 0.0, 0.034260
0.0, 0.0, 0.029010
0.0, 0.0, 0.032922
0.0, 0.0, 0.128046
0.0, 0.0, 0.653847
0.0, 0.0, 2.367119
0.0, 0.0, 6.698166
0.0, 0.0, 15.719740
0.0, 0.0, 32.136395
0.0, 0.0, 59.480145
0.0, 0.0, 97.786369
0.0, 0.0, 144.551239
0.0, 0.0, 191.972305
0.0, 0.0, 234.006409
0.0, 0.0, 267.985748
0.0, 0.0, 292.844177
0.0, 0.0, 307.950745
0.0, 0.0, 314.400269
0.0, 0.0, 315.047852
0.0, 0.0, 312.644165
0.0, 0.0, 309.267029
0.0, 0.0, 305.213043
0.0, 0.0, 300.550140
0.0, 0.0, 294.454468
0.0, 0.0, 287.400879
0.0, 0.0, 279.032043
0.0, 0.0, 270.518005
0.0, 0.0, 261.894379
0.0, 0.0, 252.621170
0.0, 0.0, 241.021545
0.0, 0.0, 226.073669
0.0, 0.0, 208.044296
0.0, 0.0, 186.347382
0.0, 0.0, 160.166046
0.0, 0.0, 130.052933
0.0, 0.0, 97.868080
0.0, 0.0, 67.263275
0.0, 0.0, 42.512741
0.0, 0.0, 24.475872
0.0, 0.0, 13.036511
0.0, 0.0, 6.462294
0.0, 0.0, 2.987078
0.0, 0.0, 1.330471
0.0, 0.0, 0.567325
0.0, 0.0, 0.242731
0.0, 0.0, 0.123948
0.0, 0.0, 0.086962
0.0, 0.0, 0.080205
0.0, 0.0, 0.082000
0.0, 0.0, 0.086166
0.0, 0.0, 0.096928
0.0, 0.0, 0.121861
0.0, 0.0, 0.163540
0.0, 0.0, 0.212242
0.0, 0.0, 0.248185
0.0, 0.0, 1.305500
0.0, 0.0, 1.220880
0.0, 0.0, 1.192774
0.0, 0.0, 1.194474
0.0, 0.0, 1.198030
0.0, 0.0, 1.181290
0.0, 0.0, 1.131941
0.0, 0.0, 1.047334
0.0, 0.0, 0.934563
0.0, 0.0, 0.809938
0.0, 0.0, 0.694135
0.0, 0.0, 0.628732
0.0, 0.0, 0.905180
0.0, 0.0, 2.878372
0.0, 0.0, 9.742164
0.0, 0.0, 25.634848
0.0, 0.0, 54.482666
0.0, 0.0, 98.151222
0.0, 0.0, 155.168732
0.0, 0.0, 221.993347
0.0, 0.0, 286.554901
0.0, 0.0, 340.393433
0.0, 0.0, 379.194214
0.0, 0.0, 403.868011
0.0, 0.0, 416.172302
0.0, 0.0, 418.588287
0.0, 0.0, 414.015533
0.0, 0.0, 405.442017
0.0, 0.0, 395.917328
0.0, 0.0, 386.500336
0.0, 0.0, 378.183441
0.0, 0.0, 369.980469
0.0, 0.0, 361.937714
0.0, 0.0, 352.872375
0.0, 0.0, 343.837189
0.0, 0.0, 335.003174
0.0, 0.0, 327.726715
0.0, 0.0, 320.872864
0.0, 0.0, 312.898895
0.0, 0.0, 303.435303
0.0, 0.0, 291.537048
0.0, 0.0, 275.971741
0.0, 0.0, 254.709793
0.0, 0.0, 225.751801
0.0, 0.0, 189.472229
0.0, 0.0, 148.763123
0.0, 0.0, 107.657661
0.0, 0.0, 72.265541
0.0, 0.0, 45.095905
0.0, 0.0, 26.282410
0.0, 0.0, 14.648174
0.0, 0.0, 7.827347
0.0, 0.0, 4.127893
0.0, 0.0, 2.371607
0.0, 0.0, 1.671053
0.0, 0.0, 1.486986
0.0, 0.0, 1.499636
0.0, 0.0, 1.544141
0.0, 0.0, 1.587241
0.0, 0.0, 1.659774
0.0, 0.0, 1.838012
0.0, 0.0, 2.201337
0.0, 0.0, 2.743212
0.0, 0.0, 3.348845
0.0, 0.0, 13.442115
0.0, 0.0, 11.626201
0.0, 0.0, 11.047355
0.0, 0.0, 11.131801
0.0, 0.0, 11.357744
0.0, 0.0, 11.408270
0.0, 0.0, 11.131077
0.0, 0.0, 10.487612
0.0, 0.0, 9.531880
0.0, 0.0, 8.398619
0.0, 0.0, 7.278768
0.0, 0.0, 6.398279
0.0, 0.0, 6.575132
0.0, 0.0, 11.580297
0.0, 0.0, 30.947788
0.0, 0.0, 75.698723
0.0, 0.0, 148.092072
0.0, 0.0, 239.312531
0.0, 0.0, 335.672668
0.0, 0.0, 422.110565
0.0, 0.0, 491.372131
0.0, 0.0, 538.186401
0.0, 0.0, 563.204834
0.0, 0.0, 569.712769
0.0, 0.0, 563.174988
0.0, 0.0, 548.104736
0.0, 0.0, 528.783020
0.0, 0.0, 508.812866
0.0, 0.0, 489.942749
0.0, 0.0, 473.722992
0.0, 0.0, 460.273865
0.0, 0.0, 449.390808
0.0, 0.0, 438.985687
0.0, 0.0, 428.790100
0.0, 0.0, 418.277466
0.0, 0.0, 409.252289
0.0, 0.0, 402.560883
0.0, 0.0, 398.328674
0.0, 0.0, 395.353241
0.0, 0.0, 392.784241
0.0, 0.0, 389.772736
0.0, 0.0, 383.931091
0.0, 0.0, 371.779816
0.0, 0.0, 350.460968
0.0, 0.0, 318.058075
0.0, 0.0, 274.669739
0.0, 0.0, 223.828506
0.0, 0.0, 170.729187
0.0, 0.0, 121.945786
0.0, 0.0, 82.702362
0.0, 0.0, 53.437046
0.0, 0.0, 33.330215
0.0, 0.0, 21.066082
0.0, 0.0, 14.692967
0.0, 0.0, 12.296619
0.0, 0.0, 12.026605
0.0, 0.0, 12.379702
0.0, 0.0, 12.763790
0.0, 0.0, 13.054852
0.0, 0.0, 13.318244
0.0, 0.0, 13.942754
0.0, 0.0, 15.672152
0.0, 0.0, 19.258284
0.0, 0.0, 25.055758
0.0, 0.0, 80.774178
0.0, 0.0, 64.140747
0.0, 0.0, 59.550842
0.0, 0.0, 60.691921
0.0, 0.0, 63.106064
0.0, 0.0, 64.451012
0.0, 0.0, 63.886799
0.0, 0.0, 61.179539
0.0, 0.0, 56.489204
0.0, 0.0, 50.513046
0.0, 0.0, 44.219730
0.0, 0.0, 38.655777
0.0, 0.0, 35.864147
0.0, 0.0, 43.982590
0.0, 0.0, 84.058548
0.0, 0.0, 179.689316
0.0, 0.0, 324.503540
0.0, 0.0, 480.214691
0.0, 0.0, 608.838623
0.0, 0.0, 701.396240
0.0, 0.0, 759.656616
0.0, 0.0, 787.318848
0.0, 0.0, 788.142944
0.0, 0.0, 768.716797
0.0, 0.0, 736.482422
0.0, 0.0, 698.462158
0.0, 0.0, 660.183167
0.0, 0.0, 625.219727
0.0, 0.0, 595.745117
0.0, 0.0, 571.816345
0.0, 0.0, 553.738770
0.0, 0.0, 539.958679
0.0, 0.0, 527.691895
0.0, 0.0, 515.372253
0.0, 0.0, 503.606659
0.0, 0.0, 493.581116
0.0, 0.0, 487.393890
0.0, 0.0, 485.559570
0.0, 0.0, 488.536621
0.0, 0.0, 495.268402
0.0, 0.0, 504.079803
0.0, 0.0, 511.256989
0.0, 0.0, 512.750244
0.0, 0.0, 504.198181
0.0, 0.0, 481.841583
0.0, 0.0, 444.216492
0.0, 0.0, 392.192261
0.0, 0.0, 329.669922
0.0, 0.0, 263.990143
0.0, 0.0, 201.674637
0.0, 0.0, 147.657501
0.0, 0.0, 105.356728
0.0, 0.0, 76.279991
0.0, 0.0, 60.869331
0.0, 0.0, 56.490307
0.0, 0.0, 57.376938
0.0, 0.0, 59.499146
0.0, 0.0, 61.374588
0.0, 0.0, 62.594910
0.0, 0.0, 63.194302
0.0, 0.0, 64.183464
0.0, 0.0, 68.975212
0.0, 0.0, 84.179008
0.0, 0.0, 117.800819
0.0, 0.0, 314.385956
0.0, 0.0, 229.583435
0.0, 0.0, 209.848267
0.0, 0.0, 217.841949
0.0, 0.0, 230.283096
0.0, 0.0, 238.494736
0.0, 0.0, 239.646759
0.0, 0.0, 232.530411
0.0, 0.0, 217.683838
0.0, 0.0, 197.103622
0.0, 0.0, 174.114838
0.0, 0.0, 152.235657
0.0, 0.0, 136.172409
0.0, 0.0, 140.789215
0.0, 0.0, 203.176041
0.0, 0.0, 362.629547
0.0, 0.0, 597.730347
0.0, 0.0, 819.720337
0.0, 0.0, 972.208740
0.0, 0.0, 1057.750610
0.0, 0.0, 1094.577515
0.0, 0.0, 1093.082764
0.0, 0.0, 1060.730957
0.0, 0.0, 1006.465271
0.0, 0.0, 940.525146
0.0, 0.0, 872.795776
0.0, 0.0, 809.836304
0.0, 0.0, 756.657227
0.0, 0.0, 714.806396
0.0, 0.0, 683.898560
0.0, 0.0, 661.994507
0.0, 0.0, 645.744934
0.0, 0.0, 631.517517
0.0, 0.0, 616.729309
0.0, 0.0, 601.914124
0.0, 0.0, 589.682312
0.0, 0.0, 583.105164
0.0, 0.0, 584.231750
0.0, 0.0, 593.838623
0.0, 0.0, 612.107910
0.0, 0.0, 636.203369
0.0, 0.0, 661.035889
0.0, 0.0, 680.845947
0.0, 0.0, 689.726807
0.0, 0.0, 682.184326
0.0, 0.0, 655.177917
0.0, 0.0, 607.904114
0.0, 0.0, 544.169006
0.0, 0.0, 470.063538
0.0, 0.0, 392.595490
0.0, 0.0, 318.163452
0.0, 0.0, 251.669128
0.0, 0.0, 202.311035
0.0, 0.0, 178.007828
0.0, 0.0, 174.388184
0.0, 0.0, 180.274353
0.0, 0.0, 187.694305
0.0, 0.0, 193.635071
0.0, 0.0, 196.924744
0.0, 0.0, 197.383789
0.0, 0.0, 197.482605
0.0, 0.0, 206.420532
0.0, 0.0, 249.598450
0.0, 0.0, 374.466278
0.0, 0.0, 840.271240
0.0, 0.0, 570.684143
0.0, 0.0, 523.041382
0.0, 0.0, 551.803833
0.0, 0.0, 590.901245
0.0, 0.0, 618.837097
0.0, 0.0, 628.021301
0.0, 0.0, 615.854309
0.0, 0.0, 582.750610
0.0, 0.0, 533.288147
0.0, 0.0, 474.896606
0.0, 0.0, 415.996735
0.0, 0.0, 367.468536
0.0, 0.0, 353.348602
0.0, 0.0, 429.556000
0.0, 0.0, 649.754211
0.0, 0.0, 970.201721
0.0, 0.0, 1253.521240
0.0, 0.0, 1423.237671
0.0, 0.0, 1495.917114
0.0, 0.0, 1505.039307
0.0, 0.0, 1466.882324
0.0, 0.0, 1391.645996
0.0, 0.0, 1291.472778
0.0, 0.0, 1181.263550
0.0, 0.0, 1073.956299
0.0, 0.0, 980.063599
0.0, 0.0, 905.127625
0.0, 0.0, 851.373291
0.0, 0.0, 816.708069
0.0, 0.0, 795.866272
0.0, 0.0, 781.389587
0.0, 0.0, 766.255554
0.0, 0.0, 747.297974
0.0, 0.0, 725.401978
0.0, 0.0, 705.661804
0.0, 0.0, 694.085510
0.0, 0.0, 696.223877
0.0, 0.0, 713.600037
0.0, 0.0, 745.883484
0.0, 0.0, 789.919067
0.0, 0.0, 838.528076
0.0, 0.0, 882.773193
0.0, 0.0, 914.125854
0.0, 0.0, 924.994568
0.0, 0.0, 909.848328
0.0, 0.0, 868.371521
0.0, 0.0, 804.403442
0.0, 0.0, 725.620361
0.0, 0.0, 640.085205
0.0, 0.0, 553.961426
0.0, 0.0, 473.220490
0.0, 0.0, 411.701080
0.0, 0.0, 383.902222
0.0, 0.0, 386.835266
0.0, 0.0, 403.497101
0.0, 0.0, 421.277832
0.0, 0.0, 434.509155
0.0, 0.0, 440.654053
0.0, 0.0, 438.887268
0.0, 0.0, 435.179260
0.0, 0.0, 452.036621
0.0, 0.0, 547.941162
0.0, 0.0, 859.529480
0.0, 0.0, 1615.347656
0.0, 0.0, 1063.434448
0.0, 0.0, 980.531494
0.0, 0.0, 1046.280518
0.0, 0.0, 1130.352295
0.0, 0.0, 1192.020508
0.0, 0.0, 1218.098633
0.0, 0.0, 1202.880493
0.0, 0.0, 1147.444214
0.0, 0.0, 1058.858887
0.0, 0.0, 949.501526
0.0, 0.0, 834.981140
0.0, 0.0, 736.225891
0.0, 0.0, 695.849182
0.0, 0.0, 783.727661
0.0, 0.0, 1061.483398
0.0, 0.0, 1453.556763
0.0, 0.0, 1786.102661
0.0, 0.0, 1966.262207
0.0, 0.0, 2026.598267
0.0, 0.0, 2006.591187
0.0, 0.0, 1924.955933
0.0, 0.0, 1795.197754
0.0, 0.0, 1634.996826
0.0, 0.0, 1465.162720
0.0, 0.0, 1306.319580
0.0, 0.0, 1172.708252
0.0, 0.0, 1074.004272
0.0, 0.0, 1013.854797
0.0, 0.0, 987.967773
0.0, 0.0, 984.114990
0.0, 0.0, 984.329102
0.0, 0.0, 974.589417
0.0, 0.0, 947.396179
0.0, 0.0, 907.197571
0.0, 0.0, 863.691650
0.0, 0.0, 833.389221
0.0, 0.0, 827.654968
0.0, 0.0, 851.387634
0.0, 0.0, 901.329468
0.0, 0.0, 971.871948
0.0, 0.0, 1052.567627
0.0, 0.0, 1129.716309
0.0, 0.0, 1190.008301
0.0, 0.0, 1221.676392
0.0, 0.0, 1217.544067
0.0, 0.0, 1177.093994
0.0, 0.0, 1106.640625
0.0, 0.0, 1017.115784
0.0, 0.0, 920.278015
0.0, 0.0, 824.957275
0.0, 0.0, 738.742859
0.0, 0.0, 673.731140
0.0, 0.0, 648.826355
0.0, 0.0, 660.861572
0.0, 0.0, 692.433655
0.0, 0.0, 724.509888
0.0, 0.0, 746.810059
0.0, 0.0, 755.029724
0.0, 0.0, 749.544983
0.0, 0.0, 740.350525
0.0, 0.0, 771.088013
0.0, 0.0, 965.196045
0.0, 0.0, 1560.367798
0.0, 0.0, 2430.609375
0.0, 0.0, 1588.990479
0.0, 0.0, 1471.483276
0.0, 0.0, 1579.326416
0.0, 0.0, 1713.341187
0.0, 0.0, 1813.464966
0.0, 0.0, 1859.515015
0.0, 0.0, 1844.459473
0.0, 0.0, 1769.126221
0.0, 0.0, 1642.857910
0.0, 0.0, 1482.674683
0.0, 0.0, 1312.323486
0.0, 0.0, 1167.431519
0.0, 0.0, 1117.061646
0.0, 0.0, 1256.340332
0.0, 0.0, 1605.573975
0.0, 0.0, 2063.404541
0.0, 0.0, 2414.058105
0.0, 0.0, 2598.752197
0.0, 0.0, 2650.542236
0.0, 0.0, 2604.850586
0.0, 0.0, 2477.036133
0.0, 0.0, 2282.846924
0.0, 0.0, 2046.636963
0.0, 0.0, 1799.499390
0.0, 0.0, 1572.192383
0.0, 0.0, 1390.694702
0.0, 0.0, 1269.929077
0.0, 0.0, 1215.946411
0.0, 0.0, 1224.112061
0.0, 0.0, 1263.505371
0.0, 0.0, 1299.138916
0.0, 0.0, 1301.765503
0.0, 0.0, 1265.406372
0.0, 0.0, 1189.461060
0.0, 0.0, 1098.575317
0.0, 0.0, 1023.479187
0.0, 0.0, 993.883240
0.0, 0.0, 1015.503479
0.0, 0.0, 1084.895752
0.0, 0.0, 1191.166504
0.0, 0.0, 1316.102051
0.0, 0.0, 1438.319580
0.0, 0.0, 1536.088379
0.0, 0.0, 1591.697876
0.0, 0.0, 1595.286255
0.0, 0.0, 1546.668457
0.0, 0.0, 1456.043701
0.0, 0.0, 1340.173096
0.0, 0.0, 1217.233154
0.0, 0.0, 1102.260254
0.0, 0.0, 1005.727417
0.0, 0.0, 939.186401
0.0, 0.0, 913.325745
0.0, 0.0, 932.819641
0.0, 0.0, 978.022583
0.0, 0.0, 1023.664795
0.0, 0.0, 1054.566895
0.0, 0.0, 1065.145874
0.0, 0.0, 1057.407227
0.0, 0.0, 1048.156982
0.0, 0.0, 1104.205811
0.0, 0.0, 1415.123047
0.0, 0.0, 2402.917969
0.0, 0.0, 3095.770508
0.0, 0.0, 2023.748657
0.0, 0.0, 1877.008423
0.0, 0.0, 2017.731079
0.0, 0.0, 2190.996094
0.0, 0.0, 2320.586426
0.0, 0.0, 2383.249268
0.0, 0.0, 2369.874756
0.0, 0.0, 2281.845703
0.0, 0.0, 2130.022705
0.0, 0.0, 1935.989136
0.0, 0.0, 1732.604370
0.0, 0.0, 1578.413452
0.0, 0.0, 1566.246582
0.0, 0.0, 1804.344849
0.0, 0.0, 2270.947754
0.0, 0.0, 2751.426514
0.0, 0.0, 3095.030273
0.0, 0.0, 3271.387939
0.0, 0.0, 3317.778320
0.0, 0.0, 3256.889648
0.0, 0.0, 3094.968750
0.0, 0.0, 2842.097412
0.0, 0.0, 2523.510742
0.0, 0.0, 2182.358398
0.0, 0.0, 1869.051270
0.0, 0.0, 1630.294434
0.0, 0.0, 1495.962769
0.0, 0.0, 1469.082764
0.0, 0.0, 1527.903687
0.0, 0.0, 1628.994995
0.0, 0.0, 1702.382446
0.0, 0.0, 1721.045532
0.0, 0.0, 1675.963623
0.0, 0.0, 1569.576782
0.0, 0.0, 1419.210083
0.0, 0.0, 1286.246094
0.0, 0.0, 1210.505127
0.0, 0.0, 1214.027466
0.0, 0.0, 1303.370117
0.0, 0.0, 1457.065918
0.0, 0.0, 1643.784668
0.0, 0.0, 1828.226318
0.0, 0.0, 1976.270142
0.0, 0.0, 2061.079834
0.0, 0.0, 2068.262939
0.0, 0.0, 1998.456543
0.0, 0.0, 1867.238281
0.0, 0.0, 1700.107056
0.0, 0.0, 1525.558472
0.0, 0.0, 1368.377319
0.0, 0.0, 1244.537109
0.0, 0.0, 1162.420532
0.0, 0.0, 1129.615601
0.0, 0.0, 1148.416138
0.0, 0.0, 1199.452393
0.0, 0.0, 1254.780518
0.0, 0.0, 1293.739746
0.0, 0.0, 1308.829590
0.0, 0.0, 1304.635986
0.0, 0.0, 1307.809082
0.0, 0.0, 1398.362915
0.0, 0.0, 1815.074707
0.0, 0.0, 3084.584717
0.0, 0.0, 3515.726318
0.0, 0.0, 2299.815918
0.0, 0.0, 2134.453125
0.0, 0.0, 2293.440674
0.0, 0.0, 2487.650146
0.0, 0.0, 2633.136963
0.0, 0.0, 2704.886963
0.0, 0.0, 2694.009277
0.0, 0.0, 2602.179688
0.0, 0.0, 2442.283936
0.0, 0.0, 2240.663086
0.0, 0.0, 2048.106689
0.0, 0.0, 1943.141479
0.0, 0.0, 2047.589233
0.0, 0.0, 2411.278320
0.0, 0.0, 2954.720703
0.0, 0.0, 3421.286133
0.0, 0.0, 3717.323730
0.0, 0.0, 3864.305664
0.0, 0.0, 3901.729980
0.0, 0.0, 3844.323730
0.0, 0.0, 3685.641846
0.0, 0.0, 3409.667725
0.0, 0.0, 3028.227783
0.0, 0.0, 2587.548096
0.0, 0.0, 2175.309814
0.0, 0.0, 1872.058838
0.0, 0.0, 1730.897705
0.0, 0.0, 1746.883667
0.0, 0.0, 1861.440063
0.0, 0.0, 1996.222168
0.0, 0.0, 2095.929688
0.0, 0.0, 2125.139160
0.0, 0.0, 2077.184082
0.0, 0.0, 1953.773438
0.0, 0.0, 1780.985962
0.0, 0.0, 1597.447632
0.0, 0.0, 1462.178467
0.0, 0.0, 1442.991333
0.0, 0.0, 1553.914551
0.0, 0.0, 1770.652100
0.0, 0.0, 2041.162109
0.0, 0.0, 2309.441162
0.0, 0.0, 2523.817383
0.0, 0.0, 2645.482422
0.0, 0.0, 2654.650146
0.0, 0.0, 2552.161133
0.0, 0.0, 2357.891357
0.0, 0.0, 2108.403564
0.0, 0.0, 1849.127197
0.0, 0.0, 1618.463379
0.0, 0.0, 1440.268066
0.0, 0.0, 1323.506592
0.0, 0.0, 1271.001831
0.0, 0.0, 1275.678223
0.0, 0.0, 1321.158936
0.0, 0.0, 1379.597290
0.0, 0.0, 1426.767944
0.0, 0.0, 1451.105835
0.0, 0.0, 1458.953857
0.0, 0.0, 1481.310669
0.0, 0.0, 1605.006592
0.0, 0.0, 2075.204834
0.0, 0.0, 3489.382568
0.0, 0.0, 3651.804443
0.0, 0.0, 2394.981934
0.0, 0.0, 2230.654541
0.0, 0.0, 2396.148438
0.0, 0.0, 2595.712646
0.0, 0.0, 2745.109375
0.0, 0.0, 2820.630615
0.0, 0.0, 2813.654541
0.0, 0.0, 2727.282227
0.0, 0.0, 2577.545898
0.0, 0.0, 2402.531250
0.0, 0.0, 2270.589355
0.0, 0.0, 2296.421631
0.0, 0.0, 2553.040039
0.0, 0.0, 3050.401367
0.0, 0.0, 3556.243408
0.0, 0.0, 3947.155762
0.0, 0.0, 4161.914551
0.0, 0.0, 4258.251953
0.0, 0.0, 4281.566406
0.0, 0.0, 4243.171875
0.0, 0.0, 4125.386719
0.0, 0.0, 3885.642822
0.0, 0.0, 3479.702881
0.0, 0.0, 2962.612305
0.0, 0.0, 2445.381348
0.0, 0.0, 2078.678223
0.0, 0.0, 1932.873291
0.0, 0.0, 1989.071167
0.0, 0.0, 2141.884033
0.0, 0.0, 2298.685791
0.0, 0.0, 2406.171387
0.0, 0.0, 2440.062744
0.0, 0.0, 2391.517822
0.0, 0.0, 2267.557373
0.0, 0.0, 2084.131836
0.0, 0.0, 1873.996094
0.0, 0.0, 1705.542114
0.0, 0.0, 1665.874634
0.0, 0.0, 1811.786621
0.0, 0.0, 2112.254150
0.0, 0.0, 2489.476318
0.0, 0.0, 2857.461670
0.0, 0.0, 3143.555420
0.0, 0.0, 3300.413330
0.0, 0.0, 3313.225586
0.0, 0.0, 3183.093262
0.0, 0.0, 2921.020264
0.0, 0.0, 2568.965820
0.0, 0.0, 2191.438477
0.0, 0.0, 1854.348145
0.0, 0.0, 1592.884399
0.0, 0.0, 1419.750977
0.0, 0.0, 1329.453125
0.0, 0.0, 1308.514160
0.0, 0.0, 1335.882324
0.0, 0.0, 1387.920776
0.0, 0.0, 1441.863403
0.0, 0.0, 1477.967896
0.0, 0.0, 1502.725098
0.0, 0.0, 1546.182251
0.0, 0.0, 1679.450684
0.0, 0.0, 2141.186768
0.0, 0.0, 3570.121094
0.0, 0.0, 3514.633789
0.0, 0.0, 2326.725586
0.0, 0.0, 2174.768799
0.0, 0.0, 2339.823486
0.0, 0.0, 2534.642822
0.0, 0.0, 2682.228027
0.0, 0.0, 2760.021729
0.0, 0.0, 2760.905273
0.0, 0.0, 2690.537842
0.0, 0.0, 2572.452148
0.0, 0.0, 2457.318604
0.0, 0.0, 2443.684814
0.0, 0.0, 2625.636475
0.0, 0.0, 3058.240723
0.0, 0.0, 3561.942383
0.0, 0.0, 4001.205811
0.0, 0.0, 4266.934570
0.0, 0.0, 4397.471191
0.0, 0.0, 4446.662109
0.0, 0.0, 4457.221191
0.0, 0.0, 4438.280273
0.0, 0.0, 4369.424316
0.0, 0.0, 4187.794922
0.0, 0.0, 3817.641602
0.0, 0.0, 3249.350098
0.0, 0.0, 2652.253174
0.0, 0.0, 2213.576172
0.0, 0.0, 2069.614014
0.0, 0.0, 2154.858887
0.0, 0.0, 2335.242920
0.0, 0.0, 2507.145508
0.0, 0.0, 2620.795898
0.0, 0.0, 2655.646973
0.0, 0.0, 2606.353516
0.0, 0.0, 2478.100098
0.0, 0.0, 2285.954346
0.0, 0.0, 2063.912354
0.0, 0.0, 1880.140137
0.0, 0.0, 1842.435059
0.0, 0.0, 2044.089600
0.0, 0.0, 2453.450195
0.0, 0.0, 2951.447510
0.0, 0.0, 3405.858643
0.0, 0.0, 3727.436279
0.0, 0.0, 3887.690918
0.0, 0.0, 3902.528564
0.0, 0.0, 3775.104248
0.0, 0.0, 3486.460449
0.0, 0.0, 3048.761475
0.0, 0.0, 2548.267334
0.0, 0.0, 2077.873535
0.0, 0.0, 1707.382446
0.0, 0.0, 1456.235840
0.0, 0.0, 1314.800781
0.0, 0.0, 1259.249634
0.0, 0.0, 1263.633179
0.0, 0.0, 1303.446167
0.0, 0.0, 1353.918213
0.0, 0.0, 1400.775513
0.0, 0.0, 1442.457642
0.0, 0.0, 1497.235962
0.0, 0.0, 1624.211914
0.0, 0.0, 2042.593506
0.0, 0.0, 3333.915283
0.0, 0.0, 3225.509521
0.0, 0.0, 2134.652832
0.0, 0.0, 1997.671631
0.0, 0.0, 2147.790039
0.0, 0.0, 2331.507080
0.0, 0.0, 2474.699463
0.0, 0.0, 2556.419189
0.0, 0.0, 2569.274658
0.0, 0.0, 2527.666748
0.0, 0.0, 2464.490479
0.0, 0.0, 2442.846680
0.0, 0.0, 2558.007080
0.0, 0.0, 2903.339355
0.0, 0.0, 3394.543945
0.0, 0.0, 3894.694336
0.0, 0.0, 4241.404785
0.0, 0.0, 4420.911621
0.0, 0.0, 4488.814453
0.0, 0.0, 4510.116699
0.0, 0.0, 4513.843750
0.0, 0.0, 4506.181641
0.0, 0.0, 4469.180664
0.0, 0.0, 4344.160156
0.0, 0.0, 4024.774414
0.0, 0.0, 3459.801758
0.0, 0.0, 2785.314941
0.0, 0.0, 2292.962646
0.0, 0.0, 2133.494385
0.0, 0.0, 2237.368164
0.0, 0.0, 2437.483887
0.0, 0.0, 2620.394043
0.0, 0.0, 2738.447998
0.0, 0.0, 2773.841797
0.0, 0.0, 2721.518555
0.0, 0.0, 2586.703125
0.0, 0.0, 2386.579346
0.0, 0.0, 2157.939941
0.0, 0.0, 1978.846313
0.0, 0.0, 1976.811035
0.0, 0.0, 2254.592041
0.0, 0.0, 2793.911133
0.0, 0.0, 3393.877441
0.0, 0.0, 3869.655029
0.0, 0.0, 4147.422852
0.0, 0.0, 4271.171387
0.0, 0.0, 4283.484863
0.0, 0.0, 4185.527832
0.0, 0.0, 3933.437988
0.0, 0.0, 3486.289063
0.0, 0.0, 2890.884766
0.0, 0.0, 2287.624023
0.0, 0.0, 1788.160645
0.0, 0.0, 1443.119507
0.0, 0.0, 1240.947754
0.0, 0.0, 1148.979004
0.0, 0.0, 1131.753418
0.0, 0.0, 1157.573730
0.0, 0.0, 1203.163330
0.0, 0.0, 1253.414551
0.0, 0.0, 1304.362549
0.0, 0.0, 1362.920410
0.0, 0.0, 1478.068726
0.0, 0.0, 1845.606323
0.0, 0.0, 2989.921631
0.0, 0.0, 2862.224854
0.0, 0.0, 1887.372803
0.0, 0.0, 1746.978027
0.0, 0.0, 1869.929199
0.0, 0.0, 2028.350952
0.0, 0.0, 2161.686768
0.0, 0.0, 2241.868408
0.0, 0.0, 2269.984375
0.0, 0.0, 2265.944824
0.0, 0.0, 2270.713867
0.0, 0.0, 2349.343018
0.0, 0.0, 2586.501953
0.0, 0.0, 3008.479736
0.0, 0.0, 3550.740967
0.0, 0.0, 4036.971436
0.0, 0.0, 4344.125977
0.0, 0.0, 4476.056641
0.0, 0.0, 4516.228027
0.0, 0.0, 4524.998047
0.0, 0.0, 4526.211914
0.0, 0.0, 4523.108887
0.0, 0.0, 4503.327148
0.0, 0.0, 4415.813965
0.0, 0.0, 4149.700195
0.0, 0.0, 3604.699219
0.0, 0.0, 2883.307617
0.0, 0.0, 2321.408447
0.0, 0.0, 2132.059082
0.0, 0.0, 2239.555176
0.0, 0.0, 2447.760986
0.0, 0.0, 2634.201172
0.0, 0.0, 2752.784180
0.0, 0.0, 2786.870117
0.0, 0.0, 2731.875000
0.0, 0.0, 2593.152588
0.0, 0.0, 2390.101807
0.0, 0.0, 2166.781738
0.0, 0.0, 2018.859131
0.0, 0.0, 2094.382813
0.0, 0.0, 2501.200439
0.0, 0.0, 3144.447510
0.0, 0.0, 3772.771240
0.0, 0.0, 4178.699219
0.0, 0.0, 4376.744629
0.0, 0.0, 4448.802246
0.0, 0.0, 4454.514648
0.0, 0.0, 4392.665527
0.0, 0.0, 4203.134766
0.0, 0.0, 3803.045166
0.0, 0.0, 3181.679688
0.0, 0.0, 2465.665039
0.0, 0.0, 1838.349121
0.0, 0.0, 1388.604004
0.0, 0.0, 1122.479248
0.0, 0.0, 996.139954
0.0, 0.0, 960.646179
0.0, 0.0, 977.269226
0.0, 0.0, 1018.815186
0.0, 0.0, 1069.488281
0.0, 0.0, 1121.754028
0.0, 0.0, 1178.798218
0.0, 0.0, 1280.324951
0.0, 0.0, 1601.103638
0.0, 0.0, 2619.474854
0.0, 0.0, 2483.059326
0.0, 0.0, 1625.202759
0.0, 0.0, 1484.196167
0.0, 0.0, 1570.733032
0.0, 0.0, 1694.178223
0.0, 0.0, 1798.063843
0.0, 0.0, 1869.042969
0.0, 0.0, 1908.207642
0.0, 0.0, 1938.497803
0.0, 0.0, 2000.630859
0.0, 0.0, 2154.913330
0.0, 0.0, 2465.625244
0.0, 0.0, 2958.596680
0.0, 0.0, 3548.946289
0.0, 0.0, 4063.764648
0.0, 0.0, 4369.377930
0.0, 0.0, 4490.880859
0.0, 0.0, 4522.260742
0.0, 0.0, 4527.514648
0.0, 0.0, 4527.979492
0.0, 0.0, 4526.657715
0.0, 0.0, 4514.899902
0.0, 0.0, 4450.456055
0.0, 0.0, 4222.087402
0.0, 0.0, 3698.392334
0.0, 0.0, 2945.081543
0.0, 0.0, 2308.112061
0.0, 0.0, 2074.633545
0.0, 0.0, 2164.479492
0.0, 0.0, 2365.615967
0.0, 0.0, 2545.675537
0.0, 0.0, 2658.879639
0.0, 0.0, 2689.900391
0.0, 0.0, 2633.378906
0.0, 0.0, 2496.313232
0.0, 0.0, 2300.582520
0.0, 0.0, 2099.927246
0.0, 0.0, 2013.425781
0.0, 0.0, 2213.137451
0.0, 0.0, 2764.329102
0.0, 0.0, 3476.728760
0.0, 0.0, 4044.223877
0.0, 0.0, 4353.172363
0.0, 0.0, 4472.784668
0.0, 0.0, 4508.358887
0.0, 0.0, 4509.204590
0.0, 0.0, 4471.143555
0.0, 0.0, 4332.435059
0.0, 0.0, 3985.898926
0.0, 0.0, 3372.754150
0.0, 0.0, 2594.235352
0.0, 0.0, 1849.931641
0.0, 0.0, 1301.880005
0.0, 0.0, 974.710815
0.0, 0.0, 817.393860
0.0, 0.0, 767.860229
0.0, 0.0, 778.912170
0.0, 0.0, 818.978882
0.0, 0.0, 869.219604
0.0, 0.0, 920.292542
0.0, 0.0, 972.038208
0.0, 0.0, 1057.438599
0.0, 0.0, 1325.416260
0.0, 0.0, 2163.643799
0.0, 0.0, 2110.024170
0.0, 0.0, 1373.517334
0.0, 0.0, 1238.505371
0.0, 0.0, 1294.429077
0.0, 0.0, 1379.201538
0.0, 0.0, 1451.278687
0.0, 0.0, 1503.512695
0.0, 0.0, 1543.467773
0.0, 0.0, 1590.846436
0.0, 0.0, 1682.664551
0.0, 0.0, 1874.235229
0.0, 0.0, 2231.290527
0.0, 0.0, 2785.122559
0.0, 0.0, 3448.780273
0.0, 0.0, 4017.804199
0.0, 0.0, 4355.358887
0.0, 0.0, 4488.119629
0.0, 0.0, 4522.111328
0.0, 0.0, 4527.647461
0.0, 0.0, 4528.162109
0.0, 0.0, 4527.502930
0.0, 0.0, 4519.422363
0.0, 0.0, 4466.586426
0.0, 0.0, 4258.036133
0.0, 0.0, 3746.296875
0.0, 0.0, 2967.481201
0.0, 0.0, 2270.062012
0.0, 0.0, 1970.056885
0.0, 0.0, 2021.092285
0.0, 0.0, 2197.722168
0.0, 0.0, 2361.026855
0.0, 0.0, 2463.112305
0.0, 0.0, 2488.589844
0.0, 0.0, 2433.144287
0.0, 0.0, 2304.394531
0.0, 0.0, 2128.677002
0.0, 0.0, 1972.522827
0.0, 0.0, 1978.055786
0.0, 0.0, 2324.108154
0.0, 0.0, 3006.188477
0.0, 0.0, 3736.213135
0.0, 0.0, 4221.375488
0.0, 0.0, 4438.862305
0.0, 0.0, 4507.900391
0.0, 0.0, 4523.500977
0.0, 0.0, 4522.284668
0.0, 0.0, 4495.858398
0.0, 0.0, 4383.936035
0.0, 0.0, 4071.345947
0.0, 0.0, 3471.203369
0.0, 0.0, 2648.476807
0.0, 0.0, 1823.184082
0.0, 0.0, 1193.363403
0.0, 0.0, 814.508484
0.0, 0.0, 630.657471
0.0, 0.0, 570.180054
0.0, 0.0, 577.893982
0.0, 0.0, 617.815063
0.0, 0.0, 667.866394
0.0, 0.0, 716.742920
0.0, 0.0, 762.230591
0.0, 0.0, 828.646179
0.0, 0.0, 1031.592896
0.0, 0.0, 1669.257813
0.0, 0.0, 1758.366821
0.0, 0.0, 1140.530762
0.0, 0.0, 1018.175232
0.0, 0.0, 1051.000732
0.0, 0.0, 1106.052856
0.0, 0.0, 1150.872559
0.0, 0.0, 1184.316895
0.0, 0.0, 1214.639526
0.0, 0.0, 1261.844849
0.0, 0.0, 1358.980957
0.0, 0.0, 1560.014160
0.0, 0.0, 1937.095093
0.0, 0.0, 2533.372070
0.0, 0.0, 3264.482178
0.0, 0.0, 3911.544678
0.0, 0.0, 4306.834473
0.0, 0.0, 4471.475098
0.0, 0.0, 4518.185547
0.0, 0.0, 4527.048828
0.0, 0.0, 4528.119629
0.0, 0.0, 4527.744629
0.0, 0.0, 4520.960938
0.0, 0.0, 4471.978027
0.0, 0.0, 4269.497070
0.0, 0.0, 3757.854980
0.0, 0.0, 2956.163086
0.0, 0.0, 2200.681152
0.0, 0.0, 1829.698975
0.0, 0.0, 1822.119141
0.0, 0.0, 1961.202026
0.0, 0.0, 2098.779053
0.0, 0.0, 2184.474121
0.0, 0.0, 2203.123779
0.0, 0.0, 2151.592041
0.0, 0.0, 2037.878418
0.0, 0.0, 1893.353271
0.0, 0.0, 1803.861572
0.0, 0.0, 1935.603760
0.0, 0.0, 2433.986816
0.0, 0.0, 3217.602051
0.0, 0.0, 3922.272461
0.0, 0.0, 4327.492676
0.0, 0.0, 4480.488770
0.0, 0.0, 4519.997070
0.0, 0.0, 4526.946289
0.0, 0.0, 4524.875000
0.0, 0.0, 4502.362793
0.0, 0.0, 4400.102051
0.0, 0.0, 4099.651855
0.0, 0.0, 3496.227295
0.0, 0.0, 2642.266846
0.0, 0.0, 1759.569092
0.0, 0.0, 1075.561035
0.0, 0.0, 655.781982
0.0, 0.0, 453.253540
0.0, 0.0, 385.236725
0.0, 0.0, 390.435883
0.0, 0.0, 429.456207
0.0, 0.0, 478.467285
0.0, 0.0, 524.609741
0.0, 0.0, 563.341309
0.0, 0.0, 611.064331
0.0, 0.0, 750.391968
0.0, 0.0, 1200.052856
0.0, 0.0, 1439.542969
0.0, 0.0, 931.335083
0.0, 0.0, 824.178467
0.0, 0.0, 841.059082
0.0, 0.0, 874.358765
0.0, 0.0, 899.195740
0.0, 0.0, 915.552307
0.0, 0.0, 933.374451
0.0, 0.0, 970.705078
0.0, 0.0, 1059.258911
0.0, 0.0, 1251.333008
0.0, 0.0, 1622.866455
0.0, 0.0, 2229.145264
0.0, 0.0, 3004.259766
0.0, 0.0, 3731.769043
0.0, 0.0, 4211.595703
0.0, 0.0, 4435.130371
0.0, 0.0, 4508.446289
0.0, 0.0, 4525.150391
0.0, 0.0, 4527.864258
0.0, 0.0, 4527.672363
0.0, 0.0, 4520.621094
0.0, 0.0, 4470.348633
0.0, 0.0, 4262.908691
0.0, 0.0, 3737.035156
0.0, 0.0, 2902.665771
0.0, 0.0, 2091.624512
0.0, 0.0, 1651.652222
0.0, 0.0, 1583.637207
0.0, 0.0, 1679.073486
0.0, 0.0, 1786.916870
0.0, 0.0, 1853.642334
0.0, 0.0, 1865.306152
0.0, 0.0, 1819.509399
0.0, 0.0, 1725.195801
0.0, 0.0, 1619.731201
0.0, 0.0, 1611.061523
0.0, 0.0, 1883.772339
0.0, 0.0, 2546.478760
0.0, 0.0, 3388.328857
0.0, 0.0, 4053.578613
0.0, 0.0, 4389.168457
0.0, 0.0, 4500.425781
0.0, 0.0, 4524.490723
0.0, 0.0, 4527.715820
0.0, 0.0, 4525.113281
0.0, 0.0, 4502.356934
0.0, 0.0, 4398.100586
0.0, 0.0, 4089.181396
0.0, 0.0, 3465.638672
0.0, 0.0, 2579.043945
0.0, 0.0, 1667.536621
0.0, 0.0, 948.403442
0.0, 0.0, 511.942261
0.0, 0.0, 301.057129
0.0, 0.0, 229.969894
0.0, 0.0, 232.161453
0.0, 0.0, 267.484924
0.0, 0.0, 312.580444
0.0, 0.0, 354.528748
0.0, 0.0, 386.825104
0.0, 0.0, 417.843872
0.0, 0.0, 503.111450
0.0, 0.0, 790.249573
0.0, 0.0, 1160.385620
0.0, 0.0, 748.830933
0.0, 0.0, 657.339294
0.0, 0.0, 663.517822
0.0, 0.0, 681.376099
0.0, 0.0, 691.233887
0.0, 0.0, 694.592957
0.0, 0.0, 699.876221
0.0, 0.0, 724.676880
0.0, 0.0, 798.014832
0.0, 0.0, 969.070984
0.0, 0.0, 1312.210083
0.0, 0.0, 1894.040771
0.0, 0.0, 2675.471924
0.0, 0.0, 3466.978271
0.0, 0.0, 4052.995117
0.0, 0.0, 4366.601074
0.0, 0.0, 4486.263184
0.0, 0.0, 4519.920410
0.0, 0.0, 4526.859375
0.0, 0.0, 4527.032227
0.0, 0.0, 4517.809082
0.0, 0.0, 4459.771973
0.0, 0.0, 4234.034180
0.0, 0.0, 3674.678467
0.0, 0.0, 2794.258789
0.0, 0.0, 1930.138916
0.0, 0.0, 1433.539551
0.0, 0.0, 1316.741577
0.0, 0.0, 1375.320679
0.0, 0.0, 1457.220337
0.0, 0.0, 1506.005737
0.0, 0.0, 1511.050415
0.0, 0.0, 1471.981079
0.0, 0.0, 1398.959839
0.0, 0.0, 1334.836426
0.0, 0.0, 1405.390259
0.0, 0.0, 1809.085083
0.0, 0.0, 2599.484131
0.0, 0.0, 3495.728760
0.0, 0.0, 4129.768555
0.0, 0.0, 4421.246582
0.0, 0.0, 4508.986328
0.0, 0.0, 4526.057129
0.0, 0.0, 4527.802734
0.0, 0.0, 4524.319824
0.0, 0.0, 4497.965820
0.0, 0.0, 4381.207031
0.0, 0.0, 4045.054199
0.0, 0.0, 3384.170898
0.0, 0.0, 2467.697021
0.0, 0.0, 1535.995117
0.0, 0.0, 823.267639
0.0, 0.0, 392.227875
0.0, 0.0, 188.003738
0.0, 0.0, 118.673370
0.0, 0.0, 116.581207
0.0, 0.0, 143.446915
0.0, 0.0, 180.080490
0.0, 0.0, 214.933899
0.0, 0.0, 240.316620
0.0, 0.0, 258.143829
0.0, 0.0, 301.455994
0.0, 0.0, 457.706146
0.0, 0.0, 922.667419
0.0, 0.0, 594.009521
0.0, 0.0, 517.705139
0.0, 0.0, 517.585266
0.0, 0.0, 524.858643
0.0, 0.0, 524.687378
0.0, 0.0, 518.122314
0.0, 0.0, 513.773132
0.0, 0.0, 526.763489
0.0, 0.0, 583.384033
0.0, 0.0, 727.103821
0.0, 0.0, 1025.386963
0.0, 0.0, 1548.382202
0.0, 0.0, 2293.945068
0.0, 0.0, 3117.032959
0.0, 0.0, 3813.701416
0.0, 0.0, 4242.369629
0.0, 0.0, 4438.238770
0.0, 0.0, 4505.244629
0.0, 0.0, 4522.557129
0.0, 0.0, 4523.956055
0.0, 0.0, 4508.795898
0.0, 0.0, 4430.704102
0.0, 0.0, 4164.427246
0.0, 0.0, 3550.372559
0.0, 0.0, 2616.440918
0.0, 0.0, 1707.912476
0.0, 0.0, 1177.151367
0.0, 0.0, 1029.960449
0.0, 0.0, 1072.403809
0.0, 0.0, 1136.967285
0.0, 0.0, 1172.073486
0.0, 0.0, 1172.523438
0.0, 0.0, 1140.888916
0.0, 0.0, 1088.862793
0.0, 0.0, 1064.852051
0.0, 0.0, 1201.698608
0.0, 0.0, 1695.801270
0.0, 0.0, 2569.194092
0.0, 0.0, 3505.484131
0.0, 0.0, 4141.512695
0.0, 0.0, 4425.255371
0.0, 0.0, 4509.536621
0.0, 0.0, 4525.919922
0.0, 0.0, 4527.270020
0.0, 0.0, 4521.559570
0.0, 0.0, 4486.432617
0.0, 0.0, 4345.062988
0.0, 0.0, 3962.700195
0.0, 0.0, 3252.575439
0.0, 0.0, 2311.307617
0.0, 0.0, 1392.628418
0.0, 0.0, 707.094482
0.0, 0.0, 305.191162
0.0, 0.0, 118.209351
0.0, 0.0, 54.977131
0.0, 0.0, 47.911953
0.0, 0.0, 63.264587
0.0, 0.0, 87.310120
0.0, 0.0, 111.728172
0.0, 0.0, 128.820770
0.0, 0.0, 137.889328
0.0, 0.0, 153.944580
0.0, 0.0, 219.230896
0.0, 0.0, 725.343811
0.0, 0.0, 466.518829
0.0, 0.0, 404.337738
0.0, 0.0, 400.997498
0.0, 0.0, 402.218262
0.0, 0.0, 395.508392
0.0, 0.0, 383.441772
0.0, 0.0, 372.738525
0.0, 0.0, 377.473236
0.0, 0.0, 419.602661
0.0, 0.0, 535.024597
0.0, 0.0, 780.925293
0.0, 0.0, 1223.813110
0.0, 0.0, 1888.386108
0.0, 0.0, 2700.537598
0.0, 0.0, 3472.386230
0.0, 0.0, 4030.307617
0.0, 0.0, 4335.325684
0.0, 0.0, 4462.055176
0.0, 0.0, 4503.982422
0.0, 0.0, 4509.161133
0.0, 0.0, 4479.945801
0.0, 0.0, 4361.227539
0.0, 0.0, 4021.705811
0.0, 0.0, 3332.723633
0.0, 0.0, 2358.939697
0.0, 0.0, 1442.914917
0.0, 0.0, 895.617615
0.0, 0.0, 747.234070
0.0, 0.0, 781.997070
0.0, 0.0, 840.067871
0.0, 0.0, 869.712402
0.0, 0.0, 869.804199
0.0, 0.0, 846.114136
0.0, 0.0, 812.359070
0.0, 0.0, 821.871216
0.0, 0.0, 1010.374146
0.0, 0.0, 1550.969360
0.0, 0.0, 2455.142822
0.0, 0.0, 3409.426514
0.0, 0.0, 4078.532959
0.0, 0.0, 4395.748047
0.0, 0.0, 4499.228516
0.0, 0.0, 4522.358887
0.0, 0.0, 4524.174805
0.0, 0.0, 4512.651367
0.0, 0.0, 4457.720215
0.0, 0.0, 4273.007324
0.0, 0.0, 3825.508301
0.0, 0.0, 3059.947510
0.0, 0.0, 2118.353760
0.0, 0.0, 1244.478638
0.0, 0.0, 613.707031
0.0, 0.0, 249.383926
0.0, 0.0, 83.305656
0.0, 0.0, 26.759623
0.0, 0.0, 16.421276
0.0, 0.0, 22.243526
0.0, 0.0, 33.867619
0.0, 0.0, 46.470291
0.0, 0.0, 55.914589
0.0, 0.0, 59.365398
0.0, 0.0, 62.825214
0.0, 0.0, 82.517418
0.0, 0.0, 566.735779
0.0, 0.0, 364.366699
0.0, 0.0, 315.108765
0.0, 0.0, 311.007446
0.0, 0.0, 308.806610
0.0, 0.0, 300.096619
0.0, 0.0, 286.039581
0.0, 0.0, 273.932983
0.0, 0.0, 274.475037
0.0, 0.0, 305.837067
0.0, 0.0, 397.401855
0.0, 0.0, 593.381958
0.0, 0.0, 949.951416
0.0, 0.0, 1510.087891
0.0, 0.0, 2247.541748
0.0, 0.0, 3027.250732
0.0, 0.0, 3691.540283
0.0, 0.0, 4120.832520
0.0, 0.0, 4343.621582
0.0, 0.0, 4432.954590
0.0, 0.0, 4447.917480
0.0, 0.0, 4392.027832
0.0, 0.0, 4202.214355
0.0, 0.0, 3763.102783
0.0, 0.0, 2994.876953
0.0, 0.0, 2027.993530
0.0, 0.0, 1158.576660
0.0, 0.0, 640.770874
0.0, 0.0, 483.849609
0.0, 0.0, 511.376465
0.0, 0.0, 567.359131
0.0, 0.0, 600.509521
0.0, 0.0, 603.541748
0.0, 0.0, 587.610107
0.0, 0.0, 568.703369
0.0, 0.0, 599.538086
0.0, 0.0, 816.001709
0.0, 0.0, 1370.190552
0.0, 0.0, 2245.528564
0.0, 0.0, 3199.182129
0.0, 0.0, 3922.321533
0.0, 0.0, 4311.611328
0.0, 0.0, 4461.292480
0.0, 0.0, 4504.616699
0.0, 0.0, 4508.454102
0.0, 0.0, 4482.377930
0.0, 0.0, 4387.791504
0.0, 0.0, 4129.354492
0.0, 0.0, 3601.256836
0.0, 0.0, 2795.348633
0.0, 0.0, 1888.128906
0.0, 0.0, 1098.381348
0.0, 0.0, 540.642944
0.0, 0.0, 218.618835
0.0, 0.0, 69.881348
0.0, 0.0, 17.928535
0.0, 0.0, 5.846754
0.0, 0.0, 6.162001
0.0, 0.0, 9.940998
0.0, 0.0, 14.609670
0.0, 0.0, 18.050865
0.0, 0.0, 19.107090
0.0, 0.0, 19.285337
0.0, 0.0, 22.933151
0.0, 0.0, 442.683960
0.0, 0.0, 285.612183
0.0, 0.0, 247.911407
0.0, 0.0, 244.337479
0.0, 0.0, 242.150070
0.0, 0.0, 233.905197
0.0, 0.0, 222.586334
0.0, 0.0, 212.676849
0.0, 0.0, 213.222076
0.0, 0.0, 238.986740
0.0, 0.0, 312.751587
0.0, 0.0, 467.744415
0.0, 0.0, 747.485168
0.0, 0.0, 1193.163940
0.0, 0.0, 1804.054932
0.0, 0.0, 2520.245605
0.0, 0.0, 3200.928711
0.0, 0.0, 3737.210449
0.0, 0.0, 4065.120117
0.0, 0.0, 4225.758789
0.0, 0.0, 4258.536621
0.0, 0.0, 4160.408203
0.0, 0.0, 3881.437500
0.0, 0.0, 3340.914551
0.0, 0.0, 2543.165039
0.0, 0.0, 1643.470581
0.0, 0.0, 881.706787
0.0, 0.0, 428.201202
0.0, 0.0, 269.770142
0.0, 0.0, 276.665375
0.0, 0.0, 329.093811
0.0, 0.0, 360.267853
0.0, 0.0, 367.001129
0.0, 0.0, 358.222412
0.0, 0.0, 349.936890
0.0, 0.0, 393.127014
0.0, 0.0, 606.184448
0.0, 0.0, 1125.022949
0.0, 0.0, 1934.411255
0.0, 0.0, 2850.706787
0.0, 0.0, 3630.091064
0.0, 0.0, 4115.000977
0.0, 0.0, 4348.520020
0.0, 0.0, 4433.417969
0.0, 0.0, 4443.250977
0.0, 0.0, 4388.805176
0.0, 0.0, 4224.698730
0.0, 0.0, 3869.368164
0.0, 0.0, 3258.914551
0.0, 0.0, 2462.208740
0.0, 0.0, 1642.255127
0.0, 0.0, 961.227295
0.0, 0.0, 486.270844
0.0, 0.0, 205.180481
0.0, 0.0, 69.227417
0.0, 0.0, 18.193687
0.0, 0.0, 4.157259
0.0, 0.0, 1.759522
0.0, 0.0, 2.214618
0.0, 0.0, 3.244399
0.0, 0.0, 4.066072
0.0, 0.0, 4.277045
0.0, 0.0, 4.131171
0.0, 0.0, 4.502758
0.0, 0.0, 351.176361
0.0, 0.0, 228.677658
0.0, 0.0, 200.360092
0.0, 0.0, 199.298935
0.0, 0.0, 198.531982
0.0, 0.0, 194.302979
0.0, 0.0, 188.044083
0.0, 0.0, 183.932922
0.0, 0.0, 188.256683
0.0, 0.0, 212.998672
0.0, 0.0, 275.882263
0.0, 0.0, 400.155914
0.0, 0.0, 616.591980
0.0, 0.0, 955.312744
0.0, 0.0, 1431.346436
0.0, 0.0, 2013.426025
0.0, 0.0, 2630.379150
0.0, 0.0, 3170.929199
0.0, 0.0, 3568.122070
0.0, 0.0, 3788.872803
0.0, 0.0, 3833.791748
0.0, 0.0, 3697.732666
0.0, 0.0, 3344.727051
0.0, 0.0, 2764.429932
0.0, 0.0, 2015.665771
0.0, 0.0, 1242.253662
0.0, 0.0, 625.372803
0.0, 0.0, 264.317261
0.0, 0.0, 128.988312
0.0, 0.0, 119.071884
0.0, 0.0, 146.303131
0.0, 0.0, 169.482025
0.0, 0.0, 175.743011
0.0, 0.0, 172.502213
0.0, 0.0, 172.446609
0.0, 0.0, 216.517227
0.0, 0.0, 404.716125
0.0, 0.0, 840.757629
0.0, 0.0, 1536.928101
0.0, 0.0, 2370.596436
0.0, 0.0, 3151.472656
0.0, 0.0, 3733.069824
0.0, 0.0, 4068.721680
0.0, 0.0, 4221.837402
0.0, 0.0, 4244.575195
0.0, 0.0, 4147.994141
0.0, 0.0, 3902.187012
0.0, 0.0, 3455.333008
0.0, 0.0, 2820.098389
0.0, 0.0, 2092.661133
0.0, 0.0, 1402.923096
0.0, 0.0, 843.658936
0.0, 0.0, 449.279083
0.0, 0.0, 205.810806
0.0, 0.0, 78.465721
0.0, 0.0, 24.842621
0.0, 0.0, 7.013853
0.0, 0.0, 2.147539
0.0, 0.0, 0.947806
0.0, 0.0, 0.697133
0.0, 0.0, 0.669872
0.0, 0.0, 0.639765
0.0, 0.0, 0.581400
0.0, 0.0, 0.581669
0.0, 0.0, 291.734894
0.0, 0.0, 191.156311
0.0, 0.0, 170.577057
0.0, 0.0, 172.443161
0.0, 0.0, 175.640991
0.0, 0.0, 176.763992
0.0, 0.0, 177.881302
0.0, 0.0, 181.562027
0.0, 0.0, 192.797791
0.0, 0.0, 220.719193
0.0, 0.0, 277.621918
0.0, 0.0, 380.244446
0.0, 0.0, 548.727295
0.0, 0.0, 803.297241
0.0, 0.0, 1154.808960
0.0, 0.0, 1594.254028
0.0, 0.0, 2076.833008
0.0, 0.0, 2539.052246
0.0, 0.0, 2907.909180
0.0, 0.0, 3128.813965
0.0, 0.0, 3170.265625
0.0, 0.0, 3012.887207
0.0, 0.0, 2653.529297
0.0, 0.0, 2116.922363
0.0, 0.0, 1479.875488
0.0, 0.0, 868.803345
0.0, 0.0, 407.620880
0.0, 0.0, 152.160339
0.0, 0.0, 55.496078
0.0, 0.0, 38.488220
0.0, 0.0, 46.784367
0.0, 0.0, 55.783607
0.0, 0.0, 59.669086
0.0, 0.0, 59.258316
0.0, 0.0, 62.971889
0.0, 0.0, 100.857117
0.0, 0.0, 239.621277
0.0, 0.0, 565.286926
0.0, 0.0, 1111.894165
0.0, 0.0, 1810.696045
0.0, 0.0, 2527.179443
0.0, 0.0, 3129.583008
0.0, 0.0, 3547.765625
0.0, 0.0, 3767.212158
0.0, 0.0, 3809.025146
0.0, 0.0, 3683.900146
0.0, 0.0, 3384.505371
0.0, 0.0, 2920.970459
0.0, 0.0, 2343.142334
0.0, 0.0, 1737.512085
0.0, 0.0, 1189.099243
0.0, 0.0, 748.006348
0.0, 0.0, 428.083008
0.0, 0.0, 219.042419
0.0, 0.0, 98.803093
0.0, 0.0, 40.126434
0.0, 0.0, 15.756304
0.0, 0.0, 6.479585
0.0, 0.0, 2.831902
0.0, 0.0, 1.268785
0.0, 0.0, 0.553951
0.0, 0.0, 0.238541
0.0, 0.0, 0.104681
0.0, 0.0, 0.064972
0.0, 0.0, 255.584152
0.0, 0.0, 169.256058
0.0, 0.0, 154.811844
0.0, 0.0, 161.070129
0.0, 0.0, 169.238144
0.0, 0.0, 177.218811
0.0, 0.0, 186.816757
0.0, 0.0, 199.804474
0.0, 0.0, 220.067001
0.0, 0.0, 253.400116
0.0, 0.0, 308.815063
0.0, 0.0, 397.318878
0.0, 0.0, 531.765869
0.0, 0.0, 723.689026
0.0, 0.0, 978.668701
0.0, 0.0, 1289.904053
0.0, 0.0, 1634.801270
0.0, 0.0, 1970.859619
0.0, 0.0, 2245.901123
0.0, 0.0, 2409.512451
0.0, 0.0, 2423.506348
0.0, 0.0, 2269.114502
0.0, 0.0, 1951.588379
0.0, 0.0, 1506.838623
0.0, 0.0, 1008.218079
0.0, 0.0, 558.179688
0.0, 0.0, 243.896942
0.0, 0.0, 81.546837
0.0, 0.0, 22.672760
0.0, 0.0, 9.574167
0.0, 0.0, 9.830631
0.0, 0.0, 11.921929
0.0, 0.0, 12.995310
0.0, 0.0, 13.359397
0.0, 0.0, 17.311995
0.0, 0.0, 41.384090
0.0, 0.0, 126.545197
0.0, 0.0, 335.986908
0.0, 0.0, 721.029541
0.0, 0.0, 1256.841187
0.0, 0.0, 1853.085083
0.0, 0.0, 2401.809814
0.0, 0.0, 2821.287598
0.0, 0.0, 3069.276855
0.0, 0.0, 3133.249512
0.0, 0.0, 3018.805176
0.0, 0.0, 2745.549072
0.0, 0.0, 2350.126953
0.0, 0.0, 1889.226807
0.0, 0.0, 1425.994751
0.0, 0.0, 1011.077576
0.0, 0.0, 673.182312
0.0, 0.0, 418.908875
0.0, 0.0, 242.831436
0.0, 0.0, 131.341492
0.0, 0.0, 67.595367
0.0, 0.0, 34.448967
0.0, 0.0, 17.775778
0.0, 0.0, 9.256498
0.0, 0.0, 4.651560
0.0, 0.0, 2.171942
0.0, 0.0, 0.875599
0.0, 0.0, 0.288985
0.0, 0.0, 0.126184
0.0, 0.0, 235.531418
0.0, 0.0, 158.768616
0.0, 0.0, 149.575272
0.0, 0.0, 160.838623
0.0, 0.0, 175.530518
0.0, 0.0, 191.675598
0.0, 0.0, 210.414139
0.0, 0.0, 233.519836
0.0, 0.0, 263.778351
0.0, 0.0, 304.637726
0.0, 0.0, 361.307343
0.0, 0.0, 441.178589
0.0, 0.0, 551.365173
0.0, 0.0, 696.884521
0.0, 0.0, 878.727783
0.0, 0.0, 1091.673218
0.0, 0.0, 1319.128418
0.0, 0.0, 1534.712646
0.0, 0.0, 1704.497925
0.0, 0.0, 1793.575073
0.0, 0.0, 1772.404053
0.0, 0.0, 1625.962036
0.0, 0.0, 1360.348755
0.0, 0.0, 1009.690125
0.0, 0.0, 639.002991
0.0, 0.0, 328.245239
0.0, 0.0, 132.476913
0.0, 0.0, 40.365253
0.0, 0.0, 9.170876
0.0, 0.0, 2.067808
0.0, 0.0, 1.266016
0.0, 0.0, 1.459314
0.0, 0.0, 1.622788
0.0, 0.0, 1.882504
0.0, 0.0, 4.054175
0.0, 0.0, 15.774985
0.0, 0.0, 58.560993
0.0, 0.0, 174.651108
0.0, 0.0, 409.299438
0.0, 0.0, 781.412720
0.0, 0.0, 1233.881592
0.0, 0.0, 1682.405151
0.0, 0.0, 2048.589844
0.0, 0.0, 2282.824951
0.0, 0.0, 2363.434814
0.0, 0.0, 2293.468262
0.0, 0.0, 2097.317627
0.0, 0.0, 1813.790527
0.0, 0.0, 1487.402100
0.0, 0.0, 1159.608032
0.0, 0.0, 861.985596
0.0, 0.0, 612.243896
0.0, 0.0, 416.977722
0.0, 0.0, 272.973938
0.0, 0.0, 173.196274
0.0, 0.0, 107.418549
0.0, 0.0, 65.528236
0.0, 0.0, 39.716572
0.0, 0.0, 23.585798
0.0, 0.0, 13.389016
0.0, 0.0, 6.821005
0.0, 0.0, 2.928487
0.0, 0.0, 1.065136
0.0, 0.0, 0.528540
0.0, 0.0, 230.155273
0.0, 0.0, 156.699936
0.0, 0.0, 151.744171
0.0, 0.0, 168.614304
0.0, 0.0, 191.083954
0.0, 0.0, 216.223282
0.0, 0.0, 244.532852
0.0, 0.0, 278.130157
0.0, 0.0, 318.691345
0.0, 0.0, 368.246857
0.0, 0.0, 428.693390
0.0, 0.0, 502.599823
0.0, 0.0, 592.385010
0.0, 0.0, 699.343628
0.0, 0.0, 823.432129
0.0, 0.0, 959.138428
0.0, 0.0, 1094.820801
0.0, 0.0, 1213.205566
0.0, 0.0, 1296.283081
0.0, 0.0, 1323.807129
0.0, 0.0, 1276.095825
0.0, 0.0, 1138.183350
0.0, 0.0, 915.850830
0.0, 0.0, 642.312805
0.0, 0.0, 376.144684
0.0, 0.0, 176.875320
0.0, 0.0, 64.583740
0.0, 0.0, 17.957748
0.0, 0.0, 3.605666
0.0, 0.0, 0.512219
0.0, 0.0, 0.097377
0.0, 0.0, 0.078460
0.0, 0.0, 0.091433
0.0, 0.0, 0.186845
0.0, 0.0, 0.988027
0.0, 0.0, 5.434182
0.0, 0.0, 23.487526
0.0, 0.0, 77.229553
0.0, 0.0, 202.826294
0.0, 0.0, 424.365082
0.0, 0.0, 734.586670
0.0, 0.0, 1070.558594
0.0, 0.0, 1365.782104
0.0, 0.0, 1566.933105
0.0, 0.0, 1650.511353
0.0, 0.0, 1620.027710
0.0, 0.0, 1501.175293
0.0, 0.0, 1325.937378
0.0, 0.0, 1123.665527
0.0, 0.0, 916.074097
0.0, 0.0, 721.353271
0.0, 0.0, 552.270752
0.0, 0.0, 413.475525
0.0, 0.0, 303.580292
0.0, 0.0, 218.505966
0.0, 0.0, 154.252274
0.0, 0.0, 106.741798
0.0, 0.0, 72.393051
0.0, 0.0, 47.928684
0.0, 0.0, 29.733664
0.0, 0.0, 16.423100
0.0, 0.0, 7.703445
0.0, 0.0, 3.083888
0.0, 0.0, 1.762895
0.0, 0.0, 236.069473
0.0, 0.0, 161.856644
0.0, 0.0, 159.480988
0.0, 0.0, 182.236191
0.0, 0.0, 212.248398
0.0, 0.0, 246.049347
0.0, 0.0, 284.327332
0.0, 0.0, 328.537933
0.0, 0.0, 380.007538
0.0, 0.0, 438.650818
0.0, 0.0, 503.557007
0.0, 0.0, 572.223572
0.0, 0.0, 641.115601
0.0, 0.0, 711.681030
0.0, 0.0, 784.210938
0.0, 0.0, 856.358032
0.0, 0.0, 918.161011
0.0, 0.0, 960.246094
0.0, 0.0, 976.959656
0.0, 0.0, 964.994690
0.0, 0.0, 905.815918
0.0, 0.0, 783.405457
0.0, 0.0, 597.802246
0.0, 0.0, 387.710785
0.0, 0.0, 205.229385
0.0, 0.0, 86.828384
0.0, 0.0, 28.453810
0.0, 0.0, 7.013261
0.0, 0.0, 1.271148
0.0, 0.0, 0.151806
0.0, 0.0, 0.009433
0.0, 0.0, 0.000186
0.0, 0.0, 0.001321
0.0, 0.0, 0.024522
0.0, 0.0, 0.239665
0.0, 0.0, 1.625345
0.0, 0.0, 7.833528
0.0, 0.0, 29.470879
0.0, 0.0, 85.418015
0.0, 0.0, 199.508362
0.0, 0.0, 379.229309
0.0, 0.0, 605.939331
0.0, 0.0, 823.544250
0.0, 0.0, 981.473633
0.0, 0.0, 1045.247192
0.0, 0.0, 1027.477539
0.0, 0.0, 958.397766
0.0, 0.0, 871.557190
0.0, 0.0, 774.526794
0.0, 0.0, 672.014526
0.0, 0.0, 571.350525
0.0, 0.0, 480.587341
0.0, 0.0, 400.266083
0.0, 0.0, 327.997284
0.0, 0.0, 260.992065
0.0, 0.0, 201.670258
0.0, 0.0, 152.115540
0.0, 0.0, 111.889076
0.0, 0.0, 79.395515
0.0, 0.0, 53.119308
0.0, 0.0, 31.828701
0.0, 0.0, 16.400105
0.0, 0.0, 7.346046
0.0, 0.0, 4.733059
0.0, 0.0, 251.849045
0.0, 0.0, 172.195145
0.0, 0.0, 171.889374
0.0, 0.0, 199.286957
0.0, 0.0, 235.627869
0.0, 0.0, 277.252899
0.0, 0.0, 325.195526
0.0, 0.0, 380.196014
0.0, 0.0, 442.381714
0.0, 0.0, 509.591949
0.0, 0.0, 577.892334
0.0, 0.0, 639.936279
0.0, 0.0, 691.174255
0.0, 0.0, 728.955322
0.0, 0.0, 761.517822
0.0, 0.0, 783.514771
0.0, 0.0, 788.008118
0.0, 0.0, 771.621765
0.0, 0.0, 738.524719
0.0, 0.0, 694.126221
0.0, 0.0, 633.257019
0.0, 0.0, 525.294678
0.0, 0.0, 376.855164
0.0, 0.0, 222.567200
0.0, 0.0, 105.313789
0.0, 0.0, 38.926567
0.0, 0.0, 11.270199
0.0, 0.0, 2.480059
0.0, 0.0, 0.458907
0.0, 0.0, 0.188996
0.0, 0.0, 0.229081
0.0, 0.0, 0.288642
0.0, 0.0, 0.309065
0.0, 0.0, 0.282393
0.0, 0.0, 0.260580
0.0, 0.0, 0.519823
0.0, 0.0, 2.315484
0.0, 0.0, 9.416823
0.0, 0.0, 30.511864
0.0, 0.0, 78.676819
0.0, 0.0, 166.716614
0.0, 0.0, 291.025818
0.0, 0.0, 428.002808
0.0, 0.0, 529.674866
0.0, 0.0, 565.980591
0.0, 0.0, 538.614563
0.0, 0.0, 504.983063
0.0, 0.0, 481.739624
0.0, 0.0, 465.887482
0.0, 0.0, 447.713867
0.0, 0.0, 425.615875
0.0, 0.0, 402.022614
0.0, 0.0, 377.495819
0.0, 0.0, 341.239655
0.0, 0.0, 294.854889
0.0, 0.0, 244.009277
0.0, 0.0, 195.326172
0.0, 0.0, 151.726807
0.0, 0.0, 113.155090
0.0, 0.0, 79.796890
0.0, 0.0, 51.773464
0.0, 0.0, 29.227928
0.0, 0.0, 14.928018
0.0, 0.0, 11.366174
0.0, 0.0, 270.829254
0.0, 0.0, 185.942490
0.0, 0.0, 186.325638
0.0, 0.0, 217.604111
0.0, 0.0, 259.263489
0.0, 0.0, 308.019104
0.0, 0.0, 364.517731
0.0, 0.0, 429.386841
0.0, 0.0, 500.512054
0.0, 0.0, 574.050171
0.0, 0.0, 642.552002
0.0, 0.0, 700.063538
0.0, 0.0, 738.776611
0.0, 0.0, 764.725830
0.0, 0.0, 774.534424
0.0, 0.0, 765.190674
0.0, 0.0, 731.651245
0.0, 0.0, 675.128113
0.0, 0.0, 604.630676
0.0, 0.0, 530.937134
0.0, 0.0, 448.451813
0.0, 0.0, 349.719788
0.0, 0.0, 234.166443
0.0, 0.0, 126.125771
0.0, 0.0, 52.531509
0.0, 0.0, 16.770821
0.0, 0.0, 4.206592
0.0, 0.0, 1.330692
0.0, 0.0, 1.527596
0.0, 0.0, 2.769513
0.0, 0.0, 4.327812
0.0, 0.0, 5.595438
0.0, 0.0, 6.025996
0.0, 0.0, 5.413436
0.0, 0.0, 4.045403
0.0, 0.0, 2.550576
0.0, 0.0, 1.741571
0.0, 0.0, 2.944335
0.0, 0.0, 9.050500
0.0, 0.0, 25.722567
0.0, 0.0, 59.660507
0.0, 0.0, 113.960747
0.0, 0.0, 176.650269
0.0, 0.0, 224.802277
0.0, 0.0, 234.909103
0.0, 0.0, 221.322067
0.0, 0.0, 209.780975
0.0, 0.0, 224.273697
0.0, 0.0, 255.738632
0.0, 0.0, 290.314148
0.0, 0.0, 318.988708
0.0, 0.0, 340.379669
0.0, 0.0, 349.582397
0.0, 0.0, 343.437622
0.0, 0.0, 316.107635
0.0, 0.0, 275.856903
0.0, 0.0, 230.843781
0.0, 0.0, 186.137634
0.0, 0.0, 144.362000
0.0, 0.0, 106.590973
0.0, 0.0, 73.013084
0.0, 0.0, 45.179409
0.0, 0.0, 26.701302
0.0, 0.0, 24.901812
0.0, 0.0, 290.156647
0.0, 0.0, 198.581238
0.0, 0.0, 199.850128
0.0, 0.0, 234.448059
0.0, 0.0, 281.238861
0.0, 0.0, 335.969788
0.0, 0.0, 399.647247
0.0, 0.0, 472.268555
0.0, 0.0, 549.668762
0.0, 0.0, 624.723633
0.0, 0.0, 692.594116
0.0, 0.0, 746.563232
0.0, 0.0, 789.745728
0.0, 0.0, 815.623291
0.0, 0.0, 818.691589
0.0, 0.0, 792.577576
0.0, 0.0, 736.392456
0.0, 0.0, 654.265747
0.0, 0.0, 556.885986
0.0, 0.0, 453.502319
0.0, 0.0, 350.090057
0.0, 0.0, 248.218201
0.0, 0.0, 152.312317
0.0, 0.0, 74.894455
0.0, 0.0, 27.611677
0.0, 0.0, 7.661077
0.0, 0.0, 2.723788
0.0, 0.0, 4.575945
0.0, 0.0, 11.219953
0.0, 0.0, 22.380241
0.0, 0.0, 35.913445
0.0, 0.0, 47.140575
0.0, 0.0, 51.075649
0.0, 0.0, 45.801792
0.0, 0.0, 33.804062
0.0, 0.0, 20.338633
0.0, 0.0, 9.862842
0.0, 0.0, 4.199901
0.0, 0.0, 3.160138
0.0, 0.0, 6.871089
0.0, 0.0, 16.851341
0.0, 0.0, 33.526306
0.0, 0.0, 53.370529
0.0, 0.0, 67.164726
0.0, 0.0, 70.398285
0.0, 0.0, 67.140732
0.0, 0.0, 72.855118
0.0, 0.0, 98.689789
0.0, 0.0, 145.543167
0.0, 0.0, 201.506897
0.0, 0.0, 255.222626
0.0, 0.0, 297.960419
0.0, 0.0, 326.042908
0.0, 0.0, 334.012451
0.0, 0.0, 323.243042
0.0, 0.0, 294.116119
0.0, 0.0, 254.754883
0.0, 0.0, 211.702484
0.0, 0.0, 169.576340
0.0, 0.0, 129.777954
0.0, 0.0, 92.970123
0.0, 0.0, 62.079441
0.0, 0.0, 42.796974
0.0, 0.0, 46.054043
0.0, 0.0, 303.067871
0.0, 0.0, 208.096924
0.0, 0.0, 209.852066
0.0, 0.0, 247.408585
0.0, 0.0, 298.014099
0.0, 0.0, 357.675323
0.0, 0.0, 426.990723
0.0, 0.0, 504.336914
0.0, 0.0, 584.001892
0.0, 0.0, 658.335205
0.0, 0.0, 723.246399
0.0, 0.0, 783.356750
0.0, 0.0, 833.348816
0.0, 0.0, 863.042542
0.0, 0.0, 861.949646
0.0, 0.0, 825.207031
0.0, 0.0, 753.422119
0.0, 0.0, 653.867371
0.0, 0.0, 536.706238
0.0, 0.0, 414.210571
0.0, 0.0, 296.802063
0.0, 0.0, 191.951508
0.0, 0.0, 106.841522
0.0, 0.0, 47.615459
0.0, 0.0, 16.045944
0.0, 0.0, 5.055497
0.0, 0.0, 6.562533
0.0, 0.0, 20.117125
0.0, 0.0, 51.800423
0.0, 0.0, 105.245697
0.0, 0.0, 171.439850
0.0, 0.0, 227.366364
0.0, 0.0, 247.853836
0.0, 0.0, 222.378204
0.0, 0.0, 163.715271
0.0, 0.0, 97.826950
0.0, 0.0, 47.094578
0.0, 0.0, 18.127909
0.0, 0.0, 5.954410
0.0, 0.0, 2.665244
0.0, 0.0, 3.608292
0.0, 0.0, 6.805416
0.0, 0.0, 10.564497
0.0, 0.0, 13.256295
0.0, 0.0, 14.117988
0.0, 0.0, 15.717996
0.0, 0.0, 23.938135
0.0, 0.0, 46.388931
0.0, 0.0, 87.766159
0.0, 0.0, 144.757339
0.0, 0.0, 205.954803
0.0, 0.0, 260.447784
0.0, 0.0, 298.401550
0.0, 0.0, 316.867035
0.0, 0.0, 315.363861
0.0, 0.0, 297.841766
0.0, 0.0, 266.160248
0.0, 0.0, 226.919006
0.0, 0.0, 186.288452
0.0, 0.0, 146.489929
0.0, 0.0, 109.103119
0.0, 0.0, 77.675499
0.0, 0.0, 59.803452
0.0, 0.0, 73.017479
0.0, 0.0, 311.771790
0.0, 0.0, 214.285202
0.0, 0.0, 216.109940
0.0, 0.0, 254.749268
0.0, 0.0, 307.702881
0.0, 0.0, 370.797363
0.0, 0.0, 443.380798
0.0, 0.0, 521.966553
0.0, 0.0, 599.641785
0.0, 0.0, 671.008911
0.0, 0.0, 737.172180
0.0, 0.0, 802.272522
0.0, 0.0, 856.882568
0.0, 0.0, 885.382507
0.0, 0.0, 877.643860
0.0, 0.0, 830.076843
0.0, 0.0, 745.764526
0.0, 0.0, 632.687622
0.0, 0.0, 503.043396
0.0, 0.0, 370.768951
0.0, 0.0, 248.696747
0.0, 0.0, 147.474380
0.0, 0.0, 74.219566
0.0, 0.0, 30.292856
0.0, 0.0, 10.247879
0.0, 0.0, 7.064692
0.0, 0.0, 20.801794
0.0, 0.0, 64.250496
0.0, 0.0, 161.256332
0.0, 0.0, 324.322723
0.0, 0.0, 527.570801
0.0, 0.0, 701.319641
0.0, 0.0, 767.324036
0.0, 0.0, 692.845520
0.0, 0.0, 513.839783
0.0, 0.0, 311.979279
0.0, 0.0, 154.062424
0.0, 0.0, 62.432632
0.0, 0.0, 20.590849
0.0, 0.0, 5.437467
0.0, 0.0, 1.470948
0.0, 0.0, 0.953513
0.0, 0.0, 1.242053
0.0, 0.0, 1.544023
0.0, 0.0, 1.903402
0.0, 0.0, 3.306068
0.0, 0.0, 8.384443
0.0, 0.0, 22.046200
0.0, 0.0, 49.976086
0.0, 0.0, 95.572159
0.0, 0.0, 154.281921
0.0, 0.0, 213.243439
0.0, 0.0, 259.909637
0.0, 0.0, 286.783813
0.0, 0.0, 294.886383
0.0, 0.0, 286.702759
0.0, 0.0, 264.131012
0.0, 0.0, 231.491974
0.0, 0.0, 193.705917
0.0, 0.0, 155.567841
0.0, 0.0, 119.754478
0.0, 0.0, 89.696831
0.0, 0.0, 74.356720
0.0, 0.0, 97.638893
0.0, 0.0, 318.772461
0.0, 0.0, 217.324753
0.0, 0.0, 218.286636
0.0, 0.0, 257.117859
0.0, 0.0, 310.703003
0.0, 0.0, 374.698059
0.0, 0.0, 447.466736
0.0, 0.0, 524.091553
0.0, 0.0, 596.081726
0.0, 0.0, 662.010071
0.0, 0.0, 729.734070
0.0, 0.0, 796.352966
0.0, 0.0, 848.598877
0.0, 0.0, 871.135071
0.0, 0.0, 854.193970
0.0, 0.0, 795.821533
0.0, 0.0, 700.471619
0.0, 0.0, 577.874023
0.0, 0.0, 441.993286
0.0, 0.0, 308.256561
0.0, 0.0, 191.121277
0.0, 0.0, 102.528313
0.0, 0.0, 46.267826
0.0, 0.0, 17.714880
0.0, 0.0, 8.261715
0.0, 0.0, 15.914158
0.0, 0.0, 53.206928
0.0, 0.0, 155.109283
0.0, 0.0, 365.438782
0.0, 0.0, 706.582153
0.0, 0.0, 1124.136719
0.0, 0.0, 1479.626709
0.0, 0.0, 1620.826538
0.0, 0.0, 1479.473999
0.0, 0.0, 1123.306396
0.0, 0.0, 706.009033
0.0, 0.0, 368.864960
0.0, 0.0, 159.001556
0.0, 0.0, 55.487320
0.0, 0.0, 15.580585
0.0, 0.0, 3.360480
0.0, 0.0, 0.582262
0.0, 0.0, 0.121171
0.0, 0.0, 0.096411
0.0, 0.0, 0.213856
0.0, 0.0, 0.781656
0.0, 0.0, 2.946604
0.0, 0.0, 9.316753
0.0, 0.0, 24.727650
0.0, 0.0, 54.590427
0.0, 0.0, 101.224747
0.0, 0.0, 156.883972
0.0, 0.0, 207.659775
0.0, 0.0, 243.219315
0.0, 0.0, 260.289795
0.0, 0.0, 261.309082
0.0, 0.0, 249.175537
0.0, 0.0, 224.688354
0.0, 0.0, 192.235779
0.0, 0.0, 157.424988
0.0, 0.0, 124.438126
0.0, 0.0, 96.811699
0.0, 0.0, 85.331345
0.0, 0.0, 114.810577
0.0, 0.0, 317.882843
0.0, 0.0, 216.164490
0.0, 0.0, 216.645172
0.0, 0.0, 254.831482
0.0, 0.0, 307.507965
0.0, 0.0, 369.733765
0.0, 0.0, 439.329712
0.0, 0.0, 510.387421
0.0, 0.0, 575.091553
0.0, 0.0, 634.651855
0.0, 0.0, 697.873291
0.0, 0.0, 759.912292
0.0, 0.0, 804.623535
0.0, 0.0, 817.361328
0.0, 0.0, 790.500000
0.0, 0.0, 722.418091
0.0, 0.0, 618.689758
0.0, 0.0, 491.496796
0.0, 0.0, 356.475037
0.0, 0.0, 230.643066
0.0, 0.0, 129.583435
0.0, 0.0, 61.647381
0.0, 0.0, 25.201864
0.0, 0.0, 10.421446
0.0, 0.0, 11.689106
0.0, 0.0, 35.339920
0.0, 0.0, 110.693375
0.0, 0.0, 289.726532
0.0, 0.0, 634.116821
0.0, 0.0, 1153.220581
0.0, 0.0, 1761.553101
0.0, 0.0, 2274.610352
0.0, 0.0, 2486.523438
0.0, 0.0, 2302.184570
0.0, 0.0, 1804.485718
0.0, 0.0, 1196.412231
0.0, 0.0, 665.902527
0.0, 0.0, 308.062408
0.0, 0.0, 117.101128
0.0, 0.0, 35.350945
0.0, 0.0, 8.343138
0.0, 0.0, 1.425122
0.0, 0.0, 0.158123
0.0, 0.0, 0.013125
0.0, 0.0, 0.033108
0.0, 0.0, 0.197141
0.0, 0.0, 0.893207
0.0, 0.0, 3.349134
0.0, 0.0, 10.323461
0.0, 0.0, 26.670443
0.0, 0.0, 56.505871
0.0, 0.0, 100.001968
0.0, 0.0, 147.835922
0.0, 0.0, 188.112167
0.0, 0.0, 213.976089
0.0, 0.0, 224.693909
0.0, 0.0, 222.234192
0.0, 0.0, 207.114151
0.0, 0.0, 181.830994
0.0, 0.0, 152.294846
0.0, 0.0, 123.102089
0.0, 0.0, 99.211533
0.0, 0.0, 90.862404
0.0, 0.0, 127.335228
0.0, 0.0, 308.580475
0.0, 0.0, 210.890564
0.0, 0.0, 210.774185
0.0, 0.0, 247.529358
0.0, 0.0, 297.570068
0.0, 0.0, 355.545685
0.0, 0.0, 419.381958
0.0, 0.0, 482.834839
0.0, 0.0, 539.075317
0.0, 0.0, 590.126465
0.0, 0.0, 643.364563
0.0, 0.0, 694.769653
0.0, 0.0, 727.568481
0.0, 0.0, 728.853821
0.0, 0.0, 691.466919
0.0, 0.0, 615.522949
0.0, 0.0, 508.143402
0.0, 0.0, 383.009155
0.0, 0.0, 258.117096
0.0, 0.0, 151.547211
0.0, 0.0, 75.435646
0.0, 0.0, 32.104202
0.0, 0.0, 12.932936
0.0, 0.0, 10.050094
0.0, 0.0, 23.123762
0.0, 0.0, 69.034767
0.0, 0.0, 186.757278
0.0, 0.0, 438.085052
0.0, 0.0, 869.950867
0.0, 0.0, 1477.571655
0.0, 0.0, 2160.517578
0.0, 0.0, 2726.716064
0.0, 0.0, 2968.693848
0.0, 0.0, 2785.922119
0.0, 0.0, 2254.431885
0.0, 0.0, 1571.763184
0.0, 0.0, 938.780396
0.0, 0.0, 472.223999
0.0, 0.0, 194.979065
0.0, 0.0, 64.563545
0.0, 0.0, 16.257090
0.0, 0.0, 2.921675
0.0, 0.0, 0.335857
0.0, 0.0, 0.020610
0.0, 0.0, 0.006215
0.0, 0.0, 0.040492
0.0, 0.0, 0.225711
0.0, 0.0, 0.999865
0.0, 0.0, 3.678030
0.0, 0.0, 10.873733
0.0, 0.0, 26.726362
0.0, 0.0, 53.796425
0.0, 0.0, 91.022926
0.0, 0.0, 129.583099
0.0, 0.0, 160.723053
0.0, 0.0, 180.316101
0.0, 0.0, 186.937042
0.0, 0.0, 180.343582
0.0, 0.0, 163.243637
0.0, 0.0, 140.092712
0.0, 0.0, 116.222885
0.0, 0.0, 95.923431
0.0, 0.0, 91.394379
0.0, 0.0, 130.542664
0.0, 0.0, 296.926056
0.0, 0.0, 202.118942
0.0, 0.0, 201.007904
0.0, 0.0, 234.398651
0.0, 0.0, 280.161316
0.0, 0.0, 332.510712
0.0, 0.0, 389.041504
0.0, 0.0, 444.570831
0.0, 0.0, 491.599396
0.0, 0.0, 531.672485
0.0, 0.0, 571.692871
0.0, 0.0, 607.826721
0.0, 0.0, 626.174500
0.0, 0.0, 614.391541
0.0, 0.0, 567.573730
0.0, 0.0, 487.046722
0.0, 0.0, 382.073669
0.0, 0.0, 268.262207
0.0, 0.0, 164.221527
0.0, 0.0, 85.277779
0.0, 0.0, 37.666904
0.0, 0.0, 14.558926
0.0, 0.0, 8.589342
0.0, 0.0, 16.395992
0.0, 0.0, 44.075260
0.0, 0.0, 112.873268
0.0, 0.0, 264.652313
0.0, 0.0, 545.423096
0.0, 0.0, 986.231323
0.0, 0.0, 1568.608154
0.0, 0.0, 2198.656494
0.0, 0.0, 2712.039795
0.0, 0.0, 2936.235596
0.0, 0.0, 2786.059814
0.0, 0.0, 2317.272461
0.0, 0.0, 1689.126099
0.0, 0.0, 1073.572266
0.0, 0.0, 585.382629
0.0, 0.0, 264.499725
0.0, 0.0, 94.644310
0.0, 0.0, 25.443258
0.0, 0.0, 4.794594
0.0, 0.0, 0.573134
0.0, 0.0, 0.036461
0.0, 0.0, 0.001423
0.0, 0.0, 0.006571
0.0, 0.0, 0.045589
0.0, 0.0, 0.253586
0.0, 0.0, 1.073109
0.0, 0.0, 3.734238
0.0, 0.0, 10.454621
0.0, 0.0, 24.500786
0.0, 0.0, 47.262802
0.0, 0.0, 77.458588
0.0, 0.0, 108.181541
0.0, 0.0, 132.928574
0.0, 0.0, 146.724777
0.0, 0.0, 148.212036
0.0, 0.0, 138.653137
0.0, 0.0, 122.634628
0.0, 0.0, 104.042786
0.0, 0.0, 88.222137
0.0, 0.0, 86.415352
0.0, 0.0, 125.473778
0.0, 0.0, 281.926117
0.0, 0.0, 190.167404
0.0, 0.0, 187.274429
0.0, 0.0, 216.364685
0.0, 0.0, 256.386658
0.0, 0.0, 302.096771
0.0, 0.0, 351.052032
0.0, 0.0, 398.291382
0.0, 0.0, 437.229248
0.0, 0.0, 465.518127
0.0, 0.0, 489.932190
0.0, 0.0, 508.257690
0.0, 0.0, 510.749847
0.0, 0.0, 486.944183
0.0, 0.0, 433.117096
0.0, 0.0, 353.202301
0.0, 0.0, 258.469208
0.0, 0.0, 165.120178
0.0, 0.0, 89.487038
0.0, 0.0, 41.177578
0.0, 0.0, 15.812919
0.0, 0.0, 6.326661
0.0, 0.0, 8.245678
0.0, 0.0, 25.487020
0.0, 0.0, 67.920563
0.0, 0.0, 155.061417
0.0, 0.0, 315.594971
0.0, 0.0, 581.586365
0.0, 0.0, 967.412109
0.0, 0.0, 1450.301270
0.0, 0.0, 1954.495239
0.0, 0.0, 2357.243164
0.0, 0.0, 2535.019531
0.0, 0.0, 2425.319336
0.0, 0.0, 2063.382324
0.0, 0.0, 1560.472046
0.0, 0.0, 1043.967773
0.0, 0.0, 607.172485
0.0, 0.0, 296.030365
0.0, 0.0, 113.824188
0.0, 0.0, 32.474216
0.0, 0.0, 6.403309
0.0, 0.0, 0.797101
0.0, 0.0, 0.053244
0.0, 0.0, 0.001321
0.0, 0.0, 0.000745
0.0, 0.0, 0.007689
0.0, 0.0, 0.050077
0.0, 0.0, 0.260428
0.0, 0.0, 1.040390
0.0, 0.0, 3.446511
0.0, 0.0, 9.212552
0.0, 0.0, 20.842402
0.0, 0.0, 39.374519
0.0, 0.0, 63.905151
0.0, 0.0, 88.090080
0.0, 0.0, 106.157188
0.0, 0.0, 113.721725
0.0, 0.0, 111.392174
0.0, 0.0, 101.679741
0.0, 0.0, 88.777740
0.0, 0.0, 77.114998
0.0, 0.0, 77.196716
0.0, 0.0, 113.728981
0.0, 0.0, 260.556244
0.0, 0.0, 175.440948
0.0, 0.0, 170.244644
0.0, 0.0, 194.629196
0.0, 0.0, 228.710876
0.0, 0.0, 267.244781
0.0, 0.0, 307.935486
0.0, 0.0, 346.984497
0.0, 0.0, 377.892578
0.0, 0.0, 396.701752
0.0, 0.0, 404.621765
0.0, 0.0, 405.278503
0.0, 0.0, 393.239410
0.0, 0.0, 360.052429
0.0, 0.0, 303.750092
0.0, 0.0, 230.742844
0.0, 0.0, 153.665298
0.0, 0.0, 86.974236
0.0, 0.0, 41.793781
0.0, 0.0, 16.620924
0.0, 0.0, 5.717556
0.0, 0.0, 2.947298
0.0, 0.0, 8.333503
0.0, 0.0, 29.496063
0.0, 0.0, 81.018860
0.0, 0.0, 173.832733
0.0, 0.0, 325.330444
0.0, 0.0, 550.094482
0.0, 0.0, 853.885315
0.0, 0.0, 1215.693115
0.0, 0.0, 1579.919067
0.0, 0.0, 1864.878418
0.0, 0.0, 1989.660645
0.0, 0.0, 1913.806885
0.0, 0.0, 1657.261230
0.0, 0.0, 1289.937012
0.0, 0.0, 896.623108
0.0, 0.0, 546.450012
0.0, 0.0, 280.483551
0.0, 0.0, 114.212280
0.0, 0.0, 34.211197
0.0, 0.0, 7.029568
0.0, 0.0, 0.906146
0.0, 0.0, 0.063066
0.0, 0.0, 0.001626
0.0, 0.0, 0.000068
0.0, 0.0, 0.000847
0.0, 0.0, 0.007943
0.0, 0.0, 0.048875
0.0, 0.0, 0.242104
0.0, 0.0, 0.918068
0.0, 0.0, 2.927399
0.0, 0.0, 7.681552
0.0, 0.0, 17.240715
0.0, 0.0, 32.149151
0.0, 0.0, 51.318756
0.0, 0.0, 68.926010
0.0, 0.0, 80.174522
0.0, 0.0, 82.933258
0.0, 0.0, 79.170830
0.0, 0.0, 71.542076
0.0, 0.0, 64.294250
0.0, 0.0, 66.025444
0.0, 0.0, 96.570580
0.0, 0.0, 236.262039
0.0, 0.0, 157.467880
0.0, 0.0, 151.332748
0.0, 0.0, 170.896515
0.0, 0.0, 199.120590
0.0, 0.0, 230.534119
0.0, 0.0, 262.903961
0.0, 0.0, 293.031342
0.0, 0.0, 315.846313
0.0, 0.0, 326.434845
0.0, 0.0, 322.482635
0.0, 0.0, 309.157715
0.0, 0.0, 284.758026
0.0, 0.0, 246.103271
0.0, 0.0, 192.747345
0.0, 0.0, 132.786804
0.0, 0.0, 78.065796
0.0, 0.0, 39.183819
0.0, 0.0, 16.284187
0.0, 0.0, 5.699183
0.0, 0.0, 1.739589
0.0, 0.0, 1.579434
0.0, 0.0, 6.784179
0.0, 0.0, 26.058174
0.0, 0.0, 72.620743
0.0, 0.0, 161.973465
0.0, 0.0, 294.446991
0.0, 0.0, 474.759125
0.0, 0.0, 698.685425
0.0, 0.0, 951.063904
0.0, 0.0, 1195.722778
0.0, 0.0, 1381.484863
0.0, 0.0, 1460.688965
0.0, 0.0, 1408.358643
0.0, 0.0, 1235.193970
0.0, 0.0, 981.545471
0.0, 0.0, 700.706787
0.0, 0.0, 439.579681
0.0, 0.0, 232.763367
0.0, 0.0, 97.725830
0.0, 0.0, 30.231144
0.0, 0.0, 6.390828
0.0, 0.0, 0.846382
0.0, 0.0, 0.060560
0.0, 0.0, 0.001626
0.0, 0.0, 0.000000
0.0, 0.0, 0.000068
0.0, 0.0, 0.000830
0.0, 0.0, 0.007485
0.0, 0.0, 0.043083
0.0, 0.0, 0.204288
0.0, 0.0, 0.766397
0.0, 0.0, 2.436536
0.0, 0.0, 6.295890
0.0, 0.0, 13.893564
0.0, 0.0, 25.366781
0.0, 0.0, 39.135769
0.0, 0.0, 50.283188
0.0, 0.0, 56.080666
0.0, 0.0, 56.596958
0.0, 0.0, 53.801102
0.0, 0.0, 50.482067
0.0, 0.0, 53.764526
0.0, 0.0, 81.005692
0.0, 0.0, 206.765747
0.0, 0.0, 138.002808
0.0, 0.0, 131.660797
0.0, 0.0, 147.352921
0.0, 0.0, 169.611160
0.0, 0.0, 194.216492
0.0, 0.0, 218.319153
0.0, 0.0, 239.512756
0.0, 0.0, 254.596649
0.0, 0.0, 258.294281
0.0, 0.0, 249.318329
0.0, 0.0, 226.228577
0.0, 0.0, 194.535629
0.0, 0.0, 154.179611
0.0, 0.0, 108.853813
0.0, 0.0, 65.784889
0.0, 0.0, 34.019699
0.0, 0.0, 14.677148
0.0, 0.0, 5.372674
0.0, 0.0, 1.596081
0.0, 0.0, 0.471388
0.0, 0.0, 0.820488
0.0, 0.0, 4.415299
0.0, 0.0, 17.738844
0.0, 0.0, 54.693439
0.0, 0.0, 127.617294
0.0, 0.0, 242.185410
0.0, 0.0, 384.124023
0.0, 0.0, 545.301880
0.0, 0.0, 712.760986
0.0, 0.0, 866.517517
0.0, 0.0, 979.014648
0.0, 0.0, 1023.530579
0.0, 0.0, 987.053162
0.0, 0.0, 873.787415
0.0, 0.0, 706.555359
0.0, 0.0, 515.340576
0.0, 0.0, 329.794159
0.0, 0.0, 177.022400
0.0, 0.0, 74.522293
0.0, 0.0, 23.114479
0.0, 0.0, 4.919490
0.0, 0.0, 0.657166
0.0, 0.0, 0.047351
0.0, 0.0, 0.001270
0.0, 0.0, 0.000000
0.0, 0.0, 0.000000
0.0, 0.0, 0.000068
0.0, 0.0, 0.000728
0.0, 0.0, 0.006181
0.0, 0.0, 0.036004
0.0, 0.0, 0.172179
0.0, 0.0, 0.630849
0.0, 0.0, 1.964047
0.0, 0.0, 4.998984
0.0, 0.0, 10.707547
0.0, 0.0, 18.621384
0.0, 0.0, 27.274281
0.0, 0.0, 33.723000
0.0, 0.0, 36.716385
0.0, 0.0, 36.984116
0.0, 0.0, 36.666786
0.0, 0.0, 41.452507
0.0, 0.0, 64.642647
0.0, 0.0, 177.290649
0.0, 0.0, 118.698105
0.0, 0.0, 112.662643
0.0, 0.0, 124.817299
0.0, 0.0, 141.741516
0.0, 0.0, 159.527679
0.0, 0.0, 176.382355
0.0, 0.0, 189.937561
0.0, 0.0, 197.370071
0.0, 0.0, 196.577362
0.0, 0.0, 184.166962
0.0, 0.0, 159.986389
0.0, 0.0, 125.859222
0.0, 0.0, 89.116486
0.0, 0.0, 54.606342
0.0, 0.0, 28.553627
0.0, 0.0, 12.492048
0.0, 0.0, 4.673187
0.0, 0.0, 1.437975
0.0, 0.0, 0.374435
0.0, 0.0, 0.110942
0.0, 0.0, 0.384799
0.0, 0.0, 2.377229
0.0, 0.0, 11.133855
0.0, 0.0, 37.437569
0.0, 0.0, 95.782181
0.0, 0.0, 188.404526
0.0, 0.0, 303.825348
0.0, 0.0, 421.857788
0.0, 0.0, 531.389465
0.0, 0.0, 622.807007
0.0, 0.0, 684.289795
0.0, 0.0, 706.113159
0.0, 0.0, 679.830322
0.0, 0.0, 610.220032
0.0, 0.0, 505.125275
0.0, 0.0, 378.583618
0.0, 0.0, 247.277283
0.0, 0.0, 131.728333
0.0, 0.0, 54.298088
0.0, 0.0, 16.328014
0.0, 0.0, 3.377500
0.0, 0.0, 0.439415
0.0, 0.0, 0.030669
0.0, 0.0, 0.000762
0.0, 0.0, 0.000000
0.0, 0.0, 0.000000
0.0, 0.0, 0.000000
0.0, 0.0, 0.000051
0.0, 0.0, 0.000610
0.0, 0.0, 0.005385
0.0, 0.0, 0.029789
0.0, 0.0, 0.137835
0.0, 0.0, 0.503175
0.0, 0.0, 1.531338
0.0, 0.0, 3.693289
0.0, 0.0, 7.462870
0.0, 0.0, 12.421700
0.0, 0.0, 17.503819
0.0, 0.0, 21.064896
0.0, 0.0, 22.919046
0.0, 0.0, 24.387314
0.0, 0.0, 29.167824
0.0, 0.0, 46.053333
0.0, 0.0, 152.572983
0.0, 0.0, 100.800919
0.0, 0.0, 94.904358
0.0, 0.0, 103.764351
0.0, 0.0, 115.494209
0.0, 0.0, 127.583130
0.0, 0.0, 138.355164
0.0, 0.0, 145.489502
0.0, 0.0, 147.281754
0.0, 0.0, 142.325104
0.0, 0.0, 128.807236
0.0, 0.0, 106.303078
0.0, 0.0, 77.592194
0.0, 0.0, 48.499382
0.0, 0.0, 25.411659
0.0, 0.0, 11.057850
0.0, 0.0, 4.047063
0.0, 0.0, 1.231791
0.0, 0.0, 0.322884
0.0, 0.0, 0.067554
0.0, 0.0, 0.025284
0.0, 0.0, 0.171857
0.0, 0.0, 1.389829
0.0, 0.0, 7.357957
0.0, 0.0, 27.400480
0.0, 0.0, 73.327271
0.0, 0.0, 149.075134
0.0, 0.0, 242.308243
0.0, 0.0, 335.610260
0.0, 0.0, 413.389191
0.0, 0.0, 467.909546
0.0, 0.0, 502.963165
0.0, 0.0, 512.459045
0.0, 0.0, 493.601196
0.0, 0.0, 449.302612
0.0, 0.0, 384.784180
0.0, 0.0, 294.941650
0.0, 0.0, 192.517029
0.0, 0.0, 101.363678
0.0, 0.0, 40.396938
0.0, 0.0, 11.590678
0.0, 0.0, 2.260072
0.0, 0.0, 0.274704
0.0, 0.0, 0.017358
0.0, 0.0, 0.000339
0.0, 0.0, 0.000000
0.0, 0.0, 0.000000
0.0, 0.0, 0.000000
0.0, 0.0, 0.000000
0.0, 0.0, 0.000051
0.0, 0.0, 0.000508
0.0, 0.0, 0.004183
0.0, 0.0, 0.023828
0.0, 0.0, 0.109435
0.0, 0.0, 0.373740
0.0, 0.0, 1.063371
0.0, 0.0, 2.458500
0.0, 0.0, 4.737268
0.0, 0.0, 7.450101
0.0, 0.0, 10.160341
0.0, 0.0, 12.504361
0.0, 0.0, 14.282878
0.0, 0.0, 17.694921
0.0, 0.0, 28.472855
0.0, 0.0, 128.452484
0.0, 0.0, 84.627724
0.0, 0.0, 78.106819
0.0, 0.0, 84.135033
0.0, 0.0, 91.927696
0.0, 0.0, 99.009102
0.0, 0.0, 104.841133
0.0, 0.0, 107.397873
0.0, 0.0, 105.141136
0.0, 0.0, 97.196838
0.0, 0.0, 83.643585
0.0, 0.0, 64.682724
0.0, 0.0, 43.700909
0.0, 0.0, 24.505409
0.0, 0.0, 11.263223
0.0, 0.0, 4.099460
0.0, 0.0, 1.193958
0.0, 0.0, 0.288828
0.0, 0.0, 0.057088
0.0, 0.0, 0.009873
0.0, 0.0, 0.006740
0.0, 0.0, 0.107724
0.0, 0.0, 1.004911
0.0, 0.0, 5.756948
0.0, 0.0, 21.928671
0.0, 0.0, 59.430664
0.0, 0.0, 121.143364
0.0, 0.0, 197.966904
0.0, 0.0, 274.117676
0.0, 0.0, 336.160919
0.0, 0.0, 380.500885
0.0, 0.0, 405.923370
0.0, 0.0, 412.251801
0.0, 0.0, 397.684998
0.0, 0.0, 364.825867
0.0, 0.0, 311.936218
0.0, 0.0, 239.344513
0.0, 0.0, 154.886063
0.0, 0.0, 79.978729
0.0, 0.0, 31.121439
0.0, 0.0, 8.636218
0.0, 0.0, 1.601026
0.0, 0.0, 0.179681
0.0, 0.0, 0.009822
0.0, 0.0, 0.000102
0.0, 0.0, 0.000000
0.0, 0.0, 0.000000
0.0, 0.0, 0.000000
0.0, 0.0, 0.000000
0.0, 0.0, 0.000000
0.0, 0.0, 0.000034
0.0, 0.0, 0.000406
0.0, 0.0, 0.003472
0.0, 0.0, 0.017782
0.0, 0.0, 0.074853
0.0, 0.0, 0.248455
0.0, 0.0, 0.672797
0.0, 0.0, 1.415655
0.0, 0.0, 2.532084
0.0, 0.0, 4.005461
0.0, 0.0, 5.445087
0.0, 0.0, 6.737100
0.0, 0.0, 8.575706
0.0, 0.0, 12.891521
0.0, 0.0, 105.445366
0.0, 0.0, 68.151962
0.0, 0.0, 62.175632
0.0, 0.0, 66.165497
0.0, 0.0, 71.106346
0.0, 0.0, 74.746429
0.0, 0.0, 76.678352
0.0, 0.0, 75.933136
0.0, 0.0, 71.203613
0.0, 0.0, 62.060043
0.0, 0.0, 49.289810
0.0, 0.0, 34.922676
0.0, 0.0, 21.142900
0.0, 0.0, 10.893681
0.0, 0.0, 4.481244
0.0, 0.0, 1.464428
0.0, 0.0, 0.352809
0.0, 0.0, 0.062761
0.0, 0.0, 0.008874
0.0, 0.0, 0.000931
0.0, 0.0, 0.004268
0.0, 0.0, 0.089807
0.0, 0.0, 0.869058
0.0, 0.0, 4.932074
0.0, 0.0, 18.508917
0.0, 0.0, 49.389511
0.0, 0.0, 99.716133
0.0, 0.0, 162.072891
0.0, 0.0, 224.624329
0.0, 0.0, 278.351440
0.0, 0.0, 318.227356
0.0, 0.0, 341.846771
0.0, 0.0, 347.945679
0.0, 0.0, 335.766968
0.0, 0.0, 305.437561
0.0, 0.0, 257.579010
0.0, 0.0, 194.208435
0.0, 0.0, 124.270836
0.0, 0.0, 63.375324
0.0, 0.0, 24.399481
0.0, 0.0, 6.676218
0.0, 0.0, 1.216837
0.0, 0.0, 0.131586
0.0, 0.0, 0.006469
0.0, 0.0, 0.000017
0.0, 0.0, 0.000000
0.0, 0.0, 0.000000
0.0, 0.0, 0.000000
0.0, 0.0, 0.000000
0.0, 0.0, 0.000000
0.0, 0.0, 0.000000
0.0, 0.0, 0.000034
0.0, 0.0, 0.000305
0.0, 0.0, 0.002252
0.0, 0.0, 0.011821
0.0, 0.0, 0.048062
0.0, 0.0, 0.137005
0.0, 0.0, 0.323629
0.0, 0.0, 0.677573
0.0, 0.0, 1.183441
0.0, 0.0, 1.754043
0.0, 0.0, 2.273948
0.0, 0.0, 2.887958
0.0, 0.0, 3.939189
0.0, 0.0, 80.427773
0.0, 0.0, 52.337631
0.0, 0.0, 47.424660
0.0, 0.0, 49.937141
0.0, 0.0, 52.805531
0.0, 0.0, 54.244511
0.0, 0.0, 53.907356
0.0, 0.0, 51.032211
0.0, 0.0, 45.008717
0.0, 0.0, 36.399715
0.0, 0.0, 26.161375
0.0, 0.0, 16.168453
0.0, 0.0, 8.692966
0.0, 0.0, 3.929618
0.0, 0.0, 1.504276
0.0, 0.0, 0.444072
0.0, 0.0, 0.100442
0.0, 0.0, 0.014649
0.0, 0.0, 0.001236
0.0, 0.0, 0.000068
0.0, 0.0, 0.003760
0.0, 0.0, 0.081356
0.0, 0.0, 0.773409
0.0, 0.0, 4.304747
0.0, 0.0, 15.767735
0.0, 0.0, 41.134399
0.0, 0.0, 81.775162
0.0, 0.0, 131.672852
0.0, 0.0, 182.413666
0.0, 0.0, 227.178680
0.0, 0.0, 261.196625
0.0, 0.0, 281.730804
0.0, 0.0, 287.046173
0.0, 0.0, 276.553467
0.0, 0.0, 249.914520
0.0, 0.0, 208.759216
0.0, 0.0, 156.094162
0.0, 0.0, 99.307739
0.0, 0.0, 50.582367
0.0, 0.0, 19.438858
0.0, 0.0, 5.346458
0.0, 0.0, 0.976003
0.0, 0.0, 0.105692
0.0, 0.0, 0.005097
0.0, 0.0, 0.000000
0.0, 0.0, 0.000000
0.0, 0.0, 0.000000
0.0, 0.0, 0.000000
0.0, 0.0, 0.000000
0.0, 0.0, 0.000000
0.0, 0.0, 0.000000
0.0, 0.0, 0.000000
0.0, 0.0, 0.000017
0.0, 0.0, 0.000203
0.0, 0.0, 0.001558
0.0, 0.0, 0.006215
0.0, 0.0, 0.019594
0.0, 0.0, 0.056106
0.0, 0.0, 0.129536
0.0, 0.0, 0.243552
0.0, 0.0, 0.373080
0.0, 0.0, 0.496116
0.0, 0.0, 0.612692
0.0, 0.0, 0.760290
0.0, 0.0, 57.720470
0.0, 0.0, 38.498005
0.0, 0.0, 34.644882
0.0, 0.0, 35.625179
0.0, 0.0, 36.867855
0.0, 0.0, 36.957886
0.0, 0.0, 35.430206
0.0, 0.0, 31.666836
0.0, 0.0, 25.830767
0.0, 0.0, 18.993868
0.0, 0.0, 12.104896
0.0, 0.0, 6.584227
0.0, 0.0, 2.978679
0.0, 0.0, 1.170384
0.0, 0.0, 0.385646
0.0, 0.0, 0.107639
0.0, 0.0, 0.021762
0.0, 0.0, 0.003218
0.0, 0.0, 0.000220
0.0, 0.0, 0.000000
0.0, 0.0, 0.003252
0.0, 0.0, 0.069705
0.0, 0.0, 0.659181
0.0, 0.0, 3.633085
0.0, 0.0, 13.198767
0.0, 0.0, 34.016327
0.0, 0.0, 66.725563
0.0, 0.0, 106.796280
0.0, 0.0, 147.012512
0.0, 0.0, 182.418274
0.0, 0.0, 209.605438
0.0, 0.0, 225.933228
0.0, 0.0, 230.155487
0.0, 0.0, 221.543900
0.0, 0.0, 200.088470
0.0, 0.0, 167.055038
0.0, 0.0, 125.198784
0.0, 0.0, 80.084503
0.0, 0.0, 41.157635
0.0, 0.0, 16.042150
0.0, 0.0, 4.462126
0.0, 0.0, 0.827753
0.0, 0.0, 0.090332
0.0, 0.0, 0.004386
0.0, 0.0, 0.000000
0.0, 0.0, 0.000000
0.0, 0.0, 0.000000
0.0, 0.0, 0.000000
0.0, 0.0, 0.000000
0.0, 0.0, 0.000000
0.0, 0.0, 0.000000
0.0, 0.0, 0.000000
0.0, 0.0, 0.000000
0.0, 0.0, 0.000017
0.0, 0.0, 0.000102
0.0, 0.0, 0.000440
0.0, 0.0, 0.001964
0.0, 0.0, 0.006368
0.0, 0.0, 0.015699
0.0, 0.0, 0.029814
0.0, 0.0, 0.046288
0.0, 0.0, 0.061244
0.0, 0.0, 0.073317
0.0, 0.0, 0.083246
0.0, 0.0, 41.604000
0.0, 0.0, 26.888573
0.0, 0.0, 23.697414
0.0, 0.0, 23.706196
0.0, 0.0, 23.788429
0.0, 0.0, 22.886791
0.0, 0.0, 20.737984
0.0, 0.0, 17.165764
0.0, 0.0, 12.660705
0.0, 0.0, 8.298278
0.0, 0.0, 4.789243
0.0, 0.0, 2.281241
0.0, 0.0, 0.899135
0.0, 0.0, 0.285780
0.0, 0.0, 0.079053
0.0, 0.0, 0.018070
0.0, 0.0, 0.003489
0.0, 0.0, 0.000406
0.0, 0.0, 0.000034
0.0, 0.0, 0.000000
0.0, 0.0, 0.002489
0.0, 0.0, 0.053684
0.0, 0.0, 0.510576
0.0, 0.0, 2.855307
0.0, 0.0, 10.483344
0.0, 0.0, 27.371048
0.0, 0.0, 54.023235
0.0, 0.0, 86.106567
0.0, 0.0, 118.201714
0.0, 0.0, 145.805649
0.0, 0.0, 166.822647
0.0, 0.0, 179.444412
0.0, 0.0, 182.582962
0.0, 0.0, 175.888855
0.0, 0.0, 159.471024
0.0, 0.0, 134.031250
0.0, 0.0, 101.188324
0.0, 0.0, 65.333855
0.0, 0.0, 34.167824
0.0, 0.0, 13.566630
0.0, 0.0, 3.853004
0.0, 0.0, 0.720774
0.0, 0.0, 0.079426
0.0, 0.0, 0.003861
0.0, 0.0, 0.000000
0.0, 0.0, 0.000000
0.0, 0.0, 0.000000
0.0, 0.0, 0.000000
0.0, 0.0, 0.000000
0.0, 0.0, 0.000000
0.0, 0.0, 0.000000
0.0, 0.0, 0.000000
0.0, 0.0, 0.000000
0.0, 0.0, 0.000000
0.0, 0.0, 0.000000
0.0, 0.0, 0.000017
0.0, 0.0, 0.000102
0.0, 0.0, 0.000356
0.0, 0.0, 0.000864
0.0, 0.0, 0.001626
0.0, 0.0, 0.002489
0.0, 0.0, 0.003252
0.0, 0.0, 0.003751
0.0, 0.0, 0.003950
0.0, 0.0, 27.034361
0.0, 0.0, 16.937922
0.0, 0.0, 14.455257
0.0, 0.0, 14.095448
0.0, 0.0, 13.684879
0.0, 0.0, 12.457484
0.0, 0.0, 10.144863
0.0, 0.0, 7.532777
0.0, 0.0, 5.011127
0.0, 0.0, 2.910565
0.0, 0.0, 1.492083
0.0, 0.0, 0.661129
0.0, 0.0, 0.227912
0.0, 0.0, 0.062338
0.0, 0.0, 0.012871
0.0, 0.0, 0.002286
0.0, 0.0, 0.000305
0.0, 0.0, 0.000034
0.0, 0.0, 0.000000
0.0, 0.0, 0.000000
0.0, 0.0, 0.001626
0.0, 0.0, 0.035614
0.0, 0.0, 0.349202
0.0, 0.0, 2.014107
0.0, 0.0, 7.731511
0.0, 0.0, 20.909311
0.0, 0.0, 42.332016
0.0, 0.0, 68.293381
0.0, 0.0, 93.749817
0.0, 0.0, 116.095352
0.0, 0.0, 132.686020
0.0, 0.0, 142.354385
0.0, 0.0, 144.633255
0.0, 0.0, 139.615341
0.0, 0.0, 126.995941
0.0, 0.0, 107.503036
0.0, 0.0, 81.885895
0.0, 0.0, 53.522495
0.0, 0.0, 28.219900
0.0, 0.0, 11.380073
0.0, 0.0, 3.241324
0.0, 0.0, 0.611103
0.0, 0.0, 0.067165
0.0, 0.0, 0.003268
0.0, 0.0, 0.000000
0.0, 0.0, 0.000000
0.0, 0.0, 0.000000
0.0, 0.0, 0.000000
0.0, 0.0, 0.000000
0.0, 0.0, 0.000000
0.0, 0.0, 0.000000
0.0, 0.0, 0.000000
0.0, 0.0, 0.000000
0.0, 0.0, 0.000000
0.0, 0.0, 0.000000
0.0, 0.0, 0.000000
0.0, 0.0, 0.000000
0.0, 0.0, 0.000000
0.0, 0.0, 0.000000
0.0, 0.0, 0.000000
0.0, 0.0, 0.000000
0.0, 0.0, 0.000000
0.0, 0.0, 0.000000
0.0, 0.0, 0.000000
0.0, 0.0, 12.646052
0.0, 0.0, 8.502787
0.0, 0.0, 7.132532
0.0, 0.0, 6.801397
0.0, 0.0, 6.403148
0.0, 0.0, 5.411421
0.0, 0.0, 4.019086
0.0, 0.0, 2.576961
0.0, 0.0, 1.505157
0.0, 0.0, 0.787007
0.0, 0.0, 0.353876
0.0, 0.0, 0.140731
0.0, 0.0, 0.047232
0.0, 0.0, 0.011076
0.0, 0.0, 0.001914
0.0, 0.0, 0.000203
0.0, 0.0, 0.000017
0.0, 0.0, 0.000000
0.0, 0.0, 0.000000
0.0, 0.0, 0.000000
0.0, 0.0, 0.000864
0.0, 0.0, 0.019933
0.0, 0.0, 0.206303
0.0, 0.0, 1.279564
0.0, 0.0, 5.218395
0.0, 0.0, 14.986217
0.0, 0.0, 31.601006
0.0, 0.0, 51.942062
0.0, 0.0, 72.579163
0.0, 0.0, 90.745926
0.0, 0.0, 104.464302
0.0, 0.0, 112.346870
0.0, 0.0, 114.408829
0.0, 0.0, 110.116547
0.0, 0.0, 100.465668
0.0, 0.0, 85.207695
0.0, 0.0, 65.211166
0.0, 0.0, 42.515553
0.0, 0.0, 22.480328
0.0, 0.0, 8.884654
0.0, 0.0, 2.521634
0.0, 0.0, 0.468933
0.0, 0.0, 0.051449
0.0, 0.0, 0.002489
0.0, 0.0, 0.000000
0.0, 0.0, 0.000000
0.0, 0.0, 0.000000
0.0, 0.0, 0.000000
0.0, 0.0, 0.000000
0.0, 0.0, 0.000000
0.0, 0.0, 0.000000
0.0, 0.0, 0.000000
0.0, 0.0, 0.000000
0.0, 0.0, 0.000000
0.0, 0.0, 0.000000
0.0, 0.0, 0.000000
0.0, 0.0, 0.000000
0.0, 0.0, 0.000000
0.0, 0.0, 0.000000
0.0, 0.0, 0.000000
0.0, 0.0, 0.000000
0.0, 0.0, 0.000000
0.0, 0.0, 0.000000
0.0, 0.0, 0.000000
0.0, 0.0, 3.927037
0.0, 0.0, 2.932609
0.0, 0.0, 2.530363
0.0, 0.0, 2.370425
0.0, 0.0, 2.147234
0.0, 0.0, 1.738996
0.0, 0.0, 1.185964
0.0, 0.0, 0.685617
0.0, 0.0, 0.336585
0.0, 0.0, 0.152585
0.0, 0.0, 0.061711
0.0, 0.0, 0.020796
0.0, 0.0, 0.006317
0.0, 0.0, 0.001558
0.0, 0.0, 0.000203
0.0, 0.0, 0.000017
0.0, 0.0, 0.000000
0.0, 0.0, 0.000000
0.0, 0.0, 0.000000
0.0, 0.0, 0.000000
0.0, 0.0, 0.000356
0.0, 0.0, 0.009230
0.0, 0.0, 0.108114
0.0, 0.0, 0.733171
0.0, 0.0, 3.248183
0.0, 0.0, 9.850987
0.0, 0.0, 21.639284
0.0, 0.0, 37.213654
0.0, 0.0, 53.697605
0.0, 0.0, 68.574707
0.0, 0.0, 80.078773
0.0, 0.0, 87.015244
0.0, 0.0, 88.937431
0.0, 0.0, 85.779427
0.0, 0.0, 77.684929
0.0, 0.0, 65.758148
0.0, 0.0, 49.902012
0.0, 0.0, 32.235886
0.0, 0.0, 16.355772
0.0, 0.0, 6.332418
0.0, 0.0, 1.718420
0.0, 0.0, 0.313926
0.0, 0.0, 0.033735
0.0, 0.0, 0.001626
0.0, 0.0, 0.000000
0.0, 0.0, 0.000000
0.0, 0.0, 0.000000
0.0, 0.0, 0.000000
0.0, 0.0, 0.000000
0.0, 0.0, 0.000000
0.0, 0.0, 0.000000
0.0, 0.0, 0.000000
0.0, 0.0, 0.000000
0.0, 0.0, 0.000000
0.0, 0.0, 0.000000
0.0, 0.0, 0.000000
0.0, 0.0, 0.000000
0.0, 0.0, 0.000000
0.0, 0.0, 0.000000
0.0, 0.0, 0.000000
0.0, 0.0, 0.000000
0.0, 0.0, 0.000000
0.0, 0.0, 0.000000
0.0, 0.0, 0.000000
0.0, 0.0, 0.765534
0.0, 0.0, 0.637192
0.0, 0.0, 0.574536
0.0, 0.0, 0.533265
0.0, 0.0, 0.471930
0.0, 0.0, 0.368643
0.0, 0.0, 0.243510
0.0, 0.0, 0.130045
0.0, 0.0, 0.056868
0.0, 0.0, 0.020458
0.0, 0.0, 0.006977
0.0, 0.0, 0.002066
0.0, 0.0, 0.000457
0.0, 0.0, 0.000102
0.0, 0.0, 0.000017
0.0, 0.0, 0.000000
0.0, 0.0, 0.000000
0.0, 0.0, 0.000000
0.0, 0.0, 0.000000
0.0, 0.0, 0.000000
0.0, 0.0, 0.000102
0.0, 0.0, 0.003692
0.0, 0.0, 0.050924
0.0, 0.0, 0.385273
0.0, 0.0, 1.796609
0.0, 0.0, 5.688174
0.0, 0.0, 13.285238
0.0, 0.0, 24.418297
0.0, 0.0, 37.119278
0.0, 0.0, 48.832539
0.0, 0.0, 58.043301
0.0, 0.0, 64.485382
0.0, 0.0, 66.914963
0.0, 0.0, 64.662407
0.0, 0.0, 58.070034
0.0, 0.0, 48.265812
0.0, 0.0, 36.081219
0.0, 0.0, 22.577166
0.0, 0.0, 11.169587
0.0, 0.0, 4.007163
0.0, 0.0, 1.039340
0.0, 0.0, 0.177632
0.0, 0.0, 0.018459
0.0, 0.0, 0.000864
0.0, 0.0, 0.000000
0.0, 0.0, 0.000000
0.0, 0.0, 0.000000
0.0, 0.0, 0.000000
0.0, 0.0, 0.000000
0.0, 0.0, 0.000000
0.0, 0.0, 0.000000
0.0, 0.0, 0.000000
0.0, 0.0, 0.000000
0.0, 0.0, 0.000000
0.0, 0.0, 0.000000
0.0, 0.0, 0.000000
0.0, 0.0, 0.000000
0.0, 0.0, 0.000000
0.0, 0.0, 0.000000
0.0, 0.0, 0.000000
0.0, 0.0, 0.000000
0.0, 0.0, 0.000000
0.0, 0.0, 0.000000
0.0, 0.0, 0.000000
0.0, 0.0, 0.085050
0.0, 0.0, 0.078034
0.0, 0.0, 0.073454
0.0, 0.0, 0.068388
0.0, 0.0, 0.059451
0.0, 0.0, 0.045843
0.0, 0.0, 0.029755
0.0, 0.0, 0.015699
0.0, 0.0, 0.006368
0.0, 0.0, 0.001964
0.0, 0.0, 0.000440
0.0, 0.0, 0.000102
0.0, 0.0, 0.000017
0.0, 0.0, 0.000000
0.0, 0.0, 0.000000
0.0, 0.0, 0.000000
0.0, 0.0, 0.000000
0.0, 0.0, 0.000000
0.0, 0.0, 0.000000
0.0, 0.0, 0.000000
0.0, 0.0, 0.000017
0.0, 0.0, 0.001321
0.0, 0.0, 0.022117
0.0, 0.0, 0.174652
0.0, 0.0, 0.843875
0.0, 0.0, 2.844536
0.0, 0.0, 7.218243
0.0, 0.0, 14.316772
0.0, 0.0, 22.875290
0.0, 0.0, 31.418989
0.0, 0.0, 38.640388
0.0, 0.0, 44.196705
0.0, 0.0, 47.417809
0.0, 0.0, 46.196514
0.0, 0.0, 40.780872
0.0, 0.0, 33.003525
0.0, 0.0, 23.798471
0.0, 0.0, 14.622075
0.0, 0.0, 6.862758
0.0, 0.0, 2.378550
0.0, 0.0, 0.557503
0.0, 0.0, 0.088096
0.0, 0.0, 0.008197
0.0, 0.0, 0.000356
0.0, 0.0, 0.000000
0.0, 0.0, 0.000000
0.0, 0.0, 0.000000
0.0, 0.0, 0.000000
0.0, 0.0, 0.000000
0.0, 0.0, 0.000000
0.0, 0.0, 0.000000
0.0, 0.0, 0.000000
0.0, 0.0, 0.000000
0.0, 0.0, 0.000000
0.0, 0.0, 0.000000
0.0, 0.0, 0.000000
0.0, 0.0, 0.000000
0.0, 0.0, 0.000000
0.0, 0.0, 0.000000
0.0, 0.0, 0.000000
0.0, 0.0, 0.000000
0.0, 0.0, 0.000000
0.0, 0.0, 0.000000
0.0, 0.0, 0.000000
0.0, 0.0, 0.004115
0.0, 0.0, 0.004098
0.0, 0.0, 0.004014
0.0, 0.0, 0.003760
0.0, 0.0, 0.003252
0.0, 0.0, 0.002489
0.0, 0.0, 0.001626
0.0, 0.0, 0.000864
0.0, 0.0, 0.000356
0.0, 0.0, 0.000102
0.0, 0.0, 0.000017
0.0, 0.0, 0.000000
0.0, 0.0, 0.000000
0.0, 0.0, 0.000000
0.0, 0.0, 0.000000
0.0, 0.0, 0.000000
0.0, 0.0, 0.000000
0.0, 0.0, 0.000000
0.0, 0.0, 0.000000
0.0, 0.0, 0.000000
0.0, 0.0, 0.000000
0.0, 0.0, 0.000457
0.0, 0.0, 0.007943
0.0, 0.0, 0.064777
0.0, 0.0, 0.335789
0.0, 0.0, 1.243527
0.0, 0.0, 3.385858
0.0, 0.0, 6.941727
0.0, 0.0, 11.840683
0.0, 0.0, 17.357426
0.0, 0.0, 22.623680
0.0, 0.0, 27.331108
0.0, 0.0, 30.543644
0.0, 0.0, 30.112373
0.0, 0.0, 25.919212
0.0, 0.0, 20.103312
0.0, 0.0, 13.976399
0.0, 0.0, 8.037282
0.0, 0.0, 3.737303
0.0, 0.0, 1.237845
0.0, 0.0, 0.282257
0.0, 0.0, 0.039052
0.0, 0.0, 0.003099
0.0, 0.0, 0.000102
0.0, 0.0, 0.000000
0.0, 0.0, 0.000000
0.0, 0.0, 0.000000
0.0, 0.0, 0.000000
0.0, 0.0, 0.000000
0.0, 0.0, 0.000000
0.0, 0.0, 0.000000
0.0, 0.0, 0.000000
0.0, 0.0, 0.000000
0.0, 0.0, 0.000000
0.0, 0.0, 0.000000
0.0, 0.0, 0.000000
0.0, 0.0, 0.000000
0.0, 0.0, 0.000000
0.0, 0.0, 0.000000
0.0, 0.0, 0.000000
0.0, 0.0, 0.000000
0.0, 0.0, 0.000000
0.0, 0.0, 0.000000
0.0, 0.0, 0.000000
0.0, 0.0, 0.000000
0.0, 0.0, 0.000000
0.0, 0.0, 0.000000
0.0, 0.0, 0.000000
0.0, 0.0, 0.000000
0.0, 0.0, 0.000000
0.0, 0.0, 0.000000
0.0, 0.0, 0.000000
0.0, 0.0, 0.000000
0.0, 0.0, 0.000000
0.0, 0.0, 0.000000
0.0, 0.0, 0.000000
0.0, 0.0, 0.000000
0.0, 0.0, 0.000000
0.0, 0.0, 0.000000
0.0, 0.0, 0.000000
0.0, 0.0, 0.000000
0.0, 0.0, 0.000000
0.0, 0.0, 0.000000
0.0, 0.0, 0.000000
0.0, 0.0, 0.000000
0.0, 0.0, 0.000119
0.0, 0.0, 0.002168
0.0, 0.0, 0.019882
0.0, 0.0, 0.117453
0.0, 0.0, 0.456892
0.0, 0.0, 1.219119
0.0, 0.0, 2.647788
0.0, 0.0, 4.874410
0.0, 0.0, 7.720580
0.0, 0.0, 11.093220
0.0, 0.0, 14.710011
0.0, 0.0, 16.951254
0.0, 0.0, 16.824394
0.0, 0.0, 14.278573
0.0, 0.0, 10.319879
0.0, 0.0, 6.622830
0.0, 0.0, 3.690291
0.0, 0.0, 1.601911
0.0, 0.0, 0.542444
0.0, 0.0, 0.121560
0.0, 0.0, 0.016673
0.0, 0.0, 0.001050
0.0, 0.0, 0.000017
0.0, 0.0, 0.000000
0.0, 0.0, 0.000000
0.0, 0.0, 0.000000
0.0, 0.0, 0.000000
0.0, 0.0, 0.000000
0.0, 0.0, 0.000000
0.0, 0.0, 0.000000
0.0, 0.0, 0.000000
0.0, 0.0, 0.000000
0.0, 0.0, 0.000000
0.0, 0.0, 0.000000
0.0, 0.0, 0.000000
0.0, 0.0, 0.000000
0.0, 0.0, 0.000000
0.0, 0.0, 0.000000
0.0, 0.0, 0.000000
0.0, 0.0, 0.000000
0.0, 0.0, 0.000000
0.0, 0.0, 0.000000
0.0, 0.0, 0.000000
0.0, 0.0, 0.000000
0.0, 0.0, 0.000000
0.0, 0.0, 0.000000
0.0, 0.0, 0.000000
0.0, 0.0, 0.000000
0.0, 0.0, 0.000000
0.0, 0.0, 0.000000
0.0, 0.0, 0.000000
0.0, 0.0, 0.000000
0.0, 0.0, 0.000000
0.0, 0.0, 0.000000
0.0, 0.0, 0.000000
0.0, 0.0, 0.000000
0.0, 0.0, 0.000000
0.0, 0.0, 0.000000
0.0, 0.0, 0.000000
0.0, 0.0, 0.000000
0.0, 0.0, 0.000000
0.0, 0.0, 0.000000
0.0, 0.0, 0.000000
0.0, 0.0, 0.000000
0.0, 0.0, 0.000017
0.0, 0.0, 0.000466
0.0, 0.0, 0.005606
0.0, 0.0, 0.033756
0.0, 0.0, 0.117796
0.0, 0.0, 0.326549
0.0, 0.0, 0.771050
0.0, 0.0, 1.542173
0.0, 0.0, 2.773813
0.0, 0.0, 4.591287
0.0, 0.0, 6.507951
0.0, 0.0, 7.828048
0.0, 0.0, 7.800502
0.0, 0.0, 6.420855
0.0, 0.0, 4.428964
0.0, 0.0, 2.550939
0.0, 0.0, 1.292871
0.0, 0.0, 0.555594
0.0, 0.0, 0.176555
0.0, 0.0, 0.042376
0.0, 0.0, 0.005915
0.0, 0.0, 0.000381
0.0, 0.0, 0.000000
0.0, 0.0, 0.000000
0.0, 0.0, 0.000000
0.0, 0.0, 0.000000
0.0, 0.0, 0.000000
0.0, 0.0, 0.000000
0.0, 0.0, 0.000000
0.0, 0.0, 0.000000
0.0, 0.0, 0.000000
0.0, 0.0, 0.000000
0.0, 0.0, 0.000000
0.0, 0.0, 0.000000
0.0, 0.0, 0.000000
0.0, 0.0, 0.000000
0.0, 0.0, 0.000000
0.0, 0.0, 0.000000
0.0, 0.0, 0.000000
0.0, 0.0, 0.000000
0.0, 0.0, 0.000000
0.0, 0.0, 0.000000
0.0, 0.0, 0.000000
0.0, 0.0, 0.000000
0.0, 0.0, 0.000000
0.0, 0.0, 0.000000
0.0, 0.0, 0.000000
0.0, 0.0, 0.000000
0.0, 0.0, 0.000000
0.0, 0.0, 0.000000
0.0, 0.0, 0.000000
0.0, 0.0, 0.000000
0.0, 0.0, 0.000000
0.0, 0.0, 0.000000
0.0, 0.0, 0.000000
0.0, 0.0, 0.000000
0.0, 0.0, 0.000000
0.0, 0.0, 0.000000
0.0, 0.0, 0.000000
0.0, 0.0, 0.000000
0.0, 0.0, 0.000000
0.0, 0.0, 0.000000
0.0, 0.0, 0.000000
0.0, 0.0, 0.000000
0.0, 0.0, 0.000000
0.0, 0.0, 0.000165
0.0, 0.0, 0.001994
0.0, 0.0, 0.009113
0.0, 0.0, 0.032757
0.0, 0.0, 0.104516
0.0, 0.0, 0.271113
0.0, 0.0, 0.639013
0.0, 0.0, 1.424989
0.0, 0.0, 2.644957
0.0, 0.0, 4.051380
0.0, 0.0, 4.988296
0.0, 0.0, 4.983063
0.0, 0.0, 4.033712
0.0, 0.0, 2.613712
0.0, 0.0, 1.381373
0.0, 0.0, 0.591180
0.0, 0.0, 0.228106
0.0, 0.0, 0.074261
0.0, 0.0, 0.015839
0.0, 0.0, 0.002432
0.0, 0.0, 0.000165
0.0, 0.0, 0.000000
0.0, 0.0, 0.000000
0.0, 0.0, 0.000000
0.0, 0.0, 0.000000
0.0, 0.0, 0.000000
0.0, 0.0, 0.000000
0.0, 0.0, 0.000000
0.0, 0.0, 0.000000
0.0, 0.0, 0.000000
0.0, 0.0, 0.000000
0.0, 0.0, 0.000000
0.0, 0.0, 0.000000
0.0, 0.0, 0.000000
0.0, 0.0, 0.000000
0.0, 0.0, 0.000000
0.0, 0.0, 0.000000
0.0, 0.0, 0.000000
0.0, 0.0, 0.000000
0.0, 0.0, 0.000000
0.0, 0.0, 0.000000
0.0, 0.0, 0.000000
