S
I=43,J=43
0.499500,0.499000,0.717384
1.498500,0.499000,0.700171
2.497500,0.499000,0.683587
3.496500,0.499000,0.667735
4.495500,0.499000,0.652703
5.494500,0.499000,0.638533
6.493500,0.499000,0.625242
7.492500,0.499000,0.612787
8.491500,0.499000,0.601095
9.490500,0.499000,0.590040
10.489500,0.499000,0.579506
11.488501,0.499000,0.569354
12.487500,0.499000,0.559465
13.486500,0.499000,0.549727
14.485500,0.499000,0.540049
15.484500,0.499000,0.530368
16.483500,0.499000,0.520624
17.482500,0.499000,0.510780
18.481501,0.499000,0.500818
19.480501,0.499000,0.490734
20.479500,0.499000,0.480578
21.478500,0.499000,0.470500
22.477501,0.499000,0.460939
23.476500,0.499000,0.453240
24.475500,0.499000,0.452007
25.474501,0.499000,0.469457
26.473501,0.499000,0.509556
27.472500,0.499000,0.558905
28.471500,0.499000,0.609922
29.470501,0.499000,0.660121
30.469500,0.499000,0.708584
31.468500,0.499000,0.754955
32.467499,0.499000,0.799113
33.466499,0.499000,0.840980
34.465500,0.499000,0.880267
35.464500,0.499000,0.916129
36.463501,0.499000,0.946621
37.462502,0.499000,0.969319
38.461502,0.499000,0.984160
39.460499,0.499000,0.992633
40.459499,0.499000,0.995776
41.458500,0.499000,0.994490
42.457500,0.499000,0.989923
0.499500,1.497000,0.707020
1.498500,1.497000,0.689409
2.497500,1.497000,0.672464
3.496500,1.497000,0.656327
4.495500,1.497000,0.641114
5.494500,1.497000,0.626903
6.493500,1.497000,0.613712
7.492500,1.497000,0.601492
8.491500,1.497000,0.590127
9.490500,1.497000,0.579467
10.489500,1.497000,0.569347
11.488501,1.497000,0.559593
12.487500,1.497000,0.550064
13.486500,1.497000,0.540633
14.485500,1.497000,0.531194
15.484500,1.497000,0.521680
16.483500,1.497000,0.512022
17.482500,1.497000,0.502171
18.481501,1.497000,0.492089
19.480501,1.497000,0.481729
20.479500,1.497000,0.471042
21.478500,1.497000,0.459976
22.477501,1.497000,0.448489
23.476500,1.497000,0.436667
24.475500,1.497000,0.425707
25.474501,1.497000,0.438484
26.473501,1.497000,0.492469
27.472500,1.497000,0.548818
28.471500,1.497000,0.603483
29.470501,1.497000,0.655744
30.469500,1.497000,0.705349
31.468500,1.497000,0.752321
32.467499,1.497000,0.796893
33.466499,1.497000,0.839361
34.465500,1.497000,0.879867
35.464500,1.497000,0.918029
36.463501,1.497000,0.951628
37.462502,1.497000,0.974048
38.461502,1.497000,0.986584
39.460499,1.497000,0.992734
40.459499,1.497000,0.992973
41.458500,1.497000,0.987974
42.457500,1.497000,0.979156
0.499500,2.495000,0.697617
1.498500,2.495000,0.679558
2.497500,2.495000,0.662206
3.496500,2.495000,0.645743
4.495500,2.495000,0.630347
5.494500,2.495000,0.616132
6.493500,2.495000,0.603127
7.492500,2.495000,0.591277
8.491500,2.495000,0.580414
9.490500,2.495000,0.570334
10.489500,2.495000,0.560816
11.488501,2.495000,0.551655
12.487500,2.495000,0.542678
13.486500,2.495000,0.533744
14.485500,2.495000,0.524765
15.484500,2.495000,0.515673
16.483500,2.495000,0.506421
17.482500,2.495000,0.496984
18.481501,2.495000,0.487357
19.480501,2.495000,0.477530
20.479500,2.495000,0.467516
21.478500,2.495000,0.457352
22.477501,2.495000,0.447200
23.476500,2.495000,0.437665
24.475500,2.495000,0.432016
25.474501,2.495000,0.448721
26.473501,2.495000,0.496761
27.472500,2.495000,0.551406
28.471500,2.495000,0.605398
29.470501,2.495000,0.657026
30.469500,2.495000,0.705700
31.468500,2.495000,0.751430
32.467499,2.495000,0.794673
33.466499,2.495000,0.836085
34.465500,2.495000,0.876209
35.464500,2.495000,0.915124
36.463501,2.495000,0.951481
37.462502,2.495000,0.973913
38.461502,2.495000,0.985771
39.460499,2.495000,0.990867
40.459499,2.495000,0.988498
41.458500,2.495000,0.979267
42.457500,2.495000,0.965274
0.499500,3.493000,0.689268
1.498500,3.493000,0.670717
2.497500,3.493000,0.652876
3.496500,3.493000,0.636023
4.495500,3.493000,0.620404
5.494500,3.493000,0.606209
6.493500,3.493000,0.593497
7.492500,3.493000,0.582178
8.491500,3.493000,0.572021
9.490500,3.493000,0.562732
10.489500,3.493000,0.554027
11.488501,3.493000,0.545639
12.487500,3.493000,0.537384
13.486500,3.493000,0.529133
14.485500,3.493000,0.520796
15.484500,3.493000,0.512343
16.483500,3.493000,0.503779
17.482500,3.493000,0.495130
18.481501,3.493000,0.486467
19.480501,3.493000,0.477896
20.479500,3.493000,0.469614
21.478500,3.493000,0.461984
22.477501,3.493000,0.455772
23.476500,3.493000,0.452822
24.475500,3.493000,0.457726
25.474501,3.493000,0.478533
26.473501,3.493000,0.517082
27.472500,3.493000,0.564893
28.471500,3.493000,0.614867
29.470501,3.493000,0.663487
30.469500,3.493000,0.709172
31.468500,3.493000,0.751602
32.467499,3.493000,0.791408
33.466499,3.493000,0.829656
34.465500,3.493000,0.867220
35.464500,3.493000,0.904083
36.463501,3.493000,0.937980
37.462502,3.493000,0.963828
38.461502,3.493000,0.980017
39.460499,3.493000,0.986383
40.459499,3.493000,0.981865
41.458500,3.493000,0.967445
42.457500,3.493000,0.946783
0.499500,4.491000,0.682142
1.498500,4.491000,0.663011
2.497500,4.491000,0.644586
3.496500,4.491000,0.627210
4.495500,4.491000,0.611286
5.494500,4.491000,0.597114
6.493500,4.491000,0.584815
7.492500,4.491000,0.574240
8.491500,4.491000,0.565040
9.490500,4.491000,0.556787
10.489500,4.491000,0.549094
11.488501,4.491000,0.541657
12.487500,4.491000,0.534269
13.486500,4.491000,0.526820
14.485500,4.491000,0.519260
15.484500,4.491000,0.511607
16.483500,4.491000,0.503922
17.482500,4.491000,0.496312
18.481501,4.491000,0.488953
19.480501,4.491000,0.482094
20.479500,4.491000,0.476141
21.478500,4.491000,0.471747
22.477501,4.491000,0.470079
23.476500,4.491000,0.473194
24.475500,4.491000,0.484359
25.474501,4.491000,0.506992
26.473501,4.491000,0.541406
27.472500,4.491000,0.583796
28.471500,4.491000,0.629247
29.470501,4.491000,0.673784
30.469500,4.491000,0.714894
31.468500,4.491000,0.751919
32.467499,4.491000,0.785918
33.466499,4.491000,0.818665
34.465500,4.491000,0.851640
35.464500,4.491000,0.885279
36.463501,4.491000,0.918329
37.462502,4.491000,0.947813
38.461502,4.491000,0.969824
39.460499,4.491000,0.979504
40.459499,4.491000,0.972882
41.458500,4.491000,0.951169
42.457500,4.491000,0.921250
0.499500,5.489000,0.676436
1.498500,5.489000,0.656659
2.497500,5.489000,0.637496
3.496500,5.489000,0.619419
4.495500,5.489000,0.603015
5.494500,5.489000,0.588832
6.493500,5.489000,0.577089
7.492500,5.489000,0.567550
8.491500,5.489000,0.559631
9.490500,5.489000,0.552687
10.489500,5.489000,0.546205
11.488501,5.489000,0.539843
12.487500,5.489000,0.533405
13.486500,5.489000,0.526820
14.485500,5.489000,0.520093
15.484500,5.489000,0.513297
16.483500,5.489000,0.506567
17.482500,5.489000,0.500098
18.481501,5.489000,0.494160
19.480501,5.489000,0.489130
20.479500,5.489000,0.485560
21.478500,5.489000,0.484258
22.477501,5.489000,0.486440
23.476500,5.489000,0.493826
24.475500,5.489000,0.508497
25.474501,5.489000,0.532079
26.473501,5.489000,0.564506
27.472500,5.489000,0.603575
28.471500,5.489000,0.645632
29.470501,5.489000,0.686351
30.469500,5.489000,0.721915
31.468500,5.489000,0.751308
32.467499,5.489000,0.776787
33.466499,5.489000,0.801493
34.465500,5.489000,0.827804
35.464500,5.489000,0.857081
36.463501,5.489000,0.889534
37.462502,5.489000,0.923569
38.461502,5.489000,0.954033
39.460499,5.489000,0.970362
40.459499,5.489000,0.961275
41.458500,5.489000,0.927665
42.457500,5.489000,0.884122
0.499500,6.487000,0.672443
1.498500,6.487000,0.651982
2.497500,6.487000,0.631925
3.496500,6.487000,0.612850
4.495500,6.487000,0.595650
5.494500,6.487000,0.581326
6.493500,6.487000,0.570368
7.492500,6.487000,0.562307
8.491500,6.487000,0.556081
9.490500,6.487000,0.550725
10.489500,6.487000,0.545603
11.488501,6.487000,0.540372
12.487500,6.487000,0.534879
13.486500,6.487000,0.529125
14.485500,6.487000,0.523182
15.484500,6.487000,0.517196
16.483500,6.487000,0.511375
17.482500,6.487000,0.505982
18.481501,6.487000,0.501371
19.480501,6.487000,0.497999
20.479500,6.487000,0.496476
21.478500,6.487000,0.497636
22.477501,6.487000,0.502558
23.476500,6.487000,0.512567
24.475500,6.487000,0.529010
25.474501,6.487000,0.552808
26.473501,6.487000,0.583898
27.472500,6.487000,0.620957
28.471500,6.487000,0.661228
29.470501,6.487000,0.699767
30.469500,6.487000,0.729474
31.468500,6.487000,0.748326
32.467499,6.487000,0.762133
33.466499,6.487000,0.776150
34.465500,6.487000,0.793329
35.464500,6.487000,0.815769
36.463501,6.487000,0.845391
37.462502,6.487000,0.883380
38.461502,6.487000,0.926460
39.460499,6.487000,0.957505
40.459499,6.487000,0.945802
41.458500,6.487000,0.889698
42.457500,6.487000,0.826199
0.499500,7.485000,0.670527
1.498500,7.485000,0.649456
2.497500,7.485000,0.628415
3.496500,7.485000,0.607978
4.495500,7.485000,0.589387
5.494500,7.485000,0.574590
6.493500,7.485000,0.564816
7.492500,7.485000,0.558951
8.491500,7.485000,0.554931
9.490500,7.485000,0.551379
10.489500,7.485000,0.547638
11.488501,7.485000,0.543448
12.487500,7.485000,0.538781
13.486500,7.485000,0.533715
14.485500,7.485000,0.528410
15.484500,7.485000,0.523081
16.483500,7.485000,0.517993
17.482500,7.485000,0.513477
18.481501,7.485000,0.509930
19.480501,7.485000,0.507839
20.479500,7.485000,0.507818
21.478500,7.485000,0.510622
22.477501,7.485000,0.517154
23.476500,7.485000,0.528397
24.475500,7.485000,0.545264
25.474501,7.485000,0.568359
26.473501,7.485000,0.597732
27.472500,7.485000,0.632773
28.471500,7.485000,0.672050
29.470501,7.485000,0.711668
30.469500,7.485000,0.736538
31.468500,7.485000,0.739828
32.467499,7.485000,0.739262
33.466499,7.485000,0.740754
34.465500,7.485000,0.746279
35.464500,7.485000,0.757819
36.463501,7.485000,0.778490
37.462502,7.485000,0.813388
38.461502,7.485000,0.868452
39.460499,7.485000,0.932263
40.459499,7.485000,0.920931
41.458500,7.485000,0.814847
42.457500,7.485000,0.729402
0.499500,8.483001,0.671107
1.498500,8.483001,0.649712
2.497500,8.483001,0.627855
3.496500,8.483001,0.605853
4.495500,8.483001,0.584903
5.494500,8.483001,0.568656
6.493500,8.483001,0.561034
7.492500,8.483001,0.558537
8.491500,8.483001,0.557103
9.490500,8.483001,0.555289
10.489500,8.483001,0.552700
11.488501,8.483001,0.549295
12.487500,8.483001,0.545183
13.486500,8.483001,0.540547
14.485500,8.483001,0.535626
15.484500,8.483001,0.530701
16.483500,8.483001,0.526088
17.482500,8.483001,0.522146
18.481501,8.483001,0.519292
19.480501,8.483001,0.518008
20.479500,8.483001,0.518855
21.478500,8.483001,0.522482
22.477501,8.483001,0.529592
23.476500,8.483001,0.540896
24.475500,8.483001,0.556999
25.474501,8.483001,0.578259
26.473501,8.483001,0.604703
27.472500,8.483001,0.635978
28.471500,8.483001,0.671378
29.470501,8.483001,0.709304
30.469500,8.483001,0.729909
31.468500,8.483001,0.717813
32.467499,8.483001,0.705269
33.466499,8.483001,0.694780
34.465500,8.483001,0.687022
35.464500,8.483001,0.683076
36.463501,8.483001,0.685151
37.462502,8.483001,0.698193
38.461502,8.483001,0.734787
39.460499,8.483001,0.827735
40.459499,8.483001,0.834365
41.458500,8.483001,0.633592
42.457500,8.483001,0.569822
0.499500,9.481000,0.674549
1.498500,9.481000,0.653414
2.497500,9.481000,0.631458
3.496500,9.481000,0.608593
4.495500,9.481000,0.585006
5.494500,9.481000,0.564402
6.493500,9.481000,0.561776
7.492500,9.481000,0.563315
8.491500,9.481000,0.563900
9.490500,9.481000,0.563164
10.489500,9.481000,0.561169
11.488501,9.481000,0.558068
12.487500,9.481000,0.554100
13.486500,9.481000,0.549531
14.485500,9.481000,0.544663
15.484500,9.481000,0.539820
16.483500,9.481000,0.535352
17.482500,9.481000,0.531621
18.481501,9.481000,0.529043
19.480501,9.481000,0.528061
20.479500,9.481000,0.529161
21.478500,9.481000,0.532863
22.477501,9.481000,0.539685
23.476500,9.481000,0.550092
24.475500,9.481000,0.564410
25.474501,9.481000,0.582735
26.473501,9.481000,0.604817
27.472500,9.481000,0.629926
28.471500,9.481000,0.656403
29.470501,9.481000,0.679779
30.469500,9.481000,0.688593
31.468500,9.481000,0.678536
32.467499,9.481000,0.660736
33.466499,9.481000,0.640674
34.465500,9.481000,0.619647
35.464500,9.481000,0.597688
36.463501,9.481000,0.573979
37.462502,9.481000,0.546031
38.461502,9.481000,0.505744
39.460499,9.481000,0.415412
40.459499,9.481000,0.202414
41.458500,9.481000,0.303731
42.457500,9.481000,0.371811
0.499500,10.479000,0.680991
1.498500,10.479000,0.660933
2.497500,10.479000,0.640117
3.496500,10.479000,0.618501
4.495500,10.479000,0.596527
5.494500,10.479000,0.578429
6.493500,10.479000,0.574779
7.492500,10.479000,0.575884
8.491500,10.479000,0.576339
9.490500,10.479000,0.575446
10.489500,10.479000,0.573201
11.488501,10.479000,0.569779
12.487500,10.479000,0.565446
13.486500,10.479000,0.560512
14.485500,10.479000,0.555313
15.484500,10.479000,0.550190
16.483500,10.479000,0.545501
17.482500,10.479000,0.541608
18.481501,10.479000,0.538887
19.480501,10.479000,0.537732
20.479500,10.479000,0.538541
21.478500,10.479000,0.541698
22.477501,10.479000,0.547555
23.476500,10.479000,0.556354
24.475500,10.479000,0.568170
25.474501,10.479000,0.582809
26.473501,10.479000,0.599669
27.472500,10.479000,0.617528
28.471500,10.479000,0.634075
29.470501,10.479000,0.645181
30.469500,10.479000,0.645495
31.468500,10.479000,0.633205
32.467499,10.479000,0.611589
33.466499,10.479000,0.583912
34.465500,10.479000,0.551326
35.464500,10.479000,0.513088
36.463501,10.479000,0.466167
37.462502,10.479000,0.403242
38.461502,10.479000,0.307851
39.460499,10.479000,0.154419
40.459499,10.479000,0.027390
41.458500,10.479000,0.111691
42.457500,10.479000,0.224052
0.499500,11.477000,0.690240
1.498500,11.477000,0.672035
2.497500,11.477000,0.653510
3.496500,11.477000,0.634980
4.495500,11.477000,0.617588
5.494500,11.477000,0.604339
6.493500,11.477000,0.597888
7.492500,11.477000,0.595653
8.491500,11.477000,0.594161
9.490500,11.477000,0.591947
10.489500,11.477000,0.588624
11.488501,11.477000,0.584234
12.487500,11.477000,0.579005
13.486500,11.477000,0.573251
14.485500,11.477000,0.567318
15.484500,11.477000,0.561548
16.483500,11.477000,0.556282
17.482500,11.477000,0.551861
18.481501,11.477000,0.548618
19.480501,11.477000,0.546881
20.479500,11.477000,0.546956
21.478500,11.477000,0.549106
22.477501,11.477000,0.553531
23.476500,11.477000,0.560290
24.475500,11.477000,0.569251
25.474501,11.477000,0.579978
26.473501,11.477000,0.591613
27.472500,11.477000,0.602701
28.471500,11.477000,0.610993
29.470501,11.477000,0.613447
30.469500,11.477000,0.607069
31.468500,11.477000,0.590544
32.467499,11.477000,0.564658
33.466499,11.477000,0.530786
34.465500,11.477000,0.489541
35.464500,11.477000,0.440225
36.463501,11.477000,0.380361
37.462502,11.477000,0.305356
38.461502,11.477000,0.210724
39.460499,11.477000,0.106717
40.459499,11.477000,0.047540
41.458500,11.477000,0.079442
42.457500,11.477000,0.158972
0.499500,12.475000,0.701763
1.498500,12.475000,0.685934
2.497500,12.475000,0.670295
3.496500,12.475000,0.655266
4.495500,12.475000,0.641773
5.494500,12.475000,0.631173
6.493500,12.475000,0.624168
7.492500,12.475000,0.619714
8.491500,12.475000,0.616032
9.490500,12.475000,0.611931
10.489500,12.475000,0.606936
11.488501,12.475000,0.601026
12.487500,12.475000,0.594416
13.486500,12.475000,0.587417
14.485500,12.475000,0.580371
15.484500,12.475000,0.573608
16.483500,12.475000,0.567440
17.482500,12.475000,0.562178
18.481501,12.475000,0.558096
19.480501,12.475000,0.555451
20.479500,12.475000,0.554466
21.478500,12.475000,0.555305
22.477501,12.475000,0.558038
23.476500,12.475000,0.562595
24.475500,12.475000,0.568691
25.474501,12.475000,0.575751
26.473501,12.475000,0.582792
27.472500,12.475000,0.588352
28.471500,12.475000,0.590454
29.470501,12.475000,0.586786
30.469500,12.475000,0.575247
31.468500,12.475000,0.554622
32.467499,12.475000,0.524784
33.466499,12.475000,0.486229
34.465500,12.475000,0.439487
35.464500,12.475000,0.384768
36.463501,12.475000,0.321829
37.462502,12.475000,0.250666
38.461502,12.475000,0.174675
39.460499,12.475000,0.107477
40.459499,12.475000,0.074432
41.458500,12.475000,0.091061
42.457500,12.475000,0.144449
0.499500,13.473001,0.714840
1.498500,13.473001,0.701614
2.497500,13.473001,0.688997
3.496500,13.473001,0.677280
4.495500,13.473001,0.666929
5.494500,13.473001,0.658404
6.493500,13.473001,0.651689
7.492500,13.473001,0.646085
8.491500,13.473001,0.640594
9.490500,13.473001,0.634473
10.489500,13.473001,0.627449
11.488501,13.473001,0.619600
12.487500,13.473001,0.611198
13.486500,13.473001,0.602587
14.485500,13.473001,0.594102
15.484500,13.473001,0.586055
16.483500,13.473001,0.578731
17.482500,13.473001,0.572376
18.481501,13.473001,0.567212
19.480501,13.473001,0.563434
20.479500,13.473001,0.561184
21.478500,13.473001,0.560543
22.477501,13.473001,0.561505
23.476500,13.473001,0.563910
24.475500,13.473001,0.567404
25.474501,13.473001,0.571350
26.473501,13.473001,0.574765
27.472500,13.473001,0.576270
28.471500,13.473001,0.574128
29.470501,13.473001,0.566414
30.469500,13.473001,0.551353
31.468500,13.473001,0.527696
32.467499,13.473001,0.494924
33.466499,13.473001,0.453235
34.465500,13.473001,0.403478
35.464500,13.473001,0.347197
36.463501,13.473001,0.286627
37.462502,13.473001,0.224831
38.461502,13.473001,0.166932
39.460499,13.473001,0.122241
40.459499,13.473001,0.102703
41.458500,13.473001,0.114762
42.457500,13.473001,0.153730
0.499500,14.471001,0.728689
1.498500,14.471001,0.718109
2.497500,14.471001,0.708440
3.496500,14.471001,0.699811
4.495500,14.471001,0.692309
5.494500,14.471001,0.685822
6.493500,14.471001,0.679907
7.492500,14.471001,0.673830
8.491500,14.471001,0.666898
9.490500,14.471001,0.658743
10.489500,14.471001,0.649433
11.488501,14.471001,0.639300
12.487500,14.471001,0.628775
13.486500,14.471001,0.618257
14.485500,14.471001,0.608088
15.484500,14.471001,0.598552
16.483500,14.471001,0.589882
17.482500,14.471001,0.582272
18.481501,14.471001,0.575882
19.480501,14.471001,0.570835
20.479500,14.471001,0.567217
21.478500,14.471001,0.565056
22.477501,14.471001,0.564294
23.476500,14.471001,0.564744
24.475500,14.471001,0.566048
25.474501,14.471001,0.567598
26.473501,14.471001,0.568481
27.472500,14.471001,0.567440
28.471500,14.471001,0.562902
29.470501,14.471001,0.553101
30.469500,14.471001,0.536326
31.468500,14.471001,0.511186
32.467499,14.471001,0.476882
33.466499,14.471001,0.433438
34.465500,14.471001,0.382037
35.464500,14.471001,0.325561
36.463501,14.471001,0.268800
37.462502,14.471001,0.216899
38.461502,14.471001,0.173766
39.460499,14.471001,0.143852
40.459499,14.471001,0.132694
41.458500,14.471001,0.143576
42.457500,14.471001,0.174803
0.499500,15.469001,0.742558
1.498500,15.469001,0.734529
2.497500,15.469001,0.727692
3.496500,15.469001,0.722035
4.495500,15.469001,0.717361
5.494500,15.469001,0.713166
6.493500,15.469001,0.708563
7.492500,15.469001,0.702521
8.491500,15.469001,0.694331
9.490500,15.469001,0.684006
10.489500,15.469001,0.672107
11.488501,15.469001,0.659383
12.487500,15.469001,0.646473
13.486500,15.469001,0.633855
14.485500,15.469001,0.621865
15.484500,15.469001,0.610735
16.483500,15.469001,0.600636
17.482500,15.469001,0.591701
18.481501,15.469001,0.584021
19.480501,15.469001,0.577664
20.479500,15.469001,0.572667
21.478500,15.469001,0.569025
22.477501,15.469001,0.566668
23.476500,15.469001,0.565432
24.475500,15.469001,0.565017
25.474501,15.469001,0.564920
26.473501,15.469001,0.564370
27.472500,15.469001,0.562255
28.471500,15.469001,0.557119
29.470501,15.469001,0.547226
30.469500,15.469001,0.530747
31.468500,15.469001,0.506025
32.467499,15.469001,0.471897
33.466499,15.469001,0.428068
34.465500,15.469001,0.375601
35.464500,15.469001,0.318081
36.463501,15.469001,0.263647
37.462502,15.469001,0.221278
38.461502,15.469001,0.190999
39.460499,15.469001,0.171642
40.459499,15.469001,0.165772
41.458500,15.469001,0.176155
42.457500,15.469001,0.202938
0.499500,16.467001,0.755749
1.498500,16.467001,0.750082
2.497500,16.467001,0.745893
3.496500,16.467001,0.743122
4.495500,16.467001,0.741430
5.494500,16.467001,0.740007
6.493500,16.467001,0.737416
7.492500,16.467001,0.731905
8.491500,16.467001,0.722438
9.490500,16.467001,0.709524
10.489500,16.467001,0.694596
11.488501,16.467001,0.678973
12.487500,16.467001,0.663524
13.486500,16.467001,0.648749
14.485500,16.467001,0.634927
15.484500,16.467001,0.622224
16.483500,16.467001,0.610728
17.482500,16.467001,0.600494
18.481501,16.467001,0.591557
19.480501,16.467001,0.583930
20.479500,16.467001,0.577616
21.478500,16.467001,0.572585
22.477501,16.467001,0.568792
23.476500,16.467001,0.566133
24.475500,16.467001,0.564430
25.474501,16.467001,0.563366
26.473501,16.467001,0.562387
27.472500,16.467001,0.560593
28.471500,16.467001,0.556632
29.470501,16.467001,0.548725
30.469500,16.467001,0.534784
31.468500,16.467001,0.512729
32.467499,16.467001,0.480916
33.466499,16.467001,0.438578
34.465500,16.467001,0.386189
35.464500,16.467001,0.326152
36.463501,16.467001,0.268763
37.462502,16.467001,0.238202
38.461502,16.467001,0.220246
39.460499,16.467001,0.207749
40.459499,16.467001,0.203831
41.458500,16.467001,0.212637
42.457500,16.467001,0.236373
0.499500,17.465000,0.767610
1.498500,17.465000,0.763993
2.497500,17.465000,0.762166
3.496500,17.465000,0.762098
4.495500,17.465000,0.763500
5.494500,17.465000,0.765482
6.493500,17.465000,0.766026
7.492500,17.465000,0.761826
8.491500,17.465000,0.750666
9.490500,17.465000,0.734258
10.489500,17.465000,0.715708
11.488501,17.465000,0.696999
12.487500,17.465000,0.679052
13.486500,17.465000,0.662260
14.485500,17.465000,0.646775
15.484500,17.465000,0.632653
16.483500,17.465000,0.619900
17.482500,17.465000,0.608501
18.481501,17.465000,0.598427
19.480501,17.465000,0.589650
20.479500,17.465000,0.582129
21.478500,17.465000,0.575841
22.477501,17.465000,0.570762
23.476500,17.465000,0.566883
24.475500,17.465000,0.564205
25.474501,17.465000,0.562670
26.473501,17.465000,0.562068
27.472500,17.465000,0.561820
28.471500,17.465000,0.560755
29.470501,17.465000,0.557002
30.469500,17.465000,0.548085
31.468500,17.465000,0.531291
32.467499,17.465000,0.504331
33.466499,17.465000,0.466114
34.465500,17.465000,0.417183
35.464500,17.465000,0.359765
36.463501,17.465000,0.302903
37.462502,17.465000,0.280046
38.461502,17.465000,0.267026
39.460499,17.465000,0.255631
40.459499,17.465000,0.249053
41.458500,17.465000,0.253416
42.457500,17.465000,0.274585
0.499500,18.463001,0.777579
1.498500,18.463001,0.775565
2.497500,18.463001,0.775607
3.496500,18.463001,0.777774
4.495500,18.463001,0.782002
5.494500,18.463001,0.787760
6.493500,18.463001,0.793130
7.492500,18.463001,0.792041
8.491500,18.463001,0.777759
9.490500,18.463001,0.756232
10.489500,18.463001,0.733712
11.488501,18.463001,0.712166
12.487500,18.463001,0.692127
13.486500,18.463001,0.673720
14.485500,18.463001,0.656929
15.484500,18.463001,0.641697
16.483500,18.463001,0.627950
17.482500,18.463001,0.615611
18.481501,18.463001,0.604604
19.480501,18.463001,0.594853
20.479500,18.463001,0.586297
21.478500,18.463001,0.578897
22.477501,18.463001,0.572661
23.476500,18.463001,0.567674
24.475500,18.463001,0.564125
25.474501,18.463001,0.562319
26.473501,18.463001,0.562555
27.472500,18.463001,0.564794
28.471500,18.463001,0.568196
29.470501,18.463001,0.570811
30.469500,18.463001,0.569629
31.468500,18.463001,0.560973
32.467499,18.463001,0.541473
33.466499,18.463001,0.509779
34.465500,18.463001,0.467764
35.464500,18.463001,0.420562
36.463501,18.463001,0.378129
37.462502,18.463001,0.350859
38.461502,18.463001,0.333436
39.460499,18.463001,0.318383
40.459499,18.463001,0.304567
41.458500,18.463001,0.298966
42.457500,18.463001,0.318351
0.499500,19.461000,0.785223
1.498500,19.461000,0.784241
2.497500,19.461000,0.785430
3.496500,19.461000,0.788951
4.495500,19.461000,0.794912
5.494500,19.461000,0.803321
6.493500,19.461000,0.813802
7.492500,19.461000,0.820633
8.491500,19.461000,0.798749
9.490500,19.461000,0.771727
10.489500,19.461000,0.746418
11.488501,19.461000,0.723167
12.487500,19.461000,0.701924
13.486500,19.461000,0.682582
14.485500,19.461000,0.665023
15.484500,19.461000,0.649107
16.483500,19.461000,0.634727
17.482500,19.461000,0.621754
18.481501,19.461000,0.610083
19.480501,19.461000,0.599606
20.479500,19.461000,0.590235
21.478500,19.461000,0.581908
22.477501,19.461000,0.574639
23.476500,19.461000,0.568558
24.475500,19.461000,0.564025
25.474501,19.461000,0.561732
26.473501,19.461000,0.562710
27.472500,19.461000,0.567869
28.471500,19.461000,0.577007
29.470501,19.461000,0.588097
30.469500,19.461000,0.597503
31.468500,19.461000,0.600212
32.467499,19.461000,0.590550
33.466499,19.461000,0.566063
34.465500,19.461000,0.530886
35.464500,19.461000,0.492571
36.463501,19.461000,0.458629
37.462502,19.461000,0.433444
38.461502,19.461000,0.415137
39.460499,19.461000,0.398493
40.459499,19.461000,0.378792
41.458500,19.461000,0.355844
42.457500,19.461000,0.376707
0.499500,20.459002,0.790303
1.498500,20.459002,0.789709
2.497500,20.459002,0.791209
3.496500,20.459002,0.794894
4.495500,20.459002,0.800782
5.494500,20.459002,0.808655
6.493500,20.459002,0.817384
7.492500,20.459002,0.819904
8.491500,20.459002,0.802071
9.490500,20.459002,0.776932
10.489500,20.459002,0.752245
11.488501,20.459002,0.729194
12.487500,20.459002,0.707971
13.486500,20.459002,0.688553
14.485500,20.459002,0.670853
15.484500,20.459002,0.654759
16.483500,20.459002,0.640154
17.482500,20.459002,0.626911
18.481501,20.459002,0.614907
19.480501,20.459002,0.604010
20.479500,20.459002,0.594104
21.478500,20.459002,0.585102
22.477501,20.459002,0.576970
23.476500,20.459002,0.569814
24.475500,20.459002,0.564021
25.474501,20.459002,0.560550
26.473501,20.459002,0.561337
27.472500,20.459002,0.569041
28.471500,20.459002,0.584722
29.470501,20.459002,0.605917
30.469500,20.459002,0.628362
31.468500,20.459002,0.646257
32.467499,20.459002,0.649148
33.466499,20.459002,0.629718
34.465500,20.459002,0.598153
35.464500,20.459002,0.565919
36.463501,20.459002,0.538988
37.462502,20.459002,0.519625
38.461502,20.459002,0.506606
39.460499,20.459002,0.496029
40.459499,20.459002,0.483253
41.458500,20.459002,0.470076
42.457500,20.459002,0.480614
0.499500,21.457001,0.792788
1.498500,21.457001,0.791976
2.497500,21.457001,0.792998
3.496500,21.457001,0.795788
4.495500,21.457001,0.800058
5.494500,21.457001,0.804987
6.493500,21.457001,0.808403
7.492500,21.457001,0.805601
8.491500,21.457001,0.792706
9.490500,21.457001,0.773128
10.489500,21.457001,0.751616
11.488501,21.457001,0.730405
12.487500,21.457001,0.710312
13.486500,21.457001,0.691626
14.485500,21.457001,0.674412
15.484500,21.457001,0.658643
16.483500,21.457001,0.644248
17.482500,21.457001,0.631118
18.481501,21.457001,0.619137
19.480501,21.457001,0.608177
20.479500,21.457001,0.598094
21.478500,21.457001,0.588763
22.477501,21.457001,0.580084
23.476500,21.457001,0.572051
24.475500,21.457001,0.564869
25.474501,21.457001,0.559315
26.473501,21.457001,0.557813
27.472500,21.457001,0.566318
28.471500,21.457001,0.589162
29.470501,21.457001,0.620954
30.469500,21.457001,0.656285
31.468500,21.457001,0.691939
32.467499,21.457001,0.713656
33.466499,21.457001,0.691395
34.465500,21.457001,0.660227
35.464500,21.457001,0.633517
36.463501,21.457001,0.614243
37.462502,21.457001,0.603494
38.461502,21.457001,0.600706
39.460499,21.457001,0.603455
40.459499,21.457001,0.607284
41.458500,21.457001,0.607658
42.457500,21.457001,0.606905
0.499500,22.455000,0.792851
1.498500,22.455000,0.791340
2.497500,22.455000,0.791326
3.496500,22.455000,0.792585
4.495500,22.455000,0.794595
5.494500,22.455000,0.796338
6.493500,22.455000,0.795975
7.492500,22.455000,0.791058
8.491500,22.455000,0.780189
9.490500,22.455000,0.764530
10.489500,22.455000,0.746444
11.488501,22.455000,0.727749
12.487500,22.455000,0.709466
13.486500,22.455000,0.692104
14.485500,22.455000,0.675883
15.484500,22.455000,0.660880
16.483500,22.455000,0.647088
17.482500,22.455000,0.634445
18.481501,22.455000,0.622863
19.480501,22.455000,0.612217
20.479500,22.455000,0.602371
21.478500,22.455000,0.593171
22.477501,22.455000,0.584470
23.476500,22.455000,0.576138
24.475500,22.455000,0.568123
25.474501,22.455000,0.560580
26.473501,22.455000,0.554512
27.472500,22.455000,0.558980
28.471500,22.455000,0.591451
29.470501,22.455000,0.631841
30.469500,22.455000,0.674065
31.468500,22.455000,0.716521
32.467499,22.455000,0.745737
33.466499,22.455000,0.730476
34.465500,22.455000,0.707353
35.464500,22.455000,0.689370
36.463501,22.455000,0.679291
37.462502,22.455000,0.678552
38.461502,22.455000,0.687864
39.460499,22.455000,0.706986
40.459499,22.455000,0.732250
41.458500,22.455000,0.745683
42.457500,22.455000,0.729986
0.499500,23.453001,0.790800
1.498500,23.453001,0.788275
2.497500,23.453001,0.786922
3.496500,23.453001,0.786433
4.495500,23.453001,0.786233
5.494500,23.453001,0.785414
6.493500,23.453001,0.782695
7.492500,23.453001,0.776771
8.491500,23.453001,0.766998
9.490500,23.453001,0.753871
10.489500,23.453001,0.738595
11.488501,23.453001,0.722394
12.487500,23.453001,0.706161
13.486500,23.453001,0.690444
14.485500,23.453001,0.675562
15.484500,23.453001,0.661659
16.483500,23.453001,0.648801
17.482500,23.453001,0.636978
18.481501,23.453001,0.626135
19.480501,23.453001,0.616185
20.479500,23.453001,0.607013
21.478500,23.453001,0.598478
22.477501,23.453001,0.590428
23.476500,23.453001,0.582738
24.475500,23.453001,0.575350
25.474501,23.453001,0.568406
26.473501,23.453001,0.562881
27.472500,23.453001,0.567789
28.471500,23.453001,0.600860
29.470501,23.453001,0.641208
30.469500,23.453001,0.681763
31.468500,23.453001,0.718410
32.467499,23.453001,0.741660
33.466499,23.453001,0.744395
34.465500,23.453001,0.737119
35.464500,23.453001,0.730790
36.463501,23.453001,0.730519
37.462502,23.453001,0.738999
38.461502,23.453001,0.758107
39.460499,23.453001,0.789480
40.459499,23.453001,0.834134
41.458500,23.453001,0.871394
42.457500,23.453001,0.828613
0.499500,24.451000,0.787012
1.498500,24.451000,0.783300
2.497500,24.451000,0.780516
3.496500,24.451000,0.778326
4.495500,24.451000,0.776223
5.494500,24.451000,0.773484
6.493500,24.451000,0.769263
7.492500,24.451000,0.762807
8.491500,24.451000,0.753775
9.490500,24.451000,0.742388
10.489500,24.451000,0.729310
11.488501,24.451000,0.715327
12.487500,24.451000,0.701109
13.486500,24.451000,0.687158
14.485500,24.451000,0.673792
15.484500,24.451000,0.661216
16.483500,24.451000,0.649532
17.482500,24.451000,0.638782
18.481501,24.451000,0.628971
19.480501,24.451000,0.620052
20.479500,24.451000,0.611954
21.478500,24.451000,0.604588
22.477501,24.451000,0.597858
23.476500,24.451000,0.591745
24.475500,24.451000,0.586444
25.474501,24.451000,0.582736
26.473501,24.451000,0.583067
27.472500,24.451000,0.593474
28.471500,24.451000,0.618209
29.470501,24.451000,0.651199
30.469500,24.451000,0.685640
31.468500,24.451000,0.716454
32.467499,24.451000,0.738586
33.466499,24.451000,0.749996
34.465500,24.451000,0.754692
35.464500,24.451000,0.758805
36.463501,24.451000,0.766916
37.462502,24.451000,0.781921
38.461502,24.451000,0.805573
39.460499,24.451000,0.838378
40.459499,24.451000,0.876805
41.458500,24.451000,0.898052
42.457500,24.451000,0.874997
0.499500,25.449001,0.781863
1.498500,25.449001,0.776908
2.497500,25.449001,0.772713
3.496500,25.449001,0.768986
4.495500,25.449001,0.765303
5.494500,25.449001,0.761141
6.493500,25.449001,0.755923
7.492500,25.449001,0.749194
8.491500,25.449001,0.740731
9.490500,25.449001,0.730649
10.489500,25.449001,0.719315
11.488501,25.449001,0.707240
12.487500,25.449001,0.694896
13.486500,25.449001,0.682686
14.485500,25.449001,0.670909
15.484500,25.449001,0.659768
16.483500,25.449001,0.649406
17.482500,25.449001,0.639907
18.481501,25.449001,0.631325
19.480501,25.449001,0.623678
20.479500,25.449001,0.616969
21.478500,25.449001,0.611159
22.477501,25.449001,0.606228
23.476500,25.449001,0.602250
24.475500,25.449001,0.599582
25.474501,25.449001,0.599224
26.473501,25.449001,0.603261
27.472500,25.449001,0.614617
28.471500,25.449001,0.634551
29.470501,25.449001,0.660645
30.469500,25.449001,0.688801
31.468500,25.449001,0.715151
32.467499,25.449001,0.736708
33.466499,25.449001,0.752567
34.465500,25.449001,0.764543
35.464500,25.449001,0.775932
36.463501,25.449001,0.789808
37.462502,25.449001,0.808253
38.461502,25.449001,0.832020
39.460499,25.449001,0.859727
40.459499,25.449001,0.885598
41.458500,25.449001,0.897614
42.457500,25.449001,0.888633
0.499500,26.447001,0.775717
1.498500,26.447001,0.769505
2.497500,26.447001,0.763979
3.496500,26.447001,0.758895
4.495500,26.447001,0.753926
5.494500,26.447001,0.748689
6.493500,26.447001,0.742790
7.492500,26.447001,0.735936
8.491500,26.447001,0.727961
9.490500,26.447001,0.718923
10.489500,26.447001,0.709031
11.488501,26.447001,0.698606
12.487500,26.447001,0.687969
13.486500,26.447001,0.677418
14.485500,26.447001,0.667209
15.484500,26.447001,0.657527
16.483500,26.447001,0.648535
17.482500,26.447001,0.640354
18.481501,26.447001,0.633097
19.480501,26.447001,0.626856
20.479500,26.447001,0.621697
21.478500,26.447001,0.617662
22.477501,26.447001,0.614770
23.476500,26.447001,0.613074
24.475500,26.447001,0.612848
25.474501,26.447001,0.614829
26.473501,26.447001,0.620366
27.472500,26.447001,0.630988
28.471500,26.447001,0.647280
29.470501,26.447001,0.668123
30.469500,26.447001,0.691220
31.468500,26.447001,0.714087
32.467499,26.447001,0.734843
33.466499,26.447001,0.752845
34.465500,26.447001,0.768882
35.464500,26.447001,0.784627
36.463501,26.447001,0.801806
37.462502,26.447001,0.821494
38.461502,26.447001,0.843592
39.460499,26.447001,0.866187
40.459499,26.447001,0.884971
41.458500,26.447001,0.894315
42.457500,26.447001,0.891743
0.499500,27.445002,0.768876
1.498500,27.445002,0.761438
2.497500,27.445002,0.754670
3.496500,27.445002,0.748391
4.495500,27.445002,0.742357
5.494500,27.445002,0.736294
6.493500,27.445002,0.729924
7.492500,27.445002,0.723039
8.491500,27.445002,0.715523
9.490500,27.445002,0.707377
10.489500,27.445002,0.698720
11.488501,27.445002,0.689741
12.487500,27.445002,0.680653
13.486500,27.445002,0.671657
14.485500,27.445002,0.662941
15.484500,27.445002,0.654673
16.483500,27.445002,0.647015
17.482500,27.445002,0.640117
18.481501,27.445002,0.634149
19.480501,27.445002,0.629283
20.479500,27.445002,0.625683
21.478500,27.445002,0.623468
22.477501,27.445002,0.622667
23.476500,27.445002,0.623216
24.475500,27.445002,0.625044
25.474501,27.445002,0.628384
26.473501,27.445002,0.634019
27.472500,27.445002,0.643046
28.471500,27.445002,0.656112
29.470501,27.445002,0.672856
30.469500,27.445002,0.692054
31.468500,27.445002,0.712169
32.467499,27.445002,0.731940
33.466499,27.445002,0.750777
34.465500,27.445002,0.768871
35.464500,27.445002,0.786933
36.463501,27.445002,0.805721
37.462502,27.445002,0.825558
38.461502,27.445002,0.845929
39.460499,27.445002,0.865181
40.459499,27.445002,0.880616
41.458500,27.445002,0.889474
42.457500,27.445002,0.890735
0.499500,28.443001,0.761611
1.498500,28.443001,0.752979
2.497500,28.443001,0.745052
3.496500,28.443001,0.737710
4.495500,28.443001,0.730783
5.494500,28.443001,0.724073
6.493500,28.443001,0.717379
7.492500,28.443001,0.710539
8.491500,28.443001,0.703456
9.490500,28.443001,0.696113
10.489500,28.443001,0.688555
11.488501,28.443001,0.680886
12.487500,28.443001,0.673210
13.486500,28.443001,0.665654
14.485500,28.443001,0.658339
15.484500,28.443001,0.651387
16.483500,28.443001,0.644942
17.482500,28.443001,0.639183
18.481501,28.443001,0.634327
19.480501,28.443001,0.630639
20.479500,28.443001,0.628398
21.478500,28.443001,0.627855
22.477501,28.443001,0.629090
23.476500,28.443001,0.631875
24.475500,28.443001,0.635563
25.474501,28.443001,0.639565
26.473501,28.443001,0.644250
27.472500,28.443001,0.650979
28.471500,28.443001,0.660921
29.470501,28.443001,0.674301
30.469500,28.443001,0.690487
31.468500,28.443001,0.708461
32.467499,28.443001,0.727258
33.466499,28.443001,0.746269
34.465500,28.443001,0.765307
35.464500,28.443001,0.784487
36.463501,28.443001,0.803958
37.462502,28.443001,0.823591
38.461502,28.443001,0.842752
39.460499,28.443001,0.860197
40.459499,28.443001,0.874285
41.458500,28.443001,0.883580
42.457500,28.443001,0.887620
0.499500,29.441002,0.754169
1.498500,29.441002,0.744361
2.497500,29.441002,0.735333
3.496500,29.441002,0.727034
4.495500,29.441002,0.719346
5.494500,29.441002,0.712128
6.493500,29.441002,0.705209
7.492500,29.441002,0.698464
8.491500,29.441002,0.691812
9.490500,29.441002,0.685217
10.489500,29.441002,0.678680
11.488501,29.441002,0.672215
12.487500,29.441002,0.665863
13.486500,29.441002,0.659650
14.485500,29.441002,0.653626
15.484500,29.441002,0.647854
16.483500,29.441002,0.642452
17.482500,29.441002,0.637588
18.481501,29.441002,0.633523
19.480501,29.441002,0.630607
20.479500,29.441002,0.629275
21.478500,29.441002,0.629982
22.477501,29.441002,0.633023
23.476500,29.441002,0.638171
24.475500,29.441002,0.644028
25.474501,29.441002,0.648294
26.473501,29.441002,0.650840
27.472500,29.441002,0.654439
28.471500,29.441002,0.661274
29.470501,29.441002,0.671901
30.469500,29.441002,0.685865
31.468500,29.441002,0.702315
32.467499,29.441002,0.720371
33.466499,29.441002,0.739352
34.465500,29.441002,0.758831
35.464500,29.441002,0.778564
36.463501,29.441002,0.798341
37.462502,29.441002,0.817803
38.461502,29.441002,0.836325
39.460499,29.441002,0.853007
40.459499,29.441002,0.866827
41.458500,29.441002,0.876999
42.457500,29.441002,0.883305
0.499500,30.439001,0.746769
1.498500,30.439001,0.735782
2.497500,30.439001,0.725693
3.496500,30.439001,0.716513
4.495500,30.439001,0.708174
5.494500,30.439001,0.700550
6.493500,30.439001,0.693494
7.492500,30.439001,0.686893
8.491500,30.439001,0.680667
9.490500,30.439001,0.674780
10.489500,30.439001,0.669209
11.488501,30.439001,0.663906
12.487500,30.439001,0.658815
13.486500,30.439001,0.653879
14.485500,30.439001,0.649051
15.484500,30.439001,0.644319
16.483500,30.439001,0.639740
17.482500,30.439001,0.635454
18.481501,30.439001,0.631723
19.480501,30.439001,0.628969
20.479500,30.439001,0.627772
21.478500,30.439001,0.628860
22.477501,30.439001,0.632967
23.476500,30.439001,0.640422
24.475500,30.439001,0.649699
25.474501,30.439001,0.654301
26.473501,30.439001,0.652572
27.472500,30.439001,0.652231
28.471500,30.439001,0.656338
29.470501,30.439001,0.665054
30.469500,30.439001,0.677706
31.468500,30.439001,0.693361
32.467499,30.439001,0.711112
33.466499,30.439001,0.730196
34.465500,30.439001,0.750029
35.464500,30.439001,0.770160
36.463501,30.439001,0.790195
37.462502,30.439001,0.809679
38.461502,30.439001,0.828048
39.460499,30.439001,0.844634
40.459499,30.439001,0.858789
41.458500,30.439001,0.870049
42.457500,30.439001,0.878323
0.499500,31.437000,0.739630
1.498500,31.437000,0.727435
2.497500,31.437000,0.716291
3.496500,31.437000,0.706298
4.495500,31.437000,0.697407
5.494500,31.437000,0.689486
6.493500,31.437000,0.682358
7.492500,31.437000,0.675919
8.491500,31.437000,0.670103
9.490500,31.437000,0.664905
10.489500,31.437000,0.660276
11.488501,31.437000,0.656121
12.487500,31.437000,0.652285
13.486500,31.437000,0.648602
14.485500,31.437000,0.644907
15.484500,31.437000,0.641088
16.483500,31.437000,0.637124
17.482500,31.437000,0.633058
18.481501,31.437000,0.629118
19.480501,31.437000,0.625723
20.479500,31.437000,0.623553
21.478500,31.437000,0.623574
22.477501,31.437000,0.626952
23.476500,31.437000,0.634877
24.475500,31.437000,0.647920
25.474501,31.437000,0.653864
26.473501,31.437000,0.645341
27.472500,31.437000,0.642208
28.471500,31.437000,0.645106
29.470501,31.437000,0.653301
30.469500,31.437000,0.665791
31.468500,31.437000,0.681534
32.467499,31.437000,0.699579
33.466499,31.437000,0.719107
34.465500,31.437000,0.739454
35.464500,31.437000,0.760075
36.463501,31.437000,0.780496
37.462502,31.437000,0.800246
38.461502,31.437000,0.818829
39.460499,31.437000,0.835753
40.459499,31.437000,0.850578
41.458500,31.437000,0.863025
42.457500,31.437000,0.873063
0.499500,32.435001,0.733006
1.498500,32.435001,0.719519
2.497500,32.435001,0.707289
3.496500,32.435001,0.696539
4.495500,32.435001,0.687232
5.494500,32.435001,0.679138
6.493500,32.435001,0.672006
7.492500,32.435001,0.665712
8.491500,32.435001,0.660256
9.490500,32.435001,0.655695
10.489500,32.435001,0.652011
11.488501,32.435001,0.649043
12.487500,32.435001,0.646514
13.486500,32.435001,0.644106
14.485500,32.435001,0.641531
15.484500,32.435001,0.638557
16.483500,32.435001,0.635029
17.482500,32.435001,0.630873
18.481501,32.435001,0.626180
19.480501,32.435001,0.621271
20.479500,32.435001,0.616818
21.478500,32.435001,0.613879
22.477501,32.435001,0.613808
23.476500,32.435001,0.617790
24.475500,32.435001,0.625190
25.474501,32.435001,0.628140
26.473501,32.435001,0.624053
27.472500,32.435001,0.622893
28.471500,32.435001,0.627210
29.470501,32.435001,0.636660
30.469500,32.435001,0.650295
31.468500,32.435001,0.667095
32.467499,32.435001,0.686112
33.466499,32.435001,0.706535
34.465500,32.435001,0.727683
35.464500,32.435001,0.749002
36.463501,32.435001,0.770004
37.462502,32.435001,0.790249
38.461502,32.435001,0.809324
39.460499,32.435001,0.826853
40.459499,32.435001,0.842535
41.458500,32.435001,0.856196
42.457500,32.435001,0.867837
0.499500,33.433002,0.727211
1.498500,33.433002,0.712280
2.497500,33.433002,0.698862
3.496500,33.433002,0.687429
4.495500,33.433002,0.677923
5.494500,33.433002,0.669842
6.493500,33.433002,0.662760
7.492500,33.433002,0.656528
8.491500,33.433002,0.651291
9.490500,33.433002,0.647275
10.489500,33.433002,0.644559
11.488501,33.433002,0.642886
12.487500,33.433002,0.641778
13.486500,33.433002,0.640734
14.485500,33.433002,0.639323
15.484500,33.433002,0.637188
16.483500,33.433002,0.634022
17.482500,33.433002,0.629578
18.481501,33.433002,0.623713
19.480501,33.433002,0.616512
20.479500,33.433002,0.608474
21.478500,33.433002,0.600674
22.477501,33.433002,0.594652
23.476500,33.433002,0.591720
24.475500,33.433002,0.591632
25.474501,33.433002,0.592025
26.473501,33.433002,0.592444
27.472500,33.433002,0.595724
28.471500,33.433002,0.603559
29.470501,33.433002,0.615879
30.469500,33.433002,0.631898
31.468500,33.433002,0.650668
32.467499,33.433002,0.671315
33.466499,33.433002,0.693078
34.465500,33.433002,0.715339
35.464500,33.433002,0.737578
36.463501,33.433002,0.759352
37.462502,33.433002,0.780282
38.461502,33.433002,0.800034
39.460499,33.433002,0.818328
40.459499,33.433002,0.834951
41.458500,33.433002,0.849804
42.457500,33.433002,0.862903
0.499500,34.431000,0.722723
1.498500,34.431000,0.706094
2.497500,34.431000,0.691211
3.496500,34.431000,0.679230
4.495500,34.431000,0.669961
5.494500,34.431000,0.662183
6.493500,34.431000,0.655152
7.492500,34.431000,0.648770
8.491500,34.431000,0.643442
9.490500,34.431000,0.639778
10.489500,34.431000,0.638087
11.488501,34.431000,0.637915
12.487500,34.431000,0.638431
13.486500,34.431000,0.638878
14.485500,34.431000,0.638707
15.484500,34.431000,0.637474
16.483500,34.431000,0.634733
17.482500,34.431000,0.630021
18.481501,34.431000,0.622846
19.480501,34.431000,0.612862
20.479500,34.431000,0.600171
21.478500,34.431000,0.585822
22.477501,34.431000,0.571892
23.476500,34.431000,0.560878
24.475500,34.431000,0.554437
25.474501,34.431000,0.552821
26.473501,34.431000,0.555848
27.472500,34.431000,0.563641
28.471500,34.431000,0.576047
29.470501,34.431000,0.592388
30.469500,34.431000,0.611746
31.468500,34.431000,0.633217
32.467499,34.431000,0.656006
33.466499,34.431000,0.679471
34.465500,34.431000,0.703087
35.464500,34.431000,0.726418
36.463501,34.431000,0.749107
37.462502,34.431000,0.770844
38.461502,34.431000,0.791379
39.460499,34.431000,0.810508
40.459499,34.431000,0.828095
41.458500,34.431000,0.844079
42.457500,34.431000,0.858504
0.499500,35.429001,0.720303
1.498500,35.429001,0.701744
2.497500,35.429001,0.684675
3.496500,35.429001,0.672450
4.495500,35.429001,0.664281
5.494500,35.429001,0.657081
6.493500,35.429001,0.649991
7.492500,35.429001,0.643084
8.491500,35.429001,0.637053
9.490500,35.429001,0.633319
10.489500,35.429001,0.632843
11.488501,35.429001,0.634574
12.487500,35.429001,0.636933
13.486500,35.429001,0.638953
14.485500,35.429001,0.640080
15.484500,35.429001,0.639843
16.483500,35.429001,0.637732
17.482500,35.429001,0.633059
18.481501,35.429001,0.624899
19.480501,35.429001,0.612184
20.479500,35.429001,0.594202
21.478500,35.429001,0.571672
22.477501,35.429001,0.547679
23.476500,35.429001,0.527056
24.475500,35.429001,0.514154
25.474501,35.429001,0.510868
26.473501,35.429001,0.516520
27.472500,35.429001,0.529199
28.471500,35.429001,0.546910
29.470501,35.429001,0.568036
30.469500,35.429001,0.591352
31.468500,35.429001,0.615957
32.467499,35.429001,0.641193
33.466499,35.429001,0.666549
34.465500,35.429001,0.691637
35.464500,35.429001,0.716140
36.463501,35.429001,0.739792
37.462502,35.429001,0.762378
38.461502,35.429001,0.783722
39.460499,35.429001,0.803687
40.459499,35.429001,0.822194
41.458500,35.429001,0.839228
42.457500,35.429001,0.854835
0.499500,36.427002,0.721005
1.498500,36.427002,0.701156
2.497500,36.427002,0.681365
3.496500,36.427002,0.669472
4.495500,36.427002,0.662764
5.494500,36.427002,0.655778
6.493500,36.427002,0.648329
7.492500,36.427002,0.640509
8.491500,36.427002,0.632904
9.490500,36.427002,0.628057
10.489500,36.427002,0.629495
11.488501,36.427002,0.633698
12.487500,36.427002,0.637915
13.486500,36.427002,0.641388
14.485500,36.427002,0.643727
15.484500,36.427002,0.644566
16.483500,36.427002,0.643373
17.482500,36.427002,0.639330
18.481501,36.427002,0.631108
19.480501,36.427002,0.616660
20.479500,36.427002,0.593542
21.478500,36.427002,0.561106
22.477501,36.427002,0.523770
23.476500,36.427002,0.490514
24.475500,36.427002,0.470130
25.474501,36.427002,0.466105
26.473501,36.427002,0.475917
27.472500,36.427002,0.494741
28.471500,36.427002,0.518590
29.470501,36.427002,0.544967
30.469500,36.427002,0.572465
31.468500,36.427002,0.600298
32.467499,36.427002,0.627982
33.466499,36.427002,0.655196
34.465500,36.427002,0.681706
35.464500,36.427002,0.707323
36.463501,36.427002,0.731892
37.462502,36.427002,0.755280
38.461502,36.427002,0.777381
39.460499,36.427002,0.798123
40.459499,36.427002,0.817472
41.458500,36.427002,0.835434
42.457500,36.427002,0.852076
0.499500,37.425003,0.725508
1.498500,37.425003,0.706255
2.497500,37.425003,0.688418
3.496500,37.425003,0.675637
4.495500,37.425003,0.666999
5.494500,37.425003,0.659140
6.493500,37.425003,0.651090
7.492500,37.425003,0.642598
8.491500,37.425003,0.633656
9.490500,37.425003,0.626096
10.489500,37.425003,0.630671
11.488501,37.425003,0.636722
12.487500,37.425003,0.642060
13.486500,37.425003,0.646464
14.485500,37.425003,0.649740
15.484500,37.425003,0.651599
16.483500,37.425003,0.651560
17.482500,37.425003,0.648848
18.481501,37.425003,0.642020
19.480501,37.425003,0.628249
20.479500,37.425003,0.602064
21.478500,37.425003,0.558105
22.477501,37.425003,0.502122
23.476500,37.425003,0.450650
24.475500,37.425003,0.421065
25.474501,37.425003,0.419007
26.473501,37.425003,0.436396
27.472500,37.425003,0.463360
28.471500,37.425003,0.494003
29.470501,37.425003,0.525603
30.469500,37.425003,0.556988
31.468500,37.425003,0.587687
32.467499,37.425003,0.617484
33.466499,37.425003,0.646270
34.465500,37.425003,0.673964
35.464500,37.425003,0.700508
36.463501,37.425003,0.725834
37.462502,37.425003,0.749892
38.461502,37.425003,0.772637
39.460499,37.425003,0.794039
40.459499,37.425003,0.814103
41.458500,37.425003,0.832862
42.457500,37.425003,0.850378
0.499500,38.423000,0.733301
1.498500,38.423000,0.715408
2.497500,38.423000,0.699285
3.496500,38.423000,0.686177
4.495500,38.423000,0.675831
5.494500,38.423000,0.666884
6.493500,38.423000,0.658420
7.492500,38.423000,0.650156
8.491500,38.423000,0.642507
9.490500,38.423000,0.637905
10.489500,38.423000,0.639698
11.488501,38.423000,0.644496
12.487500,38.423000,0.649565
13.486500,38.423000,0.654154
14.485500,38.423000,0.657918
15.484500,38.423000,0.660556
16.483500,38.423000,0.661675
17.482500,38.423000,0.660662
18.481501,38.423000,0.656420
19.480501,38.423000,0.646669
20.479500,38.423000,0.623990
21.478500,38.423000,0.567853
22.477501,38.423000,0.486424
23.476500,38.423000,0.406875
24.475500,38.423000,0.365589
25.474501,38.423000,0.372900
26.473501,38.423000,0.403245
27.472500,38.423000,0.439737
28.471500,38.423000,0.476698
29.470501,38.423000,0.512500
30.469500,38.423000,0.546758
31.468500,38.423000,0.579466
32.467499,38.423000,0.610693
33.466499,38.423000,0.640516
34.465500,38.423000,0.668988
35.464500,38.423000,0.696136
36.463501,38.423000,0.721973
37.462502,38.423000,0.746495
38.461502,38.423000,0.769706
39.460499,38.423000,0.791612
40.459499,38.423000,0.812242
41.458500,38.423000,0.831636
42.457500,38.423000,0.849867
0.499500,39.421001,0.743399
1.498500,39.421001,0.726678
2.497500,39.421001,0.711540
3.496500,39.421001,0.698499
4.495500,39.421001,0.687491
5.494500,39.421001,0.677980
6.493500,39.421001,0.669475
7.492500,39.421001,0.661910
8.491500,39.421001,0.655827
9.490500,39.421001,0.652525
10.489500,39.421001,0.652880
11.488501,39.421001,0.655845
12.487500,39.421001,0.659873
13.486500,39.421001,0.664028
14.485500,39.421001,0.667803
15.484500,39.421001,0.670840
16.483500,39.421001,0.672770
17.482500,39.421001,0.673105
18.481501,39.421001,0.671022
19.480501,39.421001,0.664905
20.479500,39.421001,0.649242
21.478500,39.421001,0.588373
22.477501,39.421001,0.488484
23.476500,39.421001,0.366097
24.475500,39.421001,0.307510
25.474501,39.421001,0.341553
26.473501,39.421001,0.386861
27.472500,39.421001,0.430073
28.471500,39.421001,0.470320
29.470501,39.421001,0.507915
30.469500,39.421001,0.543256
31.468500,39.421001,0.576651
32.467499,39.421001,0.608344
33.466499,39.421001,0.638487
34.465500,39.421001,0.667195
35.464500,39.421001,0.694541
36.463501,39.421001,0.720566
37.462502,39.421001,0.745292
38.461502,39.421001,0.768756
39.460499,39.421001,0.790975
40.459499,39.421001,0.811992
41.458500,39.421001,0.831858
42.457500,39.421001,0.850640
0.499500,40.419003,0.755083
1.498500,40.419003,0.739284
2.497500,40.419003,0.724864
3.496500,40.419003,0.712093
4.495500,40.419003,0.700992
5.494500,40.419003,0.691368
6.493500,40.419003,0.683047
7.492500,40.419003,0.676080
8.491500,40.419003,0.670833
9.490500,40.419003,0.667876
10.489500,40.419003,0.667466
11.488501,40.419003,0.669135
12.487500,40.419003,0.672039
13.486500,40.419003,0.675451
14.485500,40.419003,0.678849
15.484500,40.419003,0.681834
16.483500,40.419003,0.684016
17.482500,40.419003,0.684883
18.481501,40.419003,0.683482
19.480501,40.419003,0.677492
20.479500,40.419003,0.659959
21.478500,40.419003,0.617327
22.477501,40.419003,0.539503
23.476500,40.419003,0.403172
24.475500,40.419003,0.322634
25.474501,40.419003,0.357588
26.473501,40.419003,0.399237
27.472500,40.419003,0.439218
28.471500,40.419003,0.477115
29.470501,40.419003,0.513048
30.469500,40.419003,0.547206
31.468500,40.419003,0.579744
32.467499,40.419003,0.610797
33.466499,40.419003,0.640464
34.465500,40.419003,0.668812
35.464500,40.419003,0.695895
36.463501,40.419003,0.721748
37.462502,40.419003,0.746403
38.461502,40.419003,0.769878
39.460499,40.419003,0.792207
40.459499,40.419003,0.813428
41.458500,40.419003,0.833589
42.457500,40.419003,0.852753
0.499500,41.417000,0.767936
1.498500,41.417000,0.752900
2.497500,41.417000,0.739084
3.496500,41.417000,0.726682
4.495500,41.417000,0.715746
5.494500,41.417000,0.706253
6.493500,41.417000,0.698164
7.492500,41.417000,0.691567
8.491500,41.417000,0.686665
9.490500,41.417000,0.683699
10.489500,41.417000,0.682701
11.488501,41.417000,0.683398
12.487500,41.417000,0.685287
13.486500,41.417000,0.687837
14.485500,41.417000,0.690579
15.484500,41.417000,0.693111
16.483500,41.417000,0.695016
17.482500,41.417000,0.695720
18.481501,41.417000,0.694273
19.480501,41.417000,0.688830
20.479500,41.417000,0.676420
21.478500,41.417000,0.655389
22.477501,41.417000,0.628889
23.476500,41.417000,0.532081
24.475500,41.417000,0.439703
25.474501,41.417000,0.422684
26.473501,41.417000,0.439006
27.472500,41.417000,0.465965
28.471500,41.417000,0.496282
29.470501,41.417000,0.527412
30.469500,41.417000,0.558335
31.468500,41.417000,0.588596
32.467499,41.417000,0.617991
33.466499,41.417000,0.646419
34.465500,41.417000,0.673837
35.464500,41.417000,0.700221
36.463501,41.417000,0.725559
37.462502,41.417000,0.749849
38.461502,41.417000,0.773104
39.460499,41.417000,0.795337
40.459499,41.417000,0.816573
41.458500,41.417000,0.836859
42.457500,41.417000,0.856246
0.499500,42.415001,0.781694
1.498500,42.415001,0.767305
2.497500,42.415001,0.754039
3.496500,42.415001,0.742038
4.495500,42.415001,0.731370
5.494500,42.415001,0.722086
6.493500,42.415001,0.714208
7.492500,42.415001,0.707800
8.491500,42.415001,0.702977
9.490500,42.415001,0.699818
10.489500,42.415001,0.698287
11.488501,42.415001,0.698174
12.487500,42.415001,0.699140
13.486500,42.415001,0.700782
14.485500,42.415001,0.702697
15.484500,42.415001,0.704488
16.483500,42.415001,0.705725
17.482500,42.415001,0.705841
18.481501,42.415001,0.704032
19.480501,42.415001,0.699163
20.479500,42.415001,0.690004
21.478500,42.415001,0.675601
22.477501,42.415001,0.649878
23.476500,42.415001,0.590116
24.475500,42.415001,0.524344
25.474501,42.415001,0.492579
26.473501,42.415001,0.489869
27.472500,42.415001,0.503106
28.471500,42.415001,0.524182
29.470501,42.415001,0.548988
30.469500,42.415001,0.575450
31.468500,42.415001,0.602480
32.467499,42.415001,0.629466
33.466499,42.415001,0.656071
34.465500,42.415001,0.682088
35.464500,42.415001,0.707395
36.463501,42.415001,0.731906
37.462502,42.415001,0.755580
38.461502,42.415001,0.778388
39.460499,42.415001,0.800330
40.459499,42.415001,0.821416
41.458500,42.415001,0.841666
42.457500,42.415001,0.861121
