S
I=43,J=43
0.499500,0.499000,0.016640
1.498500,0.499000,0.019516
2.497500,0.499000,0.022573
3.496500,0.499000,0.025750
4.495500,0.499000,0.028959
5.494500,0.499000,0.032096
6.493500,0.499000,0.035044
7.492500,0.499000,0.037683
8.491500,0.499000,0.039885
9.490500,0.499000,0.041532
10.489500,0.499000,0.042529
11.488501,0.499000,0.042826
12.487500,0.499000,0.042406
13.486500,0.499000,0.041307
14.485500,0.499000,0.039615
15.484500,0.499000,0.037455
16.483500,0.499000,0.034990
17.482500,0.499000,0.032407
18.481501,0.499000,0.029919
19.480501,0.499000,0.027765
20.479500,0.499000,0.026190
21.478500,0.499000,0.025448
22.477501,0.499000,0.025785
23.476500,0.499000,0.027416
24.475500,0.499000,0.030527
25.474501,0.499000,0.035278
26.473501,0.499000,0.041867
27.472500,0.499000,0.050625
28.471500,0.499000,0.062185
29.470501,0.499000,0.077629
30.469500,0.499000,0.098567
31.468500,0.499000,0.126919
32.467499,0.499000,0.164309
33.466499,0.499000,0.211214
34.465500,0.499000,0.266279
35.464500,0.499000,0.326161
36.463501,0.499000,0.385840
37.462502,0.499000,0.439425
38.461502,0.499000,0.482128
39.460499,0.499000,0.512760
40.459499,0.499000,0.533535
41.458500,0.499000,0.547528
42.457500,0.499000,0.557097
0.499500,1.497000,0.015907
1.498500,1.497000,0.019125
2.497500,1.497000,0.022588
3.496500,1.497000,0.026231
4.495500,1.497000,0.029946
5.494500,1.497000,0.033611
6.493500,1.497000,0.037091
7.492500,1.497000,0.040226
8.491500,1.497000,0.042858
9.490500,1.497000,0.044828
10.489500,1.497000,0.046012
11.488501,1.497000,0.046321
12.487500,1.497000,0.045723
13.486500,1.497000,0.044269
14.485500,1.497000,0.042053
15.484500,1.497000,0.039221
16.483500,1.497000,0.035951
17.482500,1.497000,0.032461
18.481501,1.497000,0.028981
19.480501,1.497000,0.025782
20.479500,1.497000,0.023140
21.478500,1.497000,0.021347
22.477501,1.497000,0.020684
23.476500,1.497000,0.021375
24.475500,1.497000,0.023570
25.474501,1.497000,0.027324
26.473501,1.497000,0.032641
27.472500,1.497000,0.039621
28.471500,1.497000,0.048700
29.470501,1.497000,0.061015
30.469500,1.497000,0.078720
31.468500,1.497000,0.104935
32.467499,1.497000,0.142851
33.466499,1.497000,0.194088
34.465500,1.497000,0.257341
35.464500,1.497000,0.328314
36.463501,1.497000,0.400250
37.462502,1.497000,0.464034
38.461502,1.497000,0.510735
39.460499,1.497000,0.539337
40.459499,1.497000,0.555987
41.458500,1.497000,0.566098
42.457500,1.497000,0.572543
0.499500,2.495000,0.015317
1.498500,2.495000,0.018920
2.497500,2.495000,0.022851
3.496500,2.495000,0.027036
4.495500,2.495000,0.031357
5.494500,2.495000,0.035671
6.493500,2.495000,0.039817
7.492500,2.495000,0.043601
8.491500,2.495000,0.046817
9.490500,2.495000,0.049260
10.489500,2.495000,0.050749
11.488501,2.495000,0.051156
12.487500,2.495000,0.050442
13.486500,2.495000,0.048652
14.485500,2.495000,0.045915
15.484500,2.495000,0.042399
16.483500,2.495000,0.038319
17.482500,2.495000,0.033901
18.481501,2.495000,0.029411
19.480501,2.495000,0.025139
20.479500,2.495000,0.021412
21.478500,2.495000,0.018585
22.477501,2.495000,0.016999
23.476500,2.495000,0.016937
24.475500,2.495000,0.018535
25.474501,2.495000,0.021728
26.473501,2.495000,0.026242
27.472500,2.495000,0.031732
28.471500,2.495000,0.038115
29.470501,2.495000,0.046170
30.469500,2.495000,0.058391
31.468500,2.495000,0.079576
32.467499,2.495000,0.115787
33.466499,2.495000,0.170909
34.465500,2.495000,0.243537
35.464500,2.495000,0.327716
36.463501,2.495000,0.415398
37.462502,2.495000,0.494556
38.461502,2.495000,0.544899
39.460499,2.495000,0.566505
40.459499,2.495000,0.576593
41.458500,2.495000,0.582265
42.457500,2.495000,0.585687
0.499500,3.493000,0.014815
1.498500,3.493000,0.018848
2.497500,3.493000,0.023310
3.496500,3.493000,0.028121
4.495500,3.493000,0.033156
5.494500,3.493000,0.038250
6.493500,3.493000,0.043211
7.492500,3.493000,0.047812
8.491500,3.493000,0.051799
9.490500,3.493000,0.054898
10.489500,3.493000,0.056846
11.488501,3.493000,0.057466
12.487500,3.493000,0.056685
13.486500,3.493000,0.054581
14.485500,3.493000,0.051320
15.484500,3.493000,0.047127
16.483500,3.493000,0.042235
17.482500,3.493000,0.036898
18.481501,3.493000,0.031391
19.480501,3.493000,0.026034
20.479500,3.493000,0.021206
21.478500,3.493000,0.017346
22.477501,3.493000,0.014920
23.476500,3.493000,0.014345
24.475500,3.493000,0.015835
25.474501,3.493000,0.019248
26.473501,3.493000,0.023986
27.472500,3.493000,0.029059
28.471500,3.493000,0.033408
29.470501,3.493000,0.036651
30.469500,3.493000,0.040684
31.468500,3.493000,0.052094
32.467499,3.493000,0.082433
33.466499,3.493000,0.140707
34.465500,3.493000,0.224184
35.464500,3.493000,0.322081
36.463501,3.493000,0.424830
37.462502,3.493000,0.524921
38.461502,3.493000,0.577192
39.460499,3.493000,0.586133
40.459499,3.493000,0.590781
41.458500,3.493000,0.593600
42.457500,3.493000,0.595164
0.499500,4.491000,0.014358
1.498500,4.491000,0.018848
2.497500,4.491000,0.023900
3.496500,4.491000,0.029420
4.495500,4.491000,0.035275
5.494500,4.491000,0.041287
6.493500,4.491000,0.047226
7.492500,4.491000,0.052838
8.491500,4.491000,0.057816
9.490500,4.491000,0.061799
10.489500,4.491000,0.064411
11.488501,4.491000,0.065369
12.487500,4.491000,0.064571
13.486500,4.491000,0.062148
14.485500,4.491000,0.058363
15.484500,4.491000,0.053507
16.483500,4.491000,0.047842
17.482500,4.491000,0.041625
18.481501,4.491000,0.035129
19.480501,4.491000,0.028689
20.479500,4.491000,0.022729
21.478500,4.491000,0.017796
22.477501,4.491000,0.014555
23.476500,4.491000,0.013684
24.475500,4.491000,0.015654
25.474501,4.491000,0.020405
26.473501,4.491000,0.027074
27.472500,4.491000,0.033952
28.471500,4.491000,0.038663
29.470501,4.491000,0.038620
30.469500,4.491000,0.032699
31.468500,4.491000,0.026921
32.467499,4.491000,0.043079
33.466499,4.491000,0.104774
34.465500,4.491000,0.203119
35.464500,4.491000,0.313269
36.463501,4.491000,0.420816
37.462502,4.491000,0.515568
38.461502,4.491000,0.570262
39.460499,4.491000,0.587859
40.459499,4.491000,0.595121
41.458500,4.491000,0.598675
42.457500,4.491000,0.600256
0.499500,5.489000,0.013887
1.498500,5.489000,0.018854
2.497500,5.489000,0.024552
3.496500,5.489000,0.030865
4.495500,5.489000,0.037649
5.494500,5.489000,0.044701
6.493500,5.489000,0.051781
7.492500,5.489000,0.058598
8.491500,5.489000,0.064810
9.490500,5.489000,0.069973
10.489500,5.489000,0.073531
11.488501,5.489000,0.074982
12.487500,5.489000,0.074171
13.486500,5.489000,0.071387
14.485500,5.489000,0.067075
15.484500,5.489000,0.061603
16.483500,5.489000,0.055254
17.482500,5.489000,0.048262
18.481501,5.489000,0.040866
19.480501,5.489000,0.033384
20.479500,5.489000,0.026259
21.478500,5.489000,0.020143
22.477501,5.489000,0.015949
23.476500,5.489000,0.014812
24.475500,5.489000,0.017778
25.474501,5.489000,0.025184
26.473501,5.489000,0.036086
27.472500,5.489000,0.048194
28.471500,5.489000,0.058068
29.470501,5.489000,0.060851
30.469500,5.489000,0.049528
31.468500,5.489000,0.018857
32.467499,5.489000,0.000559
33.466499,5.489000,0.072118
34.465500,5.489000,0.195651
35.464500,5.489000,0.313789
36.463501,5.489000,0.415602
37.462502,5.489000,0.496825
38.461502,5.489000,0.550260
39.460499,5.489000,0.578198
40.459499,5.489000,0.591754
41.458500,5.489000,0.598351
42.457500,5.489000,0.601334
0.499500,6.487000,0.013341
1.498500,6.487000,0.018802
2.497500,6.487000,0.025180
3.496500,6.487000,0.032371
4.495500,6.487000,0.040190
5.494500,6.487000,0.048405
6.493500,6.487000,0.056750
7.492500,6.487000,0.064940
8.491500,6.487000,0.072628
9.490500,6.487000,0.079324
10.489500,6.487000,0.084242
11.488501,6.487000,0.086388
12.487500,6.487000,0.085466
13.486500,6.487000,0.082201
14.485500,6.487000,0.077369
15.484500,6.487000,0.071408
16.483500,6.487000,0.064559
17.482500,6.487000,0.056992
18.481501,6.487000,0.048886
19.480501,6.487000,0.040490
20.479500,6.487000,0.032214
21.478500,6.487000,0.024741
22.477501,6.487000,0.019222
23.476500,6.487000,0.017425
24.475500,6.487000,0.021508
25.474501,6.487000,0.032815
26.473501,6.487000,0.050476
27.472500,6.487000,0.071712
28.471500,6.487000,0.093001
29.470501,6.487000,0.109947
30.469500,6.487000,0.114362
31.468500,6.487000,0.082361
32.467499,6.487000,-0.022238
33.466499,6.487000,0.092926
34.465500,6.487000,0.235972
35.464500,6.487000,0.341126
36.463501,6.487000,0.425536
37.462502,6.487000,0.491959
38.461502,6.487000,0.539210
39.460499,6.487000,0.568840
40.459499,6.487000,0.585810
41.458500,6.487000,0.594987
42.457500,6.487000,0.599566
0.499500,7.485000,0.012660
1.498500,7.485000,0.018605
2.497500,7.485000,0.025724
3.496500,7.485000,0.033879
4.495500,7.485000,0.042833
5.494500,7.485000,0.052303
6.493500,7.485000,0.061995
7.492500,7.485000,0.071628
8.491500,7.485000,0.080915
9.490500,7.485000,0.089471
10.489500,7.485000,0.096420
11.488501,7.485000,0.099591
12.487500,7.485000,0.098130
13.486500,7.485000,0.094220
14.485500,7.485000,0.089013
15.484500,7.485000,0.082835
16.483500,7.485000,0.075804
17.482500,7.485000,0.067999
18.481501,7.485000,0.059510
19.480501,7.485000,0.050491
20.479500,7.485000,0.041239
21.478500,7.485000,0.032321
22.477501,7.485000,0.024902
23.476500,7.485000,0.021340
24.475500,7.485000,0.025739
25.474501,7.485000,0.041880
26.473501,7.485000,0.068681
27.472500,7.485000,0.101919
28.471500,7.485000,0.138671
29.470501,7.485000,0.178281
30.469500,7.485000,0.223112
31.468500,7.485000,0.285511
32.467499,7.485000,0.406436
33.466499,7.485000,0.314233
34.465500,7.485000,0.342318
35.464500,7.485000,0.396918
36.463501,7.485000,0.452083
37.462502,7.485000,0.500132
38.461502,7.485000,0.537536
39.460499,7.485000,0.563769
40.459499,7.485000,0.580628
41.458500,7.485000,0.590696
42.457500,7.485000,0.596208
0.499500,8.483001,0.011787
1.498500,8.483001,0.018200
2.497500,8.483001,0.026118
3.496500,8.483001,0.035339
4.495500,8.483001,0.045548
5.494500,8.483001,0.056358
6.493500,8.483001,0.067414
7.492500,8.483001,0.078422
8.491500,8.483001,0.089143
9.490500,8.483001,0.099384
10.489500,8.483001,0.108833
11.488501,8.483001,0.113766
12.487500,8.483001,0.110933
13.486500,8.483001,0.106734
14.485500,8.483001,0.101661
15.484500,8.483001,0.095755
16.483500,8.483001,0.089012
17.482500,8.483001,0.081438
18.481501,8.483001,0.073065
19.480501,8.483001,0.063946
20.479500,8.483001,0.054227
21.478500,8.483001,0.044210
22.477501,8.483001,0.034629
23.476500,8.483001,0.027546
24.475500,8.483001,0.029418
25.474501,8.483001,0.051276
26.473501,8.483001,0.089646
27.472500,8.483001,0.135259
28.471500,8.483001,0.185889
29.470501,8.483001,0.243588
30.469500,8.483001,0.314361
31.468500,8.483001,0.406562
32.467499,8.483001,0.486170
33.466499,8.483001,0.464350
34.465500,8.483001,0.443309
35.464500,8.483001,0.456779
36.463501,8.483001,0.484888
37.462502,8.483001,0.515252
38.461502,8.483001,0.541911
39.460499,8.483001,0.562557
40.459499,8.483001,0.577098
41.458500,8.483001,0.586527
42.457500,8.483001,0.592109
0.499500,9.481000,0.010694
1.498500,9.481000,0.017522
2.497500,9.481000,0.026321
3.496500,9.481000,0.036795
4.495500,9.481000,0.048410
5.494500,9.481000,0.060646
6.493500,9.481000,0.073031
7.492500,9.481000,0.085226
8.491500,9.481000,0.096959
9.490500,9.481000,0.107934
10.489500,9.481000,0.117465
11.488501,9.481000,0.122654
12.487500,9.481000,0.122015
13.486500,9.481000,0.119117
14.485500,9.481000,0.115065
15.484500,9.481000,0.110060
16.483500,9.481000,0.104167
17.482500,9.481000,0.097398
18.481501,9.481000,0.089773
19.480501,9.481000,0.081316
20.479500,9.481000,0.072077
21.478500,9.481000,0.062154
22.477501,9.481000,0.051745
23.476500,9.481000,0.041398
24.475500,9.481000,0.034810
25.474501,9.481000,0.064985
26.473501,9.481000,0.115832
27.472500,9.481000,0.170104
28.471500,9.481000,0.228246
29.470501,9.481000,0.292213
30.469500,9.481000,0.363506
31.468500,9.481000,0.437006
32.467499,9.481000,0.489300
33.466499,9.481000,0.500399
34.465500,9.481000,0.495566
35.464500,9.481000,0.499331
36.463501,9.481000,0.512887
37.462502,9.481000,0.530744
38.461502,9.481000,0.548394
39.460499,9.481000,0.563347
40.459499,9.481000,0.574722
41.458500,9.481000,0.582628
42.457500,9.481000,0.587615
0.499500,10.479000,0.009350
1.498500,10.479000,0.016526
2.497500,10.479000,0.026385
3.496500,10.479000,0.038380
4.495500,10.479000,0.051641
5.494500,10.479000,0.065396
6.493500,10.479000,0.079077
7.492500,10.479000,0.092285
8.491500,10.479000,0.104670
9.490500,10.479000,0.115788
10.489500,10.479000,0.124820
11.488501,10.479000,0.130466
12.487500,10.479000,0.132348
13.486500,10.479000,0.131624
14.485500,10.479000,0.129273
15.484500,10.479000,0.125747
16.483500,10.479000,0.121237
17.482500,10.479000,0.115851
18.481501,10.479000,0.109656
19.480501,10.479000,0.102732
20.479500,10.479000,0.095191
21.478500,10.479000,0.087234
22.477501,10.479000,0.079288
23.476500,10.479000,0.072607
24.475500,10.479000,0.073354
25.474501,10.479000,0.102708
26.473501,10.479000,0.152097
27.472500,10.479000,0.206889
28.471500,10.479000,0.265154
29.470501,10.479000,0.326647
30.469500,10.479000,0.389596
31.468500,10.479000,0.447737
32.467499,10.479000,0.490065
33.466499,10.479000,0.510761
34.465500,10.479000,0.518009
35.464500,10.479000,0.523441
36.463501,10.479000,0.531833
37.462502,10.479000,0.542687
38.461502,10.479000,0.554049
39.460499,10.479000,0.564302
40.459499,10.479000,0.572587
41.458500,10.479000,0.578680
42.457500,10.479000,0.582730
0.499500,11.477000,0.007810
1.498500,11.477000,0.015181
2.497500,11.477000,0.026449
3.496500,11.477000,0.040453
4.495500,11.477000,0.055657
5.494500,11.477000,0.071026
6.493500,11.477000,0.085954
7.492500,11.477000,0.100051
8.491500,11.477000,0.112972
9.490500,11.477000,0.124310
10.489500,11.477000,0.133503
11.488501,11.477000,0.139981
12.487500,11.477000,0.143638
13.486500,11.477000,0.144949
14.485500,11.477000,0.144532
15.484500,11.477000,0.142827
16.483500,11.477000,0.140121
17.482500,11.477000,0.136604
18.481501,11.477000,0.132438
19.480501,11.477000,0.127819
20.479500,11.477000,0.123034
21.478500,11.477000,0.118607
22.477501,11.477000,0.115616
23.476500,11.477000,0.116561
24.475500,11.477000,0.127099
25.474501,11.477000,0.154109
26.473501,11.477000,0.195708
27.472500,11.477000,0.245147
28.471500,11.477000,0.298554
29.470501,11.477000,0.353637
30.469500,11.477000,0.407476
31.468500,11.477000,0.455378
32.467499,11.477000,0.491967
33.466499,11.477000,0.515017
34.465500,11.477000,0.527742
35.464500,11.477000,0.535711
36.463501,11.477000,0.542744
37.462502,11.477000,0.550066
38.461502,11.477000,0.557429
39.460499,11.477000,0.564199
40.459499,11.477000,0.569884
41.458500,11.477000,0.574253
42.457500,11.477000,0.577294
0.499500,12.475000,0.006366
1.498500,12.475000,0.013507
2.497500,12.475000,0.027042
3.496500,12.475000,0.043797
4.495500,12.475000,0.061164
5.494500,12.475000,0.078098
6.493500,12.475000,0.094136
7.492500,12.475000,0.109009
8.491500,12.475000,0.122452
9.490500,12.475000,0.134178
10.489500,12.475000,0.143866
11.488501,12.475000,0.151272
12.487500,12.475000,0.156391
13.486500,12.475000,0.159497
14.485500,12.475000,0.160997
15.484500,12.475000,0.161267
16.483500,12.475000,0.160619
17.482500,12.475000,0.159303
18.481501,12.475000,0.157576
19.480501,12.475000,0.155756
20.479500,12.475000,0.154299
21.478500,12.475000,0.153970
22.477501,12.475000,0.156118
23.476500,12.475000,0.163063
24.475500,12.475000,0.178149
25.474501,12.475000,0.204046
26.473501,12.475000,0.240106
27.472500,12.475000,0.283140
28.471500,12.475000,0.329909
29.470501,12.475000,0.377624
30.469500,12.475000,0.423340
31.468500,12.475000,0.463702
32.467499,12.475000,0.495702
33.466499,12.475000,0.518183
34.465500,12.475000,0.532547
35.464500,12.475000,0.541658
36.463501,12.475000,0.548123
37.462502,12.475000,0.553455
38.461502,12.475000,0.558214
39.460499,12.475000,0.562460
40.459499,12.475000,0.566089
41.458500,12.475000,0.568998
42.457500,12.475000,0.571125
0.499500,13.473001,0.006564
1.498500,13.473001,0.012047
2.497500,13.473001,0.030046
3.496500,13.473001,0.049918
4.495500,13.473001,0.069106
5.494500,13.473001,0.087200
6.493500,13.473001,0.104050
7.492500,13.473001,0.119508
8.491500,13.473001,0.133413
9.490500,13.473001,0.145590
10.489500,13.473001,0.155876
11.488501,13.473001,0.164188
12.487500,13.473001,0.170593
13.486500,13.473001,0.175303
14.485500,13.473001,0.178629
15.484500,13.473001,0.180892
16.483500,13.473001,0.182403
17.482500,13.473001,0.183457
18.481501,13.473001,0.184367
19.480501,13.473001,0.185519
20.479500,13.473001,0.187462
21.478500,13.473001,0.191007
22.477501,13.473001,0.197376
23.476500,13.473001,0.208257
24.475500,13.473001,0.225517
25.474501,13.473001,0.250327
26.473501,13.473001,0.282282
27.472500,13.473001,0.319572
28.471500,13.473001,0.359821
29.470501,13.473001,0.400573
30.469500,13.473001,0.439315
31.468500,13.473001,0.473577
32.467499,13.473001,0.501380
33.466499,13.473001,0.521898
34.465500,13.473001,0.535748
35.464500,13.473001,0.544554
36.463501,13.473001,0.550125
37.462502,13.473001,0.553861
38.461502,13.473001,0.556640
39.460499,13.473001,0.558933
40.459499,13.473001,0.560944
41.458500,13.473001,0.562698
42.457500,13.473001,0.564107
0.499500,14.471001,0.015368
1.498500,14.471001,0.021124
2.497500,14.471001,0.040137
3.496500,14.471001,0.060613
4.495500,14.471001,0.080237
5.494500,14.471001,0.098708
6.493500,14.471001,0.115900
7.492500,14.471001,0.131677
8.491500,14.471001,0.145919
9.490500,14.471001,0.158500
10.489500,14.471001,0.169359
11.488501,14.471001,0.178499
12.487500,14.471001,0.186034
13.486500,14.471001,0.192176
14.485500,14.471001,0.197196
15.484500,14.471001,0.201393
16.483500,14.471001,0.205061
17.482500,14.471001,0.208505
18.481501,14.471001,0.212057
19.480501,14.471001,0.216122
20.479500,14.471001,0.221229
21.478500,14.471001,0.228094
22.477501,14.471001,0.237670
23.476500,14.471001,0.251068
24.475500,14.471001,0.269321
25.474501,14.471001,0.292935
26.473501,14.471001,0.321553
27.472500,14.471001,0.353968
28.471500,14.471001,0.388462
29.470501,14.471001,0.423102
30.469500,14.471001,0.455908
31.468500,14.471001,0.485004
32.467499,14.471001,0.508869
33.466499,14.471001,0.526717
34.465500,14.471001,0.538774
35.464500,14.471001,0.546131
36.463501,14.471001,0.550181
37.462502,14.471001,0.552175
38.461502,14.471001,0.553098
39.460499,14.471001,0.553679
40.459499,14.471001,0.554365
41.458500,14.471001,0.555265
42.457500,14.471001,0.556207
0.499500,15.469001,0.033466
1.498500,15.469001,0.042343
2.497500,15.469001,0.057610
3.496500,15.469001,0.075835
4.495500,15.469001,0.094453
5.494500,15.469001,0.112496
6.493500,15.469001,0.129574
7.492500,15.469001,0.145417
8.491500,15.469001,0.159839
9.490500,15.469001,0.172725
10.489500,15.469001,0.184047
11.488501,15.469001,0.193884
12.487500,15.469001,0.202387
13.486500,15.469001,0.209791
14.485500,15.469001,0.216361
15.484500,15.469001,0.222373
16.483500,15.469001,0.228114
17.482500,15.469001,0.233871
18.481501,15.469001,0.239952
19.480501,15.469001,0.246725
20.479500,15.469001,0.254638
21.478500,15.469001,0.264253
22.477501,15.469001,0.276228
23.476500,15.469001,0.291251
24.475500,15.469001,0.309862
25.474501,15.469001,0.332231
26.473501,15.469001,0.357999
27.472500,15.469001,0.386284
28.471500,15.469001,0.415842
29.470501,15.469001,0.445230
30.469500,15.469001,0.472971
31.468500,15.469001,0.497634
32.467499,15.469001,0.517901
33.466499,15.469001,0.532761
34.465500,15.469001,0.542178
35.464500,15.469001,0.547204
36.463501,15.469001,0.549128
37.462502,15.469001,0.549049
38.461502,15.469001,0.547956
39.460499,15.469001,0.546804
40.459499,15.469001,0.546359
41.458500,15.469001,0.546740
42.457500,15.469001,0.547521
0.499500,16.467001,0.053260
1.498500,16.467001,0.063653
2.497500,16.467001,0.077419
3.496500,16.467001,0.093560
4.495500,16.467001,0.110717
5.494500,16.467001,0.127950
6.493500,16.467001,0.144659
7.492500,16.467001,0.160403
8.491500,16.467001,0.174886
9.490500,16.467001,0.187957
10.489500,16.467001,0.199605
11.488501,16.467001,0.209960
12.487500,16.467001,0.219247
13.486500,16.467001,0.227728
14.485500,16.467001,0.235676
15.484500,16.467001,0.243365
16.483500,16.467001,0.251047
17.482500,16.467001,0.258977
18.481501,16.467001,0.267422
19.480501,16.467001,0.276661
20.479500,16.467001,0.287031
21.478500,16.467001,0.298914
22.477501,16.467001,0.312719
23.476500,16.467001,0.328825
24.475500,16.467001,0.347460
25.474501,16.467001,0.368600
26.473501,16.467001,0.391881
27.472500,16.467001,0.416622
28.471500,16.467001,0.441908
29.470501,16.467001,0.466718
30.469500,16.467001,0.490023
31.468500,16.467001,0.510836
32.467499,16.467001,0.528046
33.466499,16.467001,0.539906
34.465500,16.467001,0.545918
35.464500,16.467001,0.547979
36.463501,16.467001,0.547399
37.462502,16.467001,0.545000
38.461502,16.467001,0.541603
39.460499,16.467001,0.538432
40.459499,16.467001,0.536999
41.458500,16.467001,0.537356
42.457500,16.467001,0.538321
0.499500,17.465000,0.072739
1.498500,17.465000,0.084101
2.497500,17.465000,0.097082
3.496500,17.465000,0.111752
4.495500,17.465000,0.127665
5.494500,17.465000,0.144148
6.493500,17.465000,0.160512
7.492500,17.465000,0.176173
8.491500,17.465000,0.190683
9.490500,17.465000,0.203820
10.489500,17.465000,0.215614
11.488501,17.465000,0.226285
12.487500,17.465000,0.236143
13.486500,17.465000,0.245499
14.485500,17.465000,0.254654
15.484500,17.465000,0.263859
16.483500,17.465000,0.273341
17.482500,17.465000,0.283298
18.481501,17.465000,0.293922
19.480501,17.465000,0.305402
20.479500,17.465000,0.317936
21.478500,17.465000,0.331734
22.477501,17.465000,0.347000
23.476500,17.465000,0.363883
24.475500,17.465000,0.382398
25.474501,17.465000,0.402387
26.473501,17.465000,0.423473
27.472500,17.465000,0.445096
28.471500,17.465000,0.466585
29.470501,17.465000,0.487236
30.469500,17.465000,0.506393
31.468500,17.465000,0.523504
32.467499,17.465000,0.538083
33.466499,17.465000,0.547343
34.465500,17.465000,0.549119
35.464500,17.465000,0.548181
36.463501,17.465000,0.545205
37.462502,17.465000,0.540590
38.461502,17.465000,0.534791
39.460499,17.465000,0.528882
40.459499,17.465000,0.526658
41.458500,17.465000,0.527806
42.457500,17.465000,0.529127
0.499500,18.463001,0.091291
1.498500,18.463001,0.103262
2.497500,18.463001,0.115367
3.496500,18.463001,0.128924
4.495500,18.463001,0.144010
5.494500,18.463001,0.160086
6.493500,18.463001,0.176404
7.492500,18.463001,0.192186
8.491500,18.463001,0.206784
9.490500,18.463001,0.219881
10.489500,18.463001,0.231601
11.488501,18.463001,0.242331
12.487500,18.463001,0.252524
13.486500,18.463001,0.262563
14.485500,18.463001,0.272750
15.484500,18.463001,0.283321
16.483500,18.463001,0.294459
17.482500,18.463001,0.306303
18.481501,18.463001,0.318959
19.480501,18.463001,0.332501
20.479500,18.463001,0.346992
21.478500,18.463001,0.362477
22.477501,18.463001,0.378989
23.476500,18.463001,0.396504
24.475500,18.463001,0.414884
25.474501,18.463001,0.433854
26.473501,18.463001,0.453002
27.472500,18.463001,0.471832
28.471500,18.463001,0.489831
29.470501,18.463001,0.506525
30.469500,18.463001,0.521512
31.468500,18.463001,0.534434
32.467499,18.463001,0.544733
33.466499,18.463001,0.550335
34.465500,18.463001,0.550315
35.464500,18.463001,0.547420
36.463501,18.463001,0.542667
37.462502,18.463001,0.536462
38.461502,18.463001,0.529125
39.460499,18.463001,0.521276
40.459499,18.463001,0.518332
41.458500,18.463001,0.519554
42.457500,18.463001,0.520575
0.499500,19.461000,0.108276
1.498500,19.461000,0.120095
2.497500,19.461000,0.130878
3.496500,19.461000,0.143747
4.495500,19.461000,0.158584
5.494500,19.461000,0.174798
6.493500,19.461000,0.191575
7.492500,19.461000,0.207902
8.491500,19.461000,0.222769
9.490500,19.461000,0.235686
10.489500,19.461000,0.247008
11.488501,19.461000,0.257488
12.487500,19.461000,0.267772
13.486500,19.461000,0.278308
14.485500,19.461000,0.289382
15.484500,19.461000,0.301198
16.483500,19.461000,0.313874
17.482500,19.461000,0.327494
18.481501,19.461000,0.342069
19.480501,19.461000,0.357559
20.479500,19.461000,0.373874
21.478500,19.461000,0.390916
22.477501,19.461000,0.408575
23.476500,19.461000,0.426702
24.475500,19.461000,0.445037
25.474501,19.461000,0.463189
26.473501,19.461000,0.480664
27.472500,19.461000,0.496961
28.471500,19.461000,0.511668
29.470501,19.461000,0.524495
30.469500,19.461000,0.535243
31.468500,19.461000,0.543688
32.467499,19.461000,0.549361
33.466499,19.461000,0.551472
34.465500,19.461000,0.549919
35.464500,19.461000,0.545721
36.463501,19.461000,0.539802
37.462502,19.461000,0.532762
38.461502,19.461000,0.525204
39.460499,19.461000,0.518326
40.459499,19.461000,0.514328
41.458500,19.461000,0.513124
42.457500,19.461000,0.512815
0.499500,20.459002,0.118113
1.498500,20.459002,0.130589
2.497500,20.459002,0.141833
3.496500,20.459002,0.155066
4.495500,20.459002,0.170362
5.494500,20.459002,0.187310
6.493500,20.459002,0.205190
7.492500,20.459002,0.222768
8.491500,20.459002,0.238250
9.490500,20.459002,0.250669
10.489500,20.459002,0.261092
11.488501,20.459002,0.270978
12.487500,20.459002,0.281175
13.486500,20.459002,0.292096
14.485500,20.459002,0.303970
15.484500,20.459002,0.316926
16.483500,20.459002,0.331050
17.482500,20.459002,0.346360
18.481501,20.459002,0.362790
19.480501,20.459002,0.380179
20.479500,20.459002,0.398265
21.478500,20.459002,0.416797
22.477501,20.459002,0.435564
23.476500,20.459002,0.454366
24.475500,20.459002,0.472853
25.474501,20.459002,0.490485
26.473501,20.459002,0.506598
27.472500,20.459002,0.520610
28.471500,20.459002,0.532163
29.470501,20.459002,0.541164
30.469500,20.459002,0.547685
31.468500,20.459002,0.551784
32.467499,20.459002,0.553379
33.466499,20.459002,0.552327
34.465500,20.459002,0.548768
35.464500,20.459002,0.543246
36.463501,20.459002,0.536417
37.462502,20.459002,0.528902
38.461502,20.459002,0.521383
39.460499,20.459002,0.514769
40.459499,20.459002,0.509979
41.458500,20.459002,0.507061
42.457500,20.459002,0.505304
0.499500,21.457001,0.120789
1.498500,21.457001,0.134615
2.497500,21.457001,0.147938
3.496500,21.457001,0.162381
4.495500,21.457001,0.178604
5.494500,21.457001,0.196616
6.493500,21.457001,0.216078
7.492500,21.457001,0.235923
8.491500,21.457001,0.252838
9.490500,21.457001,0.263868
10.489500,21.457001,0.272700
11.488501,21.457001,0.281840
12.487500,21.457001,0.291964
13.486500,21.457001,0.303293
14.485500,21.457001,0.315938
15.484500,21.457001,0.329974
16.483500,21.457001,0.345451
17.482500,21.457001,0.362375
18.481501,21.457001,0.380620
19.480501,21.457001,0.399914
20.479500,21.457001,0.419787
21.478500,21.457001,0.439758
22.477501,21.457001,0.459590
23.476500,21.457001,0.479168
24.475500,21.457001,0.498134
25.474501,21.457001,0.515708
26.473501,21.457001,0.530898
27.472500,21.457001,0.542886
28.471500,21.457001,0.551343
29.470501,21.457001,0.556476
30.469500,21.457001,0.558759
31.468500,21.457001,0.558667
32.467499,21.457001,0.556503
33.466499,21.457001,0.552458
34.465500,21.457001,0.546782
35.464500,21.457001,0.539854
36.463501,21.457001,0.532148
37.462502,21.457001,0.524179
38.461502,21.457001,0.516501
39.460499,21.457001,0.509713
40.459499,21.457001,0.504275
41.458500,21.457001,0.500259
42.457500,21.457001,0.497371
0.499500,22.455000,0.121431
1.498500,22.455000,0.135782
2.497500,22.455000,0.150345
3.496500,22.455000,0.165876
4.495500,22.455000,0.182925
5.494500,22.455000,0.201748
6.493500,22.455000,0.222367
7.492500,22.455000,0.244583
8.491500,22.455000,0.264825
9.490500,22.455000,0.272537
10.489500,22.455000,0.280084
11.488501,22.455000,0.289021
12.487500,22.455000,0.299435
13.486500,22.455000,0.311352
14.485500,22.455000,0.324810
15.484500,22.455000,0.339860
16.483500,22.455000,0.356571
17.482500,22.455000,0.374963
18.481501,22.455000,0.394962
19.480501,22.455000,0.416227
20.479500,22.455000,0.437984
21.478500,22.455000,0.459295
22.477501,22.455000,0.479984
23.476500,22.455000,0.500425
24.475500,22.455000,0.520372
25.474501,22.455000,0.538644
26.473501,22.455000,0.553581
27.472500,22.455000,0.563843
28.471500,22.455000,0.569123
29.470501,22.455000,0.570147
30.469500,22.455000,0.568053
31.468500,22.455000,0.563825
32.467499,22.455000,0.558095
33.466499,22.455000,0.551229
34.465500,22.455000,0.543497
35.464500,22.455000,0.535172
36.463501,22.455000,0.526585
37.462502,22.455000,0.518106
38.461502,22.455000,0.510122
39.460499,22.455000,0.503016
40.459499,22.455000,0.497050
41.458500,22.455000,0.492284
42.457500,22.455000,0.488584
0.499500,23.453001,0.120357
1.498500,23.453001,0.134818
2.497500,23.453001,0.149881
3.496500,23.453001,0.165927
4.495500,23.453001,0.183311
5.494500,23.453001,0.202209
6.493500,23.453001,0.222533
7.492500,23.453001,0.243537
8.491500,23.453001,0.261601
9.490500,23.453001,0.272679
10.489500,23.453001,0.281898
11.488501,23.453001,0.291890
12.487500,23.453001,0.303190
13.486500,23.453001,0.315952
14.485500,23.453001,0.330269
15.484500,23.453001,0.346231
16.483500,23.453001,0.363947
17.482500,23.453001,0.383527
18.481501,23.453001,0.405034
19.480501,23.453001,0.428287
20.479500,23.453001,0.452256
21.478500,23.453001,0.474614
22.477501,23.453001,0.495477
23.476500,23.453001,0.516807
24.475500,23.453001,0.538540
25.474501,23.453001,0.558787
26.473501,23.453001,0.574594
27.472500,23.453001,0.583477
28.471500,23.453001,0.585173
29.470501,23.453001,0.581520
30.469500,23.453001,0.574744
31.468500,23.453001,0.566412
32.467499,23.453001,0.557345
33.466499,23.453001,0.547929
34.465500,23.453001,0.538347
35.464500,23.453001,0.528763
36.463501,23.453001,0.519360
37.462502,23.453001,0.510374
38.461502,23.453001,0.502049
39.460499,23.453001,0.494618
40.459499,23.453001,0.488246
41.458500,23.453001,0.482964
42.457500,23.453001,0.478710
0.499500,24.451000,0.117644
1.498500,24.451000,0.131908
2.497500,24.451000,0.146958
3.496500,24.451000,0.162987
4.495500,24.451000,0.180165
5.494500,24.451000,0.198489
6.493500,24.451000,0.217623
7.492500,24.451000,0.236570
8.491500,24.451000,0.253406
9.490500,24.451000,0.267017
10.489500,24.451000,0.278870
11.488501,24.451000,0.290672
12.487500,24.451000,0.303285
13.486500,24.451000,0.317075
14.485500,24.451000,0.332233
15.484500,24.451000,0.348916
16.483500,24.451000,0.367274
17.482500,24.451000,0.387504
18.481501,24.451000,0.409825
19.480501,24.451000,0.434465
20.479500,24.451000,0.461172
21.478500,24.451000,0.483895
22.477501,24.451000,0.503610
23.476500,24.451000,0.526066
24.475500,24.451000,0.550784
25.474501,24.451000,0.575084
26.473501,24.451000,0.593797
27.472500,24.451000,0.601641
28.471500,24.451000,0.598604
29.470501,24.451000,0.589232
30.469500,24.451000,0.577472
31.468500,24.451000,0.565270
32.467499,24.451000,0.553335
33.466499,24.451000,0.541836
34.465500,24.451000,0.530794
35.464500,24.451000,0.520221
36.463501,24.451000,0.510176
37.462502,24.451000,0.500776
38.461502,24.451000,0.492171
39.460499,24.451000,0.484496
40.459499,24.451000,0.477841
41.458500,24.451000,0.472235
42.457500,24.451000,0.467639
0.499500,25.449001,0.113409
1.498500,25.449001,0.127217
2.497500,25.449001,0.141899
3.496500,25.449001,0.157524
4.495500,25.449001,0.174132
5.494500,25.449001,0.191628
6.493500,25.449001,0.209609
7.492500,25.449001,0.227343
8.491500,25.449001,0.243885
9.490500,25.449001,0.258798
10.489500,25.449001,0.272606
11.488501,25.449001,0.286165
12.487500,25.449001,0.300149
13.486500,25.449001,0.314970
14.485500,25.449001,0.330864
15.484500,25.449001,0.347999
16.483500,25.449001,0.366537
17.482500,25.449001,0.386659
18.481501,25.449001,0.408581
19.480501,25.449001,0.432490
20.479500,25.449001,0.457908
21.478500,25.449001,0.480339
22.477501,25.449001,0.500973
23.476500,25.449001,0.525227
24.475500,25.449001,0.553893
25.474501,25.449001,0.584997
26.473501,25.449001,0.610721
27.472500,25.449001,0.617640
28.471500,25.449001,0.606978
29.470501,25.449001,0.590667
30.469500,25.449001,0.574250
31.468500,25.449001,0.559052
32.467499,25.449001,0.545160
33.466499,25.449001,0.532344
34.465500,25.449001,0.520415
35.464500,25.449001,0.509257
36.463501,25.449001,0.498837
37.462502,25.449001,0.489208
38.461502,25.449001,0.480444
39.460499,25.449001,0.472637
40.459499,25.449001,0.465841
41.458500,25.449001,0.460080
42.457500,25.449001,0.455316
0.499500,26.447001,0.107782
1.498500,26.447001,0.120961
2.497500,26.447001,0.135023
3.496500,26.447001,0.149993
4.495500,26.447001,0.165878
5.494500,26.447001,0.182525
6.493500,26.447001,0.199627
7.492500,26.447001,0.216706
8.491500,26.447001,0.233252
9.490500,26.447001,0.249028
10.489500,26.447001,0.264199
11.488501,26.447001,0.279184
12.487500,26.447001,0.294384
13.486500,26.447001,0.310109
14.485500,26.447001,0.326555
15.484500,26.447001,0.343856
16.483500,26.447001,0.362113
17.482500,26.447001,0.381408
18.481501,26.447001,0.401780
19.480501,26.447001,0.423106
20.479500,26.447001,0.444707
21.478500,26.447001,0.465513
22.477501,26.447001,0.486729
23.476500,26.447001,0.511639
24.475500,26.447001,0.542811
25.474501,26.447001,0.581237
26.473501,26.447001,0.621899
27.472500,26.447001,0.626703
28.471500,26.447001,0.603591
29.470501,26.447001,0.581574
30.469500,26.447001,0.562775
31.468500,26.447001,0.546558
32.467499,26.447001,0.532174
33.466499,26.447001,0.519099
34.465500,26.447001,0.507015
35.464500,26.447001,0.495756
36.463501,26.447001,0.485287
37.462502,26.447001,0.475639
38.461502,26.447001,0.466881
39.460499,26.447001,0.459078
40.459499,26.447001,0.452281
41.458500,26.447001,0.446512
42.457500,26.447001,0.441743
0.499500,27.445002,0.100954
1.498500,27.445002,0.113358
2.497500,27.445002,0.126634
3.496500,27.445002,0.140818
4.495500,27.445002,0.155894
5.494500,27.445002,0.171765
6.493500,27.445002,0.188216
7.492500,27.445002,0.204940
8.491500,27.445002,0.221619
9.490500,27.445002,0.238067
10.489500,27.445002,0.254270
11.488501,27.445002,0.270382
12.487500,27.445002,0.286584
13.486500,27.445002,0.303044
14.485500,27.445002,0.319868
15.484500,27.445002,0.337103
16.483500,27.445002,0.354751
17.482500,27.445002,0.372755
18.481501,27.445002,0.390979
19.480501,27.445002,0.409163
20.479500,27.445002,0.426951
21.478500,27.445002,0.444338
22.477501,27.445002,0.462579
23.476500,27.445002,0.484288
24.475500,27.445002,0.512521
25.474501,27.445002,0.549441
26.473501,27.445002,0.590980
27.472500,27.445002,0.597758
28.471500,27.445002,0.577222
29.470501,27.445002,0.558066
30.469500,27.445002,0.541745
31.468500,27.445002,0.527408
32.467499,27.445002,0.514359
33.466499,27.445002,0.502180
34.465500,27.445002,0.490681
35.464500,27.445002,0.479808
36.463501,27.445002,0.469604
37.462502,27.445002,0.460154
38.461502,27.445002,0.451549
39.460499,27.445002,0.443884
40.459499,27.445002,0.437217
41.458500,27.445002,0.431574
42.457500,27.445002,0.426943
0.499500,28.443001,0.093125
1.498500,28.443001,0.104644
2.497500,28.443001,0.117028
3.496500,28.443001,0.130333
4.495500,28.443001,0.144566
5.494500,28.443001,0.159713
6.493500,28.443001,0.175655
7.492500,28.443001,0.192202
8.491500,28.443001,0.209110
9.490500,28.443001,0.226160
10.489500,28.443001,0.243228
11.488501,28.443001,0.260273
12.487500,28.443001,0.277316
13.486500,28.443001,0.294374
14.485500,28.443001,0.311455
15.484500,28.443001,0.328505
16.483500,28.443001,0.345408
17.482500,28.443001,0.361976
18.481501,28.443001,0.377925
19.480501,28.443001,0.392896
20.479500,28.443001,0.406572
21.478500,28.443001,0.419033
22.477501,28.443001,0.431211
23.476500,28.443001,0.445215
24.475500,28.443001,0.464071
25.474501,28.443001,0.489733
26.473501,28.443001,0.516930
27.472500,28.443001,0.530747
28.471500,28.443001,0.529162
29.470501,28.443001,0.521680
30.469500,28.443001,0.512517
31.468500,28.443001,0.502709
32.467499,28.443001,0.492540
33.466499,28.443001,0.482191
34.465500,28.443001,0.471851
35.464500,28.443001,0.461722
36.463501,28.443001,0.452010
37.462502,28.443001,0.442909
38.461502,28.443001,0.434583
39.460499,28.443001,0.427165
40.459499,28.443001,0.420737
41.458500,28.443001,0.415337
42.457500,28.443001,0.410976
0.499500,29.441002,0.084522
1.498500,29.441002,0.095078
2.497500,29.441002,0.106486
3.496500,29.441002,0.118818
4.495500,29.441002,0.132173
5.494500,29.441002,0.146604
6.493500,29.441002,0.162124
7.492500,29.441002,0.178617
8.491500,29.441002,0.195847
9.490500,29.441002,0.213544
10.489500,29.441002,0.231423
11.488501,29.441002,0.249316
12.487500,29.441002,0.267095
13.486500,29.441002,0.284689
14.485500,29.441002,0.301985
15.484500,29.441002,0.318858
16.483500,29.441002,0.335086
17.482500,29.441002,0.350361
18.481501,29.441002,0.364267
19.480501,29.441002,0.376281
20.479500,29.441002,0.385890
21.478500,29.441002,0.392744
22.477501,29.441002,0.397037
23.476500,29.441002,0.400022
24.475500,29.441002,0.405009
25.474501,29.441002,0.417479
26.473501,29.441002,0.439012
27.472500,29.441002,0.460687
28.471500,29.441002,0.474304
29.470501,29.441002,0.479645
30.469500,29.441002,0.479193
31.468500,29.441002,0.474974
32.467499,29.441002,0.468333
33.466499,29.441002,0.460193
34.465500,29.441002,0.451235
35.464500,29.441002,0.441979
36.463501,29.441002,0.432839
37.462502,29.441002,0.424146
38.461502,29.441002,0.416154
39.460499,29.441002,0.409046
40.459499,29.441002,0.402939
41.458500,29.441002,0.397889
42.457500,29.441002,0.393904
0.499500,30.439001,0.075377
1.498500,30.439001,0.084916
2.497500,30.439001,0.095276
3.496500,30.439001,0.106575
4.495500,30.439001,0.118958
5.494500,30.439001,0.132624
6.493500,30.439001,0.147750
7.492500,30.439001,0.164310
8.491500,30.439001,0.182028
9.490500,30.439001,0.200462
10.489500,30.439001,0.219194
11.488501,30.439001,0.237917
12.487500,30.439001,0.256413
13.486500,30.439001,0.274520
14.485500,30.439001,0.292089
15.484500,30.439001,0.308900
16.483500,30.439001,0.324688
17.482500,30.439001,0.339052
18.481501,30.439001,0.351472
19.480501,30.439001,0.361262
20.479500,30.439001,0.367606
21.478500,30.439001,0.369575
22.477501,30.439001,0.366295
23.476500,30.439001,0.357399
24.475500,30.439001,0.345089
25.474501,30.439001,0.341376
26.473501,30.439001,0.364314
27.472500,30.439001,0.398294
28.471500,30.439001,0.424606
29.470501,30.439001,0.440097
30.469500,30.439001,0.446807
31.468500,30.439001,0.447322
32.467499,30.439001,0.443704
33.466499,30.439001,0.437457
34.465500,30.439001,0.429665
35.464500,30.439001,0.421135
36.463501,30.439001,0.412473
37.462502,30.439001,0.404130
38.461502,30.439001,0.396453
39.460499,30.439001,0.389672
40.459499,30.439001,0.383940
41.458500,30.439001,0.379320
42.457500,30.439001,0.375818
0.499500,31.437000,0.065939
1.498500,31.437000,0.074446
2.497500,31.437000,0.083727
3.496500,31.437000,0.093900
4.495500,31.437000,0.105192
5.494500,31.437000,0.117947
6.493500,31.437000,0.132638
7.492500,31.437000,0.149428
8.491500,31.437000,0.167879
9.490500,31.437000,0.187249
10.489500,31.437000,0.206918
11.488501,31.437000,0.226489
12.487500,31.437000,0.245696
13.486500,31.437000,0.264350
14.485500,31.437000,0.282270
15.484500,31.437000,0.299230
16.483500,31.437000,0.314917
17.482500,31.437000,0.328928
18.481501,31.437000,0.340688
19.480501,31.437000,0.349436
20.479500,31.437000,0.354167
21.478500,31.437000,0.353570
22.477501,31.437000,0.345946
23.476500,31.437000,0.329235
24.475500,31.437000,0.301617
25.474501,31.437000,0.270737
26.473501,31.437000,0.307373
27.472500,31.437000,0.355388
28.471500,31.437000,0.388979
29.470501,31.437000,0.409367
30.469500,31.437000,0.419572
31.468500,31.437000,0.422489
32.467499,31.437000,0.420437
33.466499,31.437000,0.415155
34.465500,31.437000,0.407931
35.464500,31.437000,0.399723
36.463501,31.437000,0.391268
37.462502,31.437000,0.383111
38.461502,31.437000,0.375657
39.460499,31.437000,0.369181
40.459499,31.437000,0.363855
41.458500,31.437000,0.359733
42.457500,31.437000,0.356811
0.499500,32.435001,0.056465
1.498500,32.435001,0.063965
2.497500,32.435001,0.072198
3.496500,32.435001,0.081236
4.495500,32.435001,0.091281
5.494500,32.435001,0.102827
6.493500,32.435001,0.116906
7.492500,32.435001,0.134211
8.491500,32.435001,0.153819
9.490500,32.435001,0.174360
10.489500,32.435001,0.195035
11.488501,32.435001,0.215442
12.487500,32.435001,0.235333
13.486500,32.435001,0.254555
14.485500,32.435001,0.272927
15.484500,32.435001,0.290243
16.483500,32.435001,0.306223
17.482500,32.435001,0.320493
18.481501,32.435001,0.332530
19.480501,32.435001,0.341654
20.479500,32.435001,0.346923
21.478500,32.435001,0.347099
22.477501,32.435001,0.340565
23.476500,32.435001,0.325544
24.475500,32.435001,0.301740
25.474501,32.435001,0.281962
26.473501,32.435001,0.305391
27.472500,32.435001,0.343677
28.471500,32.435001,0.372666
29.470501,32.435001,0.390710
30.469500,32.435001,0.399754
31.468500,32.435001,0.402078
32.467499,32.435001,0.399656
33.466499,32.435001,0.394080
34.465500,32.435001,0.386584
35.464500,32.435001,0.378139
36.463501,32.435001,0.369510
37.462502,32.435001,0.361291
38.461502,32.435001,0.353915
39.460499,32.435001,0.347691
40.459499,32.435001,0.342778
41.458500,32.435001,0.339223
42.457500,32.435001,0.336989
0.499500,33.433002,0.047202
1.498500,33.433002,0.053791
2.497500,33.433002,0.061106
3.496500,33.433002,0.069162
4.495500,33.433002,0.077998
5.494500,33.433002,0.087915
6.493500,33.433002,0.100732
7.492500,33.433002,0.119270
8.491500,33.433002,0.140634
9.490500,33.433002,0.162436
10.489500,33.433002,0.184022
11.488501,33.433002,0.205131
12.487500,33.433002,0.225636
13.486500,33.433002,0.245392
14.485500,33.433002,0.264285
15.484500,33.433002,0.282130
16.483500,33.433002,0.298729
17.482500,33.433002,0.313800
18.481501,33.433002,0.326962
19.480501,33.433002,0.337747
20.479500,33.433002,0.345541
21.478500,33.433002,0.349596
22.477501,33.433002,0.349090
23.476500,33.433002,0.343548
24.475500,33.433002,0.334671
25.474501,33.433002,0.330361
26.473501,33.433002,0.340179
27.472500,33.433002,0.358085
28.471500,33.433002,0.373692
29.470501,33.433002,0.383410
30.469500,33.433002,0.387254
31.468500,33.433002,0.386265
32.467499,33.433002,0.381648
33.466499,33.433002,0.374529
34.465500,33.433002,0.365898
35.464500,33.433002,0.356600
36.463501,33.433002,0.347363
37.462502,33.433002,0.338786
38.461502,33.433002,0.331320
39.460499,33.433002,0.325277
40.459499,33.433002,0.320801
41.458500,33.433002,0.317899
42.457500,33.433002,0.316468
0.499500,34.431000,0.038359
1.498500,34.431000,0.044176
2.497500,34.431000,0.050828
3.496500,34.431000,0.058328
4.495500,34.431000,0.066575
5.494500,34.431000,0.075438
6.493500,34.431000,0.086045
7.492500,34.431000,0.106932
8.491500,34.431000,0.129673
9.490500,34.431000,0.152201
10.489500,34.431000,0.174308
11.488501,34.431000,0.195871
12.487500,34.431000,0.216802
13.486500,34.431000,0.237010
14.485500,34.431000,0.256403
15.484500,34.431000,0.274878
16.483500,34.431000,0.292303
17.482500,34.431000,0.308517
18.481501,34.431000,0.323351
19.480501,34.431000,0.336617
20.479500,34.431000,0.348144
21.478500,34.431000,0.357848
22.477501,34.431000,0.365792
23.476500,34.431000,0.372256
24.475500,34.431000,0.377538
25.474501,34.431000,0.381229
26.473501,34.431000,0.383060
27.472500,34.431000,0.384209
28.471500,34.431000,0.384728
29.470501,34.431000,0.383552
30.469500,34.431000,0.379998
31.468500,34.431000,0.374006
32.467499,34.431000,0.365930
33.466499,34.431000,0.356328
34.465500,34.431000,0.345838
35.464500,34.431000,0.335141
36.463501,34.431000,0.324880
37.462502,34.431000,0.315644
38.461502,34.431000,0.307908
39.460499,34.431000,0.301990
40.459499,34.431000,0.297995
41.458500,34.431000,0.295863
42.457500,34.431000,0.295390
0.499500,35.429001,0.030081
1.498500,35.429001,0.035253
2.497500,35.429001,0.041548
3.496500,35.429001,0.049065
4.495500,35.429001,0.057812
5.494500,35.429001,0.068002
6.493500,35.429001,0.081272
7.492500,35.429001,0.100115
8.491500,35.429001,0.121824
9.490500,35.429001,0.144048
10.489500,35.429001,0.166122
11.488501,35.429001,0.187786
12.487500,35.429001,0.208914
13.486500,35.429001,0.229423
14.485500,35.429001,0.249241
15.484500,35.429001,0.268317
16.483500,35.429001,0.286597
17.482500,35.429001,0.304051
18.481501,35.429001,0.320688
19.480501,35.429001,0.336587
20.479500,35.429001,0.351998
21.478500,35.429001,0.367381
22.477501,35.429001,0.383557
23.476500,35.429001,0.401500
24.475500,35.429001,0.420773
25.474501,35.429001,0.432901
26.473501,35.429001,0.425713
27.472500,35.429001,0.410957
28.471500,35.429001,0.397622
29.470501,35.429001,0.386026
30.469500,35.429001,0.374960
31.468500,35.429001,0.363579
32.467499,35.429001,0.351573
33.466499,35.429001,0.339006
34.465500,35.429001,0.326216
35.464500,35.429001,0.313695
36.463501,35.429001,0.302034
37.462502,35.429001,0.291849
38.461502,35.429001,0.283671
39.460499,35.429001,0.277845
40.459499,35.429001,0.274427
41.458500,35.429001,0.273237
42.457500,35.429001,0.273931
0.499500,36.427002,0.022474
1.498500,36.427002,0.027052
2.497500,36.427002,0.033160
3.496500,36.427002,0.041135
4.495500,36.427002,0.051055
5.494500,36.427002,0.063074
6.493500,36.427002,0.077886
7.492500,36.427002,0.095960
8.491500,36.427002,0.116361
9.490500,36.427002,0.137769
10.489500,36.427002,0.159394
11.488501,36.427002,0.180845
12.487500,36.427002,0.201931
13.486500,36.427002,0.222551
14.485500,36.427002,0.242650
15.484500,36.427002,0.262187
16.483500,36.427002,0.281186
17.482500,36.427002,0.299707
18.481501,36.427002,0.317881
19.480501,36.427002,0.335972
20.479500,36.427002,0.354433
21.478500,36.427002,0.374003
22.477501,36.427002,0.395825
23.476500,36.427002,0.421412
24.475500,36.427002,0.452171
25.474501,36.427002,0.480245
26.473501,36.427002,0.456465
27.472500,36.427002,0.428282
28.471500,36.427002,0.405370
29.470501,36.427002,0.386247
30.469500,36.427002,0.369255
31.468500,36.427002,0.353247
32.467499,36.427002,0.337581
33.466499,36.427002,0.322055
34.465500,36.427002,0.306793
35.464500,36.427002,0.292172
36.463501,36.427002,0.278792
37.462502,36.427002,0.267359
38.461502,36.427002,0.258568
39.460499,36.427002,0.252840
40.459499,36.427002,0.250182
41.458500,36.427002,0.250210
42.457500,36.427002,0.252338
0.499500,37.425003,0.015682
1.498500,37.425003,0.019502
2.497500,37.425003,0.025396
3.496500,37.425003,0.034073
4.495500,37.425003,0.045383
5.494500,37.425003,0.058941
6.493500,37.425003,0.074702
7.492500,37.425003,0.092621
8.491500,37.425003,0.112238
9.490500,37.425003,0.132842
10.489500,37.425003,0.153848
11.488501,37.425003,0.174882
12.487500,37.425003,0.195731
13.486500,37.425003,0.216261
14.485500,37.425003,0.236429
15.484500,37.425003,0.256216
16.483500,37.425003,0.275674
17.482500,37.425003,0.294892
18.481501,37.425003,0.314062
19.480501,37.425003,0.333480
20.479500,37.425003,0.353600
21.478500,37.425003,0.375049
22.477501,37.425003,0.398577
23.476500,37.425003,0.424750
24.475500,37.425003,0.452360
25.474501,37.425003,0.469564
26.473501,37.425003,0.454953
27.472500,37.425003,0.428767
28.471500,37.425003,0.403808
29.470501,37.425003,0.381414
30.469500,37.425003,0.360989
31.468500,37.425003,0.341778
32.467499,37.425003,0.323242
33.466499,37.425003,0.305125
34.465500,37.425003,0.287477
35.464500,37.425003,0.270624
36.463501,37.425003,0.255218
37.462502,37.425003,0.242180
38.461502,37.425003,0.232546
39.460499,37.425003,0.226984
40.459499,37.425003,0.225418
41.458500,37.425003,0.227069
42.457500,37.425003,0.230977
0.499500,38.423000,0.010035
1.498500,38.423000,0.012720
2.497500,38.423000,0.017973
3.496500,38.423000,0.027644
4.495500,38.423000,0.040633
5.494500,38.423000,0.055527
6.493500,38.423000,0.071975
7.492500,38.423000,0.089864
8.491500,38.423000,0.108951
9.490500,38.423000,0.128859
10.489500,38.423000,0.149207
11.488501,38.423000,0.169698
12.487500,38.423000,0.190129
13.486500,38.423000,0.210387
14.485500,38.423000,0.230407
15.484500,38.423000,0.250173
16.483500,38.423000,0.269745
17.482500,38.423000,0.289204
18.481501,38.423000,0.308724
19.480501,38.423000,0.328519
20.479500,38.423000,0.348869
21.478500,38.423000,0.370048
22.477501,38.423000,0.392075
23.476500,38.423000,0.414162
24.475500,38.423000,0.433155
25.474501,38.423000,0.441694
26.473501,38.423000,0.433971
27.472500,38.423000,0.415344
28.471500,38.423000,0.393296
29.470501,38.423000,0.371097
30.469500,38.423000,0.349579
31.468500,38.423000,0.328716
32.467499,38.423000,0.308306
33.466499,38.423000,0.288205
34.465500,38.423000,0.268460
35.464500,38.423000,0.249371
36.463501,38.423000,0.231618
37.462502,38.423000,0.216446
38.461502,38.423000,0.205570
39.460499,38.423000,0.200336
40.459499,38.423000,0.200452
41.458500,38.423000,0.204335
42.457500,38.423000,0.210428
0.499500,39.421001,0.006307
1.498500,39.421001,0.007689
2.497500,39.421001,0.011026
3.496500,39.421001,0.022682
4.495500,39.421001,0.037483
5.494500,39.421001,0.053291
6.493500,39.421001,0.070043
7.492500,39.421001,0.087770
8.491500,39.421001,0.106352
9.490500,39.421001,0.125605
10.489500,39.421001,0.145254
11.488501,39.421001,0.165108
12.487500,39.421001,0.184983
13.486500,39.421001,0.204777
14.485500,39.421001,0.224426
15.484500,39.421001,0.243911
16.483500,39.421001,0.263248
17.482500,39.421001,0.282501
18.481501,39.421001,0.301747
19.480501,39.421001,0.321097
20.479500,39.421001,0.340604
21.478500,39.421001,0.360170
22.477501,39.421001,0.379308
23.476500,39.421001,0.396699
24.475500,39.421001,0.409667
25.474501,39.421001,0.414504
26.473501,39.421001,0.409126
27.472500,39.421001,0.395415
28.471500,39.421001,0.377005
29.470501,39.421001,0.356606
30.469500,39.421001,0.335539
31.468500,39.421001,0.314290
32.467499,39.421001,0.292985
33.466499,39.421001,0.271635
34.465500,39.421001,0.250286
35.464500,39.421001,0.229151
36.463501,39.421001,0.208829
37.462502,39.421001,0.190706
38.461502,39.421001,0.177721
39.460499,39.421001,0.173118
40.459499,39.421001,0.176044
41.458500,39.421001,0.182959
42.457500,39.421001,0.191521
0.499500,40.419003,0.005383
1.498500,40.419003,0.007085
2.497500,40.419003,0.011112
3.496500,40.419003,0.022385
4.495500,40.419003,0.036994
5.494500,40.419003,0.052664
6.493500,40.419003,0.069157
7.492500,40.419003,0.086439
8.491500,40.419003,0.104410
9.490500,40.419003,0.122930
10.489500,40.419003,0.141838
11.488501,40.419003,0.160959
12.487500,40.419003,0.180162
13.486500,40.419003,0.199338
14.485500,40.419003,0.218419
15.484500,40.419003,0.237363
16.483500,40.419003,0.256156
17.482500,40.419003,0.274806
18.481501,40.419003,0.293314
19.480501,40.419003,0.311649
20.479500,40.419003,0.329688
21.478500,40.419003,0.347108
22.477501,40.419003,0.363219
23.476500,40.419003,0.376777
24.475500,40.419003,0.385946
25.474501,40.419003,0.388786
26.473501,40.419003,0.384375
27.472500,40.419003,0.373501
28.471500,40.419003,0.358030
29.470501,40.419003,0.339758
30.469500,40.419003,0.319911
31.468500,40.419003,0.299160
32.467499,40.419003,0.277809
33.466499,40.419003,0.255988
34.465500,40.419003,0.233758
35.464500,40.419003,0.211210
36.463501,40.419003,0.188592
37.462502,40.419003,0.166759
38.461502,40.419003,0.149437
39.460499,40.419003,0.146364
40.459499,40.419003,0.154162
41.458500,40.419003,0.164554
42.457500,40.419003,0.175384
0.499500,41.417000,0.007034
1.498500,41.417000,0.010251
2.497500,41.417000,0.016091
3.496500,41.417000,0.025966
4.495500,41.417000,0.038933
5.494500,41.417000,0.053585
6.493500,41.417000,0.069305
7.492500,41.417000,0.085846
8.491500,41.417000,0.103039
9.490500,41.417000,0.120752
10.489500,41.417000,0.138843
11.488501,41.417000,0.157159
12.487500,41.417000,0.175574
13.486500,41.417000,0.193999
14.485500,41.417000,0.212338
15.484500,41.417000,0.230534
16.483500,41.417000,0.248546
17.482500,41.417000,0.266312
18.481501,41.417000,0.283761
19.480501,41.417000,0.300771
20.479500,41.417000,0.317096
21.478500,41.417000,0.332325
22.477501,41.417000,0.345767
23.476500,41.417000,0.356439
24.475500,41.417000,0.363131
25.474501,41.417000,0.364728
26.473501,41.417000,0.360782
27.472500,41.417000,0.351652
28.471500,41.417000,0.338373
29.470501,41.417000,0.322097
30.469500,41.417000,0.303779
31.468500,41.417000,0.284073
32.467499,41.417000,0.263370
33.466499,41.417000,0.241877
34.465500,41.417000,0.219711
35.464500,41.417000,0.196926
36.463501,41.417000,0.173579
37.462502,41.417000,0.149816
38.461502,41.417000,0.126966
39.460499,41.417000,0.126768
40.459499,41.417000,0.138967
41.458500,41.417000,0.151224
42.457500,41.417000,0.163110
0.499500,42.415001,0.010129
1.498500,42.415001,0.014484
2.497500,42.415001,0.021045
3.496500,42.415001,0.030327
4.495500,42.415001,0.042050
5.494500,42.415001,0.055537
6.493500,42.415001,0.070252
7.492500,42.415001,0.085862
8.491500,42.415001,0.102166
9.490500,42.415001,0.118986
10.489500,42.415001,0.136184
11.488501,42.415001,0.153615
12.487500,42.415001,0.171169
13.486500,42.415001,0.188724
14.485500,42.415001,0.206191
15.484500,42.415001,0.223499
16.483500,42.415001,0.240551
17.482500,42.415001,0.257251
18.481501,42.415001,0.273473
19.480501,42.415001,0.289031
20.479500,42.415001,0.303639
21.478500,42.415001,0.316856
22.477501,42.415001,0.328105
23.476500,42.415001,0.336622
24.475500,42.415001,0.341612
25.474501,42.415001,0.342406
26.473501,42.415001,0.338731
27.472500,42.415001,0.330791
28.471500,42.415001,0.319189
29.470501,42.415001,0.304688
30.469500,42.415001,0.287993
31.468500,42.415001,0.269682
32.467499,42.415001,0.250164
33.466499,42.415001,0.229726
34.465500,42.415001,0.208595
35.464500,42.415001,0.186975
36.463501,42.415001,0.165256
37.462502,42.415001,0.144443
38.461502,42.415001,0.128335
39.460499,42.415001,0.125602
40.459499,42.415001,0.133370
41.458500,42.415001,0.143994
42.457500,42.415001,0.155185
