S
I=71,J=71
0.0, 0.0, 0.542494
0.0, 0.0, 0.554401
0.0, 0.0, 0.566629
0.0, 0.0, 0.579160
0.0, 0.0, 0.591978
0.0, 0.0, 0.605058
0.0, 0.0, 0.618375
0.0, 0.0, 0.631898
0.0, 0.0, 0.645590
0.0, 0.0, 0.659412
0.0, 0.0, 0.673316
0.0, 0.0, 0.687249
0.0, 0.0, 0.701151
0.0, 0.0, 0.714951
0.0, 0.0, 0.728571
0.0, 0.0, 0.741919
0.0, 0.0, 0.754889
0.0, 0.0, 0.767360
0.0, 0.0, 0.779192
0.0, 0.0, 0.790226
0.0, 0.0, 0.800288
0.0, 0.0, 0.809186
0.0, 0.0, 0.816725
0.0, 0.0, 0.822716
0.0, 0.0, 0.826995
0.0, 0.0, 0.829451
0.0, 0.0, 0.830047
0.0, 0.0, 0.828855
0.0, 0.0, 0.826069
0.0, 0.0, 0.822015
0.0, 0.0, 0.817134
0.0, 0.0, 0.811953
0.0, 0.0, 0.807036
0.0, 0.0, 0.802921
0.0, 0.0, 0.800063
0.0, 0.0, 0.798778
0.0, 0.0, 0.799210
0.0, 0.0, 0.801311
0.0, 0.0, 0.804847
0.0, 0.0, 0.809427
0.0, 0.0, 0.814546
0.0, 0.0, 0.819646
0.0, 0.0, 0.824175
0.0, 0.0, 0.827644
0.0, 0.0, 0.829665
0.0, 0.0, 0.829979
0.0, 0.0, 0.828456
0.0, 0.0, 0.825078
0.0, 0.0, 0.819926
0.0, 0.0, 0.813137
0.0, 0.0, 0.804894
0.0, 0.0, 0.795390
0.0, 0.0, 0.784819
0.0, 0.0, 0.773365
0.0, 0.0, 0.761196
0.0, 0.0, 0.748458
0.0, 0.0, 0.735285
0.0, 0.0, 0.721789
0.0, 0.0, 0.708068
0.0, 0.0, 0.694208
0.0, 0.0, 0.680282
0.0, 0.0, 0.666357
0.0, 0.0, 0.652488
0.0, 0.0, 0.638725
0.0, 0.0, 0.625113
0.0, 0.0, 0.611689
0.0, 0.0, 0.598486
0.0, 0.0, 0.585534
0.0, 0.0, 0.572858
0.0, 0.0, 0.560476
0.0, 0.0, 0.548407
0.0, 0.0, 0.559235
0.0, 0.0, 0.572997
0.0, 0.0, 0.586873
0.0, 0.0, 0.601106
0.0, 0.0, 0.615752
0.0, 0.0, 0.630812
0.0, 0.0, 0.646274
0.0, 0.0, 0.662122
0.0, 0.0, 0.678334
0.0, 0.0, 0.694887
0.0, 0.0, 0.711753
0.0, 0.0, 0.728900
0.0, 0.0, 0.746292
0.0, 0.0, 0.763883
0.0, 0.0, 0.781622
0.0, 0.0, 0.799444
0.0, 0.0, 0.817270
0.0, 0.0, 0.835002
0.0, 0.0, 0.852518
0.0, 0.0, 0.869665
0.0, 0.0, 0.886254
0.0, 0.0, 0.902061
0.0, 0.0, 0.916822
0.0, 0.0, 0.930248
0.0, 0.0, 0.942036
0.0, 0.0, 0.951902
0.0, 0.0, 0.959620
0.0, 0.0, 0.965066
0.0, 0.0, 0.968263
0.0, 0.0, 0.969406
0.0, 0.0, 0.968866
0.0, 0.0, 0.967153
0.0, 0.0, 0.964863
0.0, 0.0, 0.962595
0.0, 0.0, 0.960872
0.0, 0.0, 0.960063
0.0, 0.0, 0.960338
0.0, 0.0, 0.961638
0.0, 0.0, 0.963691
0.0, 0.0, 0.966042
0.0, 0.0, 0.968120
0.0, 0.0, 0.969317
0.0, 0.0, 0.969072
0.0, 0.0, 0.966937
0.0, 0.0, 0.962629
0.0, 0.0, 0.956040
0.0, 0.0, 0.947225
0.0, 0.0, 0.936366
0.0, 0.0, 0.923721
0.0, 0.0, 0.909590
0.0, 0.0, 0.894271
0.0, 0.0, 0.878042
0.0, 0.0, 0.861149
0.0, 0.0, 0.843796
0.0, 0.0, 0.826155
0.0, 0.0, 0.808362
0.0, 0.0, 0.790527
0.0, 0.0, 0.772738
0.0, 0.0, 0.755065
0.0, 0.0, 0.737568
0.0, 0.0, 0.720294
0.0, 0.0, 0.703282
0.0, 0.0, 0.686569
0.0, 0.0, 0.670183
0.0, 0.0, 0.654151
0.0, 0.0, 0.638494
0.0, 0.0, 0.623230
0.0, 0.0, 0.608375
0.0, 0.0, 0.593926
0.0, 0.0, 0.579826
0.0, 0.0, 0.565820
0.0, 0.0, 0.576290
0.0, 0.0, 0.591657
0.0, 0.0, 0.607203
0.0, 0.0, 0.623199
0.0, 0.0, 0.639750
0.0, 0.0, 0.656879
0.0, 0.0, 0.674588
0.0, 0.0, 0.692876
0.0, 0.0, 0.711740
0.0, 0.0, 0.731175
0.0, 0.0, 0.751176
0.0, 0.0, 0.771736
0.0, 0.0, 0.792846
0.0, 0.0, 0.814493
0.0, 0.0, 0.836660
0.0, 0.0, 0.859318
0.0, 0.0, 0.882428
0.0, 0.0, 0.905926
0.0, 0.0, 0.929721
0.0, 0.0, 0.953677
0.0, 0.0, 0.977606
0.0, 0.0, 1.001251
0.0, 0.0, 1.024276
0.0, 0.0, 1.046268
0.0, 0.0, 1.066741
0.0, 0.0, 1.085178
0.0, 0.0, 1.101082
0.0, 0.0, 1.114053
0.0, 0.0, 1.123876
0.0, 0.0, 1.130580
0.0, 0.0, 1.134472
0.0, 0.0, 1.136100
0.0, 0.0, 1.136178
0.0, 0.0, 1.135466
0.0, 0.0, 1.134641
0.0, 0.0, 1.134195
0.0, 0.0, 1.134350
0.0, 0.0, 1.135031
0.0, 0.0, 1.135875
0.0, 0.0, 1.136285
0.0, 0.0, 1.135527
0.0, 0.0, 1.132848
0.0, 0.0, 1.127605
0.0, 0.0, 1.119363
0.0, 0.0, 1.107953
0.0, 0.0, 1.093475
0.0, 0.0, 1.076247
0.0, 0.0, 1.056726
0.0, 0.0, 1.035430
0.0, 0.0, 1.012865
0.0, 0.0, 0.989483
0.0, 0.0, 0.965659
0.0, 0.0, 0.941689
0.0, 0.0, 0.917794
0.0, 0.0, 0.894134
0.0, 0.0, 0.870820
0.0, 0.0, 0.847930
0.0, 0.0, 0.825513
0.0, 0.0, 0.803604
0.0, 0.0, 0.782223
0.0, 0.0, 0.761387
0.0, 0.0, 0.741105
0.0, 0.0, 0.721386
0.0, 0.0, 0.702236
0.0, 0.0, 0.683660
0.0, 0.0, 0.665661
0.0, 0.0, 0.648242
0.0, 0.0, 0.631400
0.0, 0.0, 0.615113
0.0, 0.0, 0.599271
0.0, 0.0, 0.583589
0.0, 0.0, 0.593597
0.0, 0.0, 0.610570
0.0, 0.0, 0.627833
0.0, 0.0, 0.645684
0.0, 0.0, 0.664251
0.0, 0.0, 0.683576
0.0, 0.0, 0.703678
0.0, 0.0, 0.724573
0.0, 0.0, 0.746278
0.0, 0.0, 0.768811
0.0, 0.0, 0.792195
0.0, 0.0, 0.816452
0.0, 0.0, 0.841609
0.0, 0.0, 0.867695
0.0, 0.0, 0.894738
0.0, 0.0, 0.922763
0.0, 0.0, 0.951786
0.0, 0.0, 0.981803
0.0, 0.0, 1.012779
0.0, 0.0, 1.044625
0.0, 0.0, 1.077179
0.0, 0.0, 1.110173
0.0, 0.0, 1.143206
0.0, 0.0, 1.175719
0.0, 0.0, 1.206988
0.0, 0.0, 1.236160
0.0, 0.0, 1.262325
0.0, 0.0, 1.284648
0.0, 0.0, 1.302526
0.0, 0.0, 1.315733
0.0, 0.0, 1.324504
0.0, 0.0, 1.329502
0.0, 0.0, 1.331702
0.0, 0.0, 1.332188
0.0, 0.0, 1.331953
0.0, 0.0, 1.331714
0.0, 0.0, 1.331803
0.0, 0.0, 1.332108
0.0, 0.0, 1.332093
0.0, 0.0, 1.330885
0.0, 0.0, 1.327419
0.0, 0.0, 1.320641
0.0, 0.0, 1.309710
0.0, 0.0, 1.294167
0.0, 0.0, 1.274012
0.0, 0.0, 1.249674
0.0, 0.0, 1.221893
0.0, 0.0, 1.191560
0.0, 0.0, 1.159569
0.0, 0.0, 1.126716
0.0, 0.0, 1.093643
0.0, 0.0, 1.060827
0.0, 0.0, 1.028601
0.0, 0.0, 0.997176
0.0, 0.0, 0.966672
0.0, 0.0, 0.937150
0.0, 0.0, 0.908627
0.0, 0.0, 0.881095
0.0, 0.0, 0.854534
0.0, 0.0, 0.828916
0.0, 0.0, 0.804212
0.0, 0.0, 0.780395
0.0, 0.0, 0.757440
0.0, 0.0, 0.735323
0.0, 0.0, 0.714025
0.0, 0.0, 0.693529
0.0, 0.0, 0.673817
0.0, 0.0, 0.654871
0.0, 0.0, 0.636647
0.0, 0.0, 0.619012
0.0, 0.0, 0.601650
0.0, 0.0, 0.611081
0.0, 0.0, 0.629730
0.0, 0.0, 0.648794
0.0, 0.0, 0.668605
0.0, 0.0, 0.689312
0.0, 0.0, 0.710975
0.0, 0.0, 0.733631
0.0, 0.0, 0.757317
0.0, 0.0, 0.782073
0.0, 0.0, 0.807944
0.0, 0.0, 0.834984
0.0, 0.0, 0.863254
0.0, 0.0, 0.892823
0.0, 0.0, 0.923773
0.0, 0.0, 0.956194
0.0, 0.0, 0.990183
0.0, 0.0, 1.025838
0.0, 0.0, 1.063246
0.0, 0.0, 1.102468
0.0, 0.0, 1.143512
0.0, 0.0, 1.186290
0.0, 0.0, 1.230573
0.0, 0.0, 1.275925
0.0, 0.0, 1.321640
0.0, 0.0, 1.366694
0.0, 0.0, 1.409750
0.0, 0.0, 1.449256
0.0, 0.0, 1.483653
0.0, 0.0, 1.511677
0.0, 0.0, 1.532670
0.0, 0.0, 1.546770
0.0, 0.0, 1.554904
0.0, 0.0, 1.558565
0.0, 0.0, 1.559469
0.0, 0.0, 1.559184
0.0, 0.0, 1.558847
0.0, 0.0, 1.558974
0.0, 0.0, 1.559391
0.0, 0.0, 1.559256
0.0, 0.0, 1.557187
0.0, 0.0, 1.551499
0.0, 0.0, 1.540541
0.0, 0.0, 1.523064
0.0, 0.0, 1.498520
0.0, 0.0, 1.467183
0.0, 0.0, 1.430048
0.0, 0.0, 1.388566
0.0, 0.0, 1.344327
0.0, 0.0, 1.298794
0.0, 0.0, 1.253152
0.0, 0.0, 1.208265
0.0, 0.0, 1.164694
0.0, 0.0, 1.122765
0.0, 0.0, 1.082628
0.0, 0.0, 1.044318
0.0, 0.0, 1.007796
0.0, 0.0, 0.972986
0.0, 0.0, 0.939794
0.0, 0.0, 0.908120
0.0, 0.0, 0.877871
0.0, 0.0, 0.848961
0.0, 0.0, 0.821315
0.0, 0.0, 0.794866
0.0, 0.0, 0.769559
0.0, 0.0, 0.745343
0.0, 0.0, 0.722176
0.0, 0.0, 0.700021
0.0, 0.0, 0.678838
0.0, 0.0, 0.658564
0.0, 0.0, 0.639044
0.0, 0.0, 0.619927
0.0, 0.0, 0.628657
0.0, 0.0, 0.649063
0.0, 0.0, 0.670022
0.0, 0.0, 0.691900
0.0, 0.0, 0.714871
0.0, 0.0, 0.739015
0.0, 0.0, 0.764389
0.0, 0.0, 0.791052
0.0, 0.0, 0.819070
0.0, 0.0, 0.848520
0.0, 0.0, 0.879489
0.0, 0.0, 0.912084
0.0, 0.0, 0.946427
0.0, 0.0, 0.982662
0.0, 0.0, 1.020960
0.0, 0.0, 1.061511
0.0, 0.0, 1.104526
0.0, 0.0, 1.150228
0.0, 0.0, 1.198827
0.0, 0.0, 1.250495
0.0, 0.0, 1.305306
0.0, 0.0, 1.363160
0.0, 0.0, 1.423673
0.0, 0.0, 1.486034
0.0, 0.0, 1.548872
0.0, 0.0, 1.610179
0.0, 0.0, 1.667392
0.0, 0.0, 1.717724
0.0, 0.0, 1.758733
0.0, 0.0, 1.788981
0.0, 0.0, 1.808478
0.0, 0.0, 1.818704
0.0, 0.0, 1.822182
0.0, 0.0, 1.821802
0.0, 0.0, 1.820167
0.0, 0.0, 1.819120
0.0, 0.0, 1.819492
0.0, 0.0, 1.821004
0.0, 0.0, 1.822299
0.0, 0.0, 1.821106
0.0, 0.0, 1.814609
0.0, 0.0, 1.800012
0.0, 0.0, 1.775238
0.0, 0.0, 1.739514
0.0, 0.0, 1.693587
0.0, 0.0, 1.639473
0.0, 0.0, 1.579867
0.0, 0.0, 1.517504
0.0, 0.0, 1.454694
0.0, 0.0, 1.393124
0.0, 0.0, 1.333869
0.0, 0.0, 1.277508
0.0, 0.0, 1.224270
0.0, 0.0, 1.174153
0.0, 0.0, 1.127028
0.0, 0.0, 1.082697
0.0, 0.0, 1.040941
0.0, 0.0, 1.001542
0.0, 0.0, 0.964298
0.0, 0.0, 0.929028
0.0, 0.0, 0.895576
0.0, 0.0, 0.863809
0.0, 0.0, 0.833611
0.0, 0.0, 0.804887
0.0, 0.0, 0.777556
0.0, 0.0, 0.751545
0.0, 0.0, 0.726793
0.0, 0.0, 0.703239
0.0, 0.0, 0.680800
0.0, 0.0, 0.659295
0.0, 0.0, 0.638336
0.0, 0.0, 0.646236
0.0, 0.0, 0.668476
0.0, 0.0, 0.691420
0.0, 0.0, 0.715470
0.0, 0.0, 0.740828
0.0, 0.0, 0.767593
0.0, 0.0, 0.795844
0.0, 0.0, 0.825665
0.0, 0.0, 0.857150
0.0, 0.0, 0.890408
0.0, 0.0, 0.925568
0.0, 0.0, 0.962784
0.0, 0.0, 1.002239
0.0, 0.0, 1.044153
0.0, 0.0, 1.088789
0.0, 0.0, 1.136459
0.0, 0.0, 1.187520
0.0, 0.0, 1.242376
0.0, 0.0, 1.301463
0.0, 0.0, 1.365209
0.0, 0.0, 1.433977
0.0, 0.0, 1.507957
0.0, 0.0, 1.586985
0.0, 0.0, 1.670298
0.0, 0.0, 1.756213
0.0, 0.0, 1.841843
0.0, 0.0, 1.923050
0.0, 0.0, 1.994911
0.0, 0.0, 2.052807
0.0, 0.0, 2.093829
0.0, 0.0, 2.117816
0.0, 0.0, 2.127423
0.0, 0.0, 2.127196
0.0, 0.0, 2.122186
0.0, 0.0, 2.116760
0.0, 0.0, 2.113891
0.0, 0.0, 2.114884
0.0, 0.0, 2.119302
0.0, 0.0, 2.124989
0.0, 0.0, 2.128219
0.0, 0.0, 2.124161
0.0, 0.0, 2.107845
0.0, 0.0, 2.075508
0.0, 0.0, 2.025843
0.0, 0.0, 1.960462
0.0, 0.0, 1.883299
0.0, 0.0, 1.799296
0.0, 0.0, 1.713080
0.0, 0.0, 1.628186
0.0, 0.0, 1.546871
0.0, 0.0, 1.470315
0.0, 0.0, 1.398948
0.0, 0.0, 1.332728
0.0, 0.0, 1.271363
0.0, 0.0, 1.214447
0.0, 0.0, 1.161541
0.0, 0.0, 1.112224
0.0, 0.0, 1.066113
0.0, 0.0, 1.022873
0.0, 0.0, 0.982219
0.0, 0.0, 0.943909
0.0, 0.0, 0.907741
0.0, 0.0, 0.873550
0.0, 0.0, 0.841193
0.0, 0.0, 0.810553
0.0, 0.0, 0.781528
0.0, 0.0, 0.754029
0.0, 0.0, 0.727974
0.0, 0.0, 0.703257
0.0, 0.0, 0.679669
0.0, 0.0, 0.656783
0.0, 0.0, 0.663715
0.0, 0.0, 0.687864
0.0, 0.0, 0.712879
0.0, 0.0, 0.739203
0.0, 0.0, 0.767064
0.0, 0.0, 0.796585
0.0, 0.0, 0.827868
0.0, 0.0, 0.861020
0.0, 0.0, 0.896167
0.0, 0.0, 0.933451
0.0, 0.0, 0.973044
0.0, 0.0, 1.015151
0.0, 0.0, 1.060020
0.0, 0.0, 1.107956
0.0, 0.0, 1.159328
0.0, 0.0, 1.214589
0.0, 0.0, 1.274278
0.0, 0.0, 1.339036
0.0, 0.0, 1.409598
0.0, 0.0, 1.486773
0.0, 0.0, 1.571387
0.0, 0.0, 1.664156
0.0, 0.0, 1.765457
0.0, 0.0, 1.874920
0.0, 0.0, 1.990809
0.0, 0.0, 2.109253
0.0, 0.0, 2.223731
0.0, 0.0, 2.325554
0.0, 0.0, 2.405922
0.0, 0.0, 2.459031
0.0, 0.0, 2.484523
0.0, 0.0, 2.487602
0.0, 0.0, 2.476830
0.0, 0.0, 2.461153
0.0, 0.0, 2.447757
0.0, 0.0, 2.441217
0.0, 0.0, 2.443449
0.0, 0.0, 2.453820
0.0, 0.0, 2.469099
0.0, 0.0, 2.483366
0.0, 0.0, 2.488372
0.0, 0.0, 2.475018
0.0, 0.0, 2.436049
0.0, 0.0, 2.368890
0.0, 0.0, 2.276807
0.0, 0.0, 2.167496
0.0, 0.0, 2.050056
0.0, 0.0, 1.932245
0.0, 0.0, 1.819237
0.0, 0.0, 1.713740
0.0, 0.0, 1.616717
0.0, 0.0, 1.528101
0.0, 0.0, 1.447307
0.0, 0.0, 1.373542
0.0, 0.0, 1.305980
0.0, 0.0, 1.243842
0.0, 0.0, 1.186441
0.0, 0.0, 1.133186
0.0, 0.0, 1.083583
0.0, 0.0, 1.037223
0.0, 0.0, 0.993769
0.0, 0.0, 0.952947
0.0, 0.0, 0.914532
0.0, 0.0, 0.878336
0.0, 0.0, 0.844203
0.0, 0.0, 0.812000
0.0, 0.0, 0.781611
0.0, 0.0, 0.752928
0.0, 0.0, 0.725824
0.0, 0.0, 0.700059
0.0, 0.0, 0.675164
0.0, 0.0, 0.680984
0.0, 0.0, 0.707111
0.0, 0.0, 0.734278
0.0, 0.0, 0.762973
0.0, 0.0, 0.793451
0.0, 0.0, 0.825858
0.0, 0.0, 0.860320
0.0, 0.0, 0.896971
0.0, 0.0, 0.935964
0.0, 0.0, 0.977476
0.0, 0.0, 1.021721
0.0, 0.0, 1.068954
0.0, 0.0, 1.119491
0.0, 0.0, 1.173722
0.0, 0.0, 1.232133
0.0, 0.0, 1.295331
0.0, 0.0, 1.364065
0.0, 0.0, 1.439257
0.0, 0.0, 1.522023
0.0, 0.0, 1.613682
0.0, 0.0, 1.715729
0.0, 0.0, 1.829738
0.0, 0.0, 1.957114
0.0, 0.0, 2.098557
0.0, 0.0, 2.253019
0.0, 0.0, 2.415993
0.0, 0.0, 2.577638
0.0, 0.0, 2.722620
0.0, 0.0, 2.833852
0.0, 0.0, 2.899607
0.0, 0.0, 2.919451
0.0, 0.0, 2.904282
0.0, 0.0, 2.870705
0.0, 0.0, 2.834413
0.0, 0.0, 2.806607
0.0, 0.0, 2.793659
0.0, 0.0, 2.798041
0.0, 0.0, 2.818948
0.0, 0.0, 2.852078
0.0, 0.0, 2.888734
0.0, 0.0, 2.915258
0.0, 0.0, 2.914812
0.0, 0.0, 2.872747
0.0, 0.0, 2.783405
0.0, 0.0, 2.653312
0.0, 0.0, 2.497831
0.0, 0.0, 2.333915
0.0, 0.0, 2.174337
0.0, 0.0, 2.026085
0.0, 0.0, 1.891686
0.0, 0.0, 1.771142
0.0, 0.0, 1.663309
0.0, 0.0, 1.566651
0.0, 0.0, 1.479616
0.0, 0.0, 1.400789
0.0, 0.0, 1.328953
0.0, 0.0, 1.263091
0.0, 0.0, 1.202370
0.0, 0.0, 1.146116
0.0, 0.0, 1.093787
0.0, 0.0, 1.044945
0.0, 0.0, 0.999242
0.0, 0.0, 0.956393
0.0, 0.0, 0.916164
0.0, 0.0, 0.878363
0.0, 0.0, 0.842825
0.0, 0.0, 0.809406
0.0, 0.0, 0.777974
0.0, 0.0, 0.748377
0.0, 0.0, 0.720346
0.0, 0.0, 0.693367
0.0, 0.0, 0.697922
0.0, 0.0, 0.726091
0.0, 0.0, 0.755488
0.0, 0.0, 0.786646
0.0, 0.0, 0.819849
0.0, 0.0, 0.855268
0.0, 0.0, 0.893053
0.0, 0.0, 0.933361
0.0, 0.0, 0.976373
0.0, 0.0, 1.022299
0.0, 0.0, 1.071388
0.0, 0.0, 1.123945
0.0, 0.0, 1.180345
0.0, 0.0, 1.241062
0.0, 0.0, 1.306694
0.0, 0.0, 1.378003
0.0, 0.0, 1.455960
0.0, 0.0, 1.541797
0.0, 0.0, 1.637070
0.0, 0.0, 1.743716
0.0, 0.0, 1.864106
0.0, 0.0, 2.001033
0.0, 0.0, 2.157565
0.0, 0.0, 2.336523
0.0, 0.0, 2.539111
0.0, 0.0, 2.761729
0.0, 0.0, 2.990807
0.0, 0.0, 3.199681
0.0, 0.0, 3.354722
0.0, 0.0, 3.431839
0.0, 0.0, 3.431221
0.0, 0.0, 3.376616
0.0, 0.0, 3.300449
0.0, 0.0, 3.229191
0.0, 0.0, 3.178509
0.0, 0.0, 3.155746
0.0, 0.0, 3.163397
0.0, 0.0, 3.200673
0.0, 0.0, 3.262993
0.0, 0.0, 3.339360
0.0, 0.0, 3.408705
0.0, 0.0, 3.440276
0.0, 0.0, 3.403739
0.0, 0.0, 3.285914
0.0, 0.0, 3.099856
0.0, 0.0, 2.876811
0.0, 0.0, 2.648455
0.0, 0.0, 2.434920
0.0, 0.0, 2.244102
0.0, 0.0, 2.076657
0.0, 0.0, 1.930314
0.0, 0.0, 1.802028
0.0, 0.0, 1.688834
0.0, 0.0, 1.588143
0.0, 0.0, 1.497805
0.0, 0.0, 1.416080
0.0, 0.0, 1.341583
0.0, 0.0, 1.273220
0.0, 0.0, 1.210130
0.0, 0.0, 1.151638
0.0, 0.0, 1.097212
0.0, 0.0, 1.046431
0.0, 0.0, 0.998957
0.0, 0.0, 0.954517
0.0, 0.0, 0.912881
0.0, 0.0, 0.873855
0.0, 0.0, 0.837272
0.0, 0.0, 0.802975
0.0, 0.0, 0.770785
0.0, 0.0, 0.740402
0.0, 0.0, 0.711266
0.0, 0.0, 0.714399
0.0, 0.0, 0.744668
0.0, 0.0, 0.776368
0.0, 0.0, 0.810075
0.0, 0.0, 0.846108
0.0, 0.0, 0.884662
0.0, 0.0, 0.925908
0.0, 0.0, 0.970027
0.0, 0.0, 1.017224
0.0, 0.0, 1.067735
0.0, 0.0, 1.121839
0.0, 0.0, 1.179878
0.0, 0.0, 1.242276
0.0, 0.0, 1.309573
0.0, 0.0, 1.382465
0.0, 0.0, 1.461851
0.0, 0.0, 1.548911
0.0, 0.0, 1.645178
0.0, 0.0, 1.752660
0.0, 0.0, 1.873963
0.0, 0.0, 2.012458
0.0, 0.0, 2.172440
0.0, 0.0, 2.359228
0.0, 0.0, 2.578968
0.0, 0.0, 2.837380
0.0, 0.0, 3.135251
0.0, 0.0, 3.457168
0.0, 0.0, 3.759177
0.0, 0.0, 3.976482
0.0, 0.0, 4.060150
0.0, 0.0, 4.013316
0.0, 0.0, 3.887006
0.0, 0.0, 3.742259
0.0, 0.0, 3.619936
0.0, 0.0, 3.538000
0.0, 0.0, 3.502293
0.0, 0.0, 3.514226
0.0, 0.0, 3.573392
0.0, 0.0, 3.676783
0.0, 0.0, 3.813938
0.0, 0.0, 3.956488
0.0, 0.0, 4.051248
0.0, 0.0, 4.036773
0.0, 0.0, 3.882572
0.0, 0.0, 3.614447
0.0, 0.0, 3.295084
0.0, 0.0, 2.981732
0.0, 0.0, 2.703079
0.0, 0.0, 2.464584
0.0, 0.0, 2.262113
0.0, 0.0, 2.089455
0.0, 0.0, 1.940817
0.0, 0.0, 1.811393
0.0, 0.0, 1.697371
0.0, 0.0, 1.595781
0.0, 0.0, 1.504336
0.0, 0.0, 1.421280
0.0, 0.0, 1.345269
0.0, 0.0, 1.275273
0.0, 0.0, 1.210502
0.0, 0.0, 1.150343
0.0, 0.0, 1.094319
0.0, 0.0, 1.042049
0.0, 0.0, 0.993227
0.0, 0.0, 0.947596
0.0, 0.0, 0.904938
0.0, 0.0, 0.865059
0.0, 0.0, 0.827782
0.0, 0.0, 0.792903
0.0, 0.0, 0.760089
0.0, 0.0, 0.728731
0.0, 0.0, 0.730277
0.0, 0.0, 0.762699
0.0, 0.0, 0.796766
0.0, 0.0, 0.833107
0.0, 0.0, 0.872072
0.0, 0.0, 0.913881
0.0, 0.0, 0.958725
0.0, 0.0, 1.006808
0.0, 0.0, 1.058351
0.0, 0.0, 1.113609
0.0, 0.0, 1.172881
0.0, 0.0, 1.236527
0.0, 0.0, 1.305000
0.0, 0.0, 1.378879
0.0, 0.0, 1.458920
0.0, 0.0, 1.546123
0.0, 0.0, 1.641822
0.0, 0.0, 1.747801
0.0, 0.0, 1.866457
0.0, 0.0, 2.001006
0.0, 0.0, 2.155779
0.0, 0.0, 2.336597
0.0, 0.0, 2.551238
0.0, 0.0, 2.809844
0.0, 0.0, 3.124449
0.0, 0.0, 3.504085
0.0, 0.0, 3.937104
0.0, 0.0, 4.359437
0.0, 0.0, 4.656933
0.0, 0.0, 4.737902
0.0, 0.0, 4.613436
0.0, 0.0, 4.382785
0.0, 0.0, 4.149241
0.0, 0.0, 3.966321
0.0, 0.0, 3.849326
0.0, 0.0, 3.799523
0.0, 0.0, 3.816091
0.0, 0.0, 3.899378
0.0, 0.0, 4.049998
0.0, 0.0, 4.262261
0.0, 0.0, 4.505676
0.0, 0.0, 4.698817
0.0, 0.0, 4.728743
0.0, 0.0, 4.531772
0.0, 0.0, 4.155652
0.0, 0.0, 3.715857
0.0, 0.0, 3.305931
0.0, 0.0, 2.959381
0.0, 0.0, 2.674318
0.0, 0.0, 2.439115
0.0, 0.0, 2.242498
0.0, 0.0, 2.075541
0.0, 0.0, 1.931504
0.0, 0.0, 1.805366
0.0, 0.0, 1.693394
0.0, 0.0, 1.592811
0.0, 0.0, 1.501552
0.0, 0.0, 1.418074
0.0, 0.0, 1.341222
0.0, 0.0, 1.270128
0.0, 0.0, 1.204132
0.0, 0.0, 1.142723
0.0, 0.0, 1.085499
0.0, 0.0, 1.032132
0.0, 0.0, 0.982348
0.0, 0.0, 0.935911
0.0, 0.0, 0.892609
0.0, 0.0, 0.852241
0.0, 0.0, 0.814580
0.0, 0.0, 0.779260
0.0, 0.0, 0.745618
0.0, 0.0, 0.745405
0.0, 0.0, 0.780025
0.0, 0.0, 0.816522
0.0, 0.0, 0.855576
0.0, 0.0, 0.897573
0.0, 0.0, 0.942758
0.0, 0.0, 0.991341
0.0, 0.0, 1.043543
0.0, 0.0, 1.099598
0.0, 0.0, 1.159768
0.0, 0.0, 1.224353
0.0, 0.0, 1.293712
0.0, 0.0, 1.368294
0.0, 0.0, 1.448674
0.0, 0.0, 1.535618
0.0, 0.0, 1.630155
0.0, 0.0, 1.733686
0.0, 0.0, 1.848132
0.0, 0.0, 1.976131
0.0, 0.0, 2.121317
0.0, 0.0, 2.288711
0.0, 0.0, 2.485286
0.0, 0.0, 2.720762
0.0, 0.0, 3.008618
0.0, 0.0, 3.366586
0.0, 0.0, 3.812282
0.0, 0.0, 4.340564
0.0, 0.0, 4.876129
0.0, 0.0, 5.249198
0.0, 0.0, 5.317961
0.0, 0.0, 5.104055
0.0, 0.0, 4.769263
0.0, 0.0, 4.454254
0.0, 0.0, 4.218603
0.0, 0.0, 4.072096
0.0, 0.0, 4.010618
0.0, 0.0, 4.031013
0.0, 0.0, 4.134403
0.0, 0.0, 4.325351
0.0, 0.0, 4.604651
0.0, 0.0, 4.944052
0.0, 0.0, 5.244000
0.0, 0.0, 5.329502
0.0, 0.0, 5.095890
0.0, 0.0, 4.614666
0.0, 0.0, 4.067723
0.0, 0.0, 3.577588
0.0, 0.0, 3.177589
0.0, 0.0, 2.857128
0.0, 0.0, 2.597420
0.0, 0.0, 2.382819
0.0, 0.0, 2.201856
0.0, 0.0, 2.046300
0.0, 0.0, 1.910238
0.0, 0.0, 1.789399
0.0, 0.0, 1.680690
0.0, 0.0, 1.581860
0.0, 0.0, 1.491269
0.0, 0.0, 1.407717
0.0, 0.0, 1.330318
0.0, 0.0, 1.258410
0.0, 0.0, 1.191488
0.0, 0.0, 1.129151
0.0, 0.0, 1.071073
0.0, 0.0, 1.016976
0.0, 0.0, 0.966611
0.0, 0.0, 0.919754
0.0, 0.0, 0.876184
0.0, 0.0, 0.835652
0.0, 0.0, 0.797754
0.0, 0.0, 0.761773
0.0, 0.0, 0.759624
0.0, 0.0, 0.796482
0.0, 0.0, 0.835464
0.0, 0.0, 0.877308
0.0, 0.0, 0.922437
0.0, 0.0, 0.971122
0.0, 0.0, 1.023592
0.0, 0.0, 1.080080
0.0, 0.0, 1.140825
0.0, 0.0, 1.206085
0.0, 0.0, 1.276140
0.0, 0.0, 1.351321
0.0, 0.0, 1.432028
0.0, 0.0, 1.518782
0.0, 0.0, 1.612279
0.0, 0.0, 1.713482
0.0, 0.0, 1.823735
0.0, 0.0, 1.944928
0.0, 0.0, 2.079712
0.0, 0.0, 2.231815
0.0, 0.0, 2.406464
0.0, 0.0, 2.611023
0.0, 0.0, 2.855887
0.0, 0.0, 3.155678
0.0, 0.0, 3.530035
0.0, 0.0, 3.999353
0.0, 0.0, 4.560977
0.0, 0.0, 5.133255
0.0, 0.0, 5.534157
0.0, 0.0, 5.584536
0.0, 0.0, 5.326421
0.0, 0.0, 4.944432
0.0, 0.0, 4.592552
0.0, 0.0, 4.332643
0.0, 0.0, 4.172230
0.0, 0.0, 4.105165
0.0, 0.0, 4.127398
0.0, 0.0, 4.240347
0.0, 0.0, 4.450083
0.0, 0.0, 4.759848
0.0, 0.0, 5.142963
0.0, 0.0, 5.490882
0.0, 0.0, 5.614772
0.0, 0.0, 5.368699
0.0, 0.0, 4.853671
0.0, 0.0, 4.270056
0.0, 0.0, 3.751724
0.0, 0.0, 3.332128
0.0, 0.0, 2.997804
0.0, 0.0, 2.727618
0.0, 0.0, 2.504440
0.0, 0.0, 2.315920
0.0, 0.0, 2.153314
0.0, 0.0, 2.010418
0.0, 0.0, 1.882820
0.0, 0.0, 1.767375
0.0, 0.0, 1.661844
0.0, 0.0, 1.564635
0.0, 0.0, 1.474611
0.0, 0.0, 1.390955
0.0, 0.0, 1.313067
0.0, 0.0, 1.240494
0.0, 0.0, 1.172874
0.0, 0.0, 1.109905
0.0, 0.0, 1.051319
0.0, 0.0, 0.996869
0.0, 0.0, 0.946320
0.0, 0.0, 0.899438
0.0, 0.0, 0.855945
0.0, 0.0, 0.815403
0.0, 0.0, 0.777035
0.0, 0.0, 0.772763
0.0, 0.0, 0.811891
0.0, 0.0, 0.853408
0.0, 0.0, 0.898116
0.0, 0.0, 0.946479
0.0, 0.0, 0.998794
0.0, 0.0, 1.055311
0.0, 0.0, 1.116272
0.0, 0.0, 1.181914
0.0, 0.0, 1.252473
0.0, 0.0, 1.328193
0.0, 0.0, 1.409336
0.0, 0.0, 1.496209
0.0, 0.0, 1.589205
0.0, 0.0, 1.688863
0.0, 0.0, 1.795955
0.0, 0.0, 1.911612
0.0, 0.0, 2.037482
0.0, 0.0, 2.175955
0.0, 0.0, 2.330450
0.0, 0.0, 2.505814
0.0, 0.0, 2.708852
0.0, 0.0, 2.949035
0.0, 0.0, 3.239295
0.0, 0.0, 3.596076
0.0, 0.0, 4.034336
0.0, 0.0, 4.545173
0.0, 0.0, 5.052067
0.0, 0.0, 5.392136
0.0, 0.0, 5.437109
0.0, 0.0, 5.208878
0.0, 0.0, 4.862049
0.0, 0.0, 4.534716
0.0, 0.0, 4.287978
0.0, 0.0, 4.133655
0.0, 0.0, 4.068691
0.0, 0.0, 4.090256
0.0, 0.0, 4.199372
0.0, 0.0, 4.399969
0.0, 0.0, 4.691255
0.0, 0.0, 5.042783
0.0, 0.0, 5.355094
0.0, 0.0, 5.458642
0.0, 0.0, 5.255165
0.0, 0.0, 4.806250
0.0, 0.0, 4.282549
0.0, 0.0, 3.804374
0.0, 0.0, 3.408249
0.0, 0.0, 3.086946
0.0, 0.0, 2.823582
0.0, 0.0, 2.603354
0.0, 0.0, 2.415152
0.0, 0.0, 2.250936
0.0, 0.0, 2.104958
0.0, 0.0, 1.973142
0.0, 0.0, 1.852625
0.0, 0.0, 1.741419
0.0, 0.0, 1.638160
0.0, 0.0, 1.541912
0.0, 0.0, 1.452035
0.0, 0.0, 1.368069
0.0, 0.0, 1.289672
0.0, 0.0, 1.216564
0.0, 0.0, 1.148493
0.0, 0.0, 1.085221
0.0, 0.0, 1.026512
0.0, 0.0, 0.972126
0.0, 0.0, 0.921814
0.0, 0.0, 0.875273
0.0, 0.0, 0.832025
0.0, 0.0, 0.791226
0.0, 0.0, 0.784641
0.0, 0.0, 0.826060
0.0, 0.0, 0.870156
0.0, 0.0, 0.917799
0.0, 0.0, 0.969500
0.0, 0.0, 1.025586
0.0, 0.0, 1.086330
0.0, 0.0, 1.151980
0.0, 0.0, 1.222765
0.0, 0.0, 1.298889
0.0, 0.0, 1.380532
0.0, 0.0, 1.467852
0.0, 0.0, 1.561006
0.0, 0.0, 1.660179
0.0, 0.0, 1.765644
0.0, 0.0, 1.877843
0.0, 0.0, 1.997511
0.0, 0.0, 2.125831
0.0, 0.0, 2.264636
0.0, 0.0, 2.416657
0.0, 0.0, 2.585812
0.0, 0.0, 2.777541
0.0, 0.0, 2.999120
0.0, 0.0, 3.259734
0.0, 0.0, 3.569382
0.0, 0.0, 3.933272
0.0, 0.0, 4.334960
0.0, 0.0, 4.709614
0.0, 0.0, 4.953049
0.0, 0.0, 4.986102
0.0, 0.0, 4.824650
0.0, 0.0, 4.563263
0.0, 0.0, 4.302083
0.0, 0.0, 4.096339
0.0, 0.0, 3.963828
0.0, 0.0, 3.907194
0.0, 0.0, 3.926050
0.0, 0.0, 4.020609
0.0, 0.0, 4.190650
0.0, 0.0, 4.428471
0.0, 0.0, 4.700998
0.0, 0.0, 4.927059
0.0, 0.0, 4.999459
0.0, 0.0, 4.854819
0.0, 0.0, 4.531490
0.0, 0.0, 4.131603
0.0, 0.0, 3.744655
0.0, 0.0, 3.407855
0.0, 0.0, 3.123912
0.0, 0.0, 2.884067
0.0, 0.0, 2.678447
0.0, 0.0, 2.498793
0.0, 0.0, 2.338782
0.0, 0.0, 2.193777
0.0, 0.0, 2.060493
0.0, 0.0, 1.936682
0.0, 0.0, 1.820864
0.0, 0.0, 1.712102
0.0, 0.0, 1.609826
0.0, 0.0, 1.513690
0.0, 0.0, 1.423473
0.0, 0.0, 1.339011
0.0, 0.0, 1.260148
0.0, 0.0, 1.186717
0.0, 0.0, 1.118527
0.0, 0.0, 1.055360
0.0, 0.0, 0.996977
0.0, 0.0, 0.943112
0.0, 0.0, 0.893437
0.0, 0.0, 0.847425
0.0, 0.0, 0.804159
0.0, 0.0, 0.795062
0.0, 0.0, 0.838785
0.0, 0.0, 0.885495
0.0, 0.0, 0.936140
0.0, 0.0, 0.991286
0.0, 0.0, 1.051297
0.0, 0.0, 1.116470
0.0, 0.0, 1.187063
0.0, 0.0, 1.263296
0.0, 0.0, 1.345329
0.0, 0.0, 1.433255
0.0, 0.0, 1.527091
0.0, 0.0, 1.626780
0.0, 0.0, 1.732213
0.0, 0.0, 1.843275
0.0, 0.0, 1.959920
0.0, 0.0, 2.082297
0.0, 0.0, 2.210894
0.0, 0.0, 2.346730
0.0, 0.0, 2.491541
0.0, 0.0, 2.647972
0.0, 0.0, 2.819678
0.0, 0.0, 3.011266
0.0, 0.0, 3.227756
0.0, 0.0, 3.472821
0.0, 0.0, 3.743932
0.0, 0.0, 4.022275
0.0, 0.0, 4.264468
0.0, 0.0, 4.412532
0.0, 0.0, 4.427581
0.0, 0.0, 4.319207
0.0, 0.0, 4.139967
0.0, 0.0, 3.950905
0.0, 0.0, 3.794222
0.0, 0.0, 3.689685
0.0, 0.0, 3.644159
0.0, 0.0, 3.659372
0.0, 0.0, 3.734822
0.0, 0.0, 3.866878
0.0, 0.0, 4.043606
0.0, 0.0, 4.234783
0.0, 0.0, 4.386760
0.0, 0.0, 4.437813
0.0, 0.0, 4.353803
0.0, 0.0, 4.151425
0.0, 0.0, 3.884226
0.0, 0.0, 3.605718
0.0, 0.0, 3.346633
0.0, 0.0, 3.116101
0.0, 0.0, 2.912671
0.0, 0.0, 2.731647
0.0, 0.0, 2.568101
0.0, 0.0, 2.417872
0.0, 0.0, 2.277818
0.0, 0.0, 2.145769
0.0, 0.0, 2.020372
0.0, 0.0, 1.900896
0.0, 0.0, 1.787046
0.0, 0.0, 1.678787
0.0, 0.0, 1.576210
0.0, 0.0, 1.479436
0.0, 0.0, 1.388552
0.0, 0.0, 1.303580
0.0, 0.0, 1.224463
0.0, 0.0, 1.151074
0.0, 0.0, 1.083221
0.0, 0.0, 1.020664
0.0, 0.0, 0.963118
0.0, 0.0, 0.910220
0.0, 0.0, 0.861392
0.0, 0.0, 0.815635
0.0, 0.0, 0.803818
0.0, 0.0, 0.849845
0.0, 0.0, 0.899193
0.0, 0.0, 0.952903
0.0, 0.0, 1.011603
0.0, 0.0, 1.075704
0.0, 0.0, 1.145536
0.0, 0.0, 1.221375
0.0, 0.0, 1.303432
0.0, 0.0, 1.391820
0.0, 0.0, 1.486529
0.0, 0.0, 1.587398
0.0, 0.0, 1.694096
0.0, 0.0, 1.806123
0.0, 0.0, 1.922838
0.0, 0.0, 2.043542
0.0, 0.0, 2.167588
0.0, 0.0, 2.294556
0.0, 0.0, 2.424436
0.0, 0.0, 2.557803
0.0, 0.0, 2.695930
0.0, 0.0, 2.840741
0.0, 0.0, 2.994524
0.0, 0.0, 3.159146
0.0, 0.0, 3.334374
0.0, 0.0, 3.514704
0.0, 0.0, 3.685233
0.0, 0.0, 3.820517
0.0, 0.0, 3.892014
0.0, 0.0, 3.883285
0.0, 0.0, 3.801764
0.0, 0.0, 3.676078
0.0, 0.0, 3.541482
0.0, 0.0, 3.426235
0.0, 0.0, 3.347163
0.0, 0.0, 3.312168
0.0, 0.0, 3.323899
0.0, 0.0, 3.381523
0.0, 0.0, 3.480139
0.0, 0.0, 3.607891
0.0, 0.0, 3.742253
0.0, 0.0, 3.850263
0.0, 0.0, 3.897885
0.0, 0.0, 3.865769
0.0, 0.0, 3.759149
0.0, 0.0, 3.602559
0.0, 0.0, 3.424561
0.0, 0.0, 3.245603
0.0, 0.0, 3.075417
0.0, 0.0, 2.916371
0.0, 0.0, 2.767359
0.0, 0.0, 2.626165
0.0, 0.0, 2.490621
0.0, 0.0, 2.359111
0.0, 0.0, 2.230720
0.0, 0.0, 2.105181
0.0, 0.0, 1.982735
0.0, 0.0, 1.863938
0.0, 0.0, 1.749481
0.0, 0.0, 1.640046
0.0, 0.0, 1.536210
0.0, 0.0, 1.438390
0.0, 0.0, 1.346832
0.0, 0.0, 1.261617
0.0, 0.0, 1.182690
0.0, 0.0, 1.109885
0.0, 0.0, 1.042956
0.0, 0.0, 0.981593
0.0, 0.0, 0.925389
0.0, 0.0, 0.873701
0.0, 0.0, 0.825437
0.0, 0.0, 0.810690
0.0, 0.0, 0.859003
0.0, 0.0, 0.911000
0.0, 0.0, 0.967828
0.0, 0.0, 1.030190
0.0, 0.0, 1.098556
0.0, 0.0, 1.173305
0.0, 0.0, 1.254744
0.0, 0.0, 1.343087
0.0, 0.0, 1.438405
0.0, 0.0, 1.540578
0.0, 0.0, 1.649240
0.0, 0.0, 1.763726
0.0, 0.0, 1.883045
0.0, 0.0, 2.005888
0.0, 0.0, 2.130698
0.0, 0.0, 2.255818
0.0, 0.0, 2.379695
0.0, 0.0, 2.501130
0.0, 0.0, 2.619490
0.0, 0.0, 2.734817
0.0, 0.0, 2.847744
0.0, 0.0, 2.959124
0.0, 0.0, 3.069298
0.0, 0.0, 3.176882
0.0, 0.0, 3.277168
0.0, 0.0, 3.360892
0.0, 0.0, 3.415091
0.0, 0.0, 3.427479
0.0, 0.0, 3.393015
0.0, 0.0, 3.318257
0.0, 0.0, 3.219838
0.0, 0.0, 3.118191
0.0, 0.0, 3.031132
0.0, 0.0, 2.970817
0.0, 0.0, 2.943918
0.0, 0.0, 2.952951
0.0, 0.0, 2.997101
0.0, 0.0, 3.071936
0.0, 0.0, 3.168189
0.0, 0.0, 3.270733
0.0, 0.0, 3.359813
0.0, 0.0, 3.415983
0.0, 0.0, 3.427073
0.0, 0.0, 3.392541
0.0, 0.0, 3.321856
0.0, 0.0, 3.228403
0.0, 0.0, 3.123610
0.0, 0.0, 3.014390
0.0, 0.0, 2.903582
0.0, 0.0, 2.791526
0.0, 0.0, 2.677504
0.0, 0.0, 2.560708
0.0, 0.0, 2.440773
0.0, 0.0, 2.317998
0.0, 0.0, 2.193322
0.0, 0.0, 2.068151
0.0, 0.0, 1.944119
0.0, 0.0, 1.822856
0.0, 0.0, 1.705809
0.0, 0.0, 1.594132
0.0, 0.0, 1.488651
0.0, 0.0, 1.389876
0.0, 0.0, 1.298044
0.0, 0.0, 1.213172
0.0, 0.0, 1.135112
0.0, 0.0, 1.063597
0.0, 0.0, 0.998276
0.0, 0.0, 0.938686
0.0, 0.0, 0.884107
0.0, 0.0, 0.833337
0.0, 0.0, 0.815444
0.0, 0.0, 0.866004
0.0, 0.0, 0.920644
0.0, 0.0, 0.980627
0.0, 0.0, 1.046751
0.0, 0.0, 1.119564
0.0, 0.0, 1.199512
0.0, 0.0, 1.286958
0.0, 0.0, 1.382141
0.0, 0.0, 1.485110
0.0, 0.0, 1.595646
0.0, 0.0, 1.713166
0.0, 0.0, 1.836626
0.0, 0.0, 1.964443
0.0, 0.0, 2.094473
0.0, 0.0, 2.224074
0.0, 0.0, 2.350304
0.0, 0.0, 2.470229
0.0, 0.0, 2.581306
0.0, 0.0, 2.681737
0.0, 0.0, 2.770660
0.0, 0.0, 2.848086
0.0, 0.0, 2.914536
0.0, 0.0, 2.970407
0.0, 0.0, 3.015169
0.0, 0.0, 3.046624
0.0, 0.0, 3.060714
0.0, 0.0, 3.052478
0.0, 0.0, 3.018323
0.0, 0.0, 2.958723
0.0, 0.0, 2.879663
0.0, 0.0, 2.791652
0.0, 0.0, 2.706893
0.0, 0.0, 2.636318
0.0, 0.0, 2.587895
0.0, 0.0, 2.566353
0.0, 0.0, 2.573585
0.0, 0.0, 2.608969
0.0, 0.0, 2.669256
0.0, 0.0, 2.748125
0.0, 0.0, 2.836014
0.0, 0.0, 2.921047
0.0, 0.0, 2.991460
0.0, 0.0, 3.038734
0.0, 0.0, 3.059678
0.0, 0.0, 3.056149
0.0, 0.0, 3.032774
0.0, 0.0, 2.994269
0.0, 0.0, 2.943796
0.0, 0.0, 2.882646
0.0, 0.0, 2.810783
0.0, 0.0, 2.727654
0.0, 0.0, 2.632929
0.0, 0.0, 2.527007
0.0, 0.0, 2.411228
0.0, 0.0, 2.287799
0.0, 0.0, 2.159508
0.0, 0.0, 2.029337
0.0, 0.0, 1.900111
0.0, 0.0, 1.774240
0.0, 0.0, 1.653587
0.0, 0.0, 1.539459
0.0, 0.0, 1.432658
0.0, 0.0, 1.333574
0.0, 0.0, 1.242280
0.0, 0.0, 1.158622
0.0, 0.0, 1.082292
0.0, 0.0, 1.012874
0.0, 0.0, 0.949832
0.0, 0.0, 0.892346
0.0, 0.0, 0.839088
0.0, 0.0, 0.817834
0.0, 0.0, 0.870580
0.0, 0.0, 0.927828
0.0, 0.0, 0.990984
0.0, 0.0, 1.060956
0.0, 0.0, 1.138392
0.0, 0.0, 1.223837
0.0, 0.0, 1.317739
0.0, 0.0, 1.420404
0.0, 0.0, 1.531901
0.0, 0.0, 1.651947
0.0, 0.0, 1.779761
0.0, 0.0, 1.913896
0.0, 0.0, 2.052088
0.0, 0.0, 2.191171
0.0, 0.0, 2.327129
0.0, 0.0, 2.455369
0.0, 0.0, 2.571226
0.0, 0.0, 2.670612
0.0, 0.0, 2.750643
0.0, 0.0, 2.810002
0.0, 0.0, 2.848907
0.0, 0.0, 2.868688
0.0, 0.0, 2.871117
0.0, 0.0, 2.857717
0.0, 0.0, 2.829310
0.0, 0.0, 2.786025
0.0, 0.0, 2.727901
0.0, 0.0, 2.655950
0.0, 0.0, 2.573181
0.0, 0.0, 2.484946
0.0, 0.0, 2.398309
0.0, 0.0, 2.320718
0.0, 0.0, 2.258696
0.0, 0.0, 2.217050
0.0, 0.0, 2.198704
0.0, 0.0, 2.204851
0.0, 0.0, 2.235100
0.0, 0.0, 2.287416
0.0, 0.0, 2.357940
0.0, 0.0, 2.440954
0.0, 0.0, 2.529331
0.0, 0.0, 2.615635
0.0, 0.0, 2.693521
0.0, 0.0, 2.758791
0.0, 0.0, 2.809534
0.0, 0.0, 2.845370
0.0, 0.0, 2.866325
0.0, 0.0, 2.871964
0.0, 0.0, 2.861079
0.0, 0.0, 2.831947
0.0, 0.0, 2.782926
0.0, 0.0, 2.713168
0.0, 0.0, 2.623192
0.0, 0.0, 2.515122
0.0, 0.0, 2.392511
0.0, 0.0, 2.259820
0.0, 0.0, 2.121752
0.0, 0.0, 1.982662
0.0, 0.0, 1.846159
0.0, 0.0, 1.714956
0.0, 0.0, 1.590891
0.0, 0.0, 1.475057
0.0, 0.0, 1.367966
0.0, 0.0, 1.269708
0.0, 0.0, 1.180083
0.0, 0.0, 1.098705
0.0, 0.0, 1.025063
0.0, 0.0, 0.958518
0.0, 0.0, 0.898135
0.0, 0.0, 0.842432
0.0, 0.0, 0.817604
0.0, 0.0, 0.872443
0.0, 0.0, 0.932236
0.0, 0.0, 0.998550
0.0, 0.0, 1.072428
0.0, 0.0, 1.154647
0.0, 0.0, 1.245882
0.0, 0.0, 1.346717
0.0, 0.0, 1.457579
0.0, 0.0, 1.578626
0.0, 0.0, 1.709587
0.0, 0.0, 1.849548
0.0, 0.0, 1.996686
0.0, 0.0, 2.147999
0.0, 0.0, 2.299094
0.0, 0.0, 2.444201
0.0, 0.0, 2.576543
0.0, 0.0, 2.689166
0.0, 0.0, 2.776079
0.0, 0.0, 2.833369
0.0, 0.0, 2.859839
0.0, 0.0, 2.856924
0.0, 0.0, 2.827975
0.0, 0.0, 2.777258
0.0, 0.0, 2.709073
0.0, 0.0, 2.627242
0.0, 0.0, 2.535063
0.0, 0.0, 2.435622
0.0, 0.0, 2.332263
0.0, 0.0, 2.228948
0.0, 0.0, 2.130250
0.0, 0.0, 2.040977
0.0, 0.0, 1.965582
0.0, 0.0, 1.907660
0.0, 0.0, 1.869715
0.0, 0.0, 1.853211
0.0, 0.0, 1.858728
0.0, 0.0, 1.886076
0.0, 0.0, 1.934254
0.0, 0.0, 2.001296
0.0, 0.0, 2.084141
0.0, 0.0, 2.178720
0.0, 0.0, 2.280326
0.0, 0.0, 2.384201
0.0, 0.0, 2.486052
0.0, 0.0, 2.582253
0.0, 0.0, 2.669647
0.0, 0.0, 2.745096
0.0, 0.0, 2.805061
0.0, 0.0, 2.845446
0.0, 0.0, 2.861878
0.0, 0.0, 2.850423
0.0, 0.0, 2.808568
0.0, 0.0, 2.736140
0.0, 0.0, 2.635731
0.0, 0.0, 2.512411
0.0, 0.0, 2.372804
0.0, 0.0, 2.223905
0.0, 0.0, 2.072062
0.0, 0.0, 1.922377
0.0, 0.0, 1.778532
0.0, 0.0, 1.642907
0.0, 0.0, 1.516834
0.0, 0.0, 1.400877
0.0, 0.0, 1.295069
0.0, 0.0, 1.199099
0.0, 0.0, 1.112451
0.0, 0.0, 1.034480
0.0, 0.0, 0.964413
0.0, 0.0, 0.901171
0.0, 0.0, 0.843098
0.0, 0.0, 0.814494
0.0, 0.0, 0.871298
0.0, 0.0, 0.933532
0.0, 0.0, 1.002949
0.0, 0.0, 1.080751
0.0, 0.0, 1.167874
0.0, 0.0, 1.265166
0.0, 0.0, 1.373402
0.0, 0.0, 1.493211
0.0, 0.0, 1.624940
0.0, 0.0, 1.768456
0.0, 0.0, 1.922850
0.0, 0.0, 2.086042
0.0, 0.0, 2.254310
0.0, 0.0, 2.421853
0.0, 0.0, 2.580646
0.0, 0.0, 2.720902
0.0, 0.0, 2.832422
0.0, 0.0, 2.906616
0.0, 0.0, 2.938514
0.0, 0.0, 2.927821
0.0, 0.0, 2.878555
0.0, 0.0, 2.797556
0.0, 0.0, 2.692696
0.0, 0.0, 2.571516
0.0, 0.0, 2.440578
0.0, 0.0, 2.305416
0.0, 0.0, 2.170798
0.0, 0.0, 2.041022
0.0, 0.0, 1.920078
0.0, 0.0, 1.811600
0.0, 0.0, 1.718668
0.0, 0.0, 1.643596
0.0, 0.0, 1.587855
0.0, 0.0, 1.552195
0.0, 0.0, 1.536887
0.0, 0.0, 1.541991
0.0, 0.0, 1.567490
0.0, 0.0, 1.613248
0.0, 0.0, 1.678788
0.0, 0.0, 1.763026
0.0, 0.0, 1.864072
0.0, 0.0, 1.979208
0.0, 0.0, 2.105048
0.0, 0.0, 2.237762
0.0, 0.0, 2.373213
0.0, 0.0, 2.506898
0.0, 0.0, 2.633710
0.0, 0.0, 2.747619
0.0, 0.0, 2.841536
0.0, 0.0, 2.907627
0.0, 0.0, 2.938328
0.0, 0.0, 2.927983
0.0, 0.0, 2.874600
0.0, 0.0, 2.780855
0.0, 0.0, 2.653741
0.0, 0.0, 2.502926
0.0, 0.0, 2.338624
0.0, 0.0, 2.169852
0.0, 0.0, 2.003535
0.0, 0.0, 1.844391
0.0, 0.0, 1.695259
0.0, 0.0, 1.557580
0.0, 0.0, 1.431830
0.0, 0.0, 1.317873
0.0, 0.0, 1.215199
0.0, 0.0, 1.123093
0.0, 0.0, 1.040728
0.0, 0.0, 0.967161
0.0, 0.0, 0.901139
0.0, 0.0, 0.840805
0.0, 0.0, 0.808240
0.0, 0.0, 0.866840
0.0, 0.0, 0.931367
0.0, 0.0, 1.003781
0.0, 0.0, 1.085468
0.0, 0.0, 1.177557
0.0, 0.0, 1.281113
0.0, 0.0, 1.397168
0.0, 0.0, 1.526646
0.0, 0.0, 1.670222
0.0, 0.0, 1.828087
0.0, 0.0, 1.999580
0.0, 0.0, 2.182628
0.0, 0.0, 2.372987
0.0, 0.0, 2.563384
0.0, 0.0, 2.742929
0.0, 0.0, 2.897542
0.0, 0.0, 3.012058
0.0, 0.0, 3.073898
0.0, 0.0, 3.076813
0.0, 0.0, 3.022644
0.0, 0.0, 2.920121
0.0, 0.0, 2.781630
0.0, 0.0, 2.619905
0.0, 0.0, 2.446005
0.0, 0.0, 2.268721
0.0, 0.0, 2.094860
0.0, 0.0, 1.929761
0.0, 0.0, 1.777714
0.0, 0.0, 1.642146
0.0, 0.0, 1.525610
0.0, 0.0, 1.429684
0.0, 0.0, 1.354949
0.0, 0.0, 1.301143
0.0, 0.0, 1.267514
0.0, 0.0, 1.253277
0.0, 0.0, 1.258010
0.0, 0.0, 1.281860
0.0, 0.0, 1.325470
0.0, 0.0, 1.389667
0.0, 0.0, 1.475012
0.0, 0.0, 1.581377
0.0, 0.0, 1.707689
0.0, 0.0, 1.851872
0.0, 0.0, 2.010926
0.0, 0.0, 2.181000
0.0, 0.0, 2.357319
0.0, 0.0, 2.533874
0.0, 0.0, 2.702928
0.0, 0.0, 2.854552
0.0, 0.0, 2.976696
0.0, 0.0, 3.056448
0.0, 0.0, 3.082796
0.0, 0.0, 3.050137
0.0, 0.0, 2.960708
0.0, 0.0, 2.824313
0.0, 0.0, 2.655334
0.0, 0.0, 2.468775
0.0, 0.0, 2.277268
0.0, 0.0, 2.089864
0.0, 0.0, 1.912219
0.0, 0.0, 1.747384
0.0, 0.0, 1.596645
0.0, 0.0, 1.460179
0.0, 0.0, 1.337517
0.0, 0.0, 1.227836
0.0, 0.0, 1.130145
0.0, 0.0, 1.043379
0.0, 0.0, 0.966386
0.0, 0.0, 0.897712
0.0, 0.0, 0.835270
0.0, 0.0, 0.798585
0.0, 0.0, 0.858771
0.0, 0.0, 0.925390
0.0, 0.0, 1.000634
0.0, 0.0, 1.086098
0.0, 0.0, 1.183130
0.0, 0.0, 1.293059
0.0, 0.0, 1.417241
0.0, 0.0, 1.556998
0.0, 0.0, 1.713494
0.0, 0.0, 1.887494
0.0, 0.0, 2.078944
0.0, 0.0, 2.286271
0.0, 0.0, 2.505247
0.0, 0.0, 2.727410
0.0, 0.0, 2.938466
0.0, 0.0, 3.118075
0.0, 0.0, 3.242958
0.0, 0.0, 3.293691
0.0, 0.0, 3.262115
0.0, 0.0, 3.154424
0.0, 0.0, 2.987802
0.0, 0.0, 2.783363
0.0, 0.0, 2.560161
0.0, 0.0, 2.332640
0.0, 0.0, 2.110849
0.0, 0.0, 1.901675
0.0, 0.0, 1.709975
0.0, 0.0, 1.539266
0.0, 0.0, 1.392008
0.0, 0.0, 1.269585
0.0, 0.0, 1.172206
0.0, 0.0, 1.098905
0.0, 0.0, 1.047818
0.0, 0.0, 1.016737
0.0, 0.0, 1.003800
0.0, 0.0, 1.008085
0.0, 0.0, 1.029909
0.0, 0.0, 1.070722
0.0, 0.0, 1.132646
0.0, 0.0, 1.217800
0.0, 0.0, 1.327650
0.0, 0.0, 1.462592
0.0, 0.0, 1.621818
0.0, 0.0, 1.803394
0.0, 0.0, 2.004344
0.0, 0.0, 2.220538
0.0, 0.0, 2.446222
0.0, 0.0, 2.673090
0.0, 0.0, 2.889022
0.0, 0.0, 3.077165
0.0, 0.0, 3.216888
0.0, 0.0, 3.288128
0.0, 0.0, 3.278433
0.0, 0.0, 3.188757
0.0, 0.0, 3.033653
0.0, 0.0, 2.835473
0.0, 0.0, 2.616673
0.0, 0.0, 2.394712
0.0, 0.0, 2.180809
0.0, 0.0, 1.981090
0.0, 0.0, 1.798284
0.0, 0.0, 1.633093
0.0, 0.0, 1.485094
0.0, 0.0, 1.353284
0.0, 0.0, 1.236399
0.0, 0.0, 1.133085
0.0, 0.0, 1.041988
0.0, 0.0, 0.961710
0.0, 0.0, 0.890566
0.0, 0.0, 0.826212
0.0, 0.0, 0.785287
0.0, 0.0, 0.846803
0.0, 0.0, 0.915260
0.0, 0.0, 0.993101
0.0, 0.0, 1.082150
0.0, 0.0, 1.184000
0.0, 0.0, 1.300279
0.0, 0.0, 1.432721
0.0, 0.0, 1.583149
0.0, 0.0, 1.753376
0.0, 0.0, 1.945016
0.0, 0.0, 2.159095
0.0, 0.0, 2.395281
0.0, 0.0, 2.650435
0.0, 0.0, 2.916028
0.0, 0.0, 3.174429
0.0, 0.0, 3.396369
0.0, 0.0, 3.544665
0.0, 0.0, 3.587082
0.0, 0.0, 3.511968
0.0, 0.0, 3.334281
0.0, 0.0, 3.086704
0.0, 0.0, 2.804147
0.0, 0.0, 2.513290
0.0, 0.0, 2.230807
0.0, 0.0, 1.966181
0.0, 0.0, 1.724818
0.0, 0.0, 1.509997
0.0, 0.0, 1.323835
0.0, 0.0, 1.167574
0.0, 0.0, 1.041465
0.0, 0.0, 0.944496
0.0, 0.0, 0.874270
0.0, 0.0, 0.827300
0.0, 0.0, 0.799782
0.0, 0.0, 0.788617
0.0, 0.0, 0.792295
0.0, 0.0, 0.811331
0.0, 0.0, 0.848120
0.0, 0.0, 0.906240
0.0, 0.0, 0.989456
0.0, 0.0, 1.100781
0.0, 0.0, 1.241925
0.0, 0.0, 1.413236
0.0, 0.0, 1.613936
0.0, 0.0, 1.842351
0.0, 0.0, 2.095856
0.0, 0.0, 2.370282
0.0, 0.0, 2.658500
0.0, 0.0, 2.947869
0.0, 0.0, 3.216901
0.0, 0.0, 3.434086
0.0, 0.0, 3.563809
0.0, 0.0, 3.580423
0.0, 0.0, 3.482036
0.0, 0.0, 3.292206
0.0, 0.0, 3.047689
0.0, 0.0, 2.782773
0.0, 0.0, 2.520854
0.0, 0.0, 2.274532
0.0, 0.0, 2.049228
0.0, 0.0, 1.846435
0.0, 0.0, 1.665679
0.0, 0.0, 1.505572
0.0, 0.0, 1.364367
0.0, 0.0, 1.240230
0.0, 0.0, 1.131375
0.0, 0.0, 1.036109
0.0, 0.0, 0.952758
0.0, 0.0, 0.879386
0.0, 0.0, 0.813369
0.0, 0.0, 0.768129
0.0, 0.0, 0.830676
0.0, 0.0, 0.900662
0.0, 0.0, 0.980800
0.0, 0.0, 1.073157
0.0, 0.0, 1.179583
0.0, 0.0, 1.302025
0.0, 0.0, 1.442636
0.0, 0.0, 1.603799
0.0, 0.0, 1.788104
0.0, 0.0, 1.998258
0.0, 0.0, 2.236827
0.0, 0.0, 2.505617
0.0, 0.0, 2.804184
0.0, 0.0, 3.126374
0.0, 0.0, 3.453215
0.0, 0.0, 3.743936
0.0, 0.0, 3.937691
0.0, 0.0, 3.977226
0.0, 0.0, 3.843869
0.0, 0.0, 3.570090
0.0, 0.0, 3.217328
0.0, 0.0, 2.841560
0.0, 0.0, 2.476979
0.0, 0.0, 2.139178
0.0, 0.0, 1.834183
0.0, 0.0, 1.564074
0.0, 0.0, 1.329514
0.0, 0.0, 1.130738
0.0, 0.0, 0.967709
0.0, 0.0, 0.839759
0.0, 0.0, 0.744951
0.0, 0.0, 0.679603
0.0, 0.0, 0.638483
0.0, 0.0, 0.615880
0.0, 0.0, 0.607135
0.0, 0.0, 0.609984
0.0, 0.0, 0.625200
0.0, 0.0, 0.656377
0.0, 0.0, 0.708893
0.0, 0.0, 0.788399
0.0, 0.0, 0.899432
0.0, 0.0, 1.044775
0.0, 0.0, 1.225647
0.0, 0.0, 1.442330
0.0, 0.0, 1.694710
0.0, 0.0, 1.982397
0.0, 0.0, 2.304215
0.0, 0.0, 2.656573
0.0, 0.0, 3.029584
0.0, 0.0, 3.399449
0.0, 0.0, 3.720551
0.0, 0.0, 3.930784
0.0, 0.0, 3.978816
0.0, 0.0, 3.856927
0.0, 0.0, 3.606606
0.0, 0.0, 3.291222
0.0, 0.0, 2.963110
0.0, 0.0, 2.651369
0.0, 0.0, 2.367393
0.0, 0.0, 2.113848
0.0, 0.0, 1.889782
0.0, 0.0, 1.692891
0.0, 0.0, 1.520491
0.0, 0.0, 1.369916
0.0, 0.0, 1.238673
0.0, 0.0, 1.124494
0.0, 0.0, 1.025319
0.0, 0.0, 0.939186
0.0, 0.0, 0.863887
0.0, 0.0, 0.796496
0.0, 0.0, 0.746925
0.0, 0.0, 0.810169
0.0, 0.0, 0.881328
0.0, 0.0, 0.963403
0.0, 0.0, 1.058709
0.0, 0.0, 1.169353
0.0, 0.0, 1.297601
0.0, 0.0, 1.446028
0.0, 0.0, 1.617588
0.0, 0.0, 1.815684
0.0, 0.0, 2.044216
0.0, 0.0, 2.307566
0.0, 0.0, 2.610345
0.0, 0.0, 2.956365
0.0, 0.0, 3.345025
0.0, 0.0, 3.760662
0.0, 0.0, 4.152047
0.0, 0.0, 4.421424
0.0, 0.0, 4.466932
0.0, 0.0, 4.254834
0.0, 0.0, 3.851619
0.0, 0.0, 3.367100
0.0, 0.0, 2.886269
0.0, 0.0, 2.446094
0.0, 0.0, 2.055806
0.0, 0.0, 1.714793
0.0, 0.0, 1.420222
0.0, 0.0, 1.169424
0.0, 0.0, 0.960511
0.0, 0.0, 0.792291
0.0, 0.0, 0.663622
0.0, 0.0, 0.572199
0.0, 0.0, 0.513362
0.0, 0.0, 0.479959
0.0, 0.0, 0.463846
0.0, 0.0, 0.458298
0.0, 0.0, 0.460051
0.0, 0.0, 0.470218
0.0, 0.0, 0.493986
0.0, 0.0, 0.539096
0.0, 0.0, 0.613473
0.0, 0.0, 0.723108
0.0, 0.0, 0.871373
0.0, 0.0, 1.059817
0.0, 0.0, 1.289489
0.0, 0.0, 1.561884
0.0, 0.0, 1.879306
0.0, 0.0, 2.244649
0.0, 0.0, 2.660132
0.0, 0.0, 3.122858
0.0, 0.0, 3.612330
0.0, 0.0, 4.068849
0.0, 0.0, 4.388982
0.0, 0.0, 4.475454
0.0, 0.0, 4.308763
0.0, 0.0, 3.964839
0.0, 0.0, 3.551698
0.0, 0.0, 3.145817
0.0, 0.0, 2.777811
0.0, 0.0, 2.453748
0.0, 0.0, 2.171250
0.0, 0.0, 1.925882
0.0, 0.0, 1.713087
0.0, 0.0, 1.528715
0.0, 0.0, 1.369117
0.0, 0.0, 1.231124
0.0, 0.0, 1.111977
0.0, 0.0, 1.009253
0.0, 0.0, 0.920697
0.0, 0.0, 0.843824
0.0, 0.0, 0.775392
0.0, 0.0, 0.721538
0.0, 0.0, 0.785115
0.0, 0.0, 0.857056
0.0, 0.0, 0.940662
0.0, 0.0, 1.038490
0.0, 0.0, 1.152896
0.0, 0.0, 1.286442
0.0, 0.0, 1.442082
0.0, 0.0, 1.623284
0.0, 0.0, 1.834174
0.0, 0.0, 2.079715
0.0, 0.0, 2.365951
0.0, 0.0, 2.700215
0.0, 0.0, 3.090867
0.0, 0.0, 3.544365
0.0, 0.0, 4.052214
0.0, 0.0, 4.557998
0.0, 0.0, 4.925021
0.0, 0.0, 4.982348
0.0, 0.0, 4.678238
0.0, 0.0, 4.124744
0.0, 0.0, 3.502515
0.0, 0.0, 2.920803
0.0, 0.0, 2.413153
0.0, 0.0, 1.978660
0.0, 0.0, 1.608680
0.0, 0.0, 1.295110
0.0, 0.0, 1.031902
0.0, 0.0, 0.815093
0.0, 0.0, 0.642563
0.0, 0.0, 0.513310
0.0, 0.0, 0.425585
0.0, 0.0, 0.374372
0.0, 0.0, 0.350422
0.0, 0.0, 0.342403
0.0, 0.0, 0.340854
0.0, 0.0, 0.341229
0.0, 0.0, 0.345068
0.0, 0.0, 0.359632
0.0, 0.0, 0.395833
0.0, 0.0, 0.464410
0.0, 0.0, 0.572559
0.0, 0.0, 0.723357
0.0, 0.0, 0.917868
0.0, 0.0, 1.157504
0.0, 0.0, 1.445272
0.0, 0.0, 1.786156
0.0, 0.0, 2.187273
0.0, 0.0, 2.657395
0.0, 0.0, 3.203005
0.0, 0.0, 3.812031
0.0, 0.0, 4.416998
0.0, 0.0, 4.867250
0.0, 0.0, 4.996529
0.0, 0.0, 4.770336
0.0, 0.0, 4.312546
0.0, 0.0, 3.793645
0.0, 0.0, 3.309703
0.0, 0.0, 2.887972
0.0, 0.0, 2.526571
0.0, 0.0, 2.217320
0.0, 0.0, 1.952264
0.0, 0.0, 1.724730
0.0, 0.0, 1.529248
0.0, 0.0, 1.361297
0.0, 0.0, 1.217103
0.0, 0.0, 1.093468
0.0, 0.0, 0.987632
0.0, 0.0, 0.897066
0.0, 0.0, 0.819013
0.0, 0.0, 0.749899
0.0, 0.0, 0.691880
0.0, 0.0, 0.755416
0.0, 0.0, 0.827730
0.0, 0.0, 0.912433
0.0, 0.0, 1.012322
0.0, 0.0, 1.129974
0.0, 0.0, 1.268199
0.0, 0.0, 1.430261
0.0, 0.0, 1.620016
0.0, 0.0, 1.842087
0.0, 0.0, 2.102118
0.0, 0.0, 2.407133
0.0, 0.0, 2.766010
0.0, 0.0, 3.189712
0.0, 0.0, 3.688918
0.0, 0.0, 4.259936
0.0, 0.0, 4.843893
0.0, 0.0, 5.278297
0.0, 0.0, 5.345989
0.0, 0.0, 4.961161
0.0, 0.0, 4.297021
0.0, 0.0, 3.576499
0.0, 0.0, 2.924818
0.0, 0.0, 2.371015
0.0, 0.0, 1.906655
0.0, 0.0, 1.517428
0.0, 0.0, 1.191476
0.0, 0.0, 0.920208
0.0, 0.0, 0.697944
0.0, 0.0, 0.521782
0.0, 0.0, 0.391364
0.0, 0.0, 0.306612
0.0, 0.0, 0.263185
0.0, 0.0, 0.249676
0.0, 0.0, 0.250755
0.0, 0.0, 0.253664
0.0, 0.0, 0.252505
0.0, 0.0, 0.249194
0.0, 0.0, 0.253397
0.0, 0.0, 0.279985
0.0, 0.0, 0.343179
0.0, 0.0, 0.450712
0.0, 0.0, 0.604153
0.0, 0.0, 0.803195
0.0, 0.0, 1.049426
0.0, 0.0, 1.347152
0.0, 0.0, 1.703470
0.0, 0.0, 2.128573
0.0, 0.0, 2.635850
0.0, 0.0, 3.238517
0.0, 0.0, 3.931532
0.0, 0.0, 4.644122
0.0, 0.0, 5.195715
0.0, 0.0, 5.365654
0.0, 0.0, 5.093913
0.0, 0.0, 4.558719
0.0, 0.0, 3.967475
0.0, 0.0, 3.429501
0.0, 0.0, 2.969015
0.0, 0.0, 2.579199
0.0, 0.0, 2.248497
0.0, 0.0, 1.966956
0.0, 0.0, 1.726687
0.0, 0.0, 1.521409
0.0, 0.0, 1.346026
0.0, 0.0, 1.196323
0.0, 0.0, 1.068760
0.0, 0.0, 0.960298
0.0, 0.0, 0.868165
0.0, 0.0, 0.789345
0.0, 0.0, 0.719922
0.0, 0.0, 0.657929
0.0, 0.0, 0.721053
0.0, 0.0, 0.793335
0.0, 0.0, 0.878708
0.0, 0.0, 0.980196
0.0, 0.0, 1.100562
0.0, 0.0, 1.242815
0.0, 0.0, 1.410426
0.0, 0.0, 1.607473
0.0, 0.0, 1.838778
0.0, 0.0, 2.110102
0.0, 0.0, 2.428398
0.0, 0.0, 2.802094
0.0, 0.0, 3.240994
0.0, 0.0, 3.753416
0.0, 0.0, 4.331636
0.0, 0.0, 4.912045
0.0, 0.0, 5.331367
0.0, 0.0, 5.375988
0.0, 0.0, 4.977583
0.0, 0.0, 4.295959
0.0, 0.0, 3.556798
0.0, 0.0, 2.886512
0.0, 0.0, 2.316946
0.0, 0.0, 1.840727
0.0, 0.0, 1.443393
0.0, 0.0, 1.112321
0.0, 0.0, 0.837903
0.0, 0.0, 0.613432
0.0, 0.0, 0.435358
0.0, 0.0, 0.303794
0.0, 0.0, 0.220938
0.0, 0.0, 0.184025
0.0, 0.0, 0.179886
0.0, 0.0, 0.189041
0.0, 0.0, 0.195763
0.0, 0.0, 0.193294
0.0, 0.0, 0.183761
0.0, 0.0, 0.178456
0.0, 0.0, 0.196638
0.0, 0.0, 0.255692
0.0, 0.0, 0.363450
0.0, 0.0, 0.518640
0.0, 0.0, 0.719725
0.0, 0.0, 0.968516
0.0, 0.0, 1.270244
0.0, 0.0, 1.633059
0.0, 0.0, 2.068076
0.0, 0.0, 2.589206
0.0, 0.0, 3.209315
0.0, 0.0, 3.921530
0.0, 0.0, 4.652574
0.0, 0.0, 5.220545
0.0, 0.0, 5.407034
0.0, 0.0, 5.156106
0.0, 0.0, 4.630033
0.0, 0.0, 4.036618
0.0, 0.0, 3.487845
0.0, 0.0, 3.012763
0.0, 0.0, 2.607732
0.0, 0.0, 2.262889
0.0, 0.0, 1.969035
0.0, 0.0, 1.718508
0.0, 0.0, 1.504988
0.0, 0.0, 1.323211
0.0, 0.0, 1.168748
0.0, 0.0, 1.037839
0.0, 0.0, 0.927242
0.0, 0.0, 0.833982
0.0, 0.0, 0.754801
0.0, 0.0, 0.685431
0.0, 0.0, 0.619727
0.0, 0.0, 0.682097
0.0, 0.0, 0.753973
0.0, 0.0, 0.839627
0.0, 0.0, 0.942294
0.0, 0.0, 1.064892
0.0, 0.0, 1.210563
0.0, 0.0, 1.382896
0.0, 0.0, 1.586027
0.0, 0.0, 1.824679
0.0, 0.0, 2.104175
0.0, 0.0, 2.430343
0.0, 0.0, 2.809163
0.0, 0.0, 3.245610
0.0, 0.0, 3.739450
0.0, 0.0, 4.271404
0.0, 0.0, 4.772976
0.0, 0.0, 5.103419
0.0, 0.0, 5.107922
0.0, 0.0, 4.746315
0.0, 0.0, 4.135358
0.0, 0.0, 3.451584
0.0, 0.0, 2.811566
0.0, 0.0, 2.255159
0.0, 0.0, 1.784081
0.0, 0.0, 1.389091
0.0, 0.0, 1.059836
0.0, 0.0, 0.787375
0.0, 0.0, 0.564874
0.0, 0.0, 0.388409
0.0, 0.0, 0.258153
0.0, 0.0, 0.177039
0.0, 0.0, 0.143865
0.0, 0.0, 0.144521
0.0, 0.0, 0.157371
0.0, 0.0, 0.165770
0.0, 0.0, 0.162736
0.0, 0.0, 0.150391
0.0, 0.0, 0.140624
0.0, 0.0, 0.153921
0.0, 0.0, 0.210704
0.0, 0.0, 0.317103
0.0, 0.0, 0.470946
0.0, 0.0, 0.670204
0.0, 0.0, 0.916989
0.0, 0.0, 1.216849
0.0, 0.0, 1.577742
0.0, 0.0, 2.009447
0.0, 0.0, 2.522329
0.0, 0.0, 3.122114
0.0, 0.0, 3.792333
0.0, 0.0, 4.458364
0.0, 0.0, 4.965962
0.0, 0.0, 5.151134
0.0, 0.0, 4.970324
0.0, 0.0, 4.533642
0.0, 0.0, 4.003538
0.0, 0.0, 3.485872
0.0, 0.0, 3.019987
0.0, 0.0, 2.612813
0.0, 0.0, 2.261048
0.0, 0.0, 1.958967
0.0, 0.0, 1.700593
0.0, 0.0, 1.480331
0.0, 0.0, 1.293152
0.0, 0.0, 1.134631
0.0, 0.0, 1.000914
0.0, 0.0, 0.888626
0.0, 0.0, 0.794637
0.0, 0.0, 0.715464
0.0, 0.0, 0.646476
0.0, 0.0, 0.577390
0.0, 0.0, 0.638717
0.0, 0.0, 0.709876
0.0, 0.0, 0.795498
0.0, 0.0, 0.899014
0.0, 0.0, 1.023460
0.0, 0.0, 1.172060
0.0, 0.0, 1.348451
0.0, 0.0, 1.556711
0.0, 0.0, 1.801268
0.0, 0.0, 2.086644
0.0, 0.0, 2.416868
0.0, 0.0, 2.794315
0.0, 0.0, 3.217334
0.0, 0.0, 3.675099
0.0, 0.0, 4.136570
0.0, 0.0, 4.534210
0.0, 0.0, 4.764019
0.0, 0.0, 4.731329
0.0, 0.0, 4.417833
0.0, 0.0, 3.902238
0.0, 0.0, 3.304968
0.0, 0.0, 2.720832
0.0, 0.0, 2.195420
0.0, 0.0, 1.741162
0.0, 0.0, 1.356259
0.0, 0.0, 1.034325
0.0, 0.0, 0.768255
0.0, 0.0, 0.551894
0.0, 0.0, 0.381330
0.0, 0.0, 0.256093
0.0, 0.0, 0.178131
0.0, 0.0, 0.144903
0.0, 0.0, 0.143261
0.0, 0.0, 0.153704
0.0, 0.0, 0.160852
0.0, 0.0, 0.158252
0.0, 0.0, 0.147911
0.0, 0.0, 0.140731
0.0, 0.0, 0.155787
0.0, 0.0, 0.210605
0.0, 0.0, 0.312760
0.0, 0.0, 0.460971
0.0, 0.0, 0.654172
0.0, 0.0, 0.894728
0.0, 0.0, 1.187872
0.0, 0.0, 1.540394
0.0, 0.0, 1.959329
0.0, 0.0, 2.449496
0.0, 0.0, 3.007288
0.0, 0.0, 3.606396
0.0, 0.0, 4.177156
0.0, 0.0, 4.605844
0.0, 0.0, 4.783572
0.0, 0.0, 4.676962
0.0, 0.0, 4.349439
0.0, 0.0, 3.908648
0.0, 0.0, 3.443171
0.0, 0.0, 3.000500
0.0, 0.0, 2.599658
0.0, 0.0, 2.245944
0.0, 0.0, 1.938581
0.0, 0.0, 1.674167
0.0, 0.0, 1.448327
0.0, 0.0, 1.256537
0.0, 0.0, 1.094524
0.0, 0.0, 0.958426
0.0, 0.0, 0.844799
0.0, 0.0, 0.750396
0.0, 0.0, 0.671528
0.0, 0.0, 0.603182
0.0, 0.0, 0.531101
0.0, 0.0, 0.591188
0.0, 0.0, 0.661421
0.0, 0.0, 0.746813
0.0, 0.0, 0.850979
0.0, 0.0, 0.977032
0.0, 0.0, 1.128245
0.0, 0.0, 1.308263
0.0, 0.0, 1.521077
0.0, 0.0, 1.770783
0.0, 0.0, 2.061038
0.0, 0.0, 2.394000
0.0, 0.0, 2.768409
0.0, 0.0, 3.176397
0.0, 0.0, 3.598432
0.0, 0.0, 3.996479
0.0, 0.0, 4.309754
0.0, 0.0, 4.464750
0.0, 0.0, 4.405675
0.0, 0.0, 4.128650
0.0, 0.0, 3.687988
0.0, 0.0, 3.166881
0.0, 0.0, 2.638771
0.0, 0.0, 2.148623
0.0, 0.0, 1.715893
0.0, 0.0, 1.345069
0.0, 0.0, 1.033694
0.0, 0.0, 0.776798
0.0, 0.0, 0.569241
0.0, 0.0, 0.407218
0.0, 0.0, 0.289144
0.0, 0.0, 0.214224
0.0, 0.0, 0.177945
0.0, 0.0, 0.169028
0.0, 0.0, 0.172497
0.0, 0.0, 0.176228
0.0, 0.0, 0.174811
0.0, 0.0, 0.169979
0.0, 0.0, 0.170740
0.0, 0.0, 0.191490
0.0, 0.0, 0.246196
0.0, 0.0, 0.342607
0.0, 0.0, 0.482672
0.0, 0.0, 0.667134
0.0, 0.0, 0.898773
0.0, 0.0, 1.182236
0.0, 0.0, 1.522799
0.0, 0.0, 1.924564
0.0, 0.0, 2.387260
0.0, 0.0, 2.900160
0.0, 0.0, 3.432250
0.0, 0.0, 3.923619
0.0, 0.0, 4.292028
0.0, 0.0, 4.463607
0.0, 0.0, 4.411383
0.0, 0.0, 4.168294
0.0, 0.0, 3.803757
0.0, 0.0, 3.387524
0.0, 0.0, 2.969081
0.0, 0.0, 2.576312
0.0, 0.0, 2.222150
0.0, 0.0, 1.910655
0.0, 0.0, 1.641071
0.0, 0.0, 1.410313
0.0, 0.0, 1.214410
0.0, 0.0, 1.049275
0.0, 0.0, 0.911071
0.0, 0.0, 0.796318
0.0, 0.0, 0.701691
0.0, 0.0, 0.623310
0.0, 0.0, 0.555761
0.0, 0.0, 0.481121
0.0, 0.0, 0.539904
0.0, 0.0, 0.609148
0.0, 0.0, 0.694274
0.0, 0.0, 0.799056
0.0, 0.0, 0.926647
0.0, 0.0, 1.080339
0.0, 0.0, 1.263796
0.0, 0.0, 1.480975
0.0, 0.0, 1.735772
0.0, 0.0, 2.031249
0.0, 0.0, 2.368168
0.0, 0.0, 2.742523
0.0, 0.0, 3.141896
0.0, 0.0, 3.541055
0.0, 0.0, 3.898797
0.0, 0.0, 4.160393
0.0, 0.0, 4.270406
0.0, 0.0, 4.194279
0.0, 0.0, 3.936394
0.0, 0.0, 3.540216
0.0, 0.0, 3.069230
0.0, 0.0, 2.582915
0.0, 0.0, 2.122599
0.0, 0.0, 1.710229
0.0, 0.0, 1.353885
0.0, 0.0, 1.053831
0.0, 0.0, 0.806759
0.0, 0.0, 0.608328
0.0, 0.0, 0.454623
0.0, 0.0, 0.342603
0.0, 0.0, 0.268993
0.0, 0.0, 0.228074
0.0, 0.0, 0.210669
0.0, 0.0, 0.206109
0.0, 0.0, 0.205816
0.0, 0.0, 0.205790
0.0, 0.0, 0.207370
0.0, 0.0, 0.217039
0.0, 0.0, 0.244869
0.0, 0.0, 0.301210
0.0, 0.0, 0.393546
0.0, 0.0, 0.526082
0.0, 0.0, 0.701728
0.0, 0.0, 0.923940
0.0, 0.0, 1.196981
0.0, 0.0, 1.524913
0.0, 0.0, 1.909669
0.0, 0.0, 2.347731
0.0, 0.0, 2.824909
0.0, 0.0, 3.310017
0.0, 0.0, 3.751776
0.0, 0.0, 4.086087
0.0, 0.0, 4.256352
0.0, 0.0, 4.237266
0.0, 0.0, 4.045294
0.0, 0.0, 3.728303
0.0, 0.0, 3.343693
0.0, 0.0, 2.940309
0.0, 0.0, 2.551195
0.0, 0.0, 2.194630
0.0, 0.0, 1.878301
0.0, 0.0, 1.603448
0.0, 0.0, 1.367919
0.0, 0.0, 1.168105
0.0, 0.0, 1.000011
0.0, 0.0, 0.859801
0.0, 0.0, 0.743969
0.0, 0.0, 0.649140
0.0, 0.0, 0.571267
0.0, 0.0, 0.504511
0.0, 0.0, 0.427783
0.0, 0.0, 0.485398
0.0, 0.0, 0.553798
0.0, 0.0, 0.638833
0.0, 0.0, 0.744395
0.0, 0.0, 0.873627
0.0, 0.0, 1.029824
0.0, 0.0, 1.216705
0.0, 0.0, 1.438324
0.0, 0.0, 1.698656
0.0, 0.0, 2.000684
0.0, 0.0, 2.344682
0.0, 0.0, 2.725321
0.0, 0.0, 3.127601
0.0, 0.0, 3.522677
0.0, 0.0, 3.866584
0.0, 0.0, 4.106074
0.0, 0.0, 4.193264
0.0, 0.0, 4.103991
0.0, 0.0, 3.849016
0.0, 0.0, 3.470051
0.0, 0.0, 3.023221
0.0, 0.0, 2.560792
0.0, 0.0, 2.120444
0.0, 0.0, 1.723689
0.0, 0.0, 1.379599
0.0, 0.0, 1.089582
0.0, 0.0, 0.851130
0.0, 0.0, 0.660209
0.0, 0.0, 0.512525
0.0, 0.0, 0.403857
0.0, 0.0, 0.329526
0.0, 0.0, 0.283568
0.0, 0.0, 0.258643
0.0, 0.0, 0.247227
0.0, 0.0, 0.243476
0.0, 0.0, 0.244646
0.0, 0.0, 0.251665
0.0, 0.0, 0.268954
0.0, 0.0, 0.303424
0.0, 0.0, 0.362725
0.0, 0.0, 0.453580
0.0, 0.0, 0.581223
0.0, 0.0, 0.749998
0.0, 0.0, 0.964146
0.0, 0.0, 1.227930
0.0, 0.0, 1.544844
0.0, 0.0, 1.915816
0.0, 0.0, 2.336164
0.0, 0.0, 2.791202
0.0, 0.0, 3.251585
0.0, 0.0, 3.671625
0.0, 0.0, 3.995179
0.0, 0.0, 4.170865
0.0, 0.0, 4.170968
0.0, 0.0, 4.002721
0.0, 0.0, 3.704271
0.0, 0.0, 3.328459
0.0, 0.0, 2.925196
0.0, 0.0, 2.531079
0.0, 0.0, 2.167597
0.0, 0.0, 1.844350
0.0, 0.0, 1.563426
0.0, 0.0, 1.322915
0.0, 0.0, 1.119181
0.0, 0.0, 0.948134
0.0, 0.0, 0.805853
0.0, 0.0, 0.688802
0.0, 0.0, 0.593587
0.0, 0.0, 0.516022
0.0, 0.0, 0.449825
0.0, 0.0, 0.371496
0.0, 0.0, 0.428383
0.0, 0.0, 0.496378
0.0, 0.0, 0.581760
0.0, 0.0, 0.688479
0.0, 0.0, 0.819606
0.0, 0.0, 0.978422
0.0, 0.0, 1.168761
0.0, 0.0, 1.394944
0.0, 0.0, 1.661377
0.0, 0.0, 1.971647
0.0, 0.0, 2.326713
0.0, 0.0, 2.721721
0.0, 0.0, 3.141192
0.0, 0.0, 3.553792
0.0, 0.0, 3.910764
0.0, 0.0, 4.153728
0.0, 0.0, 4.233187
0.0, 0.0, 4.129162
0.0, 0.0, 3.860118
0.0, 0.0, 3.473868
0.0, 0.0, 3.027912
0.0, 0.0, 2.572149
0.0, 0.0, 2.141000
0.0, 0.0, 1.753697
0.0, 0.0, 1.418249
0.0, 0.0, 1.135747
0.0, 0.0, 0.903617
0.0, 0.0, 0.717672
0.0, 0.0, 0.573191
0.0, 0.0, 0.465268
0.0, 0.0, 0.388709
0.0, 0.0, 0.337865
0.0, 0.0, 0.306826
0.0, 0.0, 0.290140
0.0, 0.0, 0.283767
0.0, 0.0, 0.285838
0.0, 0.0, 0.296984
0.0, 0.0, 0.320232
0.0, 0.0, 0.360441
0.0, 0.0, 0.423409
0.0, 0.0, 0.514974
0.0, 0.0, 0.640551
0.0, 0.0, 0.805161
0.0, 0.0, 1.013626
0.0, 0.0, 1.270484
0.0, 0.0, 1.579304
0.0, 0.0, 1.941157
0.0, 0.0, 2.351978
0.0, 0.0, 2.798715
0.0, 0.0, 3.254914
0.0, 0.0, 3.678038
0.0, 0.0, 4.012763
0.0, 0.0, 4.203847
0.0, 0.0, 4.216047
0.0, 0.0, 4.050083
0.0, 0.0, 3.742841
0.0, 0.0, 3.351029
0.0, 0.0, 2.929937
0.0, 0.0, 2.519878
0.0, 0.0, 2.143699
0.0, 0.0, 1.810882
0.0, 0.0, 1.522871
0.0, 0.0, 1.277092
0.0, 0.0, 1.069390
0.0, 0.0, 0.895327
0.0, 0.0, 0.750795
0.0, 0.0, 0.632202
0.0, 0.0, 0.536169
0.0, 0.0, 0.458413
0.0, 0.0, 0.392202
0.0, 0.0, 0.312755
0.0, 0.0, 0.369831
0.0, 0.0, 0.438271
0.0, 0.0, 0.524758
0.0, 0.0, 0.633210
0.0, 0.0, 0.766567
0.0, 0.0, 0.928094
0.0, 0.0, 1.121806
0.0, 0.0, 1.352452
0.0, 0.0, 1.625215
0.0, 0.0, 1.944972
0.0, 0.0, 2.314667
0.0, 0.0, 2.732088
0.0, 0.0, 3.184044
0.0, 0.0, 3.638183
0.0, 0.0, 4.037728
0.0, 0.0, 4.309887
0.0, 0.0, 4.392773
0.0, 0.0, 4.266232
0.0, 0.0, 3.961603
0.0, 0.0, 3.542683
0.0, 0.0, 3.075957
0.0, 0.0, 2.611594
0.0, 0.0, 2.179984
0.0, 0.0, 1.796225
0.0, 0.0, 1.465592
0.0, 0.0, 1.187709
0.0, 0.0, 0.959275
0.0, 0.0, 0.775684
0.0, 0.0, 0.631868
0.0, 0.0, 0.522646
0.0, 0.0, 0.442823
0.0, 0.0, 0.387266
0.0, 0.0, 0.351144
0.0, 0.0, 0.330349
0.0, 0.0, 0.321983
0.0, 0.0, 0.324735
0.0, 0.0, 0.339045
0.0, 0.0, 0.367055
0.0, 0.0, 0.412324
0.0, 0.0, 0.479384
0.0, 0.0, 0.573257
0.0, 0.0, 0.699127
0.0, 0.0, 0.862185
0.0, 0.0, 1.067581
0.0, 0.0, 1.320218
0.0, 0.0, 1.624196
0.0, 0.0, 1.981619
0.0, 0.0, 2.390461
0.0, 0.0, 2.841152
0.0, 0.0, 3.311681
0.0, 0.0, 3.762072
0.0, 0.0, 4.132719
0.0, 0.0, 4.355056
0.0, 0.0, 4.377791
0.0, 0.0, 4.194528
0.0, 0.0, 3.849364
0.0, 0.0, 3.413895
0.0, 0.0, 2.955242
0.0, 0.0, 2.517892
0.0, 0.0, 2.123542
0.0, 0.0, 1.778963
0.0, 0.0, 1.483244
0.0, 0.0, 1.232193
0.0, 0.0, 1.020646
0.0, 0.0, 0.843578
0.0, 0.0, 0.696584
0.0, 0.0, 0.575985
0.0, 0.0, 0.478435
0.0, 0.0, 0.399592
0.0, 0.0, 0.332285
0.0, 0.0, 0.252176
0.0, 0.0, 0.311137
0.0, 0.0, 0.381450
0.0, 0.0, 0.470124
0.0, 0.0, 0.580997
0.0, 0.0, 0.716870
0.0, 0.0, 0.881028
0.0, 0.0, 1.077727
0.0, 0.0, 1.312246
0.0, 0.0, 1.590764
0.0, 0.0, 1.919948
0.0, 0.0, 2.305844
0.0, 0.0, 2.751154
0.0, 0.0, 3.248838
0.0, 0.0, 3.769211
0.0, 0.0, 4.244878
0.0, 0.0, 4.575684
0.0, 0.0, 4.671386
0.0, 0.0, 4.507371
0.0, 0.0, 4.138876
0.0, 0.0, 3.660299
0.0, 0.0, 3.153986
0.0, 0.0, 2.669664
0.0, 0.0, 2.230851
0.0, 0.0, 1.846386
0.0, 0.0, 1.517527
0.0, 0.0, 1.241706
0.0, 0.0, 1.014552
0.0, 0.0, 0.830963
0.0, 0.0, 0.685668
0.0, 0.0, 0.573485
0.0, 0.0, 0.489473
0.0, 0.0, 0.429072
0.0, 0.0, 0.388291
0.0, 0.0, 0.363952
0.0, 0.0, 0.353915
0.0, 0.0, 0.357234
0.0, 0.0, 0.374226
0.0, 0.0, 0.406449
0.0, 0.0, 0.456587
0.0, 0.0, 0.528253
0.0, 0.0, 0.625753
0.0, 0.0, 0.753857
0.0, 0.0, 0.917641
0.0, 0.0, 1.122355
0.0, 0.0, 1.373233
0.0, 0.0, 1.675106
0.0, 0.0, 2.031624
0.0, 0.0, 2.443777
0.0, 0.0, 2.907145
0.0, 0.0, 3.406743
0.0, 0.0, 3.907733
0.0, 0.0, 4.343822
0.0, 0.0, 4.621677
0.0, 0.0, 4.658644
0.0, 0.0, 4.436940
0.0, 0.0, 4.019571
0.0, 0.0, 3.509831
0.0, 0.0, 2.994633
0.0, 0.0, 2.521174
0.0, 0.0, 2.105510
0.0, 0.0, 1.748610
0.0, 0.0, 1.445592
0.0, 0.0, 1.189892
0.0, 0.0, 0.975004
0.0, 0.0, 0.795172
0.0, 0.0, 0.645620
0.0, 0.0, 0.522526
0.0, 0.0, 0.422537
0.0, 0.0, 0.341217
0.0, 0.0, 0.270946
0.0, 0.0, 0.190594
0.0, 0.0, 0.254498
0.0, 0.0, 0.328849
0.0, 0.0, 0.420963
0.0, 0.0, 0.534799
0.0, 0.0, 0.673201
0.0, 0.0, 0.839561
0.0, 0.0, 1.038405
0.0, 0.0, 1.275529
0.0, 0.0, 1.558090
0.0, 0.0, 1.894624
0.0, 0.0, 2.294701
0.0, 0.0, 2.767353
0.0, 0.0, 3.315245
0.0, 0.0, 3.917555
0.0, 0.0, 4.498475
0.0, 0.0, 4.916844
0.0, 0.0, 5.033218
0.0, 0.0, 4.813274
0.0, 0.0, 4.353512
0.0, 0.0, 3.795831
0.0, 0.0, 3.241152
0.0, 0.0, 2.733359
0.0, 0.0, 2.285608
0.0, 0.0, 1.899042
0.0, 0.0, 1.570442
0.0, 0.0, 1.294953
0.0, 0.0, 1.067164
0.0, 0.0, 0.881599
0.0, 0.0, 0.732954
0.0, 0.0, 0.616246
0.0, 0.0, 0.526937
0.0, 0.0, 0.461065
0.0, 0.0, 0.415380
0.0, 0.0, 0.387462
0.0, 0.0, 0.375771
0.0, 0.0, 0.379650
0.0, 0.0, 0.399317
0.0, 0.0, 0.435870
0.0, 0.0, 0.491293
0.0, 0.0, 0.568430
0.0, 0.0, 0.670903
0.0, 0.0, 0.802981
0.0, 0.0, 0.969441
0.0, 0.0, 1.175440
0.0, 0.0, 1.426390
0.0, 0.0, 1.727777
0.0, 0.0, 2.084820
0.0, 0.0, 2.501752
0.0, 0.0, 2.980137
0.0, 0.0, 3.514361
0.0, 0.0, 4.079494
0.0, 0.0, 4.607197
0.0, 0.0, 4.967982
0.0, 0.0, 5.027470
0.0, 0.0, 4.745539
0.0, 0.0, 4.222537
0.0, 0.0, 3.613689
0.0, 0.0, 3.032468
0.0, 0.0, 2.521523
0.0, 0.0, 2.086108
0.0, 0.0, 1.719029
0.0, 0.0, 1.410628
0.0, 0.0, 1.151768
0.0, 0.0, 0.934592
0.0, 0.0, 0.752633
0.0, 0.0, 0.600735
0.0, 0.0, 0.474879
0.0, 0.0, 0.371531
0.0, 0.0, 0.285857
0.0, 0.0, 0.209546
0.0, 0.0, 0.129501
0.0, 0.0, 0.203849
0.0, 0.0, 0.284946
0.0, 0.0, 0.381247
0.0, 0.0, 0.497977
0.0, 0.0, 0.638368
0.0, 0.0, 0.806000
0.0, 0.0, 1.005617
0.0, 0.0, 1.243363
0.0, 0.0, 1.527061
0.0, 0.0, 1.866603
0.0, 0.0, 2.274353
0.0, 0.0, 2.764885
0.0, 0.0, 3.350657
0.0, 0.0, 4.022577
0.0, 0.0, 4.704716
0.0, 0.0, 5.216963
0.0, 0.0, 5.356197
0.0, 0.0, 5.077492
0.0, 0.0, 4.527508
0.0, 0.0, 3.902179
0.0, 0.0, 3.310890
0.0, 0.0, 2.788065
0.0, 0.0, 2.336159
0.0, 0.0, 1.949586
0.0, 0.0, 1.621614
0.0, 0.0, 1.345775
0.0, 0.0, 1.116060
0.0, 0.0, 0.926910
0.0, 0.0, 0.773208
0.0, 0.0, 0.650334
0.0, 0.0, 0.554257
0.0, 0.0, 0.481672
0.0, 0.0, 0.430108
0.0, 0.0, 0.397945
0.0, 0.0, 0.384298
0.0, 0.0, 0.388838
0.0, 0.0, 0.411672
0.0, 0.0, 0.453383
0.0, 0.0, 0.515203
0.0, 0.0, 0.599171
0.0, 0.0, 0.708185
0.0, 0.0, 0.845929
0.0, 0.0, 1.016744
0.0, 0.0, 1.225509
0.0, 0.0, 1.477564
0.0, 0.0, 1.778689
0.0, 0.0, 2.135126
0.0, 0.0, 2.553534
0.0, 0.0, 3.040413
0.0, 0.0, 3.598938
0.0, 0.0, 4.215973
0.0, 0.0, 4.827327
0.0, 0.0, 5.278855
0.0, 0.0, 5.361755
0.0, 0.0, 5.015083
0.0, 0.0, 4.378709
0.0, 0.0, 3.680210
0.0, 0.0, 3.045732
0.0, 0.0, 2.508340
0.0, 0.0, 2.061078
0.0, 0.0, 1.689141
0.0, 0.0, 1.378905
0.0, 0.0, 1.119279
0.0, 0.0, 0.901463
0.0, 0.0, 0.718514
0.0, 0.0, 0.565007
0.0, 0.0, 0.436708
0.0, 0.0, 0.329686
0.0, 0.0, 0.237846
0.0, 0.0, 0.150790
0.0, 0.0, 0.073576
0.0, 0.0, 0.167437
0.0, 0.0, 0.255727
0.0, 0.0, 0.355297
0.0, 0.0, 0.473785
0.0, 0.0, 0.614891
0.0, 0.0, 0.782324
0.0, 0.0, 0.980870
0.0, 0.0, 1.216703
0.0, 0.0, 1.497739
0.0, 0.0, 1.834203
0.0, 0.0, 2.239376
0.0, 0.0, 2.730012
0.0, 0.0, 3.323003
0.0, 0.0, 4.016008
0.0, 0.0, 4.735490
0.0, 0.0, 5.290777
0.0, 0.0, 5.447859
0.0, 0.0, 5.145715
0.0, 0.0, 4.570980
0.0, 0.0, 3.931698
0.0, 0.0, 3.339292
0.0, 0.0, 2.821693
0.0, 0.0, 2.376332
0.0, 0.0, 1.994932
0.0, 0.0, 1.669659
0.0, 0.0, 1.393788
0.0, 0.0, 1.161467
0.0, 0.0, 0.967482
0.0, 0.0, 0.807149
0.0, 0.0, 0.676341
0.0, 0.0, 0.571611
0.0, 0.0, 0.490389
0.0, 0.0, 0.431139
0.0, 0.0, 0.393322
0.0, 0.0, 0.377036
0.0, 0.0, 0.382472
0.0, 0.0, 0.409554
0.0, 0.0, 0.458072
0.0, 0.0, 0.528183
0.0, 0.0, 0.620900
0.0, 0.0, 0.738288
0.0, 0.0, 0.883381
0.0, 0.0, 1.059987
0.0, 0.0, 1.272523
0.0, 0.0, 1.525931
0.0, 0.0, 1.825723
0.0, 0.0, 2.178153
0.0, 0.0, 2.590485
0.0, 0.0, 3.071006
0.0, 0.0, 3.626705
0.0, 0.0, 4.250623
0.0, 0.0, 4.883942
0.0, 0.0, 5.362738
0.0, 0.0, 5.462398
0.0, 0.0, 5.071382
0.0, 0.0, 4.391313
0.0, 0.0, 3.661220
0.0, 0.0, 3.013232
0.0, 0.0, 2.472867
0.0, 0.0, 2.027232
0.0, 0.0, 1.658294
0.0, 0.0, 1.350994
0.0, 0.0, 1.093678
0.0, 0.0, 0.877358
0.0, 0.0, 0.695047
0.0, 0.0, 0.541290
0.0, 0.0, 0.411759
0.0, 0.0, 0.302141
0.0, 0.0, 0.204613
0.0, 0.0, 0.102128
0.0, 0.0, 0.049605
0.0, 0.0, 0.156493
0.0, 0.0, 0.246497
0.0, 0.0, 0.346465
0.0, 0.0, 0.464524
0.0, 0.0, 0.604450
0.0, 0.0, 0.769826
0.0, 0.0, 0.965200
0.0, 0.0, 1.196369
0.0, 0.0, 1.470677
0.0, 0.0, 1.797473
0.0, 0.0, 2.188644
0.0, 0.0, 2.658677
0.0, 0.0, 3.220995
0.0, 0.0, 3.869575
0.0, 0.0, 4.534368
0.0, 0.0, 5.042671
0.0, 0.0, 5.196176
0.0, 0.0, 4.949197
0.0, 0.0, 4.442758
0.0, 0.0, 3.864428
0.0, 0.0, 3.316533
0.0, 0.0, 2.829393
0.0, 0.0, 2.403889
0.0, 0.0, 2.034388
0.0, 0.0, 1.714897
0.0, 0.0, 1.440027
0.0, 0.0, 1.204947
0.0, 0.0, 1.005250
0.0, 0.0, 0.836916
0.0, 0.0, 0.696397
0.0, 0.0, 0.580834
0.0, 0.0, 0.488412
0.0, 0.0, 0.418752
0.0, 0.0, 0.372954
0.0, 0.0, 0.352840
0.0, 0.0, 0.359583
0.0, 0.0, 0.392762
0.0, 0.0, 0.450701
0.0, 0.0, 0.531792
0.0, 0.0, 0.635639
0.0, 0.0, 0.763378
0.0, 0.0, 0.917397
0.0, 0.0, 1.100936
0.0, 0.0, 1.317797
0.0, 0.0, 1.572197
0.0, 0.0, 1.868742
0.0, 0.0, 2.212524
0.0, 0.0, 2.609251
0.0, 0.0, 3.065008
0.0, 0.0, 3.583661
0.0, 0.0, 4.154791
0.0, 0.0, 4.719835
0.0, 0.0, 5.132761
0.0, 0.0, 5.192338
0.0, 0.0, 4.840716
0.0, 0.0, 4.215836
0.0, 0.0, 3.538563
0.0, 0.0, 2.928038
0.0, 0.0, 2.412847
0.0, 0.0, 1.984158
0.0, 0.0, 1.626837
0.0, 0.0, 1.327600
0.0, 0.0, 1.075893
0.0, 0.0, 0.863434
0.0, 0.0, 0.683700
0.0, 0.0, 0.531538
0.0, 0.0, 0.402797
0.0, 0.0, 0.293173
0.0, 0.0, 0.194438
0.0, 0.0, 0.084881
0.0, 0.0, 0.088525
0.0, 0.0, 0.173903
0.0, 0.0, 0.258893
0.0, 0.0, 0.355613
0.0, 0.0, 0.470733
0.0, 0.0, 0.607429
0.0, 0.0, 0.768849
0.0, 0.0, 0.959013
0.0, 0.0, 1.182975
0.0, 0.0, 1.446950
0.0, 0.0, 1.758449
0.0, 0.0, 2.126236
0.0, 0.0, 2.559401
0.0, 0.0, 3.062758
0.0, 0.0, 3.621459
0.0, 0.0, 4.170454
0.0, 0.0, 4.581638
0.0, 0.0, 4.724742
0.0, 0.0, 4.564973
0.0, 0.0, 4.188249
0.0, 0.0, 3.721459
0.0, 0.0, 3.252107
0.0, 0.0, 2.815613
0.0, 0.0, 2.421386
0.0, 0.0, 2.070000
0.0, 0.0, 1.759451
0.0, 0.0, 1.486933
0.0, 0.0, 1.249349
0.0, 0.0, 1.043491
0.0, 0.0, 0.866183
0.0, 0.0, 0.714485
0.0, 0.0, 0.586026
0.0, 0.0, 0.479600
0.0, 0.0, 0.396093
0.0, 0.0, 0.339027
0.0, 0.0, 0.313294
0.0, 0.0, 0.321983
0.0, 0.0, 0.363974
0.0, 0.0, 0.434836
0.0, 0.0, 0.530070
0.0, 0.0, 0.647463
0.0, 0.0, 0.787299
0.0, 0.0, 0.951460
0.0, 0.0, 1.142655
0.0, 0.0, 1.363973
0.0, 0.0, 1.618627
0.0, 0.0, 1.909785
0.0, 0.0, 2.240433
0.0, 0.0, 2.613081
0.0, 0.0, 3.028822
0.0, 0.0, 3.484000
0.0, 0.0, 3.959626
0.0, 0.0, 4.398454
0.0, 0.0, 4.685925
0.0, 0.0, 4.701200
0.0, 0.0, 4.410156
0.0, 0.0, 3.908210
0.0, 0.0, 3.338719
0.0, 0.0, 2.802616
0.0, 0.0, 2.334147
0.0, 0.0, 1.934722
0.0, 0.0, 1.596238
0.0, 0.0, 1.309523
0.0, 0.0, 1.066410
0.0, 0.0, 0.860048
0.0, 0.0, 0.684821
0.0, 0.0, 0.536196
0.0, 0.0, 0.410499
0.0, 0.0, 0.303989
0.0, 0.0, 0.209722
0.0, 0.0, 0.113867
0.0, 0.0, 0.145619
0.0, 0.0, 0.213496
0.0, 0.0, 0.289489
0.0, 0.0, 0.380661
0.0, 0.0, 0.490978
0.0, 0.0, 0.622815
0.0, 0.0, 0.778724
0.0, 0.0, 0.962027
0.0, 0.0, 1.176820
0.0, 0.0, 1.427888
0.0, 0.0, 1.720479
0.0, 0.0, 2.059676
0.0, 0.0, 2.448628
0.0, 0.0, 2.883804
0.0, 0.0, 3.344074
0.0, 0.0, 3.776370
0.0, 0.0, 4.097569
0.0, 0.0, 4.229814
0.0, 0.0, 4.148863
0.0, 0.0, 3.897210
0.0, 0.0, 3.549385
0.0, 0.0, 3.168785
0.0, 0.0, 2.791852
0.0, 0.0, 2.435295
0.0, 0.0, 2.106152
0.0, 0.0, 1.806993
0.0, 0.0, 1.538132
0.0, 0.0, 1.298597
0.0, 0.0, 1.086637
0.0, 0.0, 0.900051
0.0, 0.0, 0.736511
0.0, 0.0, 0.594000
0.0, 0.0, 0.471638
0.0, 0.0, 0.371294
0.0, 0.0, 0.299576
0.0, 0.0, 0.266180
0.0, 0.0, 0.277592
0.0, 0.0, 0.331363
0.0, 0.0, 0.418484
0.0, 0.0, 0.530286
0.0, 0.0, 0.662724
0.0, 0.0, 0.815540
0.0, 0.0, 0.990318
0.0, 0.0, 1.189300
0.0, 0.0, 1.414794
0.0, 0.0, 1.668813
0.0, 0.0, 1.952766
0.0, 0.0, 2.267065
0.0, 0.0, 2.610441
0.0, 0.0, 2.978494
0.0, 0.0, 3.360304
0.0, 0.0, 3.730983
0.0, 0.0, 4.040691
0.0, 0.0, 4.216365
0.0, 0.0, 4.192703
0.0, 0.0, 3.958445
0.0, 0.0, 3.569602
0.0, 0.0, 3.113674
0.0, 0.0, 2.661227
0.0, 0.0, 2.247910
0.0, 0.0, 1.883976
0.0, 0.0, 1.568659
0.0, 0.0, 1.297498
0.0, 0.0, 1.065203
0.0, 0.0, 0.866713
0.0, 0.0, 0.697572
0.0, 0.0, 0.554056
0.0, 0.0, 0.433143
0.0, 0.0, 0.331887
0.0, 0.0, 0.245452
0.0, 0.0, 0.165305
0.0, 0.0, 0.204942
0.0, 0.0, 0.263461
0.0, 0.0, 0.332271
0.0, 0.0, 0.417589
0.0, 0.0, 0.522407
0.0, 0.0, 0.648526
0.0, 0.0, 0.797973
0.0, 0.0, 0.973366
0.0, 0.0, 1.177818
0.0, 0.0, 1.414677
0.0, 0.0, 1.687045
0.0, 0.0, 1.996799
0.0, 0.0, 2.342592
0.0, 0.0, 2.715964
0.0, 0.0, 3.095234
0.0, 0.0, 3.440720
0.0, 0.0, 3.699672
0.0, 0.0, 3.825386
0.0, 0.0, 3.799961
0.0, 0.0, 3.641677
0.0, 0.0, 3.391245
0.0, 0.0, 3.090836
0.0, 0.0, 2.771869
0.0, 0.0, 2.453986
0.0, 0.0, 2.148626
0.0, 0.0, 1.862209
0.0, 0.0, 1.598023
0.0, 0.0, 1.357296
0.0, 0.0, 1.139853
0.0, 0.0, 0.944577
0.0, 0.0, 0.769825
0.0, 0.0, 0.613933
0.0, 0.0, 0.476203
0.0, 0.0, 0.359182
0.0, 0.0, 0.271963
0.0, 0.0, 0.230256
0.0, 0.0, 0.244644
0.0, 0.0, 0.311216
0.0, 0.0, 0.414823
0.0, 0.0, 0.542775
0.0, 0.0, 0.689607
0.0, 0.0, 0.854746
0.0, 0.0, 1.039539
0.0, 0.0, 1.245716
0.0, 0.0, 1.474710
0.0, 0.0, 1.727221
0.0, 0.0, 2.002786
0.0, 0.0, 2.299248
0.0, 0.0, 2.611929
0.0, 0.0, 2.932204
0.0, 0.0, 3.245025
0.0, 0.0, 3.525214
0.0, 0.0, 3.735276
0.0, 0.0, 3.831432
0.0, 0.0, 3.781480
0.0, 0.0, 3.584645
0.0, 0.0, 3.275529
0.0, 0.0, 2.906984
0.0, 0.0, 2.526816
0.0, 0.0, 2.165492
0.0, 0.0, 1.837224
0.0, 0.0, 1.546260
0.0, 0.0, 1.291989
0.0, 0.0, 1.071752
0.0, 0.0, 0.882241
0.0, 0.0, 0.720184
0.0, 0.0, 0.582685
0.0, 0.0, 0.467348
0.0, 0.0, 0.371887
0.0, 0.0, 0.292673
0.0, 0.0, 0.222821
0.0, 0.0, 0.263592
0.0, 0.0, 0.317336
0.0, 0.0, 0.381572
0.0, 0.0, 0.462086
0.0, 0.0, 0.561685
0.0, 0.0, 0.681985
0.0, 0.0, 0.824662
0.0, 0.0, 0.991748
0.0, 0.0, 1.185496
0.0, 0.0, 1.408034
0.0, 0.0, 1.660769
0.0, 0.0, 1.943341
0.0, 0.0, 2.251874
0.0, 0.0, 2.576334
0.0, 0.0, 2.897588
0.0, 0.0, 3.186440
0.0, 0.0, 3.407954
0.0, 0.0, 3.531826
0.0, 0.0, 3.543694
0.0, 0.0, 3.449700
0.0, 0.0, 3.271406
0.0, 0.0, 3.035862
0.0, 0.0, 2.767664
0.0, 0.0, 2.485765
0.0, 0.0, 2.203586
0.0, 0.0, 1.930171
0.0, 0.0, 1.671282
0.0, 0.0, 1.430211
0.0, 0.0, 1.208396
0.0, 0.0, 1.005928
0.0, 0.0, 0.822030
0.0, 0.0, 0.655648
0.0, 0.0, 0.506561
0.0, 0.0, 0.377967
0.0, 0.0, 0.280745
0.0, 0.0, 0.233099
0.0, 0.0, 0.249875
0.0, 0.0, 0.324693
0.0, 0.0, 0.439379
0.0, 0.0, 0.578892
0.0, 0.0, 0.736705
0.0, 0.0, 0.911725
0.0, 0.0, 1.104777
0.0, 0.0, 1.316864
0.0, 0.0, 1.548392
0.0, 0.0, 1.798655
0.0, 0.0, 2.065356
0.0, 0.0, 2.344056
0.0, 0.0, 2.627471
0.0, 0.0, 2.904519
0.0, 0.0, 3.159136
0.0, 0.0, 3.369416
0.0, 0.0, 3.508841
0.0, 0.0, 3.551854
0.0, 0.0, 3.483488
0.0, 0.0, 3.307782
0.0, 0.0, 3.048224
0.0, 0.0, 2.738975
0.0, 0.0, 2.413069
0.0, 0.0, 2.094810
0.0, 0.0, 1.798459
0.0, 0.0, 1.530592
0.0, 0.0, 1.293052
0.0, 0.0, 1.085148
0.0, 0.0, 0.905015
0.0, 0.0, 0.750408
0.0, 0.0, 0.619147
0.0, 0.0, 0.509320
0.0, 0.0, 0.419001
0.0, 0.0, 0.345028
0.0, 0.0, 0.281249
0.0, 0.0, 0.320569
0.0, 0.0, 0.372060
0.0, 0.0, 0.433633
0.0, 0.0, 0.510618
0.0, 0.0, 0.605760
0.0, 0.0, 0.720650
0.0, 0.0, 0.856762
0.0, 0.0, 1.015702
0.0, 0.0, 1.199065
0.0, 0.0, 1.408077
0.0, 0.0, 1.643000
0.0, 0.0, 1.902208
0.0, 0.0, 2.180837
0.0, 0.0, 2.469152
0.0, 0.0, 2.751209
0.0, 0.0, 3.005090
0.0, 0.0, 3.206017
0.0, 0.0, 3.332247
0.0, 0.0, 3.371285
0.0, 0.0, 3.323014
0.0, 0.0, 3.198166
0.0, 0.0, 3.013702
0.0, 0.0, 2.788008
0.0, 0.0, 2.537806
0.0, 0.0, 2.276872
0.0, 0.0, 2.015835
0.0, 0.0, 1.762403
0.0, 0.0, 1.521745
0.0, 0.0, 1.296919
0.0, 0.0, 1.089351
0.0, 0.0, 0.899378
0.0, 0.0, 0.726946
0.0, 0.0, 0.572839
0.0, 0.0, 0.441229
0.0, 0.0, 0.343152
0.0, 0.0, 0.296304
0.0, 0.0, 0.312441
0.0, 0.0, 0.387236
0.0, 0.0, 0.503827
0.0, 0.0, 0.647484
0.0, 0.0, 0.810962
0.0, 0.0, 0.992169
0.0, 0.0, 1.190938
0.0, 0.0, 1.407231
0.0, 0.0, 1.640242
0.0, 0.0, 1.887790
0.0, 0.0, 2.145819
0.0, 0.0, 2.407943
0.0, 0.0, 2.665034
0.0, 0.0, 2.904902
0.0, 0.0, 3.112224
0.0, 0.0, 3.269186
0.0, 0.0, 3.357600
0.0, 0.0, 3.362967
0.0, 0.0, 3.279526
0.0, 0.0, 3.113683
0.0, 0.0, 2.883213
0.0, 0.0, 2.612214
0.0, 0.0, 2.324627
0.0, 0.0, 2.039570
0.0, 0.0, 1.769779
0.0, 0.0, 1.522344
0.0, 0.0, 1.300317
0.0, 0.0, 1.104241
0.0, 0.0, 0.933276
0.0, 0.0, 0.785956
0.0, 0.0, 0.660645
0.0, 0.0, 0.555753
0.0, 0.0, 0.469532
0.0, 0.0, 0.399041
0.0, 0.0, 0.338685
0.0, 0.0, 0.375352
0.0, 0.0, 0.425995
0.0, 0.0, 0.486151
0.0, 0.0, 0.560669
0.0, 0.0, 0.652198
0.0, 0.0, 0.762325
0.0, 0.0, 0.892404
0.0, 0.0, 1.043756
0.0, 0.0, 1.217530
0.0, 0.0, 1.414376
0.0, 0.0, 1.633914
0.0, 0.0, 1.873987
0.0, 0.0, 2.129684
0.0, 0.0, 2.392329
0.0, 0.0, 2.648864
0.0, 0.0, 2.882305
0.0, 0.0, 3.073831
0.0, 0.0, 3.206326
0.0, 0.0, 3.268149
0.0, 0.0, 3.255511
0.0, 0.0, 3.172515
0.0, 0.0, 3.029231
0.0, 0.0, 2.839000
0.0, 0.0, 2.616034
0.0, 0.0, 2.373745
0.0, 0.0, 2.123747
0.0, 0.0, 1.875366
0.0, 0.0, 1.635519
0.0, 0.0, 1.408891
0.0, 0.0, 1.198336
0.0, 0.0, 1.005471
0.0, 0.0, 0.831486
0.0, 0.0, 0.678412
0.0, 0.0, 0.551182
0.0, 0.0, 0.459808
0.0, 0.0, 0.417236
0.0, 0.0, 0.431762
0.0, 0.0, 0.500300
0.0, 0.0, 0.611131
0.0, 0.0, 0.752137
0.0, 0.0, 0.916032
0.0, 0.0, 1.099619
0.0, 0.0, 1.301482
0.0, 0.0, 1.520337
0.0, 0.0, 1.754034
0.0, 0.0, 1.998866
0.0, 0.0, 2.249070
0.0, 0.0, 2.496529
0.0, 0.0, 2.730736
0.0, 0.0, 2.939092
0.0, 0.0, 3.107620
0.0, 0.0, 3.222287
0.0, 0.0, 3.271051
0.0, 0.0, 3.246505
0.0, 0.0, 3.148352
0.0, 0.0, 2.984465
0.0, 0.0, 2.769642
0.0, 0.0, 2.522347
0.0, 0.0, 2.260850
0.0, 0.0, 2.000326
0.0, 0.0, 1.751614
0.0, 0.0, 1.521391
0.0, 0.0, 1.313061
0.0, 0.0, 1.127783
0.0, 0.0, 0.965342
0.0, 0.0, 0.824787
0.0, 0.0, 0.704850
0.0, 0.0, 0.604151
0.0, 0.0, 0.521041
0.0, 0.0, 0.452756
0.0, 0.0, 0.394220
0.0, 0.0, 0.427610
0.0, 0.0, 0.478185
0.0, 0.0, 0.537697
0.0, 0.0, 0.610532
0.0, 0.0, 0.699200
0.0, 0.0, 0.805260
0.0, 0.0, 0.929989
0.0, 0.0, 1.074537
0.0, 0.0, 1.239791
0.0, 0.0, 1.426100
0.0, 0.0, 1.632834
0.0, 0.0, 1.857804
0.0, 0.0, 2.096553
0.0, 0.0, 2.341704
0.0, 0.0, 2.582612
0.0, 0.0, 2.805726
0.0, 0.0, 2.995910
0.0, 0.0, 3.138634
0.0, 0.0, 3.222451
0.0, 0.0, 3.240950
0.0, 0.0, 3.193583
0.0, 0.0, 3.085298
0.0, 0.0, 2.925329
0.0, 0.0, 2.725581
0.0, 0.0, 2.498977
0.0, 0.0, 2.257977
0.0, 0.0, 2.013468
0.0, 0.0, 1.774126
0.0, 0.0, 1.546288
0.0, 0.0, 1.334245
0.0, 0.0, 1.140875
0.0, 0.0, 0.968515
0.0, 0.0, 0.820131
0.0, 0.0, 0.700726
0.0, 0.0, 0.617995
0.0, 0.0, 0.580468
0.0, 0.0, 0.593146
0.0, 0.0, 0.654242
0.0, 0.0, 0.756399
0.0, 0.0, 0.891083
0.0, 0.0, 1.051914
0.0, 0.0, 1.235079
0.0, 0.0, 1.438087
0.0, 0.0, 1.658458
0.0, 0.0, 1.892701
0.0, 0.0, 2.135562
0.0, 0.0, 2.379548
0.0, 0.0, 2.614831
0.0, 0.0, 2.829624
0.0, 0.0, 3.011073
0.0, 0.0, 3.146561
0.0, 0.0, 3.225309
0.0, 0.0, 3.240039
0.0, 0.0, 3.188441
0.0, 0.0, 3.074020
0.0, 0.0, 2.905887
0.0, 0.0, 2.697326
0.0, 0.0, 2.463479
0.0, 0.0, 2.218918
0.0, 0.0, 1.975842
0.0, 0.0, 1.743257
0.0, 0.0, 1.527007
0.0, 0.0, 1.330324
0.0, 0.0, 1.154537
0.0, 0.0, 0.999722
0.0, 0.0, 0.865216
0.0, 0.0, 0.749971
0.0, 0.0, 0.652740
0.0, 0.0, 0.571949
0.0, 0.0, 0.505012
0.0, 0.0, 0.447336
0.0, 0.0, 0.477115
0.0, 0.0, 0.528037
0.0, 0.0, 0.587367
0.0, 0.0, 0.659062
0.0, 0.0, 0.745474
0.0, 0.0, 0.848114
0.0, 0.0, 0.968211
0.0, 0.0, 1.106820
0.0, 0.0, 1.264717
0.0, 0.0, 1.442163
0.0, 0.0, 1.638556
0.0, 0.0, 1.851988
0.0, 0.0, 2.078722
0.0, 0.0, 2.312724
0.0, 0.0, 2.545390
0.0, 0.0, 2.765711
0.0, 0.0, 2.961016
0.0, 0.0, 3.118282
0.0, 0.0, 3.225797
0.0, 0.0, 3.274820
0.0, 0.0, 3.260890
0.0, 0.0, 3.184566
0.0, 0.0, 3.051450
0.0, 0.0, 2.871413
0.0, 0.0, 2.657121
0.0, 0.0, 2.422158
0.0, 0.0, 2.179248
0.0, 0.0, 1.939021
0.0, 0.0, 1.709521
0.0, 0.0, 1.496403
0.0, 0.0, 1.303590
0.0, 0.0, 1.134185
0.0, 0.0, 0.991480
0.0, 0.0, 0.879800
0.0, 0.0, 0.804594
0.0, 0.0, 0.771157
0.0, 0.0, 0.782392
0.0, 0.0, 0.837282
0.0, 0.0, 0.931442
0.0, 0.0, 1.059256
0.0, 0.0, 1.215772
0.0, 0.0, 1.397256
0.0, 0.0, 1.600637
0.0, 0.0, 1.822526
0.0, 0.0, 2.058234
0.0, 0.0, 2.300973
0.0, 0.0, 2.541389
0.0, 0.0, 2.767699
0.0, 0.0, 2.966549
0.0, 0.0, 3.124576
0.0, 0.0, 3.230290
0.0, 0.0, 3.275811
0.0, 0.0, 3.258011
0.0, 0.0, 3.178892
0.0, 0.0, 3.045187
0.0, 0.0, 2.867316
0.0, 0.0, 2.657860
0.0, 0.0, 2.429861
0.0, 0.0, 2.195292
0.0, 0.0, 1.964011
0.0, 0.0, 1.743327
0.0, 0.0, 1.538074
0.0, 0.0, 1.351009
0.0, 0.0, 1.183326
0.0, 0.0, 1.035144
0.0, 0.0, 0.905910
0.0, 0.0, 0.794683
0.0, 0.0, 0.700291
0.0, 0.0, 0.621228
0.0, 0.0, 0.555084
0.0, 0.0, 0.497708
0.0, 0.0, 0.523705
0.0, 0.0, 0.575172
0.0, 0.0, 0.634572
0.0, 0.0, 0.705486
0.0, 0.0, 0.790101
0.0, 0.0, 0.889877
0.0, 0.0, 1.006009
0.0, 0.0, 1.139524
0.0, 0.0, 1.291191
0.0, 0.0, 1.461334
0.0, 0.0, 1.649570
0.0, 0.0, 1.854465
0.0, 0.0, 2.073146
0.0, 0.0, 2.300925
0.0, 0.0, 2.531022
0.0, 0.0, 2.754520
0.0, 0.0, 2.960628
0.0, 0.0, 3.137312
0.0, 0.0, 3.272294
0.0, 0.0, 3.354386
0.0, 0.0, 3.375135
0.0, 0.0, 3.330557
0.0, 0.0, 3.222502
0.0, 0.0, 3.058947
0.0, 0.0, 2.852808
0.0, 0.0, 2.619536
0.0, 0.0, 2.374399
0.0, 0.0, 2.130419
0.0, 0.0, 1.897462
0.0, 0.0, 1.682386
0.0, 0.0, 1.489806
0.0, 0.0, 1.323096
0.0, 0.0, 1.185311
0.0, 0.0, 1.079792
0.0, 0.0, 1.010169
0.0, 0.0, 0.979639
0.0, 0.0, 0.989865
0.0, 0.0, 1.040271
0.0, 0.0, 1.128293
0.0, 0.0, 1.250389
0.0, 0.0, 1.403028
0.0, 0.0, 1.583055
0.0, 0.0, 1.787359
0.0, 0.0, 2.012069
0.0, 0.0, 2.251570
0.0, 0.0, 2.497567
0.0, 0.0, 2.738575
0.0, 0.0, 2.960260
0.0, 0.0, 3.146946
0.0, 0.0, 3.284103
0.0, 0.0, 3.361044
0.0, 0.0, 3.372803
0.0, 0.0, 3.320565
0.0, 0.0, 3.210759
0.0, 0.0, 3.053425
0.0, 0.0, 2.860482
0.0, 0.0, 2.644233
0.0, 0.0, 2.416192
0.0, 0.0, 2.186271
0.0, 0.0, 1.962329
0.0, 0.0, 1.750077
0.0, 0.0, 1.553252
0.0, 0.0, 1.373957
0.0, 0.0, 1.213055
0.0, 0.0, 1.070538
0.0, 0.0, 0.945830
0.0, 0.0, 0.838014
0.0, 0.0, 0.745952
0.0, 0.0, 0.668198
0.0, 0.0, 0.602508
0.0, 0.0, 0.545122
0.0, 0.0, 0.567268
0.0, 0.0, 0.619340
0.0, 0.0, 0.678924
0.0, 0.0, 0.749273
0.0, 0.0, 0.832423
0.0, 0.0, 0.929779
0.0, 0.0, 1.042521
0.0, 0.0, 1.171690
0.0, 0.0, 1.318123
0.0, 0.0, 1.482309
0.0, 0.0, 1.664199
0.0, 0.0, 1.862955
0.0, 0.0, 2.076651
0.0, 0.0, 2.301961
0.0, 0.0, 2.533865
0.0, 0.0, 2.765406
0.0, 0.0, 2.987552
0.0, 0.0, 3.189191
0.0, 0.0, 3.357391
0.0, 0.0, 3.478197
0.0, 0.0, 3.538382
0.0, 0.0, 3.528284
0.0, 0.0, 3.445035
0.0, 0.0, 3.294561
0.0, 0.0, 3.090894
0.0, 0.0, 2.852807
0.0, 0.0, 2.599456
0.0, 0.0, 2.347023
0.0, 0.0, 2.107345
0.0, 0.0, 1.888198
0.0, 0.0, 1.694417
0.0, 0.0, 1.529132
0.0, 0.0, 1.394756
0.0, 0.0, 1.293556
0.0, 0.0, 1.227750
0.0, 0.0, 1.199166
0.0, 0.0, 1.208721
0.0, 0.0, 1.256099
0.0, 0.0, 1.339866
0.0, 0.0, 1.457938
0.0, 0.0, 1.608053
0.0, 0.0, 1.787914
0.0, 0.0, 1.994848
0.0, 0.0, 2.225019
0.0, 0.0, 2.472279
0.0, 0.0, 2.726931
0.0, 0.0, 2.974916
0.0, 0.0, 3.198262
0.0, 0.0, 3.377485
0.0, 0.0, 3.495646
0.0, 0.0, 3.542491
0.0, 0.0, 3.516595
0.0, 0.0, 3.424591
0.0, 0.0, 3.278335
0.0, 0.0, 3.091707
0.0, 0.0, 2.878302
0.0, 0.0, 2.650197
0.0, 0.0, 2.417477
0.0, 0.0, 2.188126
0.0, 0.0, 1.968107
0.0, 0.0, 1.761561
0.0, 0.0, 1.571072
0.0, 0.0, 1.397985
0.0, 0.0, 1.242708
0.0, 0.0, 1.104994
0.0, 0.0, 0.984158
0.0, 0.0, 0.879247
0.0, 0.0, 0.789127
0.0, 0.0, 0.712402
0.0, 0.0, 0.646977
0.0, 0.0, 0.589434
0.0, 0.0, 0.607727
0.0, 0.0, 0.660374
0.0, 0.0, 0.720162
0.0, 0.0, 0.790056
0.0, 0.0, 0.871957
0.0, 0.0, 0.967222
0.0, 0.0, 1.077029
0.0, 0.0, 1.202460
0.0, 0.0, 1.344463
0.0, 0.0, 1.503753
0.0, 0.0, 1.680683
0.0, 0.0, 1.875069
0.0, 0.0, 2.085984
0.0, 0.0, 2.311500
0.0, 0.0, 2.548398
0.0, 0.0, 2.791805
0.0, 0.0, 3.034713
0.0, 0.0, 3.267353
0.0, 0.0, 3.476484
0.0, 0.0, 3.645106
0.0, 0.0, 3.753751
0.0, 0.0, 3.784546
0.0, 0.0, 3.727507
0.0, 0.0, 3.585819
0.0, 0.0, 3.376170
0.0, 0.0, 3.123419
0.0, 0.0, 2.852996
0.0, 0.0, 2.585384
0.0, 0.0, 2.334399
0.0, 0.0, 2.108188
0.0, 0.0, 1.911142
0.0, 0.0, 1.745594
0.0, 0.0, 1.612974
0.0, 0.0, 1.514442
0.0, 0.0, 1.451071
0.0, 0.0, 1.423731
0.0, 0.0, 1.432857
0.0, 0.0, 1.478299
0.0, 0.0, 1.559378
0.0, 0.0, 1.675092
0.0, 0.0, 1.824329
0.0, 0.0, 2.005841
0.0, 0.0, 2.217855
0.0, 0.0, 2.457192
0.0, 0.0, 2.717821
0.0, 0.0, 2.988981
0.0, 0.0, 3.253522
0.0, 0.0, 3.488036
0.0, 0.0, 3.666477
0.0, 0.0, 3.767149
0.0, 0.0, 3.779767
0.0, 0.0, 3.708149
0.0, 0.0, 3.567051
0.0, 0.0, 3.375836
0.0, 0.0, 3.153056
0.0, 0.0, 2.913859
0.0, 0.0, 2.669670
0.0, 0.0, 2.428788
0.0, 0.0, 2.197084
0.0, 0.0, 1.978555
0.0, 0.0, 1.775732
0.0, 0.0, 1.590010
0.0, 0.0, 1.421915
0.0, 0.0, 1.271339
0.0, 0.0, 1.137728
0.0, 0.0, 1.020238
0.0, 0.0, 0.917842
0.0, 0.0, 0.829392
0.0, 0.0, 0.753527
0.0, 0.0, 0.688289
0.0, 0.0, 0.630549
0.0, 0.0, 0.645034
0.0, 0.0, 0.698168
0.0, 0.0, 0.758108
0.0, 0.0, 0.827572
0.0, 0.0, 0.908343
0.0, 0.0, 1.001734
0.0, 0.0, 1.108926
0.0, 0.0, 1.231058
0.0, 0.0, 1.369210
0.0, 0.0, 1.524345
0.0, 0.0, 1.697237
0.0, 0.0, 1.888376
0.0, 0.0, 2.097839
0.0, 0.0, 2.325122
0.0, 0.0, 2.568906
0.0, 0.0, 2.826671
0.0, 0.0, 3.094032
0.0, 0.0, 3.363565
0.0, 0.0, 3.622886
0.0, 0.0, 3.852271
0.0, 0.0, 4.023997
0.0, 0.0, 4.107263
0.0, 0.0, 4.079902
0.0, 0.0, 3.940634
0.0, 0.0, 3.711819
0.0, 0.0, 3.429688
0.0, 0.0, 3.129970
0.0, 0.0, 2.838738
0.0, 0.0, 2.571207
0.0, 0.0, 2.334776
0.0, 0.0, 2.132432
0.0, 0.0, 1.965076
0.0, 0.0, 1.832837
0.0, 0.0, 1.735717
0.0, 0.0, 1.673799
0.0, 0.0, 1.647225
0.0, 0.0, 1.656086
0.0, 0.0, 1.700349
0.0, 0.0, 1.779885
0.0, 0.0, 1.894567
0.0, 0.0, 2.044364
0.0, 0.0, 2.229256
0.0, 0.0, 2.448845
0.0, 0.0, 2.701407
0.0, 0.0, 2.982113
0.0, 0.0, 3.280120
0.0, 0.0, 3.575013
0.0, 0.0, 3.835288
0.0, 0.0, 4.023330
0.0, 0.0, 4.108067
0.0, 0.0, 4.078439
0.0, 0.0, 3.947308
0.0, 0.0, 3.742890
0.0, 0.0, 3.495540
0.0, 0.0, 3.229157
0.0, 0.0, 2.959527
0.0, 0.0, 2.696262
0.0, 0.0, 2.445076
0.0, 0.0, 2.209313
0.0, 0.0, 1.990833
0.0, 0.0, 1.790510
0.0, 0.0, 1.608533
0.0, 0.0, 1.444601
0.0, 0.0, 1.298069
0.0, 0.0, 1.168055
0.0, 0.0, 1.053533
0.0, 0.0, 0.953385
0.0, 0.0, 0.866437
0.0, 0.0, 0.791360
0.0, 0.0, 0.726308
0.0, 0.0, 0.668409
0.0, 0.0, 0.679166
0.0, 0.0, 0.732656
0.0, 0.0, 0.792645
0.0, 0.0, 0.861639
0.0, 0.0, 0.941311
0.0, 0.0, 1.032934
0.0, 0.0, 1.137697
0.0, 0.0, 1.256794
0.0, 0.0, 1.391433
0.0, 0.0, 1.542818
0.0, 0.0, 1.712126
0.0, 0.0, 1.900484
0.0, 0.0, 2.108926
0.0, 0.0, 2.338344
0.0, 0.0, 2.589365
0.0, 0.0, 2.862097
0.0, 0.0, 3.155509
0.0, 0.0, 3.466040
0.0, 0.0, 3.784539
0.0, 0.0, 4.090578
0.0, 0.0, 4.346439
0.0, 0.0, 4.500697
0.0, 0.0, 4.509095
0.0, 0.0, 4.362293
0.0, 0.0, 4.094243
0.0, 0.0, 3.762406
0.0, 0.0, 3.418748
0.0, 0.0, 3.095437
0.0, 0.0, 2.807030
0.0, 0.0, 2.558242
0.0, 0.0, 2.349440
0.0, 0.0, 2.179454
0.0, 0.0, 2.046845
0.0, 0.0, 1.950428
0.0, 0.0, 1.889400
0.0, 0.0, 1.863317
0.0, 0.0, 1.872007
0.0, 0.0, 1.915525
0.0, 0.0, 1.994172
0.0, 0.0, 2.108559
0.0, 0.0, 2.259687
0.0, 0.0, 2.448900
0.0, 0.0, 2.677602
0.0, 0.0, 2.946426
0.0, 0.0, 3.253319
0.0, 0.0, 3.589524
0.0, 0.0, 3.932577
0.0, 0.0, 4.239865
0.0, 0.0, 4.453712
0.0, 0.0, 4.524673
0.0, 0.0, 4.439541
0.0, 0.0, 4.227858
0.0, 0.0, 3.941058
0.0, 0.0, 3.625228
0.0, 0.0, 3.309025
0.0, 0.0, 3.006357
0.0, 0.0, 2.723044
0.0, 0.0, 2.461131
0.0, 0.0, 2.220966
0.0, 0.0, 2.002135
0.0, 0.0, 1.803857
0.0, 0.0, 1.625160
0.0, 0.0, 1.464958
0.0, 0.0, 1.322095
0.0, 0.0, 1.195378
0.0, 0.0, 1.083599
0.0, 0.0, 0.985553
0.0, 0.0, 0.900039
0.0, 0.0, 0.825752
0.0, 0.0, 0.760951
0.0, 0.0, 0.702983
0.0, 0.0, 0.710122
0.0, 0.0, 0.763809
0.0, 0.0, 0.823706
0.0, 0.0, 0.892132
0.0, 0.0, 0.970660
0.0, 0.0, 1.060525
0.0, 0.0, 1.162915
0.0, 0.0, 1.279067
0.0, 0.0, 1.410299
0.0, 0.0, 1.558017
0.0, 0.0, 1.723746
0.0, 0.0, 1.909156
0.0, 0.0, 2.116123
0.0, 0.0, 2.346791
0.0, 0.0, 2.603626
0.0, 0.0, 2.889410
0.0, 0.0, 3.206949
0.0, 0.0, 3.557974
0.0, 0.0, 3.939660
0.0, 0.0, 4.335357
0.0, 0.0, 4.698581
0.0, 0.0, 4.947480
0.0, 0.0, 5.000089
0.0, 0.0, 4.832020
0.0, 0.0, 4.499746
0.0, 0.0, 4.096663
0.0, 0.0, 3.697477
0.0, 0.0, 3.337761
0.0, 0.0, 3.027667
0.0, 0.0, 2.766953
0.0, 0.0, 2.552325
0.0, 0.0, 2.380146
0.0, 0.0, 2.247334
0.0, 0.0, 2.151582
0.0, 0.0, 2.091331
0.0, 0.0, 2.065664
0.0, 0.0, 2.074209
0.0, 0.0, 2.117090
0.0, 0.0, 2.194939
0.0, 0.0, 2.308981
0.0, 0.0, 2.461139
0.0, 0.0, 2.654113
0.0, 0.0, 2.891317
0.0, 0.0, 3.176401
0.0, 0.0, 3.511667
0.0, 0.0, 3.893488
0.0, 0.0, 4.301158
0.0, 0.0, 4.680056
0.0, 0.0, 4.940949
0.0, 0.0, 5.001377
0.0, 0.0, 4.843080
0.0, 0.0, 4.525671
0.0, 0.0, 4.137846
0.0, 0.0, 3.745550
0.0, 0.0, 3.378278
0.0, 0.0, 3.044055
0.0, 0.0, 2.742719
0.0, 0.0, 2.471770
0.0, 0.0, 2.228349
0.0, 0.0, 2.009819
0.0, 0.0, 1.813879
0.0, 0.0, 1.638530
0.0, 0.0, 1.482006
0.0, 0.0, 1.342713
0.0, 0.0, 1.219190
0.0, 0.0, 1.110079
0.0, 0.0, 1.014101
0.0, 0.0, 0.930036
0.0, 0.0, 0.856609
0.0, 0.0, 0.792171
0.0, 0.0, 0.734266
0.0, 0.0, 0.737919
0.0, 0.0, 0.791623
0.0, 0.0, 0.851258
0.0, 0.0, 0.918974
0.0, 0.0, 0.996253
0.0, 0.0, 1.084285
0.0, 0.0, 1.184243
0.0, 0.0, 1.297390
0.0, 0.0, 1.425113
0.0, 0.0, 1.568965
0.0, 0.0, 1.730722
0.0, 0.0, 1.912465
0.0, 0.0, 2.116705
0.0, 0.0, 2.346559
0.0, 0.0, 2.605980
0.0, 0.0, 2.900030
0.0, 0.0, 3.235066
0.0, 0.0, 3.618362
0.0, 0.0, 4.055131
0.0, 0.0, 4.536876
0.0, 0.0, 5.014181
0.0, 0.0, 5.372551
0.0, 0.0, 5.474663
0.0, 0.0, 5.275940
0.0, 0.0, 4.864449
0.0, 0.0, 4.385019
0.0, 0.0, 3.933234
0.0, 0.0, 3.542888
0.0, 0.0, 3.216679
0.0, 0.0, 2.948413
0.0, 0.0, 2.731058
0.0, 0.0, 2.558726
0.0, 0.0, 2.426953
0.0, 0.0, 2.332555
0.0, 0.0, 2.273415
0.0, 0.0, 2.248282
0.0, 0.0, 2.256646
0.0, 0.0, 2.298674
0.0, 0.0, 2.375237
0.0, 0.0, 2.487995
0.0, 0.0, 2.639575
0.0, 0.0, 2.833773
0.0, 0.0, 3.075760
0.0, 0.0, 3.372086
0.0, 0.0, 3.729828
0.0, 0.0, 4.152355
0.0, 0.0, 4.624956
0.0, 0.0, 5.085670
0.0, 0.0, 5.408038
0.0, 0.0, 5.460408
0.0, 0.0, 5.217770
0.0, 0.0, 4.782151
0.0, 0.0, 4.292266
0.0, 0.0, 3.830058
0.0, 0.0, 3.420238
0.0, 0.0, 3.061979
0.0, 0.0, 2.748311
0.0, 0.0, 2.472287
0.0, 0.0, 2.228206
0.0, 0.0, 2.011595
0.0, 0.0, 1.818950
0.0, 0.0, 1.647484
0.0, 0.0, 1.494918
0.0, 0.0, 1.359337
0.0, 0.0, 1.239085
0.0, 0.0, 1.132697
0.0, 0.0, 1.038852
0.0, 0.0, 0.956327
0.0, 0.0, 0.883880
0.0, 0.0, 0.819957
0.0, 0.0, 0.762274
0.0, 0.0, 0.762601
0.0, 0.0, 0.816126
0.0, 0.0, 0.875308
0.0, 0.0, 0.942141
0.0, 0.0, 1.018016
0.0, 0.0, 1.104069
0.0, 0.0, 1.201447
0.0, 0.0, 1.311404
0.0, 0.0, 1.435352
0.0, 0.0, 1.574917
0.0, 0.0, 1.732012
0.0, 0.0, 1.908948
0.0, 0.0, 2.108608
0.0, 0.0, 2.334678
0.0, 0.0, 2.591995
0.0, 0.0, 2.887009
0.0, 0.0, 3.228332
0.0, 0.0, 3.626981
0.0, 0.0, 4.094190
0.0, 0.0, 4.629035
0.0, 0.0, 5.183944
0.0, 0.0, 5.625191
0.0, 0.0, 5.771587
0.0, 0.0, 5.550925
0.0, 0.0, 5.088995
0.0, 0.0, 4.566235
0.0, 0.0, 4.089204
0.0, 0.0, 3.687706
0.0, 0.0, 3.358445
0.0, 0.0, 3.091210
0.0, 0.0, 2.876710
0.0, 0.0, 2.707808
0.0, 0.0, 2.579320
0.0, 0.0, 2.487622
0.0, 0.0, 2.430321
0.0, 0.0, 2.406004
0.0, 0.0, 2.414094
0.0, 0.0, 2.454781
0.0, 0.0, 2.529047
0.0, 0.0, 2.638771
0.0, 0.0, 2.786925
0.0, 0.0, 2.977864
0.0, 0.0, 3.217703
0.0, 0.0, 3.514668
0.0, 0.0, 3.878870
0.0, 0.0, 4.318756
0.0, 0.0, 4.825466
0.0, 0.0, 5.335324
0.0, 0.0, 5.698789
0.0, 0.0, 5.742681
0.0, 0.0, 5.430944
0.0, 0.0, 4.910836
0.0, 0.0, 4.354699
0.0, 0.0, 3.851545
0.0, 0.0, 3.419731
0.0, 0.0, 3.051247
0.0, 0.0, 2.734310
0.0, 0.0, 2.459072
0.0, 0.0, 2.218071
0.0, 0.0, 2.005730
0.0, 0.0, 1.817836
0.0, 0.0, 1.651140
0.0, 0.0, 1.503071
0.0, 0.0, 1.371533
0.0, 0.0, 1.254769
0.0, 0.0, 1.151268
0.0, 0.0, 1.059700
0.0, 0.0, 0.978862
0.0, 0.0, 0.907560
0.0, 0.0, 0.844328
0.0, 0.0, 0.787047
0.0, 0.0, 0.784226
0.0, 0.0, 0.837372
0.0, 0.0, 0.895898
0.0, 0.0, 0.961652
0.0, 0.0, 1.035933
0.0, 0.0, 1.119817
0.0, 0.0, 1.214399
0.0, 0.0, 1.320897
0.0, 0.0, 1.440696
0.0, 0.0, 1.575415
0.0, 0.0, 1.726978
0.0, 0.0, 1.897741
0.0, 0.0, 2.090657
0.0, 0.0, 2.309526
0.0, 0.0, 2.559336
0.0, 0.0, 2.846734
0.0, 0.0, 3.180596
0.0, 0.0, 3.572307
0.0, 0.0, 4.033698
0.0, 0.0, 4.564904
0.0, 0.0, 5.120196
0.0, 0.0, 5.568238
0.0, 0.0, 5.729623
0.0, 0.0, 5.530765
0.0, 0.0, 5.093841
0.0, 0.0, 4.595384
0.0, 0.0, 4.139856
0.0, 0.0, 3.756503
0.0, 0.0, 3.442262
0.0, 0.0, 3.187356
0.0, 0.0, 2.982884
0.0, 0.0, 2.821998
0.0, 0.0, 2.699703
0.0, 0.0, 2.612490
0.0, 0.0, 2.558023
0.0, 0.0, 2.534918
0.0, 0.0, 2.542604
0.0, 0.0, 2.581270
0.0, 0.0, 2.651881
0.0, 0.0, 2.756276
0.0, 0.0, 2.897344
0.0, 0.0, 3.079291
0.0, 0.0, 3.307994
0.0, 0.0, 3.591338
0.0, 0.0, 3.939008
0.0, 0.0, 4.359069
0.0, 0.0, 4.842719
0.0, 0.0, 5.327528
0.0, 0.0, 5.667006
0.0, 0.0, 5.692180
0.0, 0.0, 5.369637
0.0, 0.0, 4.846251
0.0, 0.0, 4.292021
0.0, 0.0, 3.793771
0.0, 0.0, 3.368431
0.0, 0.0, 3.007203
0.0, 0.0, 2.697841
0.0, 0.0, 2.430194
0.0, 0.0, 2.196569
0.0, 0.0, 1.991216
0.0, 0.0, 1.809791
0.0, 0.0, 1.648955
0.0, 0.0, 1.506079
0.0, 0.0, 1.379039
0.0, 0.0, 1.266077
0.0, 0.0, 1.165699
0.0, 0.0, 1.076608
0.0, 0.0, 0.997646
0.0, 0.0, 0.927679
0.0, 0.0, 0.865334
0.0, 0.0, 0.808646
0.0, 0.0, 0.802875
0.0, 0.0, 0.855441
0.0, 0.0, 0.913104
0.0, 0.0, 0.977574
0.0, 0.0, 1.050055
0.0, 0.0, 1.131550
0.0, 0.0, 1.223087
0.0, 0.0, 1.325813
0.0, 0.0, 1.441040
0.0, 0.0, 1.570302
0.0, 0.0, 1.715424
0.0, 0.0, 1.878625
0.0, 0.0, 2.062665
0.0, 0.0, 2.271029
0.0, 0.0, 2.508181
0.0, 0.0, 2.779865
0.0, 0.0, 3.093343
0.0, 0.0, 3.457151
0.0, 0.0, 3.878438
0.0, 0.0, 4.351893
0.0, 0.0, 4.833117
0.0, 0.0, 5.213745
0.0, 0.0, 5.359879
0.0, 0.0, 5.223564
0.0, 0.0, 4.883118
0.0, 0.0, 4.473433
0.0, 0.0, 4.084114
0.0, 0.0, 3.747109
0.0, 0.0, 3.465467
0.0, 0.0, 3.234031
0.0, 0.0, 3.046776
0.0, 0.0, 2.898589
0.0, 0.0, 2.785522
0.0, 0.0, 2.704695
0.0, 0.0, 2.654144
0.0, 0.0, 2.632684
0.0, 0.0, 2.639824
0.0, 0.0, 2.675726
0.0, 0.0, 2.741220
0.0, 0.0, 2.837868
0.0, 0.0, 2.968073
0.0, 0.0, 3.135228
0.0, 0.0, 3.343863
0.0, 0.0, 3.599627
0.0, 0.0, 3.908526
0.0, 0.0, 4.273099
0.0, 0.0, 4.679137
0.0, 0.0, 5.068375
0.0, 0.0, 5.322617
0.0, 0.0, 5.320858
0.0, 0.0, 5.045197
0.0, 0.0, 4.597223
0.0, 0.0, 4.110263
0.0, 0.0, 3.660444
0.0, 0.0, 3.268412
0.0, 0.0, 2.930866
0.0, 0.0, 2.639291
0.0, 0.0, 2.385681
0.0, 0.0, 2.163554
0.0, 0.0, 1.967843
0.0, 0.0, 1.794607
0.0, 0.0, 1.640752
0.0, 0.0, 1.503811
0.0, 0.0, 1.381774
0.0, 0.0, 1.272974
0.0, 0.0, 1.175995
0.0, 0.0, 1.089613
0.0, 0.0, 1.012738
0.0, 0.0, 0.944310
0.0, 0.0, 0.883056
0.0, 0.0, 0.827156
0.0, 0.0, 0.818649
0.0, 0.0, 0.870441
0.0, 0.0, 0.927038
0.0, 0.0, 0.990018
0.0, 0.0, 1.060488
0.0, 0.0, 1.139370
0.0, 0.0, 1.227605
0.0, 0.0, 1.326245
0.0, 0.0, 1.436486
0.0, 0.0, 1.559717
0.0, 0.0, 1.697570
0.0, 0.0, 1.851997
0.0, 0.0, 2.025355
0.0, 0.0, 2.220520
0.0, 0.0, 2.440984
0.0, 0.0, 2.690900
0.0, 0.0, 2.974900
0.0, 0.0, 3.297192
0.0, 0.0, 3.658462
0.0, 0.0, 4.047176
0.0, 0.0, 4.423784
0.0, 0.0, 4.713506
0.0, 0.0, 4.837219
0.0, 0.0, 4.765066
0.0, 0.0, 4.541156
0.0, 0.0, 4.245772
0.0, 0.0, 3.945022
0.0, 0.0, 3.671034
0.0, 0.0, 3.433721
0.0, 0.0, 3.233876
0.0, 0.0, 3.069436
0.0, 0.0, 2.937784
0.0, 0.0, 2.836531
0.0, 0.0, 2.763763
0.0, 0.0, 2.718100
0.0, 0.0, 2.698682
0.0, 0.0, 2.705145
0.0, 0.0, 2.737609
0.0, 0.0, 2.796684
0.0, 0.0, 2.883489
0.0, 0.0, 2.999670
0.0, 0.0, 3.147393
0.0, 0.0, 3.329215
0.0, 0.0, 3.547632
0.0, 0.0, 3.803728
0.0, 0.0, 4.093289
0.0, 0.0, 4.397160
0.0, 0.0, 4.666585
0.0, 0.0, 4.823570
0.0, 0.0, 4.799273
0.0, 0.0, 4.584912
0.0, 0.0, 4.241160
0.0, 0.0, 3.851084
0.0, 0.0, 3.473245
0.0, 0.0, 3.131072
0.0, 0.0, 2.828348
0.0, 0.0, 2.561979
0.0, 0.0, 2.327346
0.0, 0.0, 2.120010
0.0, 0.0, 1.936144
0.0, 0.0, 1.772575
0.0, 0.0, 1.626703
0.0, 0.0, 1.496383
0.0, 0.0, 1.379834
0.0, 0.0, 1.275554
0.0, 0.0, 1.182256
0.0, 0.0, 1.098820
0.0, 0.0, 1.024247
0.0, 0.0, 0.957566
0.0, 0.0, 0.897603
0.0, 0.0, 0.842683
0.0, 0.0, 0.831670
0.0, 0.0, 0.882502
0.0, 0.0, 0.937842
0.0, 0.0, 0.999137
0.0, 0.0, 1.067397
0.0, 0.0, 1.143454
0.0, 0.0, 1.228151
0.0, 0.0, 1.322423
0.0, 0.0, 1.427323
0.0, 0.0, 1.544050
0.0, 0.0, 1.673988
0.0, 0.0, 1.818735
0.0, 0.0, 1.980144
0.0, 0.0, 2.160338
0.0, 0.0, 2.361675
0.0, 0.0, 2.586576
0.0, 0.0, 2.837029
0.0, 0.0, 3.113389
0.0, 0.0, 3.411580
0.0, 0.0, 3.717610
0.0, 0.0, 4.001045
0.0, 0.0, 4.216378
0.0, 0.0, 4.320132
0.0, 0.0, 4.296050
0.0, 0.0, 4.165165
0.0, 0.0, 3.971237
0.0, 0.0, 3.756308
0.0, 0.0, 3.547602
0.0, 0.0, 3.358345
0.0, 0.0, 3.193720
0.0, 0.0, 3.055124
0.0, 0.0, 2.942350
0.0, 0.0, 2.854623
0.0, 0.0, 2.791085
0.0, 0.0, 2.751017
0.0, 0.0, 2.733934
0.0, 0.0, 2.739622
0.0, 0.0, 2.768153
0.0, 0.0, 2.819880
0.0, 0.0, 2.895411
0.0, 0.0, 2.995551
0.0, 0.0, 3.121159
0.0, 0.0, 3.272811
0.0, 0.0, 3.450092
0.0, 0.0, 3.650091
0.0, 0.0, 3.864281
0.0, 0.0, 4.073097
0.0, 0.0, 4.241296
0.0, 0.0, 4.323398
0.0, 0.0, 4.283985
0.0, 0.0, 4.120278
0.0, 0.0, 3.864785
0.0, 0.0, 3.565107
0.0, 0.0, 3.260319
0.0, 0.0, 2.972074
0.0, 0.0, 2.708527
0.0, 0.0, 2.471037
0.0, 0.0, 2.258211
0.0, 0.0, 2.067750
0.0, 0.0, 1.897231
0.0, 0.0, 1.744401
0.0, 0.0, 1.607274
0.0, 0.0, 1.484127
0.0, 0.0, 1.373473
0.0, 0.0, 1.274028
0.0, 0.0, 1.184666
0.0, 0.0, 1.104399
0.0, 0.0, 1.032334
0.0, 0.0, 0.967594
0.0, 0.0, 0.909113
0.0, 0.0, 0.855355
0.0, 0.0, 0.842074
0.0, 0.0, 0.891778
0.0, 0.0, 0.945686
0.0, 0.0, 1.005121
0.0, 0.0, 1.070993
0.0, 0.0, 1.144041
0.0, 0.0, 1.225003
0.0, 0.0, 1.314685
0.0, 0.0, 1.413979
0.0, 0.0, 1.523879
0.0, 0.0, 1.645489
0.0, 0.0, 1.780030
0.0, 0.0, 1.928831
0.0, 0.0, 2.093271
0.0, 0.0, 2.274657
0.0, 0.0, 2.473929
0.0, 0.0, 2.691084
0.0, 0.0, 2.924059
0.0, 0.0, 3.166787
0.0, 0.0, 3.406497
0.0, 0.0, 3.621974
0.0, 0.0, 3.786281
0.0, 0.0, 3.875829
0.0, 0.0, 3.881429
0.0, 0.0, 3.812860
0.0, 0.0, 3.693128
0.0, 0.0, 3.547674
0.0, 0.0, 3.396545
0.0, 0.0, 3.252473
0.0, 0.0, 3.122489
0.0, 0.0, 3.010105
0.0, 0.0, 2.916875
0.0, 0.0, 2.843338
0.0, 0.0, 2.789562
0.0, 0.0, 2.755440
0.0, 0.0, 2.740843
0.0, 0.0, 2.745707
0.0, 0.0, 2.770053
0.0, 0.0, 2.813985
0.0, 0.0, 2.877633
0.0, 0.0, 2.961046
0.0, 0.0, 3.063968
0.0, 0.0, 3.185440
0.0, 0.0, 3.323081
0.0, 0.0, 3.471861
0.0, 0.0, 3.622184
0.0, 0.0, 3.757723
0.0, 0.0, 3.855145
0.0, 0.0, 3.888914
0.0, 0.0, 3.841403
0.0, 0.0, 3.712213
0.0, 0.0, 3.518895
0.0, 0.0, 3.288152
0.0, 0.0, 3.044815
0.0, 0.0, 2.805851
0.0, 0.0, 2.580334
0.0, 0.0, 2.372026
0.0, 0.0, 2.181774
0.0, 0.0, 2.009011
0.0, 0.0, 1.852562
0.0, 0.0, 1.711062
0.0, 0.0, 1.583146
0.0, 0.0, 1.467537
0.0, 0.0, 1.363071
0.0, 0.0, 1.268700
0.0, 0.0, 1.183484
0.0, 0.0, 1.106575
0.0, 0.0, 1.037196
0.0, 0.0, 0.974574
0.0, 0.0, 0.917749
0.0, 0.0, 0.865318
0.0, 0.0, 0.850013
0.0, 0.0, 0.898440
0.0, 0.0, 0.950764
0.0, 0.0, 1.008188
0.0, 0.0, 1.071526
0.0, 0.0, 1.141420
0.0, 0.0, 1.218502
0.0, 0.0, 1.303447
0.0, 0.0, 1.396983
0.0, 0.0, 1.499893
0.0, 0.0, 1.613011
0.0, 0.0, 1.737199
0.0, 0.0, 1.873304
0.0, 0.0, 2.022073
0.0, 0.0, 2.183975
0.0, 0.0, 2.358906
0.0, 0.0, 2.545669
0.0, 0.0, 2.741168
0.0, 0.0, 2.939295
0.0, 0.0, 3.129878
0.0, 0.0, 3.298630
0.0, 0.0, 3.429394
0.0, 0.0, 3.508834
0.0, 0.0, 3.531494
0.0, 0.0, 3.501927
0.0, 0.0, 3.432456
0.0, 0.0, 3.338318
0.0, 0.0, 3.233356
0.0, 0.0, 3.128005
0.0, 0.0, 3.029233
0.0, 0.0, 2.941351
0.0, 0.0, 2.866879
0.0, 0.0, 2.807216
0.0, 0.0, 2.763108
0.0, 0.0, 2.734919
0.0, 0.0, 2.722814
0.0, 0.0, 2.726850
0.0, 0.0, 2.747010
0.0, 0.0, 2.783189
0.0, 0.0, 2.835138
0.0, 0.0, 2.902331
0.0, 0.0, 2.983741
0.0, 0.0, 3.077476
0.0, 0.0, 3.180220
0.0, 0.0, 3.286451
0.0, 0.0, 3.387537
0.0, 0.0, 3.471236
0.0, 0.0, 3.522598
0.0, 0.0, 3.527205
0.0, 0.0, 3.476101
0.0, 0.0, 3.369726
0.0, 0.0, 3.217995
0.0, 0.0, 3.036339
0.0, 0.0, 2.840434
0.0, 0.0, 2.642623
0.0, 0.0, 2.450946
0.0, 0.0, 2.269853
0.0, 0.0, 2.101370
0.0, 0.0, 1.946067
0.0, 0.0, 1.803712
0.0, 0.0, 1.673667
0.0, 0.0, 1.555123
0.0, 0.0, 1.447215
0.0, 0.0, 1.349094
0.0, 0.0, 1.259948
0.0, 0.0, 1.179022
0.0, 0.0, 1.105614
0.0, 0.0, 1.039068
0.0, 0.0, 0.978711
0.0, 0.0, 0.923692
0.0, 0.0, 0.872735
0.0, 0.0, 0.855651
0.0, 0.0, 0.902674
0.0, 0.0, 0.953286
0.0, 0.0, 1.008579
0.0, 0.0, 1.069271
0.0, 0.0, 1.135913
0.0, 0.0, 1.209031
0.0, 0.0, 1.289172
0.0, 0.0, 1.376909
0.0, 0.0, 1.472829
0.0, 0.0, 1.577520
0.0, 0.0, 1.691529
0.0, 0.0, 1.815313
0.0, 0.0, 1.949126
0.0, 0.0, 2.092862
0.0, 0.0, 2.245787
0.0, 0.0, 2.406163
0.0, 0.0, 2.570741
0.0, 0.0, 2.734223
0.0, 0.0, 2.888964
0.0, 0.0, 3.025377
0.0, 0.0, 3.133458
0.0, 0.0, 3.205270
0.0, 0.0, 3.237381
0.0, 0.0, 3.231942
0.0, 0.0, 3.195772
0.0, 0.0, 3.138109
0.0, 0.0, 3.068276
0.0, 0.0, 2.994191
0.0, 0.0, 2.921865
0.0, 0.0, 2.855532
0.0, 0.0, 2.798028
0.0, 0.0, 2.751182
0.0, 0.0, 2.716132
0.0, 0.0, 2.693556
0.0, 0.0, 2.683821
0.0, 0.0, 2.687070
0.0, 0.0, 2.703256
0.0, 0.0, 2.732131
0.0, 0.0, 2.773189
0.0, 0.0, 2.825543
0.0, 0.0, 2.887744
0.0, 0.0, 2.957505
0.0, 0.0, 3.031344
0.0, 0.0, 3.104176
0.0, 0.0, 3.169024
0.0, 0.0, 3.217147
0.0, 0.0, 3.239016
0.0, 0.0, 3.226283
0.0, 0.0, 3.174240
0.0, 0.0, 3.083537
0.0, 0.0, 2.960104
0.0, 0.0, 2.813252
0.0, 0.0, 2.653042
0.0, 0.0, 2.488204
0.0, 0.0, 2.325205
0.0, 0.0, 2.168256
0.0, 0.0, 2.019781
0.0, 0.0, 1.880962
0.0, 0.0, 1.752177
0.0, 0.0, 1.633328
0.0, 0.0, 1.524043
0.0, 0.0, 1.423809
0.0, 0.0, 1.332055
0.0, 0.0, 1.248188
0.0, 0.0, 1.171629
0.0, 0.0, 1.101815
0.0, 0.0, 1.038206
0.0, 0.0, 0.980232
0.0, 0.0, 0.927140
0.0, 0.0, 0.877781
0.0, 0.0, 0.859159
0.0, 0.0, 0.904674
0.0, 0.0, 0.953475
0.0, 0.0, 1.006546
0.0, 0.0, 1.064519
0.0, 0.0, 1.127856
0.0, 0.0, 1.196985
0.0, 0.0, 1.272336
0.0, 0.0, 1.354338
0.0, 0.0, 1.443408
0.0, 0.0, 1.539923
0.0, 0.0, 1.644179
0.0, 0.0, 1.756333
0.0, 0.0, 1.876302
0.0, 0.0, 2.003622
0.0, 0.0, 2.137258
0.0, 0.0, 2.275342
0.0, 0.0, 2.414903
0.0, 0.0, 2.551642
0.0, 0.0, 2.679939
0.0, 0.0, 2.793289
0.0, 0.0, 2.885276
0.0, 0.0, 2.950937
0.0, 0.0, 2.988007
0.0, 0.0, 2.997497
0.0, 0.0, 2.983314
0.0, 0.0, 2.951169
0.0, 0.0, 2.907310
0.0, 0.0, 2.857532
0.0, 0.0, 2.806663
0.0, 0.0, 2.758435
0.0, 0.0, 2.715585
0.0, 0.0, 2.680037
0.0, 0.0, 2.653094
0.0, 0.0, 2.635592
0.0, 0.0, 2.628010
0.0, 0.0, 2.630543
0.0, 0.0, 2.643125
0.0, 0.0, 2.665428
0.0, 0.0, 2.696804
0.0, 0.0, 2.736201
0.0, 0.0, 2.782027
0.0, 0.0, 2.831976
0.0, 0.0, 2.882834
0.0, 0.0, 2.930323
0.0, 0.0, 2.969095
0.0, 0.0, 2.993035
0.0, 0.0, 2.996013
0.0, 0.0, 2.973059
0.0, 0.0, 2.921613
0.0, 0.0, 2.842315
0.0, 0.0, 2.738901
0.0, 0.0, 2.617240
0.0, 0.0, 2.483948
0.0, 0.0, 2.345174
0.0, 0.0, 2.205900
0.0, 0.0, 2.069745
0.0, 0.0, 1.939092
0.0, 0.0, 1.815359
0.0, 0.0, 1.699267
0.0, 0.0, 1.591069
0.0, 0.0, 1.490714
0.0, 0.0, 1.397965
0.0, 0.0, 1.312479
0.0, 0.0, 1.233856
0.0, 0.0, 1.161670
0.0, 0.0, 1.095490
0.0, 0.0, 1.034882
0.0, 0.0, 0.979371
0.0, 0.0, 0.928302
0.0, 0.0, 0.880638
0.0, 0.0, 0.860714
0.0, 0.0, 0.904636
0.0, 0.0, 0.951550
0.0, 0.0, 1.002342
0.0, 0.0, 1.057559
0.0, 0.0, 1.117583
0.0, 0.0, 1.182753
0.0, 0.0, 1.253393
0.0, 0.0, 1.329812
0.0, 0.0, 1.412280
0.0, 0.0, 1.501008
0.0, 0.0, 1.596101
0.0, 0.0, 1.697505
0.0, 0.0, 1.804924
0.0, 0.0, 1.917712
0.0, 0.0, 2.034738
0.0, 0.0, 2.154231
0.0, 0.0, 2.273647
0.0, 0.0, 2.389606
0.0, 0.0, 2.497993
0.0, 0.0, 2.594316
0.0, 0.0, 2.674319
0.0, 0.0, 2.734762
0.0, 0.0, 2.774088
0.0, 0.0, 2.792750
0.0, 0.0, 2.793056
0.0, 0.0, 2.778614
0.0, 0.0, 2.753628
0.0, 0.0, 2.722273
0.0, 0.0, 2.688280
0.0, 0.0, 2.654742
0.0, 0.0, 2.624085
0.0, 0.0, 2.598126
0.0, 0.0, 2.578166
0.0, 0.0, 2.565076
0.0, 0.0, 2.559377
0.0, 0.0, 2.561282
0.0, 0.0, 2.570722
0.0, 0.0, 2.587333
0.0, 0.0, 2.610426
0.0, 0.0, 2.638927
0.0, 0.0, 2.671287
0.0, 0.0, 2.705397
0.0, 0.0, 2.738500
0.0, 0.0, 2.767171
0.0, 0.0, 2.787422
0.0, 0.0, 2.794995
0.0, 0.0, 2.785897
0.0, 0.0, 2.757084
0.0, 0.0, 2.707129
0.0, 0.0, 2.636593
0.0, 0.0, 2.547943
0.0, 0.0, 2.445024
0.0, 0.0, 2.332302
0.0, 0.0, 2.214141
0.0, 0.0, 2.094316
0.0, 0.0, 1.975789
0.0, 0.0, 1.860705
0.0, 0.0, 1.750494
0.0, 0.0, 1.646026
0.0, 0.0, 1.547758
0.0, 0.0, 1.455852
0.0, 0.0, 1.370275
0.0, 0.0, 1.290862
0.0, 0.0, 1.217369
0.0, 0.0, 1.149504
0.0, 0.0, 1.086948
0.0, 0.0, 1.029365
0.0, 0.0, 0.976366
0.0, 0.0, 0.927386
0.0, 0.0, 0.881496
0.0, 0.0, 0.860492
0.0, 0.0, 0.902732
0.0, 0.0, 0.947690
0.0, 0.0, 0.996160
0.0, 0.0, 1.048611
0.0, 0.0, 1.105348
0.0, 0.0, 1.166628
0.0, 0.0, 1.232688
0.0, 0.0, 1.303733
0.0, 0.0, 1.379919
0.0, 0.0, 1.461328
0.0, 0.0, 1.547930
0.0, 0.0, 1.639535
0.0, 0.0, 1.735728
0.0, 0.0, 1.835797
0.0, 0.0, 1.938640
0.0, 0.0, 2.042681
0.0, 0.0, 2.145815
0.0, 0.0, 2.245420
0.0, 0.0, 2.338468
0.0, 0.0, 2.421796
0.0, 0.0, 2.492495
0.0, 0.0, 2.548363
0.0, 0.0, 2.588294
0.0, 0.0, 2.612461
0.0, 0.0, 2.622260
0.0, 0.0, 2.620015
0.0, 0.0, 2.608579
0.0, 0.0, 2.590941
0.0, 0.0, 2.569923
0.0, 0.0, 2.547994
0.0, 0.0, 2.527196
0.0, 0.0, 2.509133
0.0, 0.0, 2.494999
0.0, 0.0, 2.485625
0.0, 0.0, 2.481520
0.0, 0.0, 2.482894
0.0, 0.0, 2.489678
0.0, 0.0, 2.501515
0.0, 0.0, 2.517739
0.0, 0.0, 2.537344
0.0, 0.0, 2.558934
0.0, 0.0, 2.580690
0.0, 0.0, 2.600352
0.0, 0.0, 2.615258
0.0, 0.0, 2.622472
0.0, 0.0, 2.619029
0.0, 0.0, 2.602287
0.0, 0.0, 2.570340
0.0, 0.0, 2.522381
0.0, 0.0, 2.458883
0.0, 0.0, 2.381540
0.0, 0.0, 2.292962
0.0, 0.0, 2.196241
0.0, 0.0, 2.094514
0.0, 0.0, 1.990630
0.0, 0.0, 1.886959
0.0, 0.0, 1.785338
0.0, 0.0, 1.687095
0.0, 0.0, 1.593127
0.0, 0.0, 1.503988
0.0, 0.0, 1.419970
0.0, 0.0, 1.341177
0.0, 0.0, 1.267576
0.0, 0.0, 1.199047
0.0, 0.0, 1.135405
0.0, 0.0, 1.076427
0.0, 0.0, 1.021862
0.0, 0.0, 0.971405
0.0, 0.0, 0.924575
0.0, 0.0, 0.880543
0.0, 0.0, 0.858669
0.0, 0.0, 0.899019
0.0, 0.0, 0.941889
0.0, 0.0, 0.987993
0.0, 0.0, 1.037670
0.0, 0.0, 1.091147
0.0, 0.0, 1.148613
0.0, 0.0, 1.210229
0.0, 0.0, 1.276118
0.0, 0.0, 1.346347
0.0, 0.0, 1.420907
0.0, 0.0, 1.499677
0.0, 0.0, 1.582388
0.0, 0.0, 1.668579
0.0, 0.0, 1.757541
0.0, 0.0, 1.848264
0.0, 0.0, 1.939400
0.0, 0.0, 2.029242
0.0, 0.0, 2.115762
0.0, 0.0, 2.196718
0.0, 0.0, 2.269839
0.0, 0.0, 2.333076
0.0, 0.0, 2.384885
0.0, 0.0, 2.424448
0.0, 0.0, 2.451797
0.0, 0.0, 2.467782
0.0, 0.0, 2.473922
0.0, 0.0, 2.472167
0.0, 0.0, 2.464653
0.0, 0.0, 2.453482
0.0, 0.0, 2.440580
0.0, 0.0, 2.427606
0.0, 0.0, 2.415910
0.0, 0.0, 2.406533
0.0, 0.0, 2.400220
0.0, 0.0, 2.397433
0.0, 0.0, 2.398367
0.0, 0.0, 2.402958
0.0, 0.0, 2.410878
0.0, 0.0, 2.421525
0.0, 0.0, 2.434011
0.0, 0.0, 2.447137
0.0, 0.0, 2.459398
0.0, 0.0, 2.468995
0.0, 0.0, 2.473899
0.0, 0.0, 2.471967
0.0, 0.0, 2.461128
0.0, 0.0, 2.439615
0.0, 0.0, 2.406216
0.0, 0.0, 2.360480
0.0, 0.0, 2.302804
0.0, 0.0, 2.234395
0.0, 0.0, 2.157080
0.0, 0.0, 2.073055
0.0, 0.0, 1.984603
0.0, 0.0, 1.893879
0.0, 0.0, 1.802758
0.0, 0.0, 1.712769
0.0, 0.0, 1.625087
0.0, 0.0, 1.540564
0.0, 0.0, 1.459779
0.0, 0.0, 1.383091
0.0, 0.0, 1.310689
0.0, 0.0, 1.242633
0.0, 0.0, 1.178893
0.0, 0.0, 1.119371
0.0, 0.0, 1.063921
0.0, 0.0, 1.012367
0.0, 0.0, 0.964485
0.0, 0.0, 0.919931
0.0, 0.0, 0.877965
0.0, 0.0, 0.855415
0.0, 0.0, 0.893164
0.0, 0.0, 0.933779
0.0, 0.0, 0.977429
0.0, 0.0, 1.024277
0.0, 0.0, 1.074469
0.0, 0.0, 1.128136
0.0, 0.0, 1.185379
0.0, 0.0, 1.246255
0.0, 0.0, 1.310769
0.0, 0.0, 1.378845
0.0, 0.0, 1.450312
0.0, 0.0, 1.524866
0.0, 0.0, 1.602043
0.0, 0.0, 1.681186
0.0, 0.0, 1.761414
0.0, 0.0, 1.841601
0.0, 0.0, 1.920391
0.0, 0.0, 1.996226
0.0, 0.0, 2.067434
0.0, 0.0, 2.132355
0.0, 0.0, 2.189517
0.0, 0.0, 2.237790
0.0, 0.0, 2.276545
0.0, 0.0, 2.305723
0.0, 0.0, 2.325834
0.0, 0.0, 2.337866
0.0, 0.0, 2.343150
0.0, 0.0, 2.343200
0.0, 0.0, 2.339564
0.0, 0.0, 2.333711
0.0, 0.0, 2.326950
0.0, 0.0, 2.320383
0.0, 0.0, 2.314879
0.0, 0.0, 2.311076
0.0, 0.0, 2.309374
0.0, 0.0, 2.309946
0.0, 0.0, 2.312734
0.0, 0.0, 2.317452
0.0, 0.0, 2.323582
0.0, 0.0, 2.330370
0.0, 0.0, 2.336828
0.0, 0.0, 2.341748
0.0, 0.0, 2.343732
0.0, 0.0, 2.341259
0.0, 0.0, 2.332783
0.0, 0.0, 2.316860
0.0, 0.0, 2.292312
0.0, 0.0, 2.258375
0.0, 0.0, 2.214817
0.0, 0.0, 2.161987
0.0, 0.0, 2.100779
0.0, 0.0, 2.032514
0.0, 0.0, 1.958782
0.0, 0.0, 1.881264
0.0, 0.0, 1.801592
0.0, 0.0, 1.721228
0.0, 0.0, 1.641418
0.0, 0.0, 1.563164
0.0, 0.0, 1.487228
0.0, 0.0, 1.414171
0.0, 0.0, 1.344370
0.0, 0.0, 1.278060
0.0, 0.0, 1.215361
0.0, 0.0, 1.156306
0.0, 0.0, 1.100862
0.0, 0.0, 1.048946
0.0, 0.0, 1.000444
0.0, 0.0, 0.955215
0.0, 0.0, 0.913102
0.0, 0.0, 0.873942
