S
I=71,J=71
0.0, 0.0, 1.181776
0.0, 0.0, 1.204673
0.0, 0.0, 1.227140
0.0, 0.0, 1.248953
0.0, 0.0, 1.269865
0.0, 0.0, 1.289616
0.0, 0.0, 1.307929
0.0, 0.0, 1.324516
0.0, 0.0, 1.339084
0.0, 0.0, 1.351333
0.0, 0.0, 1.360970
0.0, 0.0, 1.367704
0.0, 0.0, 1.371258
0.0, 0.0, 1.371372
0.0, 0.0, 1.367804
0.0, 0.0, 1.360343
0.0, 0.0, 1.348805
0.0, 0.0, 1.333045
0.0, 0.0, 1.312960
0.0, 0.0, 1.288498
0.0, 0.0, 1.259666
0.0, 0.0, 1.226542
0.0, 0.0, 1.189284
0.0, 0.0, 1.148148
0.0, 0.0, 1.103503
0.0, 0.0, 1.055849
0.0, 0.0, 1.005841
0.0, 0.0, 0.954308
0.0, 0.0, 0.902284
0.0, 0.0, 0.851033
0.0, 0.0, 0.802068
0.0, 0.0, 0.757157
0.0, 0.0, 0.718282
0.0, 0.0, 0.687516
0.0, 0.0, 0.666802
0.0, 0.0, 0.657628
0.0, 0.0, 0.660707
0.0, 0.0, 0.675795
0.0, 0.0, 0.701757
0.0, 0.0, 0.736835
0.0, 0.0, 0.778986
0.0, 0.0, 0.826159
0.0, 0.0, 0.876473
0.0, 0.0, 0.928284
0.0, 0.0, 0.980205
0.0, 0.0, 1.031092
0.0, 0.0, 1.080015
0.0, 0.0, 1.126236
0.0, 0.0, 1.169180
0.0, 0.0, 1.208416
0.0, 0.0, 1.243633
0.0, 0.0, 1.274625
0.0, 0.0, 1.301277
0.0, 0.0, 1.323547
0.0, 0.0, 1.341460
0.0, 0.0, 1.355093
0.0, 0.0, 1.364572
0.0, 0.0, 1.370062
0.0, 0.0, 1.371761
0.0, 0.0, 1.369895
0.0, 0.0, 1.364718
0.0, 0.0, 1.356497
0.0, 0.0, 1.345517
0.0, 0.0, 1.332071
0.0, 0.0, 1.316457
0.0, 0.0, 1.298970
0.0, 0.0, 1.279903
0.0, 0.0, 1.259537
0.0, 0.0, 1.238144
0.0, 0.0, 1.215974
0.0, 0.0, 1.193265
0.0, 0.0, 1.197999
0.0, 0.0, 1.223557
0.0, 0.0, 1.248502
0.0, 0.0, 1.272780
0.0, 0.0, 1.296175
0.0, 0.0, 1.318407
0.0, 0.0, 1.339169
0.0, 0.0, 1.358138
0.0, 0.0, 1.374980
0.0, 0.0, 1.389357
0.0, 0.0, 1.400932
0.0, 0.0, 1.409372
0.0, 0.0, 1.414360
0.0, 0.0, 1.415590
0.0, 0.0, 1.412782
0.0, 0.0, 1.405681
0.0, 0.0, 1.394063
0.0, 0.0, 1.377742
0.0, 0.0, 1.356571
0.0, 0.0, 1.330458
0.0, 0.0, 1.299367
0.0, 0.0, 1.263334
0.0, 0.0, 1.222479
0.0, 0.0, 1.177024
0.0, 0.0, 1.127314
0.0, 0.0, 1.073833
0.0, 0.0, 1.017239
0.0, 0.0, 0.958390
0.0, 0.0, 0.898382
0.0, 0.0, 0.838600
0.0, 0.0, 0.780770
0.0, 0.0, 0.727005
0.0, 0.0, 0.679809
0.0, 0.0, 0.641962
0.0, 0.0, 0.616204
0.0, 0.0, 0.604720
0.0, 0.0, 0.608579
0.0, 0.0, 0.627415
0.0, 0.0, 0.659539
0.0, 0.0, 0.702416
0.0, 0.0, 0.753231
0.0, 0.0, 0.809318
0.0, 0.0, 0.868363
0.0, 0.0, 0.928451
0.0, 0.0, 0.988034
0.0, 0.0, 1.045877
0.0, 0.0, 1.101008
0.0, 0.0, 1.152674
0.0, 0.0, 1.200308
0.0, 0.0, 1.243498
0.0, 0.0, 1.281963
0.0, 0.0, 1.315535
0.0, 0.0, 1.344136
0.0, 0.0, 1.367770
0.0, 0.0, 1.386500
0.0, 0.0, 1.400449
0.0, 0.0, 1.409783
0.0, 0.0, 1.414707
0.0, 0.0, 1.415463
0.0, 0.0, 1.412317
0.0, 0.0, 1.405564
0.0, 0.0, 1.395515
0.0, 0.0, 1.382498
0.0, 0.0, 1.366846
0.0, 0.0, 1.348899
0.0, 0.0, 1.328992
0.0, 0.0, 1.307455
0.0, 0.0, 1.284603
0.0, 0.0, 1.260725
0.0, 0.0, 1.236046
0.0, 0.0, 1.210626
0.0, 0.0, 1.214939
0.0, 0.0, 1.243193
0.0, 0.0, 1.270857
0.0, 0.0, 1.297889
0.0, 0.0, 1.324079
0.0, 0.0, 1.349124
0.0, 0.0, 1.372682
0.0, 0.0, 1.394389
0.0, 0.0, 1.413869
0.0, 0.0, 1.430738
0.0, 0.0, 1.444612
0.0, 0.0, 1.455111
0.0, 0.0, 1.461869
0.0, 0.0, 1.464537
0.0, 0.0, 1.462786
0.0, 0.0, 1.456318
0.0, 0.0, 1.444864
0.0, 0.0, 1.428190
0.0, 0.0, 1.406104
0.0, 0.0, 1.378461
0.0, 0.0, 1.345175
0.0, 0.0, 1.306227
0.0, 0.0, 1.261687
0.0, 0.0, 1.211726
0.0, 0.0, 1.156642
0.0, 0.0, 1.096885
0.0, 0.0, 1.033087
0.0, 0.0, 0.966099
0.0, 0.0, 0.897042
0.0, 0.0, 0.827369
0.0, 0.0, 0.758968
0.0, 0.0, 0.694275
0.0, 0.0, 0.636392
0.0, 0.0, 0.589066
0.0, 0.0, 0.556313
0.0, 0.0, 0.541551
0.0, 0.0, 0.546524
0.0, 0.0, 0.570628
0.0, 0.0, 0.611157
0.0, 0.0, 0.664261
0.0, 0.0, 0.725980
0.0, 0.0, 0.792872
0.0, 0.0, 0.862176
0.0, 0.0, 0.931747
0.0, 0.0, 0.999929
0.0, 0.0, 1.065443
0.0, 0.0, 1.127312
0.0, 0.0, 1.184800
0.0, 0.0, 1.237369
0.0, 0.0, 1.284648
0.0, 0.0, 1.326407
0.0, 0.0, 1.362526
0.0, 0.0, 1.392984
0.0, 0.0, 1.417833
0.0, 0.0, 1.437192
0.0, 0.0, 1.451230
0.0, 0.0, 1.460159
0.0, 0.0, 1.464233
0.0, 0.0, 1.463735
0.0, 0.0, 1.458980
0.0, 0.0, 1.450307
0.0, 0.0, 1.438073
0.0, 0.0, 1.422654
0.0, 0.0, 1.404431
0.0, 0.0, 1.383790
0.0, 0.0, 1.361111
0.0, 0.0, 1.336765
0.0, 0.0, 1.311104
0.0, 0.0, 1.284443
0.0, 0.0, 1.257000
0.0, 0.0, 1.228829
0.0, 0.0, 1.232579
0.0, 0.0, 1.263765
0.0, 0.0, 1.294429
0.0, 0.0, 1.324545
0.0, 0.0, 1.353891
0.0, 0.0, 1.382135
0.0, 0.0, 1.408895
0.0, 0.0, 1.433761
0.0, 0.0, 1.456309
0.0, 0.0, 1.476104
0.0, 0.0, 1.492708
0.0, 0.0, 1.505690
0.0, 0.0, 1.514630
0.0, 0.0, 1.519132
0.0, 0.0, 1.518817
0.0, 0.0, 1.513341
0.0, 0.0, 1.502386
0.0, 0.0, 1.485670
0.0, 0.0, 1.462950
0.0, 0.0, 1.434023
0.0, 0.0, 1.398745
0.0, 0.0, 1.357031
0.0, 0.0, 1.308883
0.0, 0.0, 1.254407
0.0, 0.0, 1.193836
0.0, 0.0, 1.127563
0.0, 0.0, 1.056167
0.0, 0.0, 0.980460
0.0, 0.0, 0.901530
0.0, 0.0, 0.820831
0.0, 0.0, 0.740304
0.0, 0.0, 0.662594
0.0, 0.0, 0.591362
0.0, 0.0, 0.531563
0.0, 0.0, 0.489164
0.0, 0.0, 0.469746
0.0, 0.0, 0.476311
0.0, 0.0, 0.507809
0.0, 0.0, 0.559677
0.0, 0.0, 0.625891
0.0, 0.0, 0.700896
0.0, 0.0, 0.780400
0.0, 0.0, 0.861294
0.0, 0.0, 0.941317
0.0, 0.0, 1.018792
0.0, 0.0, 1.092461
0.0, 0.0, 1.161381
0.0, 0.0, 1.224863
0.0, 0.0, 1.282425
0.0, 0.0, 1.333757
0.0, 0.0, 1.378694
0.0, 0.0, 1.417185
0.0, 0.0, 1.449273
0.0, 0.0, 1.475074
0.0, 0.0, 1.494764
0.0, 0.0, 1.508566
0.0, 0.0, 1.516745
0.0, 0.0, 1.519599
0.0, 0.0, 1.517460
0.0, 0.0, 1.510691
0.0, 0.0, 1.499678
0.0, 0.0, 1.484832
0.0, 0.0, 1.466578
0.0, 0.0, 1.445352
0.0, 0.0, 1.421591
0.0, 0.0, 1.395725
0.0, 0.0, 1.368174
0.0, 0.0, 1.339330
0.0, 0.0, 1.309541
0.0, 0.0, 1.279040
0.0, 0.0, 1.247865
0.0, 0.0, 1.250887
0.0, 0.0, 1.285314
0.0, 0.0, 1.319320
0.0, 0.0, 1.352896
0.0, 0.0, 1.385809
0.0, 0.0, 1.417692
0.0, 0.0, 1.448120
0.0, 0.0, 1.476631
0.0, 0.0, 1.502746
0.0, 0.0, 1.525971
0.0, 0.0, 1.545809
0.0, 0.0, 1.561771
0.0, 0.0, 1.573380
0.0, 0.0, 1.580186
0.0, 0.0, 1.581764
0.0, 0.0, 1.577719
0.0, 0.0, 1.567688
0.0, 0.0, 1.551341
0.0, 0.0, 1.528380
0.0, 0.0, 1.498544
0.0, 0.0, 1.461618
0.0, 0.0, 1.417446
0.0, 0.0, 1.365946
0.0, 0.0, 1.307142
0.0, 0.0, 1.241186
0.0, 0.0, 1.168393
0.0, 0.0, 1.089274
0.0, 0.0, 1.004569
0.0, 0.0, 0.915298
0.0, 0.0, 0.822832
0.0, 0.0, 0.729037
0.0, 0.0, 0.636547
0.0, 0.0, 0.549331
0.0, 0.0, 0.473592
0.0, 0.0, 0.418091
0.0, 0.0, 0.392097
0.0, 0.0, 0.400942
0.0, 0.0, 0.442726
0.0, 0.0, 0.509549
0.0, 0.0, 0.591962
0.0, 0.0, 0.682422
0.0, 0.0, 0.775958
0.0, 0.0, 0.869361
0.0, 0.0, 0.960428
0.0, 0.0, 1.047563
0.0, 0.0, 1.129584
0.0, 0.0, 1.205617
0.0, 0.0, 1.275042
0.0, 0.0, 1.337451
0.0, 0.0, 1.392613
0.0, 0.0, 1.440445
0.0, 0.0, 1.480978
0.0, 0.0, 1.514336
0.0, 0.0, 1.540704
0.0, 0.0, 1.560324
0.0, 0.0, 1.573473
0.0, 0.0, 1.580468
0.0, 0.0, 1.581654
0.0, 0.0, 1.577411
0.0, 0.0, 1.568148
0.0, 0.0, 1.554305
0.0, 0.0, 1.536345
0.0, 0.0, 1.514751
0.0, 0.0, 1.490019
0.0, 0.0, 1.462644
0.0, 0.0, 1.433116
0.0, 0.0, 1.401905
0.0, 0.0, 1.369453
0.0, 0.0, 1.336143
0.0, 0.0, 1.302225
0.0, 0.0, 1.267718
0.0, 0.0, 1.269814
0.0, 0.0, 1.307835
0.0, 0.0, 1.345565
0.0, 0.0, 1.383025
0.0, 0.0, 1.419968
0.0, 0.0, 1.455992
0.0, 0.0, 1.490620
0.0, 0.0, 1.523335
0.0, 0.0, 1.553592
0.0, 0.0, 1.580830
0.0, 0.0, 1.604484
0.0, 0.0, 1.623999
0.0, 0.0, 1.638840
0.0, 0.0, 1.648498
0.0, 0.0, 1.652500
0.0, 0.0, 1.650408
0.0, 0.0, 1.641816
0.0, 0.0, 1.626349
0.0, 0.0, 1.603659
0.0, 0.0, 1.573425
0.0, 0.0, 1.535359
0.0, 0.0, 1.489219
0.0, 0.0, 1.434829
0.0, 0.0, 1.372115
0.0, 0.0, 1.301130
0.0, 0.0, 1.222102
0.0, 0.0, 1.135463
0.0, 0.0, 1.041883
0.0, 0.0, 0.942301
0.0, 0.0, 0.837981
0.0, 0.0, 0.730621
0.0, 0.0, 0.622640
0.0, 0.0, 0.517936
0.0, 0.0, 0.423551
0.0, 0.0, 0.351636
0.0, 0.0, 0.316999
0.0, 0.0, 0.328918
0.0, 0.0, 0.383955
0.0, 0.0, 0.468890
0.0, 0.0, 0.569553
0.0, 0.0, 0.676515
0.0, 0.0, 0.784552
0.0, 0.0, 0.890639
0.0, 0.0, 0.992771
0.0, 0.0, 1.089489
0.0, 0.0, 1.179698
0.0, 0.0, 1.262600
0.0, 0.0, 1.337646
0.0, 0.0, 1.404513
0.0, 0.0, 1.463062
0.0, 0.0, 1.513311
0.0, 0.0, 1.555387
0.0, 0.0, 1.589504
0.0, 0.0, 1.615928
0.0, 0.0, 1.634964
0.0, 0.0, 1.646949
0.0, 0.0, 1.652242
0.0, 0.0, 1.651234
0.0, 0.0, 1.644347
0.0, 0.0, 1.632036
0.0, 0.0, 1.614793
0.0, 0.0, 1.593140
0.0, 0.0, 1.567623
0.0, 0.0, 1.538806
0.0, 0.0, 1.507250
0.0, 0.0, 1.473512
0.0, 0.0, 1.438123
0.0, 0.0, 1.401579
0.0, 0.0, 1.364305
0.0, 0.0, 1.326564
0.0, 0.0, 1.288352
0.0, 0.0, 1.289294
0.0, 0.0, 1.331294
0.0, 0.0, 1.373173
0.0, 0.0, 1.414989
0.0, 0.0, 1.456485
0.0, 0.0, 1.497219
0.0, 0.0, 1.536658
0.0, 0.0, 1.574217
0.0, 0.0, 1.609278
0.0, 0.0, 1.641200
0.0, 0.0, 1.669341
0.0, 0.0, 1.693069
0.0, 0.0, 1.711782
0.0, 0.0, 1.724917
0.0, 0.0, 1.731954
0.0, 0.0, 1.732416
0.0, 0.0, 1.725867
0.0, 0.0, 1.711897
0.0, 0.0, 1.690117
0.0, 0.0, 1.660152
0.0, 0.0, 1.621637
0.0, 0.0, 1.574239
0.0, 0.0, 1.517671
0.0, 0.0, 1.451741
0.0, 0.0, 1.376392
0.0, 0.0, 1.291755
0.0, 0.0, 1.198194
0.0, 0.0, 1.096336
0.0, 0.0, 0.987098
0.0, 0.0, 0.871702
0.0, 0.0, 0.751744
0.0, 0.0, 0.629441
0.0, 0.0, 0.508472
0.0, 0.0, 0.396325
0.0, 0.0, 0.307718
0.0, 0.0, 0.264052
0.0, 0.0, 0.279213
0.0, 0.0, 0.348102
0.0, 0.0, 0.450690
0.0, 0.0, 0.568476
0.0, 0.0, 0.690709
0.0, 0.0, 0.812174
0.0, 0.0, 0.930080
0.0, 0.0, 1.042571
0.0, 0.0, 1.148251
0.0, 0.0, 1.246057
0.0, 0.0, 1.335218
0.0, 0.0, 1.415241
0.0, 0.0, 1.485884
0.0, 0.0, 1.547116
0.0, 0.0, 1.599068
0.0, 0.0, 1.641985
0.0, 0.0, 1.676181
0.0, 0.0, 1.702007
0.0, 0.0, 1.719834
0.0, 0.0, 1.730044
0.0, 0.0, 1.733034
0.0, 0.0, 1.729228
0.0, 0.0, 1.719081
0.0, 0.0, 1.703089
0.0, 0.0, 1.681795
0.0, 0.0, 1.655783
0.0, 0.0, 1.625672
0.0, 0.0, 1.592100
0.0, 0.0, 1.555711
0.0, 0.0, 1.517136
0.0, 0.0, 1.476979
0.0, 0.0, 1.435797
0.0, 0.0, 1.394058
0.0, 0.0, 1.352045
0.0, 0.0, 1.309714
0.0, 0.0, 1.309236
0.0, 0.0, 1.355636
0.0, 0.0, 1.402132
0.0, 0.0, 1.448831
0.0, 0.0, 1.495470
0.0, 0.0, 1.541563
0.0, 0.0, 1.586511
0.0, 0.0, 1.629654
0.0, 0.0, 1.670283
0.0, 0.0, 1.707664
0.0, 0.0, 1.741060
0.0, 0.0, 1.769753
0.0, 0.0, 1.793066
0.0, 0.0, 1.810378
0.0, 0.0, 1.821129
0.0, 0.0, 1.824820
0.0, 0.0, 1.821000
0.0, 0.0, 1.809246
0.0, 0.0, 1.789149
0.0, 0.0, 1.760288
0.0, 0.0, 1.722232
0.0, 0.0, 1.674543
0.0, 0.0, 1.616811
0.0, 0.0, 1.548699
0.0, 0.0, 1.470016
0.0, 0.0, 1.380788
0.0, 0.0, 1.281329
0.0, 0.0, 1.172291
0.0, 0.0, 1.054680
0.0, 0.0, 0.929866
0.0, 0.0, 0.799614
0.0, 0.0, 0.666301
0.0, 0.0, 0.533790
0.0, 0.0, 0.410014
0.0, 0.0, 0.311368
0.0, 0.0, 0.261675
0.0, 0.0, 0.279285
0.0, 0.0, 0.356471
0.0, 0.0, 0.470173
0.0, 0.0, 0.599618
0.0, 0.0, 0.733154
0.0, 0.0, 0.865291
0.0, 0.0, 0.993073
0.0, 0.0, 1.114480
0.0, 0.0, 1.227953
0.0, 0.0, 1.332305
0.0, 0.0, 1.426708
0.0, 0.0, 1.510684
0.0, 0.0, 1.584069
0.0, 0.0, 1.646956
0.0, 0.0, 1.699619
0.0, 0.0, 1.742437
0.0, 0.0, 1.775841
0.0, 0.0, 1.800266
0.0, 0.0, 1.816140
0.0, 0.0, 1.823875
0.0, 0.0, 1.823886
0.0, 0.0, 1.816606
0.0, 0.0, 1.802509
0.0, 0.0, 1.782122
0.0, 0.0, 1.756038
0.0, 0.0, 1.724906
0.0, 0.0, 1.689426
0.0, 0.0, 1.650328
0.0, 0.0, 1.608352
0.0, 0.0, 1.564220
0.0, 0.0, 1.518620
0.0, 0.0, 1.472179
0.0, 0.0, 1.425418
0.0, 0.0, 1.378630
0.0, 0.0, 1.331728
0.0, 0.0, 1.329522
0.0, 0.0, 1.380778
0.0, 0.0, 1.432406
0.0, 0.0, 1.484576
0.0, 0.0, 1.537023
0.0, 0.0, 1.589213
0.0, 0.0, 1.640477
0.0, 0.0, 1.690058
0.0, 0.0, 1.737141
0.0, 0.0, 1.780876
0.0, 0.0, 1.820412
0.0, 0.0, 1.854923
0.0, 0.0, 1.883649
0.0, 0.0, 1.905908
0.0, 0.0, 1.921113
0.0, 0.0, 1.928762
0.0, 0.0, 1.928420
0.0, 0.0, 1.919690
0.0, 0.0, 1.902172
0.0, 0.0, 1.875431
0.0, 0.0, 1.838980
0.0, 0.0, 1.792277
0.0, 0.0, 1.734758
0.0, 0.0, 1.665908
0.0, 0.0, 1.585356
0.0, 0.0, 1.492995
0.0, 0.0, 1.389099
0.0, 0.0, 1.274414
0.0, 0.0, 1.150197
0.0, 0.0, 1.018231
0.0, 0.0, 0.880850
0.0, 0.0, 0.741163
0.0, 0.0, 0.603920
0.0, 0.0, 0.477928
0.0, 0.0, 0.379435
0.0, 0.0, 0.331246
0.0, 0.0, 0.347929
0.0, 0.0, 0.424167
0.0, 0.0, 0.538817
0.0, 0.0, 0.671846
0.0, 0.0, 0.811056
0.0, 0.0, 0.950046
0.0, 0.0, 1.085051
0.0, 0.0, 1.213398
0.0, 0.0, 1.333039
0.0, 0.0, 1.442454
0.0, 0.0, 1.540645
0.0, 0.0, 1.627109
0.0, 0.0, 1.701777
0.0, 0.0, 1.764904
0.0, 0.0, 1.816946
0.0, 0.0, 1.858453
0.0, 0.0, 1.889983
0.0, 0.0, 1.912055
0.0, 0.0, 1.925128
0.0, 0.0, 1.929615
0.0, 0.0, 1.925910
0.0, 0.0, 1.914426
0.0, 0.0, 1.895626
0.0, 0.0, 1.870054
0.0, 0.0, 1.838345
0.0, 0.0, 1.801222
0.0, 0.0, 1.759481
0.0, 0.0, 1.713964
0.0, 0.0, 1.665527
0.0, 0.0, 1.615007
0.0, 0.0, 1.563190
0.0, 0.0, 1.510788
0.0, 0.0, 1.458377
0.0, 0.0, 1.406260
0.0, 0.0, 1.354289
0.0, 0.0, 1.350000
0.0, 0.0, 1.406605
0.0, 0.0, 1.463928
0.0, 0.0, 1.522223
0.0, 0.0, 1.581229
0.0, 0.0, 1.640363
0.0, 0.0, 1.698869
0.0, 0.0, 1.755883
0.0, 0.0, 1.810455
0.0, 0.0, 1.861588
0.0, 0.0, 1.908281
0.0, 0.0, 1.949579
0.0, 0.0, 1.984616
0.0, 0.0, 2.012649
0.0, 0.0, 2.033078
0.0, 0.0, 2.045432
0.0, 0.0, 2.049343
0.0, 0.0, 2.044492
0.0, 0.0, 2.030551
0.0, 0.0, 2.007120
0.0, 0.0, 1.973684
0.0, 0.0, 1.929599
0.0, 0.0, 1.874120
0.0, 0.0, 1.806488
0.0, 0.0, 1.726067
0.0, 0.0, 1.632539
0.0, 0.0, 1.526098
0.0, 0.0, 1.407625
0.0, 0.0, 1.278775
0.0, 0.0, 1.142012
0.0, 0.0, 1.000623
0.0, 0.0, 0.858919
0.0, 0.0, 0.722973
0.0, 0.0, 0.602333
0.0, 0.0, 0.511868
0.0, 0.0, 0.468758
0.0, 0.0, 0.483538
0.0, 0.0, 0.552329
0.0, 0.0, 0.660006
0.0, 0.0, 0.789751
0.0, 0.0, 0.929488
0.0, 0.0, 1.071655
0.0, 0.0, 1.211197
0.0, 0.0, 1.344361
0.0, 0.0, 1.468281
0.0, 0.0, 1.580895
0.0, 0.0, 1.680943
0.0, 0.0, 1.767905
0.0, 0.0, 1.841868
0.0, 0.0, 1.903333
0.0, 0.0, 1.953017
0.0, 0.0, 1.991690
0.0, 0.0, 2.020051
0.0, 0.0, 2.038681
0.0, 0.0, 2.048033
0.0, 0.0, 2.048463
0.0, 0.0, 2.040289
0.0, 0.0, 2.023846
0.0, 0.0, 1.999549
0.0, 0.0, 1.967930
0.0, 0.0, 1.929662
0.0, 0.0, 1.885551
0.0, 0.0, 1.836514
0.0, 0.0, 1.783536
0.0, 0.0, 1.727621
0.0, 0.0, 1.669747
0.0, 0.0, 1.610824
0.0, 0.0, 1.551661
0.0, 0.0, 1.492896
0.0, 0.0, 1.434838
0.0, 0.0, 1.377259
0.0, 0.0, 1.370475
0.0, 0.0, 1.432957
0.0, 0.0, 1.496589
0.0, 0.0, 1.561734
0.0, 0.0, 1.628147
0.0, 0.0, 1.695194
0.0, 0.0, 1.762025
0.0, 0.0, 1.827638
0.0, 0.0, 1.890915
0.0, 0.0, 1.950668
0.0, 0.0, 2.005701
0.0, 0.0, 2.054880
0.0, 0.0, 2.097207
0.0, 0.0, 2.131872
0.0, 0.0, 2.158280
0.0, 0.0, 2.176044
0.0, 0.0, 2.184933
0.0, 0.0, 2.184799
0.0, 0.0, 2.175477
0.0, 0.0, 2.156687
0.0, 0.0, 2.127947
0.0, 0.0, 2.088532
0.0, 0.0, 2.037478
0.0, 0.0, 1.973683
0.0, 0.0, 1.896095
0.0, 0.0, 1.804005
0.0, 0.0, 1.697382
0.0, 0.0, 1.577184
0.0, 0.0, 1.445551
0.0, 0.0, 1.305837
0.0, 0.0, 1.162564
0.0, 0.0, 1.021449
0.0, 0.0, 0.889804
0.0, 0.0, 0.777343
0.0, 0.0, 0.696278
0.0, 0.0, 0.658730
0.0, 0.0, 0.671467
0.0, 0.0, 0.732098
0.0, 0.0, 0.830475
0.0, 0.0, 0.953908
0.0, 0.0, 1.091325
0.0, 0.0, 1.234318
0.0, 0.0, 1.376448
0.0, 0.0, 1.512615
0.0, 0.0, 1.638875
0.0, 0.0, 1.752476
0.0, 0.0, 1.851884
0.0, 0.0, 1.936669
0.0, 0.0, 2.007243
0.0, 0.0, 2.064528
0.0, 0.0, 2.109629
0.0, 0.0, 2.143600
0.0, 0.0, 2.167290
0.0, 0.0, 2.181301
0.0, 0.0, 2.186003
0.0, 0.0, 2.181608
0.0, 0.0, 2.168260
0.0, 0.0, 2.146137
0.0, 0.0, 2.115539
0.0, 0.0, 2.076956
0.0, 0.0, 2.031088
0.0, 0.0, 1.978848
0.0, 0.0, 1.921308
0.0, 0.0, 1.859642
0.0, 0.0, 1.795052
0.0, 0.0, 1.728696
0.0, 0.0, 1.661640
0.0, 0.0, 1.594806
0.0, 0.0, 1.528900
0.0, 0.0, 1.464228
0.0, 0.0, 1.400457
0.0, 0.0, 1.390707
0.0, 0.0, 1.459625
0.0, 0.0, 1.530226
0.0, 0.0, 1.603020
0.0, 0.0, 1.677796
0.0, 0.0, 1.753873
0.0, 0.0, 1.830291
0.0, 0.0, 1.905885
0.0, 0.0, 1.979317
0.0, 0.0, 2.049143
0.0, 0.0, 2.113897
0.0, 0.0, 2.172201
0.0, 0.0, 2.222872
0.0, 0.0, 2.265015
0.0, 0.0, 2.298070
0.0, 0.0, 2.321802
0.0, 0.0, 2.336228
0.0, 0.0, 2.341506
0.0, 0.0, 2.337779
0.0, 0.0, 2.325027
0.0, 0.0, 2.302914
0.0, 0.0, 2.270689
0.0, 0.0, 2.227147
0.0, 0.0, 2.170705
0.0, 0.0, 2.099639
0.0, 0.0, 2.012501
0.0, 0.0, 1.908683
0.0, 0.0, 1.788982
0.0, 0.0, 1.655984
0.0, 0.0, 1.514104
0.0, 0.0, 1.369334
0.0, 0.0, 1.228913
0.0, 0.0, 1.101158
0.0, 0.0, 0.995431
0.0, 0.0, 0.921581
0.0, 0.0, 0.888103
0.0, 0.0, 0.899395
0.0, 0.0, 0.953931
0.0, 0.0, 1.044925
0.0, 0.0, 1.162890
0.0, 0.0, 1.298085
0.0, 0.0, 1.441653
0.0, 0.0, 1.585811
0.0, 0.0, 1.723910
0.0, 0.0, 1.850700
0.0, 0.0, 1.962666
0.0, 0.0, 2.058144
0.0, 0.0, 2.137103
0.0, 0.0, 2.200647
0.0, 0.0, 2.250425
0.0, 0.0, 2.288131
0.0, 0.0, 2.315177
0.0, 0.0, 2.332543
0.0, 0.0, 2.340763
0.0, 0.0, 2.339999
0.0, 0.0, 2.330170
0.0, 0.0, 2.311105
0.0, 0.0, 2.282700
0.0, 0.0, 2.245052
0.0, 0.0, 2.198554
0.0, 0.0, 2.143935
0.0, 0.0, 2.082244
0.0, 0.0, 2.014773
0.0, 0.0, 1.942960
0.0, 0.0, 1.868271
0.0, 0.0, 1.792108
0.0, 0.0, 1.715726
0.0, 0.0, 1.640184
0.0, 0.0, 1.566259
0.0, 0.0, 1.494239
0.0, 0.0, 1.423653
0.0, 0.0, 1.410401
0.0, 0.0, 1.486331
0.0, 0.0, 1.564605
0.0, 0.0, 1.645923
0.0, 0.0, 1.730135
0.0, 0.0, 1.816526
0.0, 0.0, 1.904018
0.0, 0.0, 1.991243
0.0, 0.0, 2.076582
0.0, 0.0, 2.158237
0.0, 0.0, 2.234360
0.0, 0.0, 2.303211
0.0, 0.0, 2.363341
0.0, 0.0, 2.413736
0.0, 0.0, 2.453901
0.0, 0.0, 2.483853
0.0, 0.0, 2.504019
0.0, 0.0, 2.515061
0.0, 0.0, 2.517653
0.0, 0.0, 2.512248
0.0, 0.0, 2.498852
0.0, 0.0, 2.476825
0.0, 0.0, 2.444747
0.0, 0.0, 2.400408
0.0, 0.0, 2.341020
0.0, 0.0, 2.263777
0.0, 0.0, 2.166766
0.0, 0.0, 2.050036
0.0, 0.0, 1.916395
0.0, 0.0, 1.771520
0.0, 0.0, 1.623323
0.0, 0.0, 1.480938
0.0, 0.0, 1.353809
0.0, 0.0, 1.251075
0.0, 0.0, 1.180934
0.0, 0.0, 1.149625
0.0, 0.0, 1.160149
0.0, 0.0, 1.211479
0.0, 0.0, 1.298849
0.0, 0.0, 1.414882
0.0, 0.0, 1.550813
0.0, 0.0, 1.697282
0.0, 0.0, 1.844907
0.0, 0.0, 1.985037
0.0, 0.0, 2.110760
0.0, 0.0, 2.217797
0.0, 0.0, 2.304783
0.0, 0.0, 2.372779
0.0, 0.0, 2.424275
0.0, 0.0, 2.462163
0.0, 0.0, 2.488987
0.0, 0.0, 2.506572
0.0, 0.0, 2.515937
0.0, 0.0, 2.517378
0.0, 0.0, 2.510637
0.0, 0.0, 2.495121
0.0, 0.0, 2.470135
0.0, 0.0, 2.435107
0.0, 0.0, 2.389799
0.0, 0.0, 2.334441
0.0, 0.0, 2.269794
0.0, 0.0, 2.197104
0.0, 0.0, 2.117986
0.0, 0.0, 2.034258
0.0, 0.0, 1.947761
0.0, 0.0, 1.860214
0.0, 0.0, 1.773118
0.0, 0.0, 1.687690
0.0, 0.0, 1.604772
0.0, 0.0, 1.524611
0.0, 0.0, 1.446552
0.0, 0.0, 1.429194
0.0, 0.0, 1.512721
0.0, 0.0, 1.599399
0.0, 0.0, 1.690183
0.0, 0.0, 1.785030
0.0, 0.0, 1.883211
0.0, 0.0, 1.983533
0.0, 0.0, 2.084388
0.0, 0.0, 2.183785
0.0, 0.0, 2.279435
0.0, 0.0, 2.368930
0.0, 0.0, 2.449988
0.0, 0.0, 2.520743
0.0, 0.0, 2.579994
0.0, 0.0, 2.627351
0.0, 0.0, 2.663231
0.0, 0.0, 2.688700
0.0, 0.0, 2.705212
0.0, 0.0, 2.714285
0.0, 0.0, 2.717171
0.0, 0.0, 2.714528
0.0, 0.0, 2.706105
0.0, 0.0, 2.690436
0.0, 0.0, 2.664611
0.0, 0.0, 2.624283
0.0, 0.0, 2.564251
0.0, 0.0, 2.479889
0.0, 0.0, 2.369203
0.0, 0.0, 2.234653
0.0, 0.0, 2.083582
0.0, 0.0, 1.926889
0.0, 0.0, 1.776710
0.0, 0.0, 1.644385
0.0, 0.0, 1.539374
0.0, 0.0, 1.468909
0.0, 0.0, 1.437815
0.0, 0.0, 1.448240
0.0, 0.0, 1.499463
0.0, 0.0, 1.587960
0.0, 0.0, 1.707674
0.0, 0.0, 1.850240
0.0, 0.0, 2.005181
0.0, 0.0, 2.160559
0.0, 0.0, 2.304558
0.0, 0.0, 2.427800
0.0, 0.0, 2.525323
0.0, 0.0, 2.597055
0.0, 0.0, 2.646577
0.0, 0.0, 2.679034
0.0, 0.0, 2.699322
0.0, 0.0, 2.711098
0.0, 0.0, 2.716531
0.0, 0.0, 2.716443
0.0, 0.0, 2.710591
0.0, 0.0, 2.697978
0.0, 0.0, 2.677182
0.0, 0.0, 2.646672
0.0, 0.0, 2.605151
0.0, 0.0, 2.551851
0.0, 0.0, 2.486747
0.0, 0.0, 2.410643
0.0, 0.0, 2.325101
0.0, 0.0, 2.232229
0.0, 0.0, 2.134407
0.0, 0.0, 2.034011
0.0, 0.0, 1.933196
0.0, 0.0, 1.833768
0.0, 0.0, 1.737117
0.0, 0.0, 1.644140
0.0, 0.0, 1.554999
0.0, 0.0, 1.468791
0.0, 0.0, 1.446653
0.0, 0.0, 1.538342
0.0, 0.0, 1.634164
0.0, 0.0, 1.735406
0.0, 0.0, 1.842201
0.0, 0.0, 1.953862
0.0, 0.0, 2.069094
0.0, 0.0, 2.186019
0.0, 0.0, 2.302165
0.0, 0.0, 2.414552
0.0, 0.0, 2.519935
0.0, 0.0, 2.615186
0.0, 0.0, 2.697771
0.0, 0.0, 2.766176
0.0, 0.0, 2.820167
0.0, 0.0, 2.860779
0.0, 0.0, 2.890058
0.0, 0.0, 2.910657
0.0, 0.0, 2.925367
0.0, 0.0, 2.936672
0.0, 0.0, 2.946342
0.0, 0.0, 2.955003
0.0, 0.0, 2.961603
0.0, 0.0, 2.962764
0.0, 0.0, 2.952154
0.0, 0.0, 2.920627
0.0, 0.0, 2.858172
0.0, 0.0, 2.757982
0.0, 0.0, 2.620828
0.0, 0.0, 2.456626
0.0, 0.0, 2.281720
0.0, 0.0, 2.113760
0.0, 0.0, 1.967528
0.0, 0.0, 1.853457
0.0, 0.0, 1.778116
0.0, 0.0, 1.745207
0.0, 0.0, 1.756217
0.0, 0.0, 1.810656
0.0, 0.0, 1.905984
0.0, 0.0, 2.037174
0.0, 0.0, 2.195850
0.0, 0.0, 2.369377
0.0, 0.0, 2.541178
0.0, 0.0, 2.693605
0.0, 0.0, 2.812959
0.0, 0.0, 2.893820
0.0, 0.0, 2.939648
0.0, 0.0, 2.959446
0.0, 0.0, 2.963185
0.0, 0.0, 2.958708
0.0, 0.0, 2.950818
0.0, 0.0, 2.941640
0.0, 0.0, 2.931312
0.0, 0.0, 2.918581
0.0, 0.0, 2.901266
0.0, 0.0, 2.876677
0.0, 0.0, 2.842037
0.0, 0.0, 2.794937
0.0, 0.0, 2.733792
0.0, 0.0, 2.658184
0.0, 0.0, 2.569005
0.0, 0.0, 2.468323
0.0, 0.0, 2.359029
0.0, 0.0, 2.244366
0.0, 0.0, 2.127486
0.0, 0.0, 2.011135
0.0, 0.0, 1.897490
0.0, 0.0, 1.788120
0.0, 0.0, 1.683934
0.0, 0.0, 1.584947
0.0, 0.0, 1.489922
0.0, 0.0, 1.462268
0.0, 0.0, 1.562634
0.0, 0.0, 1.668304
0.0, 0.0, 1.781011
0.0, 0.0, 1.901162
0.0, 0.0, 2.028201
0.0, 0.0, 2.160800
0.0, 0.0, 2.296798
0.0, 0.0, 2.433120
0.0, 0.0, 2.565812
0.0, 0.0, 2.690357
0.0, 0.0, 2.802278
0.0, 0.0, 2.897933
0.0, 0.0, 2.975280
0.0, 0.0, 3.034316
0.0, 0.0, 3.077045
0.0, 0.0, 3.107017
0.0, 0.0, 3.128646
0.0, 0.0, 3.146535
0.0, 0.0, 3.164931
0.0, 0.0, 3.187287
0.0, 0.0, 3.215820
0.0, 0.0, 3.250814
0.0, 0.0, 3.289382
0.0, 0.0, 3.323452
0.0, 0.0, 3.338035
0.0, 0.0, 3.312929
0.0, 0.0, 3.230581
0.0, 0.0, 3.086920
0.0, 0.0, 2.896479
0.0, 0.0, 2.686541
0.0, 0.0, 2.485291
0.0, 0.0, 2.313265
0.0, 0.0, 2.182006
0.0, 0.0, 2.096888
0.0, 0.0, 2.060116
0.0, 0.0, 2.072391
0.0, 0.0, 2.133493
0.0, 0.0, 2.242100
0.0, 0.0, 2.394719
0.0, 0.0, 2.583321
0.0, 0.0, 2.792067
0.0, 0.0, 2.995983
0.0, 0.0, 3.165879
0.0, 0.0, 3.279532
0.0, 0.0, 3.331684
0.0, 0.0, 3.334352
0.0, 0.0, 3.307738
0.0, 0.0, 3.270006
0.0, 0.0, 3.232595
0.0, 0.0, 3.200708
0.0, 0.0, 3.175440
0.0, 0.0, 3.155430
0.0, 0.0, 3.137779
0.0, 0.0, 3.118584
0.0, 0.0, 3.093362
0.0, 0.0, 3.057526
0.0, 0.0, 3.007005
0.0, 0.0, 2.938945
0.0, 0.0, 2.852312
0.0, 0.0, 2.748153
0.0, 0.0, 2.629393
0.0, 0.0, 2.500194
0.0, 0.0, 2.365148
0.0, 0.0, 2.228544
0.0, 0.0, 2.093920
0.0, 0.0, 1.963885
0.0, 0.0, 1.840152
0.0, 0.0, 1.723562
0.0, 0.0, 1.613874
0.0, 0.0, 1.509401
0.0, 0.0, 1.475450
0.0, 0.0, 1.584907
0.0, 0.0, 1.701043
0.0, 0.0, 1.826171
0.0, 0.0, 1.961118
0.0, 0.0, 2.105615
0.0, 0.0, 2.258437
0.0, 0.0, 2.417208
0.0, 0.0, 2.578134
0.0, 0.0, 2.735906
0.0, 0.0, 2.884057
0.0, 0.0, 3.015900
0.0, 0.0, 3.125920
0.0, 0.0, 3.211167
0.0, 0.0, 3.272037
0.0, 0.0, 3.312123
0.0, 0.0, 3.337296
0.0, 0.0, 3.354518
0.0, 0.0, 3.370835
0.0, 0.0, 3.392763
0.0, 0.0, 3.425987
0.0, 0.0, 3.475117
0.0, 0.0, 3.543116
0.0, 0.0, 3.629647
0.0, 0.0, 3.727012
0.0, 0.0, 3.813312
0.0, 0.0, 3.850598
0.0, 0.0, 3.798526
0.0, 0.0, 3.641211
0.0, 0.0, 3.402105
0.0, 0.0, 3.130994
0.0, 0.0, 2.875396
0.0, 0.0, 2.663840
0.0, 0.0, 2.507283
0.0, 0.0, 2.408004
0.0, 0.0, 2.365649
0.0, 0.0, 2.379752
0.0, 0.0, 2.450486
0.0, 0.0, 2.578433
0.0, 0.0, 2.763130
0.0, 0.0, 2.999001
0.0, 0.0, 3.267215
0.0, 0.0, 3.528900
0.0, 0.0, 3.732108
0.0, 0.0, 3.837154
0.0, 0.0, 3.840475
0.0, 0.0, 3.773427
0.0, 0.0, 3.677883
0.0, 0.0, 3.584300
0.0, 0.0, 3.506671
0.0, 0.0, 3.448328
0.0, 0.0, 3.407645
0.0, 0.0, 3.380720
0.0, 0.0, 3.362366
0.0, 0.0, 3.346454
0.0, 0.0, 3.326150
0.0, 0.0, 3.294351
0.0, 0.0, 3.244492
0.0, 0.0, 3.171697
0.0, 0.0, 3.073896
0.0, 0.0, 2.952408
0.0, 0.0, 2.811612
0.0, 0.0, 2.657799
0.0, 0.0, 2.497699
0.0, 0.0, 2.337281
0.0, 0.0, 2.181104
0.0, 0.0, 2.032225
0.0, 0.0, 1.892389
0.0, 0.0, 1.762211
0.0, 0.0, 1.641044
0.0, 0.0, 1.526590
0.0, 0.0, 1.485541
0.0, 0.0, 1.604345
0.0, 0.0, 1.731395
0.0, 0.0, 1.869746
0.0, 0.0, 2.020846
0.0, 0.0, 2.184954
0.0, 0.0, 2.361219
0.0, 0.0, 2.547263
0.0, 0.0, 2.738555
0.0, 0.0, 2.927964
0.0, 0.0, 3.106011
0.0, 0.0, 3.262310
0.0, 0.0, 3.388093
0.0, 0.0, 3.478866
0.0, 0.0, 3.535821
0.0, 0.0, 3.565318
0.0, 0.0, 3.576927
0.0, 0.0, 3.581232
0.0, 0.0, 3.588345
0.0, 0.0, 3.607347
0.0, 0.0, 3.646377
0.0, 0.0, 3.712929
0.0, 0.0, 3.813854
0.0, 0.0, 3.953966
0.0, 0.0, 4.130185
0.0, 0.0, 4.316818
0.0, 0.0, 4.449234
0.0, 0.0, 4.445633
0.0, 0.0, 4.264130
0.0, 0.0, 3.946128
0.0, 0.0, 3.582646
0.0, 0.0, 3.252581
0.0, 0.0, 2.991185
0.0, 0.0, 2.804515
0.0, 0.0, 2.688930
0.0, 0.0, 2.640241
0.0, 0.0, 2.656413
0.0, 0.0, 2.738134
0.0, 0.0, 2.888664
0.0, 0.0, 3.112533
0.0, 0.0, 3.410363
0.0, 0.0, 3.764308
0.0, 0.0, 4.116361
0.0, 0.0, 4.375030
0.0, 0.0, 4.466814
0.0, 0.0, 4.393653
0.0, 0.0, 4.224666
0.0, 0.0, 4.038299
0.0, 0.0, 3.878891
0.0, 0.0, 3.758712
0.0, 0.0, 3.675764
0.0, 0.0, 3.623878
0.0, 0.0, 3.595833
0.0, 0.0, 3.583845
0.0, 0.0, 3.579339
0.0, 0.0, 3.572699
0.0, 0.0, 3.553452
0.0, 0.0, 3.511276
0.0, 0.0, 3.437918
0.0, 0.0, 3.329423
0.0, 0.0, 3.187499
0.0, 0.0, 3.019062
0.0, 0.0, 2.834044
0.0, 0.0, 2.642636
0.0, 0.0, 2.453244
0.0, 0.0, 2.271673
0.0, 0.0, 2.101297
0.0, 0.0, 1.943635
0.0, 0.0, 1.798818
0.0, 0.0, 1.665555
0.0, 0.0, 1.540756
0.0, 0.0, 1.491837
0.0, 0.0, 1.620012
0.0, 0.0, 1.758153
0.0, 0.0, 1.910230
0.0, 0.0, 2.078558
0.0, 0.0, 2.264275
0.0, 0.0, 2.467370
0.0, 0.0, 2.685961
0.0, 0.0, 2.915056
0.0, 0.0, 3.145252
0.0, 0.0, 3.362441
0.0, 0.0, 3.549906
0.0, 0.0, 3.693058
0.0, 0.0, 3.784779
0.0, 0.0, 3.828072
0.0, 0.0, 3.834437
0.0, 0.0, 3.819497
0.0, 0.0, 3.798881
0.0, 0.0, 3.786164
0.0, 0.0, 3.792745
0.0, 0.0, 3.828741
0.0, 0.0, 3.904134
0.0, 0.0, 4.029702
0.0, 0.0, 4.216546
0.0, 0.0, 4.469592
0.0, 0.0, 4.764743
0.0, 0.0, 5.013799
0.0, 0.0, 5.071444
0.0, 0.0, 4.859749
0.0, 0.0, 4.442125
0.0, 0.0, 3.974080
0.0, 0.0, 3.567192
0.0, 0.0, 3.258116
0.0, 0.0, 3.044197
0.0, 0.0, 2.914372
0.0, 0.0, 2.860253
0.0, 0.0, 2.878191
0.0, 0.0, 2.969402
0.0, 0.0, 3.139959
0.0, 0.0, 3.400180
0.0, 0.0, 3.759463
0.0, 0.0, 4.205809
0.0, 0.0, 4.666656
0.0, 0.0, 4.995062
0.0, 0.0, 5.069741
0.0, 0.0, 4.900202
0.0, 0.0, 4.614504
0.0, 0.0, 4.335029
0.0, 0.0, 4.114846
0.0, 0.0, 3.959934
0.0, 0.0, 3.860864
0.0, 0.0, 3.806452
0.0, 0.0, 3.786393
0.0, 0.0, 3.790780
0.0, 0.0, 3.808994
0.0, 0.0, 3.828618
0.0, 0.0, 3.834935
0.0, 0.0, 3.811914
0.0, 0.0, 3.745399
0.0, 0.0, 3.627693
0.0, 0.0, 3.460919
0.0, 0.0, 3.256502
0.0, 0.0, 3.030798
0.0, 0.0, 2.799668
0.0, 0.0, 2.574951
0.0, 0.0, 2.363712
0.0, 0.0, 2.169210
0.0, 0.0, 1.992238
0.0, 0.0, 1.832024
0.0, 0.0, 1.686342
0.0, 0.0, 1.551088
0.0, 0.0, 1.493629
0.0, 0.0, 1.630891
0.0, 0.0, 1.779907
0.0, 0.0, 1.945724
0.0, 0.0, 2.131781
0.0, 0.0, 2.340536
0.0, 0.0, 2.573513
0.0, 0.0, 2.830296
0.0, 0.0, 3.106372
0.0, 0.0, 3.390031
0.0, 0.0, 3.660252
0.0, 0.0, 3.889278
0.0, 0.0, 4.051768
0.0, 0.0, 4.136144
0.0, 0.0, 4.149773
0.0, 0.0, 4.114136
0.0, 0.0, 4.054872
0.0, 0.0, 3.994226
0.0, 0.0, 3.948904
0.0, 0.0, 3.931444
0.0, 0.0, 3.952498
0.0, 0.0, 4.022935
0.0, 0.0, 4.155538
0.0, 0.0, 4.365356
0.0, 0.0, 4.663218
0.0, 0.0, 5.028448
0.0, 0.0, 5.358156
0.0, 0.0, 5.469452
0.0, 0.0, 5.232934
0.0, 0.0, 4.748664
0.0, 0.0, 4.214508
0.0, 0.0, 3.762057
0.0, 0.0, 3.426437
0.0, 0.0, 3.198201
0.0, 0.0, 3.061240
0.0, 0.0, 3.004481
0.0, 0.0, 3.023273
0.0, 0.0, 3.119155
0.0, 0.0, 3.299971
0.0, 0.0, 3.579838
0.0, 0.0, 3.974404
0.0, 0.0, 4.477523
0.0, 0.0, 5.008590
0.0, 0.0, 5.388833
0.0, 0.0, 5.445291
0.0, 0.0, 5.203767
0.0, 0.0, 4.839964
0.0, 0.0, 4.503102
0.0, 0.0, 4.249836
0.0, 0.0, 4.080562
0.0, 0.0, 3.980806
0.0, 0.0, 3.936505
0.0, 0.0, 3.936007
0.0, 0.0, 3.968795
0.0, 0.0, 4.023554
0.0, 0.0, 4.085937
0.0, 0.0, 4.136490
0.0, 0.0, 4.150678
0.0, 0.0, 4.103697
0.0, 0.0, 3.980008
0.0, 0.0, 3.781711
0.0, 0.0, 3.528487
0.0, 0.0, 3.248352
0.0, 0.0, 2.966450
0.0, 0.0, 2.699081
0.0, 0.0, 2.453958
0.0, 0.0, 2.233196
0.0, 0.0, 2.036017
0.0, 0.0, 1.860190
0.0, 0.0, 1.702209
0.0, 0.0, 1.556742
0.0, 0.0, 1.490255
0.0, 0.0, 1.635957
0.0, 0.0, 1.795127
0.0, 0.0, 1.973994
0.0, 0.0, 2.177332
0.0, 0.0, 2.409351
0.0, 0.0, 2.673952
0.0, 0.0, 2.973676
0.0, 0.0, 3.306587
0.0, 0.0, 3.659997
0.0, 0.0, 4.003411
0.0, 0.0, 4.289988
0.0, 0.0, 4.474211
0.0, 0.0, 4.537007
0.0, 0.0, 4.496031
0.0, 0.0, 4.392216
0.0, 0.0, 4.267125
0.0, 0.0, 4.150373
0.0, 0.0, 4.059844
0.0, 0.0, 4.006836
0.0, 0.0, 4.000290
0.0, 0.0, 4.049505
0.0, 0.0, 4.165921
0.0, 0.0, 4.363296
0.0, 0.0, 4.650982
0.0, 0.0, 5.006714
0.0, 0.0, 5.329271
0.0, 0.0, 5.437497
0.0, 0.0, 5.216918
0.0, 0.0, 4.752468
0.0, 0.0, 4.236419
0.0, 0.0, 3.797137
0.0, 0.0, 3.470455
0.0, 0.0, 3.248082
0.0, 0.0, 3.114614
0.0, 0.0, 3.059304
0.0, 0.0, 3.077616
0.0, 0.0, 3.171052
0.0, 0.0, 3.347250
0.0, 0.0, 3.619830
0.0, 0.0, 4.003497
0.0, 0.0, 4.490837
0.0, 0.0, 5.002673
0.0, 0.0, 5.363567
0.0, 0.0, 5.415087
0.0, 0.0, 5.178504
0.0, 0.0, 4.823096
0.0, 0.0, 4.495795
0.0, 0.0, 4.253618
0.0, 0.0, 4.098488
0.0, 0.0, 4.017278
0.0, 0.0, 3.997208
0.0, 0.0, 4.028073
0.0, 0.0, 4.101028
0.0, 0.0, 4.206370
0.0, 0.0, 4.330142
0.0, 0.0, 4.449154
0.0, 0.0, 4.527187
0.0, 0.0, 4.520539
0.0, 0.0, 4.397053
0.0, 0.0, 4.157120
0.0, 0.0, 3.835710
0.0, 0.0, 3.482203
0.0, 0.0, 3.136435
0.0, 0.0, 2.819384
0.0, 0.0, 2.537366
0.0, 0.0, 2.289499
0.0, 0.0, 2.072298
0.0, 0.0, 1.881463
0.0, 0.0, 1.711902
0.0, 0.0, 1.556905
0.0, 0.0, 1.481189
0.0, 0.0, 1.634281
0.0, 0.0, 1.802306
0.0, 0.0, 1.992657
0.0, 0.0, 2.211502
0.0, 0.0, 2.465042
0.0, 0.0, 2.760223
0.0, 0.0, 3.104110
0.0, 0.0, 3.500403
0.0, 0.0, 3.939266
0.0, 0.0, 4.379870
0.0, 0.0, 4.744890
0.0, 0.0, 4.953031
0.0, 0.0, 4.972869
0.0, 0.0, 4.844294
0.0, 0.0, 4.642787
0.0, 0.0, 4.432236
0.0, 0.0, 4.247256
0.0, 0.0, 4.102887
0.0, 0.0, 4.006138
0.0, 0.0, 3.961947
0.0, 0.0, 3.975803
0.0, 0.0, 4.054776
0.0, 0.0, 4.206632
0.0, 0.0, 4.432800
0.0, 0.0, 4.706521
0.0, 0.0, 4.941158
0.0, 0.0, 5.006196
0.0, 0.0, 4.828393
0.0, 0.0, 4.462085
0.0, 0.0, 4.041575
0.0, 0.0, 3.671146
0.0, 0.0, 3.387886
0.0, 0.0, 3.191364
0.0, 0.0, 3.072059
0.0, 0.0, 3.022339
0.0, 0.0, 3.038818
0.0, 0.0, 3.122627
0.0, 0.0, 3.279360
0.0, 0.0, 3.518222
0.0, 0.0, 3.846595
0.0, 0.0, 4.250698
0.0, 0.0, 4.660431
0.0, 0.0, 4.945180
0.0, 0.0, 4.999226
0.0, 0.0, 4.834541
0.0, 0.0, 4.566694
0.0, 0.0, 4.310933
0.0, 0.0, 4.121189
0.0, 0.0, 4.006647
0.0, 0.0, 3.961218
0.0, 0.0, 3.977161
0.0, 0.0, 4.048244
0.0, 0.0, 4.169462
0.0, 0.0, 4.335311
0.0, 0.0, 4.535816
0.0, 0.0, 4.747867
0.0, 0.0, 4.922569
0.0, 0.0, 4.985655
0.0, 0.0, 4.872861
0.0, 0.0, 4.578093
0.0, 0.0, 4.163942
0.0, 0.0, 3.716263
0.0, 0.0, 3.295834
0.0, 0.0, 2.925694
0.0, 0.0, 2.606969
0.0, 0.0, 2.333518
0.0, 0.0, 2.098102
0.0, 0.0, 1.893944
0.0, 0.0, 1.714238
0.0, 0.0, 1.550885
0.0, 0.0, 1.466117
0.0, 0.0, 1.625175
0.0, 0.0, 1.800177
0.0, 0.0, 1.999513
0.0, 0.0, 2.230549
0.0, 0.0, 2.501294
0.0, 0.0, 2.821709
0.0, 0.0, 3.203938
0.0, 0.0, 3.659371
0.0, 0.0, 4.185454
0.0, 0.0, 4.735103
0.0, 0.0, 5.192738
0.0, 0.0, 5.423128
0.0, 0.0, 5.378684
0.0, 0.0, 5.135737
0.0, 0.0, 4.820477
0.0, 0.0, 4.518668
0.0, 0.0, 4.264268
0.0, 0.0, 4.065506
0.0, 0.0, 3.923062
0.0, 0.0, 3.836773
0.0, 0.0, 3.807418
0.0, 0.0, 3.836650
0.0, 0.0, 3.925070
0.0, 0.0, 4.065960
0.0, 0.0, 4.231520
0.0, 0.0, 4.360996
0.0, 0.0, 4.379684
0.0, 0.0, 4.247819
0.0, 0.0, 3.995290
0.0, 0.0, 3.696939
0.0, 0.0, 3.420748
0.0, 0.0, 3.200016
0.0, 0.0, 3.041938
0.0, 0.0, 2.944064
0.0, 0.0, 2.902864
0.0, 0.0, 2.916545
0.0, 0.0, 2.985720
0.0, 0.0, 3.113213
0.0, 0.0, 3.302624
0.0, 0.0, 3.553226
0.0, 0.0, 3.846959
0.0, 0.0, 4.132174
0.0, 0.0, 4.331707
0.0, 0.0, 4.387235
0.0, 0.0, 4.304918
0.0, 0.0, 4.148369
0.0, 0.0, 3.989933
0.0, 0.0, 3.873585
0.0, 0.0, 3.814605
0.0, 0.0, 3.814885
0.0, 0.0, 3.872877
0.0, 0.0, 3.987268
0.0, 0.0, 4.157829
0.0, 0.0, 4.384705
0.0, 0.0, 4.664782
0.0, 0.0, 4.980051
0.0, 0.0, 5.273563
0.0, 0.0, 5.433651
0.0, 0.0, 5.344211
0.0, 0.0, 4.986863
0.0, 0.0, 4.464180
0.0, 0.0, 3.915307
0.0, 0.0, 3.422092
0.0, 0.0, 3.004290
0.0, 0.0, 2.654577
0.0, 0.0, 2.360388
0.0, 0.0, 2.110556
0.0, 0.0, 1.895959
0.0, 0.0, 1.708281
0.0, 0.0, 1.538226
0.0, 0.0, 1.445026
0.0, 0.0, 1.608331
0.0, 0.0, 1.787970
0.0, 0.0, 1.992992
0.0, 0.0, 2.231485
0.0, 0.0, 2.512541
0.0, 0.0, 2.848039
0.0, 0.0, 3.253631
0.0, 0.0, 3.746677
0.0, 0.0, 4.331689
0.0, 0.0, 4.960221
0.0, 0.0, 5.489063
0.0, 0.0, 5.730819
0.0, 0.0, 5.619996
0.0, 0.0, 5.276338
0.0, 0.0, 4.868798
0.0, 0.0, 4.495346
0.0, 0.0, 4.186053
0.0, 0.0, 3.942359
0.0, 0.0, 3.759572
0.0, 0.0, 3.633396
0.0, 0.0, 3.560816
0.0, 0.0, 3.539238
0.0, 0.0, 3.564292
0.0, 0.0, 3.625429
0.0, 0.0, 3.699709
0.0, 0.0, 3.750311
0.0, 0.0, 3.738131
0.0, 0.0, 3.643856
0.0, 0.0, 3.481008
0.0, 0.0, 3.286626
0.0, 0.0, 3.098694
0.0, 0.0, 2.941345
0.0, 0.0, 2.824515
0.0, 0.0, 2.750459
0.0, 0.0, 2.718900
0.0, 0.0, 2.729405
0.0, 0.0, 2.782137
0.0, 0.0, 2.877621
0.0, 0.0, 3.015318
0.0, 0.0, 3.189971
0.0, 0.0, 3.385160
0.0, 0.0, 3.568940
0.0, 0.0, 3.701060
0.0, 0.0, 3.753830
0.0, 0.0, 3.730466
0.0, 0.0, 3.662891
0.0, 0.0, 3.591407
0.0, 0.0, 3.546378
0.0, 0.0, 3.543844
0.0, 0.0, 3.590560
0.0, 0.0, 3.689621
0.0, 0.0, 3.843652
0.0, 0.0, 4.056277
0.0, 0.0, 4.332284
0.0, 0.0, 4.674732
0.0, 0.0, 5.071951
0.0, 0.0, 5.464984
0.0, 0.0, 5.716266
0.0, 0.0, 5.658602
0.0, 0.0, 5.253771
0.0, 0.0, 4.648979
0.0, 0.0, 4.029262
0.0, 0.0, 3.488352
0.0, 0.0, 3.040957
0.0, 0.0, 2.672598
0.0, 0.0, 2.366030
0.0, 0.0, 2.107485
0.0, 0.0, 1.886396
0.0, 0.0, 1.693528
0.0, 0.0, 1.518808
0.0, 0.0, 1.418257
0.0, 0.0, 1.583942
0.0, 0.0, 1.765632
0.0, 0.0, 1.972594
0.0, 0.0, 2.212953
0.0, 0.0, 2.495749
0.0, 0.0, 2.832800
0.0, 0.0, 3.239752
0.0, 0.0, 3.734099
0.0, 0.0, 4.320578
0.0, 0.0, 4.949868
0.0, 0.0, 5.475348
0.0, 0.0, 5.703336
0.0, 0.0, 5.563411
0.0, 0.0, 5.187676
0.0, 0.0, 4.748888
0.0, 0.0, 4.346676
0.0, 0.0, 4.009837
0.0, 0.0, 3.738340
0.0, 0.0, 3.526146
0.0, 0.0, 3.367602
0.0, 0.0, 3.258102
0.0, 0.0, 3.193157
0.0, 0.0, 3.166651
0.0, 0.0, 3.168393
0.0, 0.0, 3.182041
0.0, 0.0, 3.186070
0.0, 0.0, 3.160019
0.0, 0.0, 3.093588
0.0, 0.0, 2.991718
0.0, 0.0, 2.871072
0.0, 0.0, 2.751104
0.0, 0.0, 2.646803
0.0, 0.0, 2.566759
0.0, 0.0, 2.514833
0.0, 0.0, 2.492424
0.0, 0.0, 2.499902
0.0, 0.0, 2.537158
0.0, 0.0, 2.603426
0.0, 0.0, 2.696320
0.0, 0.0, 2.809914
0.0, 0.0, 2.932482
0.0, 0.0, 3.046214
0.0, 0.0, 3.131889
0.0, 0.0, 3.177767
0.0, 0.0, 3.186655
0.0, 0.0, 3.174991
0.0, 0.0, 3.164854
0.0, 0.0, 3.175609
0.0, 0.0, 3.220378
0.0, 0.0, 3.306987
0.0, 0.0, 3.440473
0.0, 0.0, 3.625211
0.0, 0.0, 3.866278
0.0, 0.0, 4.169784
0.0, 0.0, 4.540190
0.0, 0.0, 4.967280
0.0, 0.0, 5.392516
0.0, 0.0, 5.674943
0.0, 0.0, 5.641454
0.0, 0.0, 5.242848
0.0, 0.0, 4.638793
0.0, 0.0, 4.017427
0.0, 0.0, 3.475121
0.0, 0.0, 3.026419
0.0, 0.0, 2.656609
0.0, 0.0, 2.348387
0.0, 0.0, 2.088028
0.0, 0.0, 1.865013
0.0, 0.0, 1.670076
0.0, 0.0, 1.492929
0.0, 0.0, 1.386516
0.0, 0.0, 1.552741
0.0, 0.0, 1.733946
0.0, 0.0, 1.939144
0.0, 0.0, 2.175797
0.0, 0.0, 2.451722
0.0, 0.0, 2.776601
0.0, 0.0, 3.162343
0.0, 0.0, 3.620281
0.0, 0.0, 4.147532
0.0, 0.0, 4.694207
0.0, 0.0, 5.134998
0.0, 0.0, 5.320402
0.0, 0.0, 5.202678
0.0, 0.0, 4.871666
0.0, 0.0, 4.469306
0.0, 0.0, 4.084667
0.0, 0.0, 3.749673
0.0, 0.0, 3.469119
0.0, 0.0, 3.240240
0.0, 0.0, 3.059157
0.0, 0.0, 2.922088
0.0, 0.0, 2.824930
0.0, 0.0, 2.762218
0.0, 0.0, 2.725953
0.0, 0.0, 2.705035
0.0, 0.0, 2.686359
0.0, 0.0, 2.657950
0.0, 0.0, 2.612895
0.0, 0.0, 2.551529
0.0, 0.0, 2.480307
0.0, 0.0, 2.408327
0.0, 0.0, 2.343950
0.0, 0.0, 2.293150
0.0, 0.0, 2.259492
0.0, 0.0, 2.244790
0.0, 0.0, 2.249708
0.0, 0.0, 2.274032
0.0, 0.0, 2.316580
0.0, 0.0, 2.374752
0.0, 0.0, 2.443842
0.0, 0.0, 2.516597
0.0, 0.0, 2.583956
0.0, 0.0, 2.637656
0.0, 0.0, 2.673962
0.0, 0.0, 2.696239
0.0, 0.0, 2.714375
0.0, 0.0, 2.741403
0.0, 0.0, 2.789697
0.0, 0.0, 2.868815
0.0, 0.0, 2.985359
0.0, 0.0, 3.143961
0.0, 0.0, 3.348462
0.0, 0.0, 3.602702
0.0, 0.0, 3.910337
0.0, 0.0, 4.271699
0.0, 0.0, 4.671851
0.0, 0.0, 5.053860
0.0, 0.0, 5.297847
0.0, 0.0, 5.268857
0.0, 0.0, 4.941625
0.0, 0.0, 4.426072
0.0, 0.0, 3.877152
0.0, 0.0, 3.381884
0.0, 0.0, 2.961066
0.0, 0.0, 2.607344
0.0, 0.0, 2.308298
0.0, 0.0, 2.053026
0.0, 0.0, 1.832618
0.0, 0.0, 1.638686
0.0, 0.0, 1.461325
0.0, 0.0, 1.350837
0.0, 0.0, 1.515969
0.0, 0.0, 1.694481
0.0, 0.0, 1.894751
0.0, 0.0, 2.123044
0.0, 0.0, 2.385140
0.0, 0.0, 2.687290
0.0, 0.0, 3.035676
0.0, 0.0, 3.432850
0.0, 0.0, 3.866827
0.0, 0.0, 4.291123
0.0, 0.0, 4.617255
0.0, 0.0, 4.753665
0.0, 0.0, 4.669240
0.0, 0.0, 4.416767
0.0, 0.0, 4.085761
0.0, 0.0, 3.746761
0.0, 0.0, 3.433650
0.0, 0.0, 3.158172
0.0, 0.0, 2.923192
0.0, 0.0, 2.728598
0.0, 0.0, 2.573135
0.0, 0.0, 2.454603
0.0, 0.0, 2.369389
0.0, 0.0, 2.311902
0.0, 0.0, 2.274466
0.0, 0.0, 2.248108
0.0, 0.0, 2.224302
0.0, 0.0, 2.196979
0.0, 0.0, 2.163803
0.0, 0.0, 2.126018
0.0, 0.0, 2.087128
0.0, 0.0, 2.051294
0.0, 0.0, 2.022177
0.0, 0.0, 2.002443
0.0, 0.0, 1.993708
0.0, 0.0, 1.996638
0.0, 0.0, 2.011013
0.0, 0.0, 2.035704
0.0, 0.0, 2.068580
0.0, 0.0, 2.106449
0.0, 0.0, 2.145301
0.0, 0.0, 2.181117
0.0, 0.0, 2.211319
0.0, 0.0, 2.236344
0.0, 0.0, 2.260470
0.0, 0.0, 2.291224
0.0, 0.0, 2.337614
0.0, 0.0, 2.408129
0.0, 0.0, 2.509438
0.0, 0.0, 2.646086
0.0, 0.0, 2.820905
0.0, 0.0, 3.035589
0.0, 0.0, 3.290916
0.0, 0.0, 3.585908
0.0, 0.0, 3.914366
0.0, 0.0, 4.255562
0.0, 0.0, 4.558488
0.0, 0.0, 4.737852
0.0, 0.0, 4.714433
0.0, 0.0, 4.474092
0.0, 0.0, 4.085762
0.0, 0.0, 3.647292
0.0, 0.0, 3.228396
0.0, 0.0, 2.855382
0.0, 0.0, 2.530800
0.0, 0.0, 2.249487
0.0, 0.0, 2.004984
0.0, 0.0, 1.791017
0.0, 0.0, 1.600747
0.0, 0.0, 1.425129
0.0, 0.0, 1.312496
0.0, 0.0, 1.475242
0.0, 0.0, 1.649396
0.0, 0.0, 1.842461
0.0, 0.0, 2.059259
0.0, 0.0, 2.303264
0.0, 0.0, 2.577121
0.0, 0.0, 2.881573
0.0, 0.0, 3.212067
0.0, 0.0, 3.551732
0.0, 0.0, 3.863180
0.0, 0.0, 4.090741
0.0, 0.0, 4.182536
0.0, 0.0, 4.120911
0.0, 0.0, 3.932639
0.0, 0.0, 3.669546
0.0, 0.0, 3.379980
0.0, 0.0, 3.095176
0.0, 0.0, 2.831371
0.0, 0.0, 2.596527
0.0, 0.0, 2.394656
0.0, 0.0, 2.227728
0.0, 0.0, 2.096162
0.0, 0.0, 1.998608
0.0, 0.0, 1.931554
0.0, 0.0, 1.889276
0.0, 0.0, 1.864465
0.0, 0.0, 1.849525
0.0, 0.0, 1.838061
0.0, 0.0, 1.825964
0.0, 0.0, 1.811682
0.0, 0.0, 1.795739
0.0, 0.0, 1.779864
0.0, 0.0, 1.766148
0.0, 0.0, 1.756447
0.0, 0.0, 1.752051
0.0, 0.0, 1.753532
0.0, 0.0, 1.760699
0.0, 0.0, 1.772610
0.0, 0.0, 1.787663
0.0, 0.0, 1.803828
0.0, 0.0, 1.819102
0.0, 0.0, 1.832246
0.0, 0.0, 1.843676
0.0, 0.0, 1.856205
0.0, 0.0, 1.875172
0.0, 0.0, 1.907750
0.0, 0.0, 1.961578
0.0, 0.0, 2.043298
0.0, 0.0, 2.157562
0.0, 0.0, 2.306761
0.0, 0.0, 2.491309
0.0, 0.0, 2.710016
0.0, 0.0, 2.960021
0.0, 0.0, 3.235699
0.0, 0.0, 3.525667
0.0, 0.0, 3.807053
0.0, 0.0, 4.039588
0.0, 0.0, 4.170308
0.0, 0.0, 4.156058
0.0, 0.0, 3.991468
0.0, 0.0, 3.714390
0.0, 0.0, 3.382633
0.0, 0.0, 3.044232
0.0, 0.0, 2.725622
0.0, 0.0, 2.436346
0.0, 0.0, 2.177670
0.0, 0.0, 1.947602
0.0, 0.0, 1.742754
0.0, 0.0, 1.558112
0.0, 0.0, 1.385768
0.0, 0.0, 1.272902
0.0, 0.0, 1.432378
0.0, 0.0, 1.601144
0.0, 0.0, 1.785748
0.0, 0.0, 1.989586
0.0, 0.0, 2.214037
0.0, 0.0, 2.458790
0.0, 0.0, 2.720764
0.0, 0.0, 2.991648
0.0, 0.0, 3.254436
0.0, 0.0, 3.481355
0.0, 0.0, 3.637815
0.0, 0.0, 3.694464
0.0, 0.0, 3.641077
0.0, 0.0, 3.491393
0.0, 0.0, 3.275026
0.0, 0.0, 3.024017
0.0, 0.0, 2.763863
0.0, 0.0, 2.511801
0.0, 0.0, 2.278944
0.0, 0.0, 2.072708
0.0, 0.0, 1.898242
0.0, 0.0, 1.758806
0.0, 0.0, 1.655427
0.0, 0.0, 1.586306
0.0, 0.0, 1.546632
0.0, 0.0, 1.529231
0.0, 0.0, 1.525995
0.0, 0.0, 1.529524
0.0, 0.0, 1.534337
0.0, 0.0, 1.537327
0.0, 0.0, 1.537514
0.0, 0.0, 1.535400
0.0, 0.0, 1.532239
0.0, 0.0, 1.529414
0.0, 0.0, 1.527994
0.0, 0.0, 1.528482
0.0, 0.0, 1.530707
0.0, 0.0, 1.533861
0.0, 0.0, 1.536676
0.0, 0.0, 1.537765
0.0, 0.0, 1.536164
0.0, 0.0, 1.532019
0.0, 0.0, 1.527310
0.0, 0.0, 1.526339
0.0, 0.0, 1.535652
0.0, 0.0, 1.563195
0.0, 0.0, 1.616817
0.0, 0.0, 1.702650
0.0, 0.0, 1.824021
0.0, 0.0, 1.981254
0.0, 0.0, 2.172132
0.0, 0.0, 2.392443
0.0, 0.0, 2.636014
0.0, 0.0, 2.893828
0.0, 0.0, 3.152051
0.0, 0.0, 3.389452
0.0, 0.0, 3.576638
0.0, 0.0, 3.681207
0.0, 0.0, 3.679863
0.0, 0.0, 3.570569
0.0, 0.0, 3.374516
0.0, 0.0, 3.125556
0.0, 0.0, 2.855914
0.0, 0.0, 2.587984
0.0, 0.0, 2.333982
0.0, 0.0, 2.099206
0.0, 0.0, 1.885084
0.0, 0.0, 1.690733
0.0, 0.0, 1.512880
0.0, 0.0, 1.344822
0.0, 0.0, 1.233478
0.0, 0.0, 1.389219
0.0, 0.0, 1.552181
0.0, 0.0, 1.728006
0.0, 0.0, 1.918866
0.0, 0.0, 2.124506
0.0, 0.0, 2.342592
0.0, 0.0, 2.567940
0.0, 0.0, 2.791086
0.0, 0.0, 2.996972
0.0, 0.0, 3.165154
0.0, 0.0, 3.273229
0.0, 0.0, 3.303485
0.0, 0.0, 3.249626
0.0, 0.0, 3.119180
0.0, 0.0, 2.930025
0.0, 0.0, 2.703852
0.0, 0.0, 2.460751
0.0, 0.0, 2.216928
0.0, 0.0, 1.984872
0.0, 0.0, 1.774400
0.0, 0.0, 1.593486
0.0, 0.0, 1.448316
0.0, 0.0, 1.342478
0.0, 0.0, 1.275756
0.0, 0.0, 1.243529
0.0, 0.0, 1.237583
0.0, 0.0, 1.248178
0.0, 0.0, 1.266351
0.0, 0.0, 1.285441
0.0, 0.0, 1.301521
0.0, 0.0, 1.313046
0.0, 0.0, 1.320138
0.0, 0.0, 1.323821
0.0, 0.0, 1.325372
0.0, 0.0, 1.325829
0.0, 0.0, 1.325691
0.0, 0.0, 1.324788
0.0, 0.0, 1.322325
0.0, 0.0, 1.317095
0.0, 0.0, 1.307875
0.0, 0.0, 1.294002
0.0, 0.0, 1.276089
0.0, 0.0, 1.256797
0.0, 0.0, 1.241414
0.0, 0.0, 1.237873
0.0, 0.0, 1.255780
0.0, 0.0, 1.304415
0.0, 0.0, 1.390392
0.0, 0.0, 1.516133
0.0, 0.0, 1.679813
0.0, 0.0, 1.876401
0.0, 0.0, 2.098765
0.0, 0.0, 2.338072
0.0, 0.0, 2.583307
0.0, 0.0, 2.820230
0.0, 0.0, 3.030596
0.0, 0.0, 3.193028
0.0, 0.0, 3.286910
0.0, 0.0, 3.298805
0.0, 0.0, 3.228014
0.0, 0.0, 3.087198
0.0, 0.0, 2.897360
0.0, 0.0, 2.680588
0.0, 0.0, 2.454831
0.0, 0.0, 2.232236
0.0, 0.0, 2.019928
0.0, 0.0, 1.821470
0.0, 0.0, 1.637825
0.0, 0.0, 1.467162
0.0, 0.0, 1.303881
0.0, 0.0, 1.195569
0.0, 0.0, 1.347474
0.0, 0.0, 1.504728
0.0, 0.0, 1.672196
0.0, 0.0, 1.851097
0.0, 0.0, 2.040045
0.0, 0.0, 2.235514
0.0, 0.0, 2.431422
0.0, 0.0, 2.618450
0.0, 0.0, 2.783769
0.0, 0.0, 2.911903
0.0, 0.0, 2.987315
0.0, 0.0, 2.998287
0.0, 0.0, 2.940508
0.0, 0.0, 2.818420
0.0, 0.0, 2.643650
0.0, 0.0, 2.431635
0.0, 0.0, 2.198361
0.0, 0.0, 1.958447
0.0, 0.0, 1.724666
0.0, 0.0, 1.508338
0.0, 0.0, 1.319848
0.0, 0.0, 1.168488
0.0, 0.0, 1.060963
0.0, 0.0, 0.998954
0.0, 0.0, 0.977528
0.0, 0.0, 0.986206
0.0, 0.0, 1.012392
0.0, 0.0, 1.044986
0.0, 0.0, 1.076312
0.0, 0.0, 1.102237
0.0, 0.0, 1.121363
0.0, 0.0, 1.134061
0.0, 0.0, 1.141610
0.0, 0.0, 1.145501
0.0, 0.0, 1.146931
0.0, 0.0, 1.146471
0.0, 0.0, 1.143926
0.0, 0.0, 1.138384
0.0, 0.0, 1.128448
0.0, 0.0, 1.112657
0.0, 0.0, 1.090090
0.0, 0.0, 1.061142
0.0, 0.0, 1.028457
0.0, 0.0, 0.997873
0.0, 0.0, 0.978887
0.0, 0.0, 0.983721
0.0, 0.0, 1.024412
0.0, 0.0, 1.108987
0.0, 0.0, 1.239014
0.0, 0.0, 1.409994
0.0, 0.0, 1.613652
0.0, 0.0, 1.840055
0.0, 0.0, 2.078394
0.0, 0.0, 2.316698
0.0, 0.0, 2.541281
0.0, 0.0, 2.736702
0.0, 0.0, 2.886909
0.0, 0.0, 2.977913
0.0, 0.0, 3.001329
0.0, 0.0, 2.957069
0.0, 0.0, 2.853495
0.0, 0.0, 2.704750
0.0, 0.0, 2.526768
0.0, 0.0, 2.333913
0.0, 0.0, 2.137277
0.0, 0.0, 1.944480
0.0, 0.0, 1.760198
0.0, 0.0, 1.586589
0.0, 0.0, 1.422891
0.0, 0.0, 1.264434
0.0, 0.0, 1.160365
0.0, 0.0, 1.308619
0.0, 0.0, 1.460637
0.0, 0.0, 1.620665
0.0, 0.0, 1.789246
0.0, 0.0, 1.964288
0.0, 0.0, 2.141658
0.0, 0.0, 2.315051
0.0, 0.0, 2.475750
0.0, 0.0, 2.612788
0.0, 0.0, 2.713911
0.0, 0.0, 2.767471
0.0, 0.0, 2.764887
0.0, 0.0, 2.702792
0.0, 0.0, 2.583919
0.0, 0.0, 2.416370
0.0, 0.0, 2.211767
0.0, 0.0, 1.983196
0.0, 0.0, 1.743733
0.0, 0.0, 1.505836
0.0, 0.0, 1.281533
0.0, 0.0, 1.083075
0.0, 0.0, 0.923094
0.0, 0.0, 0.812511
0.0, 0.0, 0.755924
0.0, 0.0, 0.747792
0.0, 0.0, 0.773782
0.0, 0.0, 0.816844
0.0, 0.0, 0.863199
0.0, 0.0, 0.904538
0.0, 0.0, 0.937205
0.0, 0.0, 0.960566
0.0, 0.0, 0.975720
0.0, 0.0, 0.984551
0.0, 0.0, 0.989021
0.0, 0.0, 0.990641
0.0, 0.0, 0.990122
0.0, 0.0, 0.987221
0.0, 0.0, 0.980798
0.0, 0.0, 0.969060
0.0, 0.0, 0.950008
0.0, 0.0, 0.922049
0.0, 0.0, 0.884813
0.0, 0.0, 0.840260
0.0, 0.0, 0.794164
0.0, 0.0, 0.757598
0.0, 0.0, 0.746512
0.0, 0.0, 0.777506
0.0, 0.0, 0.861074
0.0, 0.0, 0.997471
0.0, 0.0, 1.178268
0.0, 0.0, 1.391230
0.0, 0.0, 1.623832
0.0, 0.0, 1.864031
0.0, 0.0, 2.099648
0.0, 0.0, 2.317895
0.0, 0.0, 2.505559
0.0, 0.0, 2.650054
0.0, 0.0, 2.741249
0.0, 0.0, 2.773548
0.0, 0.0, 2.747274
0.0, 0.0, 2.668609
0.0, 0.0, 2.547980
0.0, 0.0, 2.397626
0.0, 0.0, 2.229339
0.0, 0.0, 2.053022
0.0, 0.0, 1.876168
0.0, 0.0, 1.703913
0.0, 0.0, 1.539105
0.0, 0.0, 1.381712
0.0, 0.0, 1.227778
0.0, 0.0, 1.128865
0.0, 0.0, 1.273847
0.0, 0.0, 1.421337
0.0, 0.0, 1.575127
0.0, 0.0, 1.735318
0.0, 0.0, 1.899428
0.0, 0.0, 2.063085
0.0, 0.0, 2.220085
0.0, 0.0, 2.362375
0.0, 0.0, 2.480379
0.0, 0.0, 2.563874
0.0, 0.0, 2.603422
0.0, 0.0, 2.592078
0.0, 0.0, 2.526851
0.0, 0.0, 2.409392
0.0, 0.0, 2.245687
0.0, 0.0, 2.044966
0.0, 0.0, 1.818320
0.0, 0.0, 1.577526
0.0, 0.0, 1.334422
0.0, 0.0, 1.101036
0.0, 0.0, 0.890633
0.0, 0.0, 0.719014
0.0, 0.0, 0.602677
0.0, 0.0, 0.550861
0.0, 0.0, 0.557451
0.0, 0.0, 0.602214
0.0, 0.0, 0.661924
0.0, 0.0, 0.719932
0.0, 0.0, 0.768117
0.0, 0.0, 0.804004
0.0, 0.0, 0.828174
0.0, 0.0, 0.842750
0.0, 0.0, 0.850443
0.0, 0.0, 0.853857
0.0, 0.0, 0.854943
0.0, 0.0, 0.854607
0.0, 0.0, 0.852542
0.0, 0.0, 0.847284
0.0, 0.0, 0.836497
0.0, 0.0, 0.817444
0.0, 0.0, 0.787611
0.0, 0.0, 0.745503
0.0, 0.0, 0.691824
0.0, 0.0, 0.631477
0.0, 0.0, 0.576554
0.0, 0.0, 0.547771
0.0, 0.0, 0.568430
0.0, 0.0, 0.652846
0.0, 0.0, 0.798755
0.0, 0.0, 0.992006
0.0, 0.0, 1.215728
0.0, 0.0, 1.455523
0.0, 0.0, 1.698950
0.0, 0.0, 1.934153
0.0, 0.0, 2.149287
0.0, 0.0, 2.332803
0.0, 0.0, 2.474368
0.0, 0.0, 2.566207
0.0, 0.0, 2.604404
0.0, 0.0, 2.589653
0.0, 0.0, 2.527068
0.0, 0.0, 2.425051
0.0, 0.0, 2.293639
0.0, 0.0, 2.142879
0.0, 0.0, 1.981657
0.0, 0.0, 1.817112
0.0, 0.0, 1.654476
0.0, 0.0, 1.496939
0.0, 0.0, 1.344919
0.0, 0.0, 1.194980
0.0, 0.0, 1.101848
0.0, 0.0, 1.244048
0.0, 0.0, 1.387845
0.0, 0.0, 1.536718
0.0, 0.0, 1.690521
0.0, 0.0, 1.846603
0.0, 0.0, 2.000572
0.0, 0.0, 2.146452
0.0, 0.0, 2.276776
0.0, 0.0, 2.382937
0.0, 0.0, 2.455955
0.0, 0.0, 2.487609
0.0, 0.0, 2.471745
0.0, 0.0, 2.405411
0.0, 0.0, 2.289487
0.0, 0.0, 2.128620
0.0, 0.0, 1.930544
0.0, 0.0, 1.705059
0.0, 0.0, 1.463017
0.0, 0.0, 1.215642
0.0, 0.0, 0.974577
0.0, 0.0, 0.753270
0.0, 0.0, 0.569599
0.0, 0.0, 0.445647
0.0, 0.0, 0.396891
0.0, 0.0, 0.416643
0.0, 0.0, 0.477739
0.0, 0.0, 0.549919
0.0, 0.0, 0.614773
0.0, 0.0, 0.665116
0.0, 0.0, 0.699987
0.0, 0.0, 0.721288
0.0, 0.0, 0.732209
0.0, 0.0, 0.736369
0.0, 0.0, 0.737123
0.0, 0.0, 0.736962
0.0, 0.0, 0.737049
0.0, 0.0, 0.736990
0.0, 0.0, 0.734911
0.0, 0.0, 0.727821
0.0, 0.0, 0.712153
0.0, 0.0, 0.684410
0.0, 0.0, 0.641914
0.0, 0.0, 0.583924
0.0, 0.0, 0.513940
0.0, 0.0, 0.444118
0.0, 0.0, 0.399245
0.0, 0.0, 0.411138
0.0, 0.0, 0.498218
0.0, 0.0, 0.655142
0.0, 0.0, 0.860408
0.0, 0.0, 1.093544
0.0, 0.0, 1.339286
0.0, 0.0, 1.585410
0.0, 0.0, 1.820563
0.0, 0.0, 2.033655
0.0, 0.0, 2.214248
0.0, 0.0, 2.353440
0.0, 0.0, 2.444924
0.0, 0.0, 2.485887
0.0, 0.0, 2.477401
0.0, 0.0, 2.424136
0.0, 0.0, 2.333441
0.0, 0.0, 2.214077
0.0, 0.0, 2.074958
0.0, 0.0, 1.924189
0.0, 0.0, 1.768512
0.0, 0.0, 1.613071
0.0, 0.0, 1.461168
0.0, 0.0, 1.313463
0.0, 0.0, 1.166857
0.0, 0.0, 1.079879
0.0, 0.0, 1.219833
0.0, 0.0, 1.360803
0.0, 0.0, 1.506093
0.0, 0.0, 1.655457
0.0, 0.0, 1.806232
0.0, 0.0, 1.954132
0.0, 0.0, 2.093456
0.0, 0.0, 2.217206
0.0, 0.0, 2.317414
0.0, 0.0, 2.385805
0.0, 0.0, 2.414743
0.0, 0.0, 2.398333
0.0, 0.0, 2.333430
0.0, 0.0, 2.220290
0.0, 0.0, 2.062690
0.0, 0.0, 1.867488
0.0, 0.0, 1.643811
0.0, 0.0, 1.402096
0.0, 0.0, 1.153336
0.0, 0.0, 0.908983
0.0, 0.0, 0.682404
0.0, 0.0, 0.492284
0.0, 0.0, 0.363331
0.0, 0.0, 0.314910
0.0, 0.0, 0.340880
0.0, 0.0, 0.408063
0.0, 0.0, 0.483059
0.0, 0.0, 0.546837
0.0, 0.0, 0.593168
0.0, 0.0, 0.622183
0.0, 0.0, 0.636725
0.0, 0.0, 0.640852
0.0, 0.0, 0.639042
0.0, 0.0, 0.635484
0.0, 0.0, 0.633338
0.0, 0.0, 0.634096
0.0, 0.0, 0.637252
0.0, 0.0, 0.640412
0.0, 0.0, 0.639813
0.0, 0.0, 0.631028
0.0, 0.0, 0.609702
0.0, 0.0, 0.572267
0.0, 0.0, 0.516966
0.0, 0.0, 0.446196
0.0, 0.0, 0.371658
0.0, 0.0, 0.320072
0.0, 0.0, 0.327662
0.0, 0.0, 0.417867
0.0, 0.0, 0.580995
0.0, 0.0, 0.792404
0.0, 0.0, 1.029842
0.0, 0.0, 1.277898
0.0, 0.0, 1.524528
0.0, 0.0, 1.758576
0.0, 0.0, 1.969260
0.0, 0.0, 2.146683
0.0, 0.0, 2.282733
0.0, 0.0, 2.372011
0.0, 0.0, 2.412478
0.0, 0.0, 2.405628
0.0, 0.0, 2.356092
0.0, 0.0, 2.270772
0.0, 0.0, 2.157759
0.0, 0.0, 2.025275
0.0, 0.0, 1.880865
0.0, 0.0, 1.730899
0.0, 0.0, 1.580338
0.0, 0.0, 1.432447
0.0, 0.0, 1.287966
0.0, 0.0, 1.143983
0.0, 0.0, 1.063304
0.0, 0.0, 1.201542
0.0, 0.0, 1.340532
0.0, 0.0, 1.483518
0.0, 0.0, 1.630273
0.0, 0.0, 1.778242
0.0, 0.0, 1.923333
0.0, 0.0, 2.060136
0.0, 0.0, 2.182020
0.0, 0.0, 2.281411
0.0, 0.0, 2.350354
0.0, 0.0, 2.381348
0.0, 0.0, 2.368360
0.0, 0.0, 2.307829
0.0, 0.0, 2.199418
0.0, 0.0, 2.046310
0.0, 0.0, 1.854958
0.0, 0.0, 1.634370
0.0, 0.0, 1.395165
0.0, 0.0, 1.148720
0.0, 0.0, 0.906923
0.0, 0.0, 0.683386
0.0, 0.0, 0.496356
0.0, 0.0, 0.369083
0.0, 0.0, 0.318640
0.0, 0.0, 0.337648
0.0, 0.0, 0.395585
0.0, 0.0, 0.460297
0.0, 0.0, 0.513510
0.0, 0.0, 0.549112
0.0, 0.0, 0.567333
0.0, 0.0, 0.571262
0.0, 0.0, 0.565446
0.0, 0.0, 0.555134
0.0, 0.0, 0.545474
0.0, 0.0, 0.540516
0.0, 0.0, 0.542225
0.0, 0.0, 0.549931
0.0, 0.0, 0.560517
0.0, 0.0, 0.569252
0.0, 0.0, 0.570825
0.0, 0.0, 0.560247
0.0, 0.0, 0.533592
0.0, 0.0, 0.488944
0.0, 0.0, 0.428625
0.0, 0.0, 0.364029
0.0, 0.0, 0.320720
0.0, 0.0, 0.333392
0.0, 0.0, 0.423157
0.0, 0.0, 0.583654
0.0, 0.0, 0.791813
0.0, 0.0, 1.026452
0.0, 0.0, 1.272121
0.0, 0.0, 1.516394
0.0, 0.0, 1.747680
0.0, 0.0, 1.954900
0.0, 0.0, 2.128118
0.0, 0.0, 2.259491
0.0, 0.0, 2.344140
0.0, 0.0, 2.380643
0.0, 0.0, 2.371019
0.0, 0.0, 2.320180
0.0, 0.0, 2.235024
0.0, 0.0, 2.123399
0.0, 0.0, 1.993159
0.0, 0.0, 1.851455
0.0, 0.0, 1.704327
0.0, 0.0, 1.556493
0.0, 0.0, 1.411072
0.0, 0.0, 1.268760
0.0, 0.0, 1.126698
0.0, 0.0, 1.052267
0.0, 0.0, 1.189278
0.0, 0.0, 1.327072
0.0, 0.0, 1.468934
0.0, 0.0, 1.614765
0.0, 0.0, 1.762214
0.0, 0.0, 1.907463
0.0, 0.0, 2.045417
0.0, 0.0, 2.169753
0.0, 0.0, 2.273118
0.0, 0.0, 2.347588
0.0, 0.0, 2.385429
0.0, 0.0, 2.380093
0.0, 0.0, 2.327317
0.0, 0.0, 2.226066
0.0, 0.0, 2.079049
0.0, 0.0, 1.892645
0.0, 0.0, 1.676235
0.0, 0.0, 1.441174
0.0, 0.0, 1.199794
0.0, 0.0, 0.964931
0.0, 0.0, 0.750576
0.0, 0.0, 0.573420
0.0, 0.0, 0.451581
0.0, 0.0, 0.395394
0.0, 0.0, 0.397018
0.0, 0.0, 0.432464
0.0, 0.0, 0.475706
0.0, 0.0, 0.510127
0.0, 0.0, 0.529162
0.0, 0.0, 0.532257
0.0, 0.0, 0.522073
0.0, 0.0, 0.503252
0.0, 0.0, 0.481736
0.0, 0.0, 0.463897
0.0, 0.0, 0.455118
0.0, 0.0, 0.458125
0.0, 0.0, 0.471977
0.0, 0.0, 0.492429
0.0, 0.0, 0.513394
0.0, 0.0, 0.528573
0.0, 0.0, 0.532592
0.0, 0.0, 0.521702
0.0, 0.0, 0.494624
0.0, 0.0, 0.454446
0.0, 0.0, 0.412265
0.0, 0.0, 0.390087
0.0, 0.0, 0.415001
0.0, 0.0, 0.504321
0.0, 0.0, 0.656027
0.0, 0.0, 0.854188
0.0, 0.0, 1.080713
0.0, 0.0, 1.320483
0.0, 0.0, 1.560278
0.0, 0.0, 1.787514
0.0, 0.0, 1.990243
0.0, 0.0, 2.157960
0.0, 0.0, 2.282672
0.0, 0.0, 2.359785
0.0, 0.0, 2.388491
0.0, 0.0, 2.371537
0.0, 0.0, 2.314463
0.0, 0.0, 2.224546
0.0, 0.0, 2.109727
0.0, 0.0, 1.977720
0.0, 0.0, 1.835402
0.0, 0.0, 1.688493
0.0, 0.0, 1.541412
0.0, 0.0, 1.397041
0.0, 0.0, 1.255920
0.0, 0.0, 1.115124
0.0, 0.0, 1.046715
0.0, 0.0, 1.182923
0.0, 0.0, 1.320216
0.0, 0.0, 1.462012
0.0, 0.0, 1.608436
0.0, 0.0, 1.757442
0.0, 0.0, 1.905577
0.0, 0.0, 2.048122
0.0, 0.0, 2.179060
0.0, 0.0, 2.291164
0.0, 0.0, 2.376327
0.0, 0.0, 2.426234
0.0, 0.0, 2.433388
0.0, 0.0, 2.392387
0.0, 0.0, 2.301190
0.0, 0.0, 2.161969
0.0, 0.0, 1.981237
0.0, 0.0, 1.769160
0.0, 0.0, 1.538304
0.0, 0.0, 1.302314
0.0, 0.0, 1.075043
0.0, 0.0, 0.870439
0.0, 0.0, 0.702575
0.0, 0.0, 0.583441
0.0, 0.0, 0.517470
0.0, 0.0, 0.496984
0.0, 0.0, 0.504393
0.0, 0.0, 0.520422
0.0, 0.0, 0.531153
0.0, 0.0, 0.529725
0.0, 0.0, 0.514546
0.0, 0.0, 0.487448
0.0, 0.0, 0.452805
0.0, 0.0, 0.417183
0.0, 0.0, 0.388632
0.0, 0.0, 0.374707
0.0, 0.0, 0.379474
0.0, 0.0, 0.401512
0.0, 0.0, 0.434636
0.0, 0.0, 0.470708
0.0, 0.0, 0.502268
0.0, 0.0, 0.523806
0.0, 0.0, 0.532156
0.0, 0.0, 0.527033
0.0, 0.0, 0.512379
0.0, 0.0, 0.498463
0.0, 0.0, 0.502448
0.0, 0.0, 0.543911
0.0, 0.0, 0.636310
0.0, 0.0, 0.781014
0.0, 0.0, 0.969007
0.0, 0.0, 1.186721
0.0, 0.0, 1.420084
0.0, 0.0, 1.655238
0.0, 0.0, 1.878371
0.0, 0.0, 2.076229
0.0, 0.0, 2.237272
0.0, 0.0, 2.353032
0.0, 0.0, 2.419127
0.0, 0.0, 2.435558
0.0, 0.0, 2.406190
0.0, 0.0, 2.337639
0.0, 0.0, 2.237959
0.0, 0.0, 2.115468
0.0, 0.0, 1.977895
0.0, 0.0, 1.831884
0.0, 0.0, 1.682800
0.0, 0.0, 1.534687
0.0, 0.0, 1.390090
0.0, 0.0, 1.249287
0.0, 0.0, 1.109183
0.0, 0.0, 1.046413
0.0, 0.0, 1.182157
0.0, 0.0, 1.319534
0.0, 0.0, 1.462174
0.0, 0.0, 1.610519
0.0, 0.0, 1.762943
0.0, 0.0, 1.916475
0.0, 0.0, 2.066889
0.0, 0.0, 2.208565
0.0, 0.0, 2.334406
0.0, 0.0, 2.435988
0.0, 0.0, 2.504073
0.0, 0.0, 2.529648
0.0, 0.0, 2.505475
0.0, 0.0, 2.427873
0.0, 0.0, 2.298148
0.0, 0.0, 2.123045
0.0, 0.0, 1.913946
0.0, 0.0, 1.685139
0.0, 0.0, 1.451865
0.0, 0.0, 1.228843
0.0, 0.0, 1.029433
0.0, 0.0, 0.864855
0.0, 0.0, 0.742434
0.0, 0.0, 0.662973
0.0, 0.0, 0.619375
0.0, 0.0, 0.598663
0.0, 0.0, 0.586648
0.0, 0.0, 0.572124
0.0, 0.0, 0.548501
0.0, 0.0, 0.513380
0.0, 0.0, 0.467652
0.0, 0.0, 0.415087
0.0, 0.0, 0.362637
0.0, 0.0, 0.320557
0.0, 0.0, 0.299856
0.0, 0.0, 0.306976
0.0, 0.0, 0.339601
0.0, 0.0, 0.388290
0.0, 0.0, 0.441875
0.0, 0.0, 0.491675
0.0, 0.0, 0.532391
0.0, 0.0, 0.561687
0.0, 0.0, 0.580222
0.0, 0.0, 0.592372
0.0, 0.0, 0.607074
0.0, 0.0, 0.637405
0.0, 0.0, 0.697585
0.0, 0.0, 0.798129
0.0, 0.0, 0.942202
0.0, 0.0, 1.125417
0.0, 0.0, 1.338198
0.0, 0.0, 1.568115
0.0, 0.0, 1.801055
0.0, 0.0, 2.021896
0.0, 0.0, 2.215648
0.0, 0.0, 2.369228
0.0, 0.0, 2.473399
0.0, 0.0, 2.524113
0.0, 0.0, 2.522689
0.0, 0.0, 2.474802
0.0, 0.0, 2.388797
0.0, 0.0, 2.273964
0.0, 0.0, 2.139229
0.0, 0.0, 1.992389
0.0, 0.0, 1.839804
0.0, 0.0, 1.686376
0.0, 0.0, 1.535651
0.0, 0.0, 1.389719
0.0, 0.0, 1.248493
0.0, 0.0, 1.108606
0.0, 0.0, 1.050951
0.0, 0.0, 1.186475
0.0, 0.0, 1.324386
0.0, 0.0, 1.468601
0.0, 0.0, 1.619974
0.0, 0.0, 1.777419
0.0, 0.0, 1.938610
0.0, 0.0, 2.100007
0.0, 0.0, 2.256595
0.0, 0.0, 2.401580
0.0, 0.0, 2.526229
0.0, 0.0, 2.620075
0.0, 0.0, 2.671834
0.0, 0.0, 2.671287
0.0, 0.0, 2.611914
0.0, 0.0, 2.493404
0.0, 0.0, 2.322742
0.0, 0.0, 2.113207
0.0, 0.0, 1.881676
0.0, 0.0, 1.645567
0.0, 0.0, 1.420534
0.0, 0.0, 1.219219
0.0, 0.0, 1.050514
0.0, 0.0, 0.918729
0.0, 0.0, 0.822762
0.0, 0.0, 0.756192
0.0, 0.0, 0.708977
0.0, 0.0, 0.670284
0.0, 0.0, 0.631043
0.0, 0.0, 0.585245
0.0, 0.0, 0.530066
0.0, 0.0, 0.465551
0.0, 0.0, 0.394661
0.0, 0.0, 0.324324
0.0, 0.0, 0.266940
0.0, 0.0, 0.238290
0.0, 0.0, 0.248196
0.0, 0.0, 0.293112
0.0, 0.0, 0.358819
0.0, 0.0, 0.430590
0.0, 0.0, 0.498865
0.0, 0.0, 0.558889
0.0, 0.0, 0.609212
0.0, 0.0, 0.651185
0.0, 0.0, 0.689195
0.0, 0.0, 0.730858
0.0, 0.0, 0.786375
0.0, 0.0, 0.866556
0.0, 0.0, 0.979941
0.0, 0.0, 1.130401
0.0, 0.0, 1.316259
0.0, 0.0, 1.530795
0.0, 0.0, 1.763155
0.0, 0.0, 1.999082
0.0, 0.0, 2.221825
0.0, 0.0, 2.413883
0.0, 0.0, 2.559784
0.0, 0.0, 2.649141
0.0, 0.0, 2.678626
0.0, 0.0, 2.651907
0.0, 0.0, 2.577705
0.0, 0.0, 2.467067
0.0, 0.0, 2.331038
0.0, 0.0, 2.179283
0.0, 0.0, 2.019558
0.0, 0.0, 1.857737
0.0, 0.0, 1.698054
0.0, 0.0, 1.543380
0.0, 0.0, 1.395208
0.0, 0.0, 1.252973
0.0, 0.0, 1.112953
0.0, 0.0, 1.059771
0.0, 0.0, 1.195199
0.0, 0.0, 1.333940
0.0, 0.0, 1.480246
0.0, 0.0, 1.635473
0.0, 0.0, 1.799207
0.0, 0.0, 1.969966
0.0, 0.0, 2.145179
0.0, 0.0, 2.320806
0.0, 0.0, 2.490776
0.0, 0.0, 2.646355
0.0, 0.0, 2.775720
0.0, 0.0, 2.864365
0.0, 0.0, 2.897207
0.0, 0.0, 2.862641
0.0, 0.0, 2.757179
0.0, 0.0, 2.588034
0.0, 0.0, 2.371744
0.0, 0.0, 2.129574
0.0, 0.0, 1.882395
0.0, 0.0, 1.647303
0.0, 0.0, 1.436397
0.0, 0.0, 1.256748
0.0, 0.0, 1.110641
0.0, 0.0, 0.995895
0.0, 0.0, 0.906596
0.0, 0.0, 0.834529
0.0, 0.0, 0.771015
0.0, 0.0, 0.708562
0.0, 0.0, 0.641829
0.0, 0.0, 0.567915
0.0, 0.0, 0.486348
0.0, 0.0, 0.399426
0.0, 0.0, 0.313847
0.0, 0.0, 0.243389
0.0, 0.0, 0.207596
0.0, 0.0, 0.220108
0.0, 0.0, 0.275693
0.0, 0.0, 0.355848
0.0, 0.0, 0.443280
0.0, 0.0, 0.528020
0.0, 0.0, 0.605856
0.0, 0.0, 0.675969
0.0, 0.0, 0.740046
0.0, 0.0, 0.802214
0.0, 0.0, 0.868962
0.0, 0.0, 0.948545
0.0, 0.0, 1.049644
0.0, 0.0, 1.179538
0.0, 0.0, 1.342413
0.0, 0.0, 1.538270
0.0, 0.0, 1.762461
0.0, 0.0, 2.005430
0.0, 0.0, 2.252528
0.0, 0.0, 2.484498
0.0, 0.0, 2.679708
0.0, 0.0, 2.818576
0.0, 0.0, 2.888805
0.0, 0.0, 2.888625
0.0, 0.0, 2.826101
0.0, 0.0, 2.715173
0.0, 0.0, 2.571030
0.0, 0.0, 2.406975
0.0, 0.0, 2.233265
0.0, 0.0, 2.057228
0.0, 0.0, 1.883840
0.0, 0.0, 1.716344
0.0, 0.0, 1.556694
0.0, 0.0, 1.405625
0.0, 0.0, 1.261984
0.0, 0.0, 1.121622
0.0, 0.0, 1.072181
0.0, 0.0, 1.207510
0.0, 0.0, 1.347190
0.0, 0.0, 1.495842
0.0, 0.0, 1.655394
0.0, 0.0, 1.826232
0.0, 0.0, 2.007930
0.0, 0.0, 2.199242
0.0, 0.0, 2.397657
0.0, 0.0, 2.598601
0.0, 0.0, 2.794206
0.0, 0.0, 2.971719
0.0, 0.0, 3.112453
0.0, 0.0, 3.193435
0.0, 0.0, 3.193662
0.0, 0.0, 3.103291
0.0, 0.0, 2.929786
0.0, 0.0, 2.695937
0.0, 0.0, 2.431081
0.0, 0.0, 2.161893
0.0, 0.0, 1.907624
0.0, 0.0, 1.679760
0.0, 0.0, 1.483544
0.0, 0.0, 1.319487
0.0, 0.0, 1.184484
0.0, 0.0, 1.072835
0.0, 0.0, 0.977429
0.0, 0.0, 0.891011
0.0, 0.0, 0.807285
0.0, 0.0, 0.721631
0.0, 0.0, 0.631419
0.0, 0.0, 0.536162
0.0, 0.0, 0.438048
0.0, 0.0, 0.343754
0.0, 0.0, 0.267309
0.0, 0.0, 0.228727
0.0, 0.0, 0.242205
0.0, 0.0, 0.302241
0.0, 0.0, 0.389797
0.0, 0.0, 0.487192
0.0, 0.0, 0.584360
0.0, 0.0, 0.677178
0.0, 0.0, 0.764912
0.0, 0.0, 0.849145
0.0, 0.0, 0.933523
0.0, 0.0, 1.023566
0.0, 0.0, 1.126167
0.0, 0.0, 1.248662
0.0, 0.0, 1.397616
0.0, 0.0, 1.577567
0.0, 0.0, 1.789937
0.0, 0.0, 2.032009
0.0, 0.0, 2.295632
0.0, 0.0, 2.565576
0.0, 0.0, 2.818609
0.0, 0.0, 3.025792
0.0, 0.0, 3.159772
0.0, 0.0, 3.204630
0.0, 0.0, 3.161879
0.0, 0.0, 3.048069
0.0, 0.0, 2.886252
0.0, 0.0, 2.697735
0.0, 0.0, 2.498211
0.0, 0.0, 2.297788
0.0, 0.0, 2.102504
0.0, 0.0, 1.915779
0.0, 0.0, 1.739410
0.0, 0.0, 1.574161
0.0, 0.0, 1.419844
0.0, 0.0, 1.274625
0.0, 0.0, 1.133880
0.0, 0.0, 1.087386
0.0, 0.0, 1.222470
0.0, 0.0, 1.362989
0.0, 0.0, 1.513937
0.0, 0.0, 1.677849
0.0, 0.0, 1.856002
0.0, 0.0, 2.049217
0.0, 0.0, 2.257934
0.0, 0.0, 2.481843
0.0, 0.0, 2.719013
0.0, 0.0, 2.964156
0.0, 0.0, 3.205319
0.0, 0.0, 3.419415
0.0, 0.0, 3.571064
0.0, 0.0, 3.621708
0.0, 0.0, 3.548581
0.0, 0.0, 3.359686
0.0, 0.0, 3.090580
0.0, 0.0, 2.785800
0.0, 0.0, 2.481337
0.0, 0.0, 2.198693
0.0, 0.0, 1.947692
0.0, 0.0, 1.730964
0.0, 0.0, 1.546883
0.0, 0.0, 1.391187
0.0, 0.0, 1.258042
0.0, 0.0, 1.140954
0.0, 0.0, 1.033652
0.0, 0.0, 0.930824
0.0, 0.0, 0.828643
0.0, 0.0, 0.725074
0.0, 0.0, 0.620119
0.0, 0.0, 0.516431
0.0, 0.0, 0.420876
0.0, 0.0, 0.346424
0.0, 0.0, 0.310096
0.0, 0.0, 0.322595
0.0, 0.0, 0.380053
0.0, 0.0, 0.467017
0.0, 0.0, 0.567820
0.0, 0.0, 0.672679
0.0, 0.0, 0.777084
0.0, 0.0, 0.879824
0.0, 0.0, 0.981957
0.0, 0.0, 1.086442
0.0, 0.0, 1.197897
0.0, 0.0, 1.322196
0.0, 0.0, 1.465825
0.0, 0.0, 1.635060
0.0, 0.0, 1.835069
0.0, 0.0, 2.068947
0.0, 0.0, 2.336458
0.0, 0.0, 2.631866
0.0, 0.0, 2.940115
0.0, 0.0, 3.232437
0.0, 0.0, 3.467001
0.0, 0.0, 3.601055
0.0, 0.0, 3.611148
0.0, 0.0, 3.505617
0.0, 0.0, 3.317721
0.0, 0.0, 3.086365
0.0, 0.0, 2.841126
0.0, 0.0, 2.598993
0.0, 0.0, 2.368058
0.0, 0.0, 2.151633
0.0, 0.0, 1.950688
0.0, 0.0, 1.765085
0.0, 0.0, 1.594131
0.0, 0.0, 1.436582
0.0, 0.0, 1.289868
0.0, 0.0, 1.148879
0.0, 0.0, 1.104523
0.0, 0.0, 1.239068
0.0, 0.0, 1.380102
0.0, 0.0, 1.532956
0.0, 0.0, 1.700757
0.0, 0.0, 1.885696
0.0, 0.0, 2.089928
0.0, 0.0, 2.315834
0.0, 0.0, 2.565890
0.0, 0.0, 2.842066
0.0, 0.0, 3.144067
0.0, 0.0, 3.464455
0.0, 0.0, 3.778025
0.0, 0.0, 4.031812
0.0, 0.0, 4.155782
0.0, 0.0, 4.101729
0.0, 0.0, 3.879230
0.0, 0.0, 3.549468
0.0, 0.0, 3.183981
0.0, 0.0, 2.831501
0.0, 0.0, 2.513682
0.0, 0.0, 2.236191
0.0, 0.0, 1.997619
0.0, 0.0, 1.793544
0.0, 0.0, 1.618195
0.0, 0.0, 1.465288
0.0, 0.0, 1.328631
0.0, 0.0, 1.202681
0.0, 0.0, 1.083013
0.0, 0.0, 0.966683
0.0, 0.0, 0.852478
0.0, 0.0, 0.741181
0.0, 0.0, 0.636093
0.0, 0.0, 0.544009
0.0, 0.0, 0.475771
0.0, 0.0, 0.443527
0.0, 0.0, 0.454525
0.0, 0.0, 0.506147
0.0, 0.0, 0.587853
0.0, 0.0, 0.687535
0.0, 0.0, 0.796328
0.0, 0.0, 0.909316
0.0, 0.0, 1.024549
0.0, 0.0, 1.142283
0.0, 0.0, 1.264625
0.0, 0.0, 1.395296
0.0, 0.0, 1.539332
0.0, 0.0, 1.702667
0.0, 0.0, 1.891610
0.0, 0.0, 2.112271
0.0, 0.0, 2.369882
0.0, 0.0, 2.667665
0.0, 0.0, 3.004279
0.0, 0.0, 3.367685
0.0, 0.0, 3.723673
0.0, 0.0, 4.009585
0.0, 0.0, 4.153033
0.0, 0.0, 4.114816
0.0, 0.0, 3.916955
0.0, 0.0, 3.624727
0.0, 0.0, 3.302927
0.0, 0.0, 2.990040
0.0, 0.0, 2.700644
0.0, 0.0, 2.437696
0.0, 0.0, 2.200016
0.0, 0.0, 1.985257
0.0, 0.0, 1.790952
0.0, 0.0, 1.614799
0.0, 0.0, 1.454451
0.0, 0.0, 1.306605
0.0, 0.0, 1.165703
0.0, 0.0, 1.122708
0.0, 0.0, 1.256269
0.0, 0.0, 1.397271
0.0, 0.0, 1.551295
0.0, 0.0, 1.721983
0.0, 0.0, 1.912355
0.0, 0.0, 2.125828
0.0, 0.0, 2.366705
0.0, 0.0, 2.640424
0.0, 0.0, 2.953560
0.0, 0.0, 3.312763
0.0, 0.0, 3.719338
0.0, 0.0, 4.152208
0.0, 0.0, 4.539053
0.0, 0.0, 4.761617
0.0, 0.0, 4.727752
0.0, 0.0, 4.451213
0.0, 0.0, 4.037230
0.0, 0.0, 3.597544
0.0, 0.0, 3.192604
0.0, 0.0, 2.839715
0.0, 0.0, 2.537666
0.0, 0.0, 2.279877
0.0, 0.0, 2.058741
0.0, 0.0, 1.866802
0.0, 0.0, 1.697170
0.0, 0.0, 1.543790
0.0, 0.0, 1.401733
0.0, 0.0, 1.267449
0.0, 0.0, 1.138968
0.0, 0.0, 1.016036
0.0, 0.0, 0.900271
0.0, 0.0, 0.795438
0.0, 0.0, 0.707771
0.0, 0.0, 0.645565
0.0, 0.0, 0.617025
0.0, 0.0, 0.626679
0.0, 0.0, 0.672938
0.0, 0.0, 0.748978
0.0, 0.0, 0.846160
0.0, 0.0, 0.957077
0.0, 0.0, 1.076753
0.0, 0.0, 1.202541
0.0, 0.0, 1.333781
0.0, 0.0, 1.471603
0.0, 0.0, 1.618786
0.0, 0.0, 1.779599
0.0, 0.0, 1.959569
0.0, 0.0, 2.165203
0.0, 0.0, 2.403710
0.0, 0.0, 2.682697
0.0, 0.0, 3.009513
0.0, 0.0, 3.389055
0.0, 0.0, 3.816133
0.0, 0.0, 4.256002
0.0, 0.0, 4.618635
0.0, 0.0, 4.783278
0.0, 0.0, 4.680978
0.0, 0.0, 4.359001
0.0, 0.0, 3.935348
0.0, 0.0, 3.510542
0.0, 0.0, 3.127066
0.0, 0.0, 2.791623
0.0, 0.0, 2.499072
0.0, 0.0, 2.242530
0.0, 0.0, 2.015960
0.0, 0.0, 1.814510
0.0, 0.0, 1.634324
0.0, 0.0, 1.472038
0.0, 0.0, 1.323705
0.0, 0.0, 1.183410
0.0, 0.0, 1.141068
0.0, 0.0, 1.273077
0.0, 0.0, 1.413298
0.0, 0.0, 1.567444
0.0, 0.0, 1.739526
0.0, 0.0, 1.933196
0.0, 0.0, 2.152856
0.0, 0.0, 2.404336
0.0, 0.0, 2.695518
0.0, 0.0, 3.036987
0.0, 0.0, 3.441970
0.0, 0.0, 3.921481
0.0, 0.0, 4.462361
0.0, 0.0, 4.982718
0.0, 0.0, 5.309878
0.0, 0.0, 5.298972
0.0, 0.0, 4.967367
0.0, 0.0, 4.477334
0.0, 0.0, 3.977653
0.0, 0.0, 3.534320
0.0, 0.0, 3.158164
0.0, 0.0, 2.841051
0.0, 0.0, 2.571826
0.0, 0.0, 2.340199
0.0, 0.0, 2.137299
0.0, 0.0, 1.955691
0.0, 0.0, 1.789430
0.0, 0.0, 1.634185
0.0, 0.0, 1.487347
0.0, 0.0, 1.348060
0.0, 0.0, 1.217162
0.0, 0.0, 1.097115
0.0, 0.0, 0.991956
0.0, 0.0, 0.907142
0.0, 0.0, 0.848904
0.0, 0.0, 0.822754
0.0, 0.0, 0.831556
0.0, 0.0, 0.874318
0.0, 0.0, 0.946622
0.0, 0.0, 1.042363
0.0, 0.0, 1.155567
0.0, 0.0, 1.281446
0.0, 0.0, 1.416746
0.0, 0.0, 1.559809
0.0, 0.0, 1.710634
0.0, 0.0, 1.870952
0.0, 0.0, 2.044241
0.0, 0.0, 2.235656
0.0, 0.0, 2.451900
0.0, 0.0, 2.701127
0.0, 0.0, 2.992927
0.0, 0.0, 3.338191
0.0, 0.0, 3.747622
0.0, 0.0, 4.223886
0.0, 0.0, 4.735419
0.0, 0.0, 5.175137
0.0, 0.0, 5.360219
0.0, 0.0, 5.188440
0.0, 0.0, 4.734778
0.0, 0.0, 4.186943
0.0, 0.0, 3.672097
0.0, 0.0, 3.230656
0.0, 0.0, 2.859187
0.0, 0.0, 2.544373
0.0, 0.0, 2.274182
0.0, 0.0, 2.039454
0.0, 0.0, 1.833412
0.0, 0.0, 1.650980
0.0, 0.0, 1.488008
0.0, 0.0, 1.340081
0.0, 0.0, 1.201076
0.0, 0.0, 1.158798
0.0, 0.0, 1.288588
0.0, 0.0, 1.427128
0.0, 0.0, 1.580113
0.0, 0.0, 1.751727
0.0, 0.0, 1.945968
0.0, 0.0, 2.167766
0.0, 0.0, 2.423754
0.0, 0.0, 2.723046
0.0, 0.0, 3.078177
0.0, 0.0, 3.505514
0.0, 0.0, 4.020708
0.0, 0.0, 4.615546
0.0, 0.0, 5.203836
0.0, 0.0, 5.599269
0.0, 0.0, 5.614767
0.0, 0.0, 5.279366
0.0, 0.0, 4.777069
0.0, 0.0, 4.268935
0.0, 0.0, 3.823235
0.0, 0.0, 3.448278
0.0, 0.0, 3.133487
0.0, 0.0, 2.866006
0.0, 0.0, 2.634417
0.0, 0.0, 2.429133
0.0, 0.0, 2.242388
0.0, 0.0, 2.068346
0.0, 0.0, 1.903284
0.0, 0.0, 1.745672
0.0, 0.0, 1.596026
0.0, 0.0, 1.456572
0.0, 0.0, 1.330819
0.0, 0.0, 1.223171
0.0, 0.0, 1.138534
0.0, 0.0, 1.081726
0.0, 0.0, 1.056595
0.0, 0.0, 1.065027
0.0, 0.0, 1.106376
0.0, 0.0, 1.177664
0.0, 0.0, 1.274432
0.0, 0.0, 1.391724
0.0, 0.0, 1.524831
0.0, 0.0, 1.669749
0.0, 0.0, 1.823559
0.0, 0.0, 1.984839
0.0, 0.0, 2.154063
0.0, 0.0, 2.333855
0.0, 0.0, 2.529015
0.0, 0.0, 2.746366
0.0, 0.0, 2.994588
0.0, 0.0, 3.284184
0.0, 0.0, 3.627430
0.0, 0.0, 4.037123
0.0, 0.0, 4.518717
0.0, 0.0, 5.042665
0.0, 0.0, 5.492884
0.0, 0.0, 5.675231
0.0, 0.0, 5.445549
0.0, 0.0, 4.921361
0.0, 0.0, 4.310595
0.0, 0.0, 3.751463
0.0, 0.0, 3.281678
0.0, 0.0, 2.892690
0.0, 0.0, 2.567295
0.0, 0.0, 2.290986
0.0, 0.0, 2.053056
0.0, 0.0, 1.845741
0.0, 0.0, 1.663312
0.0, 0.0, 1.501202
0.0, 0.0, 1.354764
0.0, 0.0, 1.217852
0.0, 0.0, 1.175191
0.0, 0.0, 1.302046
0.0, 0.0, 1.437921
0.0, 0.0, 1.588339
0.0, 0.0, 1.757442
0.0, 0.0, 1.949247
0.0, 0.0, 2.168694
0.0, 0.0, 2.422342
0.0, 0.0, 2.719031
0.0, 0.0, 3.070548
0.0, 0.0, 3.491516
0.0, 0.0, 3.994328
0.0, 0.0, 4.567062
0.0, 0.0, 5.129482
0.0, 0.0, 5.511337
0.0, 0.0, 5.568360
0.0, 0.0, 5.308630
0.0, 0.0, 4.883094
0.0, 0.0, 4.436218
0.0, 0.0, 4.035093
0.0, 0.0, 3.692885
0.0, 0.0, 3.402956
0.0, 0.0, 3.154590
0.0, 0.0, 2.937196
0.0, 0.0, 2.741228
0.0, 0.0, 2.558647
0.0, 0.0, 2.383502
0.0, 0.0, 2.212534
0.0, 0.0, 2.045452
0.0, 0.0, 1.884642
0.0, 0.0, 1.734367
0.0, 0.0, 1.599789
0.0, 0.0, 1.486161
0.0, 0.0, 1.398300
0.0, 0.0, 1.340227
0.0, 0.0, 1.314793
0.0, 0.0, 1.323309
0.0, 0.0, 1.365330
0.0, 0.0, 1.438735
0.0, 0.0, 1.540040
0.0, 0.0, 1.664782
0.0, 0.0, 1.807875
0.0, 0.0, 1.964028
0.0, 0.0, 2.128413
0.0, 0.0, 2.297584
0.0, 0.0, 2.470417
0.0, 0.0, 2.648692
0.0, 0.0, 2.837077
0.0, 0.0, 3.042648
0.0, 0.0, 3.274258
0.0, 0.0, 3.542037
0.0, 0.0, 3.856850
0.0, 0.0, 4.228461
0.0, 0.0, 4.657512
0.0, 0.0, 5.110257
0.0, 0.0, 5.480692
0.0, 0.0, 5.594129
0.0, 0.0, 5.360849
0.0, 0.0, 4.859128
0.0, 0.0, 4.274581
0.0, 0.0, 3.732302
0.0, 0.0, 3.271378
0.0, 0.0, 2.887072
0.0, 0.0, 2.564646
0.0, 0.0, 2.290753
0.0, 0.0, 2.055151
0.0, 0.0, 1.850227
0.0, 0.0, 1.670277
0.0, 0.0, 1.510723
0.0, 0.0, 1.366958
0.0, 0.0, 1.233005
0.0, 0.0, 1.189672
0.0, 0.0, 1.312874
0.0, 0.0, 1.445099
0.0, 0.0, 1.591550
0.0, 0.0, 1.756133
0.0, 0.0, 1.942589
0.0, 0.0, 2.155403
0.0, 0.0, 2.400316
0.0, 0.0, 2.684655
0.0, 0.0, 3.017385
0.0, 0.0, 3.407974
0.0, 0.0, 3.860704
0.0, 0.0, 4.357385
0.0, 0.0, 4.828709
0.0, 0.0, 5.159023
0.0, 0.0, 5.251854
0.0, 0.0, 5.107695
0.0, 0.0, 4.816169
0.0, 0.0, 4.481092
0.0, 0.0, 4.163199
0.0, 0.0, 3.882671
0.0, 0.0, 3.640392
0.0, 0.0, 3.430327
0.0, 0.0, 3.244020
0.0, 0.0, 3.072218
0.0, 0.0, 2.906056
0.0, 0.0, 2.738559
0.0, 0.0, 2.566263
0.0, 0.0, 2.390196
0.0, 0.0, 2.215496
0.0, 0.0, 2.049778
0.0, 0.0, 1.901093
0.0, 0.0, 1.776425
0.0, 0.0, 1.681090
0.0, 0.0, 1.618757
0.0, 0.0, 1.591653
0.0, 0.0, 1.600713
0.0, 0.0, 1.645628
0.0, 0.0, 1.724825
0.0, 0.0, 1.835383
0.0, 0.0, 1.972834
0.0, 0.0, 2.130999
0.0, 0.0, 2.302232
0.0, 0.0, 2.478462
0.0, 0.0, 2.653054
0.0, 0.0, 2.822789
0.0, 0.0, 2.988932
0.0, 0.0, 3.156885
0.0, 0.0, 3.334776
0.0, 0.0, 3.531829
0.0, 0.0, 3.757041
0.0, 0.0, 4.017958
0.0, 0.0, 4.318147
0.0, 0.0, 4.649706
0.0, 0.0, 4.975654
0.0, 0.0, 5.209116
0.0, 0.0, 5.242238
0.0, 0.0, 5.021586
0.0, 0.0, 4.603673
0.0, 0.0, 4.106251
0.0, 0.0, 3.626805
0.0, 0.0, 3.204923
0.0, 0.0, 2.844362
0.0, 0.0, 2.537033
0.0, 0.0, 2.273429
0.0, 0.0, 2.045377
0.0, 0.0, 1.846370
0.0, 0.0, 1.671315
0.0, 0.0, 1.515993
0.0, 0.0, 1.376082
0.0, 0.0, 1.245952
0.0, 0.0, 1.201812
0.0, 0.0, 1.320693
0.0, 0.0, 1.448353
0.0, 0.0, 1.589565
0.0, 0.0, 1.747849
0.0, 0.0, 1.926458
0.0, 0.0, 2.129120
0.0, 0.0, 2.360326
0.0, 0.0, 2.625305
0.0, 0.0, 2.929503
0.0, 0.0, 3.276766
0.0, 0.0, 3.664168
0.0, 0.0, 4.070878
0.0, 0.0, 4.447379
0.0, 0.0, 4.723320
0.0, 0.0, 4.842967
0.0, 0.0, 4.801241
0.0, 0.0, 4.644010
0.0, 0.0, 4.433554
0.0, 0.0, 4.216567
0.0, 0.0, 4.016261
0.0, 0.0, 3.839958
0.0, 0.0, 3.686495
0.0, 0.0, 3.549743
0.0, 0.0, 3.420187
0.0, 0.0, 3.286510
0.0, 0.0, 3.138386
0.0, 0.0, 2.970265
0.0, 0.0, 2.784226
0.0, 0.0, 2.589761
0.0, 0.0, 2.400388
0.0, 0.0, 2.229301
0.0, 0.0, 2.086543
0.0, 0.0, 1.978439
0.0, 0.0, 1.908441
0.0, 0.0, 1.878198
0.0, 0.0, 1.888294
0.0, 0.0, 1.938542
0.0, 0.0, 2.027889
0.0, 0.0, 2.153904
0.0, 0.0, 2.311840
0.0, 0.0, 2.493560
0.0, 0.0, 2.687242
0.0, 0.0, 2.879037
0.0, 0.0, 3.056889
0.0, 0.0, 3.214756
0.0, 0.0, 3.354575
0.0, 0.0, 3.484756
0.0, 0.0, 3.616560
0.0, 0.0, 3.760661
0.0, 0.0, 3.925039
0.0, 0.0, 4.113608
0.0, 0.0, 4.323977
0.0, 0.0, 4.542192
0.0, 0.0, 4.733709
0.0, 0.0, 4.841316
0.0, 0.0, 4.805449
0.0, 0.0, 4.602979
0.0, 0.0, 4.267362
0.0, 0.0, 3.867505
0.0, 0.0, 3.466134
0.0, 0.0, 3.097674
0.0, 0.0, 2.772187
0.0, 0.0, 2.488247
0.0, 0.0, 2.240843
0.0, 0.0, 2.024521
0.0, 0.0, 1.834394
0.0, 0.0, 1.666342
0.0, 0.0, 1.516757
0.0, 0.0, 1.381784
0.0, 0.0, 1.256275
0.0, 0.0, 1.211334
0.0, 0.0, 1.325313
0.0, 0.0, 1.447626
0.0, 0.0, 1.582545
0.0, 0.0, 1.733115
0.0, 0.0, 1.901999
0.0, 0.0, 2.092053
0.0, 0.0, 2.306434
0.0, 0.0, 2.548334
0.0, 0.0, 2.820190
0.0, 0.0, 3.121859
0.0, 0.0, 3.446922
0.0, 0.0, 3.777336
0.0, 0.0, 4.080507
0.0, 0.0, 4.315830
0.0, 0.0, 4.451869
0.0, 0.0, 4.482850
0.0, 0.0, 4.430244
0.0, 0.0, 4.328872
0.0, 0.0, 4.210609
0.0, 0.0, 4.096577
0.0, 0.0, 3.997362
0.0, 0.0, 3.915549
0.0, 0.0, 3.847060
0.0, 0.0, 3.781197
0.0, 0.0, 3.701311
0.0, 0.0, 3.588933
0.0, 0.0, 3.431954
0.0, 0.0, 3.232351
0.0, 0.0, 3.007007
0.0, 0.0, 2.780338
0.0, 0.0, 2.574619
0.0, 0.0, 2.404573
0.0, 0.0, 2.277540
0.0, 0.0, 2.196252
0.0, 0.0, 2.161385
0.0, 0.0, 2.173007
0.0, 0.0, 2.231109
0.0, 0.0, 2.335435
0.0, 0.0, 2.484533
0.0, 0.0, 2.673739
0.0, 0.0, 2.892294
0.0, 0.0, 3.121413
0.0, 0.0, 3.336704
0.0, 0.0, 3.516268
0.0, 0.0, 3.650193
0.0, 0.0, 3.744198
0.0, 0.0, 3.814727
0.0, 0.0, 3.880150
0.0, 0.0, 3.954383
0.0, 0.0, 4.044793
0.0, 0.0, 4.152188
0.0, 0.0, 4.270268
0.0, 0.0, 4.383492
0.0, 0.0, 4.465010
0.0, 0.0, 4.479815
0.0, 0.0, 4.397477
0.0, 0.0, 4.209166
0.0, 0.0, 3.934885
0.0, 0.0, 3.613179
0.0, 0.0, 3.282256
0.0, 0.0, 2.967491
0.0, 0.0, 2.680434
0.0, 0.0, 2.423760
0.0, 0.0, 2.195999
0.0, 0.0, 1.994189
0.0, 0.0, 1.815096
0.0, 0.0, 1.655677
0.0, 0.0, 1.513053
0.0, 0.0, 1.383929
0.0, 0.0, 1.263725
0.0, 0.0, 1.218098
0.0, 0.0, 1.326712
0.0, 0.0, 1.443066
0.0, 0.0, 1.570904
0.0, 0.0, 1.712773
0.0, 0.0, 1.870732
0.0, 0.0, 2.046808
0.0, 0.0, 2.242990
0.0, 0.0, 2.460878
0.0, 0.0, 2.700907
0.0, 0.0, 2.960960
0.0, 0.0, 3.234240
0.0, 0.0, 3.507079
0.0, 0.0, 3.758774
0.0, 0.0, 3.965862
0.0, 0.0, 4.110459
0.0, 0.0, 4.187943
0.0, 0.0, 4.208470
0.0, 0.0, 4.191593
0.0, 0.0, 4.158475
0.0, 0.0, 4.126506
0.0, 0.0, 4.107375
0.0, 0.0, 4.106753
0.0, 0.0, 4.123233
0.0, 0.0, 4.145106
0.0, 0.0, 4.146980
0.0, 0.0, 4.093784
0.0, 0.0, 3.957308
0.0, 0.0, 3.736330
0.0, 0.0, 3.461029
0.0, 0.0, 3.176360
0.0, 0.0, 2.919935
0.0, 0.0, 2.712318
0.0, 0.0, 2.560420
0.0, 0.0, 2.464724
0.0, 0.0, 2.424038
0.0, 0.0, 2.437576
0.0, 0.0, 2.505615
0.0, 0.0, 2.629296
0.0, 0.0, 2.809362
0.0, 0.0, 3.042906
0.0, 0.0, 3.317076
0.0, 0.0, 3.602578
0.0, 0.0, 3.855948
0.0, 0.0, 4.036690
0.0, 0.0, 4.129385
0.0, 0.0, 4.150626
0.0, 0.0, 4.134756
0.0, 0.0, 4.113297
0.0, 0.0, 4.104647
0.0, 0.0, 4.114837
0.0, 0.0, 4.141478
0.0, 0.0, 4.175853
0.0, 0.0, 4.203344
0.0, 0.0, 4.204237
0.0, 0.0, 4.157273
0.0, 0.0, 4.046638
0.0, 0.0, 3.869259
0.0, 0.0, 3.637060
0.0, 0.0, 3.371869
0.0, 0.0, 3.096622
0.0, 0.0, 2.828717
0.0, 0.0, 2.578176
0.0, 0.0, 2.349154
0.0, 0.0, 2.142271
0.0, 0.0, 1.956377
0.0, 0.0, 1.789614
0.0, 0.0, 1.639925
0.0, 0.0, 1.505147
0.0, 0.0, 1.382569
0.0, 0.0, 1.268207
0.0, 0.0, 1.222090
0.0, 0.0, 1.325003
0.0, 0.0, 1.434971
0.0, 0.0, 1.555216
0.0, 0.0, 1.687807
0.0, 0.0, 1.834259
0.0, 0.0, 1.995902
0.0, 0.0, 2.173835
0.0, 0.0, 2.368589
0.0, 0.0, 2.579533
0.0, 0.0, 2.803980
0.0, 0.0, 3.036114
0.0, 0.0, 3.266248
0.0, 0.0, 3.481373
0.0, 0.0, 3.667758
0.0, 0.0, 3.815151
0.0, 0.0, 3.920569
0.0, 0.0, 3.989441
0.0, 0.0, 4.033630
0.0, 0.0, 4.067863
0.0, 0.0, 4.106613
0.0, 0.0, 4.162286
0.0, 0.0, 4.244047
0.0, 0.0, 4.355292
0.0, 0.0, 4.486436
0.0, 0.0, 4.602146
0.0, 0.0, 4.638895
0.0, 0.0, 4.535376
0.0, 0.0, 4.280263
0.0, 0.0, 3.927943
0.0, 0.0, 3.559955
0.0, 0.0, 3.237125
0.0, 0.0, 2.984305
0.0, 0.0, 2.804257
0.0, 0.0, 2.692859
0.0, 0.0, 2.645952
0.0, 0.0, 2.661530
0.0, 0.0, 2.740274
0.0, 0.0, 2.885395
0.0, 0.0, 3.101491
0.0, 0.0, 3.390514
0.0, 0.0, 3.740860
0.0, 0.0, 4.110323
0.0, 0.0, 4.423581
0.0, 0.0, 4.606145
0.0, 0.0, 4.634432
0.0, 0.0, 4.549643
0.0, 0.0, 4.419863
0.0, 0.0, 4.296155
0.0, 0.0, 4.199507
0.0, 0.0, 4.131669
0.0, 0.0, 4.085835
0.0, 0.0, 4.051054
0.0, 0.0, 4.013726
0.0, 0.0, 3.958943
0.0, 0.0, 3.872955
0.0, 0.0, 3.746716
0.0, 0.0, 3.578934
0.0, 0.0, 3.376574
0.0, 0.0, 3.152186
0.0, 0.0, 2.919599
0.0, 0.0, 2.690347
0.0, 0.0, 2.472145
0.0, 0.0, 2.269112
0.0, 0.0, 2.082781
0.0, 0.0, 1.913105
0.0, 0.0, 1.759213
0.0, 0.0, 1.619843
0.0, 0.0, 1.493458
0.0, 0.0, 1.377895
0.0, 0.0, 1.269752
0.0, 0.0, 1.223390
0.0, 0.0, 1.320396
0.0, 0.0, 1.423728
0.0, 0.0, 1.536122
0.0, 0.0, 1.659215
0.0, 0.0, 1.794073
0.0, 0.0, 1.941490
0.0, 0.0, 2.101948
0.0, 0.0, 2.275359
0.0, 0.0, 2.460654
0.0, 0.0, 2.655276
0.0, 0.0, 2.854702
0.0, 0.0, 3.052297
0.0, 0.0, 3.239915
0.0, 0.0, 3.409474
0.0, 0.0, 3.555190
0.0, 0.0, 3.675575
0.0, 0.0, 3.774279
0.0, 0.0, 3.859473
0.0, 0.0, 3.942366
0.0, 0.0, 4.035699
0.0, 0.0, 4.152768
0.0, 0.0, 4.306632
0.0, 0.0, 4.507558
0.0, 0.0, 4.752852
0.0, 0.0, 5.002302
0.0, 0.0, 5.155869
0.0, 0.0, 5.097657
0.0, 0.0, 4.796568
0.0, 0.0, 4.344579
0.0, 0.0, 3.878685
0.0, 0.0, 3.485926
0.0, 0.0, 3.189444
0.0, 0.0, 2.983850
0.0, 0.0, 2.858752
0.0, 0.0, 2.806526
0.0, 0.0, 2.823842
0.0, 0.0, 2.911810
0.0, 0.0, 3.075960
0.0, 0.0, 3.325684
0.0, 0.0, 3.670460
0.0, 0.0, 4.105078
0.0, 0.0, 4.577699
0.0, 0.0, 4.970165
0.0, 0.0, 5.154988
0.0, 0.0, 5.097742
0.0, 0.0, 4.881866
0.0, 0.0, 4.625999
0.0, 0.0, 4.400887
0.0, 0.0, 4.224334
0.0, 0.0, 4.090433
0.0, 0.0, 3.986902
0.0, 0.0, 3.900433
0.0, 0.0, 3.817916
0.0, 0.0, 3.727218
0.0, 0.0, 3.618441
0.0, 0.0, 3.485524
0.0, 0.0, 3.327395
0.0, 0.0, 3.147885
0.0, 0.0, 2.954216
0.0, 0.0, 2.754757
0.0, 0.0, 2.557032
0.0, 0.0, 2.366640
0.0, 0.0, 2.187073
0.0, 0.0, 2.020077
0.0, 0.0, 1.866172
0.0, 0.0, 1.725117
0.0, 0.0, 1.596234
0.0, 0.0, 1.478490
0.0, 0.0, 1.370198
0.0, 0.0, 1.268495
0.0, 0.0, 1.222150
0.0, 0.0, 1.313163
0.0, 0.0, 1.409768
0.0, 0.0, 1.514262
0.0, 0.0, 1.627918
0.0, 0.0, 1.751446
0.0, 0.0, 1.885257
0.0, 0.0, 2.029444
0.0, 0.0, 2.183600
0.0, 0.0, 2.346573
0.0, 0.0, 2.516194
0.0, 0.0, 2.689112
0.0, 0.0, 2.860858
0.0, 0.0, 3.026348
0.0, 0.0, 3.180851
0.0, 0.0, 3.321249
0.0, 0.0, 3.447180
0.0, 0.0, 3.561650
0.0, 0.0, 3.670989
0.0, 0.0, 3.784371
0.0, 0.0, 3.913320
0.0, 0.0, 4.071523
0.0, 0.0, 4.274807
0.0, 0.0, 4.539314
0.0, 0.0, 4.870309
0.0, 0.0, 5.228718
0.0, 0.0, 5.490409
0.0, 0.0, 5.478915
0.0, 0.0, 5.138186
0.0, 0.0, 4.601424
0.0, 0.0, 4.062142
0.0, 0.0, 3.621470
0.0, 0.0, 3.297443
0.0, 0.0, 3.076729
0.0, 0.0, 2.943870
0.0, 0.0, 2.888702
0.0, 0.0, 2.906975
0.0, 0.0, 3.000094
0.0, 0.0, 3.175235
0.0, 0.0, 3.445455
0.0, 0.0, 3.826774
0.0, 0.0, 4.321513
0.0, 0.0, 4.875213
0.0, 0.0, 5.336166
0.0, 0.0, 5.519835
0.0, 0.0, 5.380766
0.0, 0.0, 5.051542
0.0, 0.0, 4.697484
0.0, 0.0, 4.398599
0.0, 0.0, 4.166477
0.0, 0.0, 3.987823
0.0, 0.0, 3.846096
0.0, 0.0, 3.726506
0.0, 0.0, 3.616448
0.0, 0.0, 3.505526
0.0, 0.0, 3.385917
0.0, 0.0, 3.252911
0.0, 0.0, 3.105221
0.0, 0.0, 2.944703
0.0, 0.0, 2.775444
0.0, 0.0, 2.602498
0.0, 0.0, 2.430733
0.0, 0.0, 2.264094
0.0, 0.0, 2.105327
0.0, 0.0, 1.956064
0.0, 0.0, 1.817051
0.0, 0.0, 1.688415
0.0, 0.0, 1.569872
0.0, 0.0, 1.460770
0.0, 0.0, 1.359821
0.0, 0.0, 1.264638
0.0, 0.0, 1.218576
0.0, 0.0, 1.303610
0.0, 0.0, 1.393528
0.0, 0.0, 1.490237
0.0, 0.0, 1.594715
0.0, 0.0, 1.707403
0.0, 0.0, 1.828450
0.0, 0.0, 1.957720
0.0, 0.0, 2.094676
0.0, 0.0, 2.238239
0.0, 0.0, 2.386672
0.0, 0.0, 2.537542
0.0, 0.0, 2.687860
0.0, 0.0, 2.834454
0.0, 0.0, 2.974588
0.0, 0.0, 3.106714
0.0, 0.0, 3.231161
0.0, 0.0, 3.350595
0.0, 0.0, 3.470170
0.0, 0.0, 3.597494
0.0, 0.0, 3.742616
0.0, 0.0, 3.918231
0.0, 0.0, 4.139967
0.0, 0.0, 4.424902
0.0, 0.0, 4.780526
0.0, 0.0, 5.169899
0.0, 0.0, 5.464738
0.0, 0.0, 5.481431
0.0, 0.0, 5.138852
0.0, 0.0, 4.597253
0.0, 0.0, 4.053499
0.0, 0.0, 3.612092
0.0, 0.0, 3.289062
0.0, 0.0, 3.069667
0.0, 0.0, 2.937805
0.0, 0.0, 2.883089
0.0, 0.0, 2.901209
0.0, 0.0, 2.993591
0.0, 0.0, 3.167527
0.0, 0.0, 3.436465
0.0, 0.0, 3.817384
0.0, 0.0, 4.314279
0.0, 0.0, 4.872663
0.0, 0.0, 5.336532
0.0, 0.0, 5.509363
0.0, 0.0, 5.337937
0.0, 0.0, 4.976531
0.0, 0.0, 4.594694
0.0, 0.0, 4.273619
0.0, 0.0, 4.022253
0.0, 0.0, 3.825705
0.0, 0.0, 3.667104
0.0, 0.0, 3.532294
0.0, 0.0, 3.409946
0.0, 0.0, 3.291241
0.0, 0.0, 3.169789
0.0, 0.0, 3.041683
0.0, 0.0, 2.905462
0.0, 0.0, 2.761812
0.0, 0.0, 2.612970
0.0, 0.0, 2.461980
0.0, 0.0, 2.311984
0.0, 0.0, 2.165724
0.0, 0.0, 2.025290
0.0, 0.0, 1.892079
0.0, 0.0, 1.766882
0.0, 0.0, 1.650017
0.0, 0.0, 1.541452
0.0, 0.0, 1.440813
0.0, 0.0, 1.347129
0.0, 0.0, 1.258430
0.0, 0.0, 1.212898
0.0, 0.0, 1.292053
0.0, 0.0, 1.375422
0.0, 0.0, 1.464584
0.0, 0.0, 1.560274
0.0, 0.0, 1.662736
0.0, 0.0, 1.771951
0.0, 0.0, 1.887656
0.0, 0.0, 2.009282
0.0, 0.0, 2.135883
0.0, 0.0, 2.266091
0.0, 0.0, 2.398148
0.0, 0.0, 2.530040
0.0, 0.0, 2.659771
0.0, 0.0, 2.785768
0.0, 0.0, 2.907341
0.0, 0.0, 3.025127
0.0, 0.0, 3.141404
0.0, 0.0, 3.260277
0.0, 0.0, 3.387756
0.0, 0.0, 3.531832
0.0, 0.0, 3.702619
0.0, 0.0, 3.912283
0.0, 0.0, 4.173077
0.0, 0.0, 4.487024
0.0, 0.0, 4.817263
0.0, 0.0, 5.055918
0.0, 0.0, 5.055964
0.0, 0.0, 4.775740
0.0, 0.0, 4.318372
0.0, 0.0, 3.848347
0.0, 0.0, 3.456892
0.0, 0.0, 3.164684
0.0, 0.0, 2.963459
0.0, 0.0, 2.841470
0.0, 0.0, 2.790626
0.0, 0.0, 2.807478
0.0, 0.0, 2.893173
0.0, 0.0, 3.053487
0.0, 0.0, 3.298630
0.0, 0.0, 3.640078
0.0, 0.0, 4.075481
0.0, 0.0, 4.552640
0.0, 0.0, 4.939450
0.0, 0.0, 5.085198
0.0, 0.0, 4.955410
0.0, 0.0, 4.654880
0.0, 0.0, 4.324456
0.0, 0.0, 4.035724
0.0, 0.0, 3.801775
0.0, 0.0, 3.613169
0.0, 0.0, 3.457139
0.0, 0.0, 3.322489
0.0, 0.0, 3.200186
0.0, 0.0, 3.083242
0.0, 0.0, 2.966607
0.0, 0.0, 2.847104
0.0, 0.0, 2.723306
0.0, 0.0, 2.595289
0.0, 0.0, 2.464244
0.0, 0.0, 2.332011
0.0, 0.0, 2.200638
0.0, 0.0, 2.072036
0.0, 0.0, 1.947779
0.0, 0.0, 1.829020
0.0, 0.0, 1.716510
0.0, 0.0, 1.610654
0.0, 0.0, 1.511575
0.0, 0.0, 1.419092
0.0, 0.0, 1.332488
0.0, 0.0, 1.250140
0.0, 0.0, 1.205366
0.0, 0.0, 1.278803
0.0, 0.0, 1.355839
0.0, 0.0, 1.437768
0.0, 0.0, 1.525136
0.0, 0.0, 1.618047
0.0, 0.0, 1.716370
0.0, 0.0, 1.819781
0.0, 0.0, 1.927725
0.0, 0.0, 2.039389
0.0, 0.0, 2.153694
0.0, 0.0, 2.269348
0.0, 0.0, 2.384959
0.0, 0.0, 2.499233
0.0, 0.0, 2.611233
0.0, 0.0, 2.720677
0.0, 0.0, 2.828207
0.0, 0.0, 2.935597
0.0, 0.0, 3.045872
0.0, 0.0, 3.163345
0.0, 0.0, 3.293575
0.0, 0.0, 3.443198
0.0, 0.0, 3.619261
0.0, 0.0, 3.826658
0.0, 0.0, 4.059720
0.0, 0.0, 4.284353
0.0, 0.0, 4.425323
0.0, 0.0, 4.402127
0.0, 0.0, 4.191829
0.0, 0.0, 3.858704
0.0, 0.0, 3.500502
0.0, 0.0, 3.187722
0.0, 0.0, 2.944887
0.0, 0.0, 2.773018
0.0, 0.0, 2.667035
0.0, 0.0, 2.622475
0.0, 0.0, 2.637270
0.0, 0.0, 2.712117
0.0, 0.0, 2.850374
0.0, 0.0, 3.057204
0.0, 0.0, 3.335893
0.0, 0.0, 3.676156
0.0, 0.0, 4.032074
0.0, 0.0, 4.314647
0.0, 0.0, 4.434991
0.0, 0.0, 4.369566
0.0, 0.0, 4.176780
0.0, 0.0, 3.941244
0.0, 0.0, 3.719004
0.0, 0.0, 3.527514
0.0, 0.0, 3.365517
0.0, 0.0, 3.226472
0.0, 0.0, 3.103390
0.0, 0.0, 2.990135
0.0, 0.0, 2.881761
0.0, 0.0, 2.774600
0.0, 0.0, 2.666260
0.0, 0.0, 2.555554
0.0, 0.0, 2.442334
0.0, 0.0, 2.327245
0.0, 0.0, 2.211440
0.0, 0.0, 2.096288
0.0, 0.0, 1.983154
0.0, 0.0, 1.873231
0.0, 0.0, 1.767469
0.0, 0.0, 1.666547
0.0, 0.0, 1.570902
0.0, 0.0, 1.480746
0.0, 0.0, 1.396034
0.0, 0.0, 1.316243
0.0, 0.0, 1.240047
0.0, 0.0, 1.196227
0.0, 0.0, 1.264157
0.0, 0.0, 1.335124
0.0, 0.0, 1.410187
0.0, 0.0, 1.489739
0.0, 0.0, 1.573783
0.0, 0.0, 1.662122
0.0, 0.0, 1.754401
0.0, 0.0, 1.850098
0.0, 0.0, 1.948510
0.0, 0.0, 2.048770
0.0, 0.0, 2.149894
0.0, 0.0, 2.250870
0.0, 0.0, 2.350799
0.0, 0.0, 2.449061
0.0, 0.0, 2.545497
0.0, 0.0, 2.640571
0.0, 0.0, 2.735476
0.0, 0.0, 2.832182
0.0, 0.0, 2.933370
0.0, 0.0, 3.042256
0.0, 0.0, 3.162151
0.0, 0.0, 3.295465
0.0, 0.0, 3.441263
0.0, 0.0, 3.589835
0.0, 0.0, 3.715010
0.0, 0.0, 3.774910
0.0, 0.0, 3.730825
0.0, 0.0, 3.575833
0.0, 0.0, 3.343591
0.0, 0.0, 3.087882
0.0, 0.0, 2.853045
0.0, 0.0, 2.662204
0.0, 0.0, 2.522528
0.0, 0.0, 2.434529
0.0, 0.0, 2.397112
0.0, 0.0, 2.409563
0.0, 0.0, 2.472133
0.0, 0.0, 2.585863
0.0, 0.0, 2.751425
0.0, 0.0, 2.965837
0.0, 0.0, 3.215131
0.0, 0.0, 3.465467
0.0, 0.0, 3.665122
0.0, 0.0, 3.766606
0.0, 0.0, 3.755594
0.0, 0.0, 3.657615
0.0, 0.0, 3.516394
0.0, 0.0, 3.367122
0.0, 0.0, 3.227066
0.0, 0.0, 3.100637
0.0, 0.0, 2.986639
0.0, 0.0, 2.882024
0.0, 0.0, 2.783452
0.0, 0.0, 2.687939
0.0, 0.0, 2.593147
0.0, 0.0, 2.497495
0.0, 0.0, 2.400162
0.0, 0.0, 2.301013
0.0, 0.0, 2.200461
0.0, 0.0, 2.099288
0.0, 0.0, 1.998469
0.0, 0.0, 1.899016
0.0, 0.0, 1.801862
0.0, 0.0, 1.707798
0.0, 0.0, 1.617434
0.0, 0.0, 1.531208
0.0, 0.0, 1.449384
0.0, 0.0, 1.372011
0.0, 0.0, 1.298717
0.0, 0.0, 1.228422
0.0, 0.0, 1.185724
0.0, 0.0, 1.248391
0.0, 0.0, 1.313589
0.0, 0.0, 1.382177
0.0, 0.0, 1.454431
0.0, 0.0, 1.530281
0.0, 0.0, 1.609488
0.0, 0.0, 1.691687
0.0, 0.0, 1.776387
0.0, 0.0, 1.862973
0.0, 0.0, 1.950721
0.0, 0.0, 2.038841
0.0, 0.0, 2.126547
0.0, 0.0, 2.213142
0.0, 0.0, 2.298132
0.0, 0.0, 2.381328
0.0, 0.0, 2.462927
0.0, 0.0, 2.543561
0.0, 0.0, 2.624261
0.0, 0.0, 2.706347
0.0, 0.0, 2.791155
0.0, 0.0, 2.879548
0.0, 0.0, 2.970981
0.0, 0.0, 3.061821
0.0, 0.0, 3.142797
0.0, 0.0, 3.197238
0.0, 0.0, 3.203905
0.0, 0.0, 3.146523
0.0, 0.0, 3.024775
0.0, 0.0, 2.857169
0.0, 0.0, 2.672518
0.0, 0.0, 2.497550
0.0, 0.0, 2.349909
0.0, 0.0, 2.238471
0.0, 0.0, 2.166770
0.0, 0.0, 2.135934
0.0, 0.0, 2.146217
0.0, 0.0, 2.197550
0.0, 0.0, 2.289361
0.0, 0.0, 2.419588
0.0, 0.0, 2.582467
0.0, 0.0, 2.765084
0.0, 0.0, 2.944905
0.0, 0.0, 3.092819
0.0, 0.0, 3.183614
0.0, 0.0, 3.207766
0.0, 0.0, 3.174617
0.0, 0.0, 3.104409
0.0, 0.0, 3.016892
0.0, 0.0, 2.925013
0.0, 0.0, 2.834890
0.0, 0.0, 2.748337
0.0, 0.0, 2.665043
0.0, 0.0, 2.583824
0.0, 0.0, 2.503308
0.0, 0.0, 2.422298
0.0, 0.0, 2.339952
0.0, 0.0, 2.255859
0.0, 0.0, 2.170020
0.0, 0.0, 2.082793
0.0, 0.0, 1.994785
0.0, 0.0, 1.906750
0.0, 0.0, 1.819488
0.0, 0.0, 1.733761
0.0, 0.0, 1.650241
0.0, 0.0, 1.569485
0.0, 0.0, 1.491918
0.0, 0.0, 1.417835
0.0, 0.0, 1.347348
0.0, 0.0, 1.280203
0.0, 0.0, 1.215528
0.0, 0.0, 1.174089
0.0, 0.0, 1.231757
0.0, 0.0, 1.291503
0.0, 0.0, 1.354022
0.0, 0.0, 1.419492
0.0, 0.0, 1.487793
0.0, 0.0, 1.558661
0.0, 0.0, 1.631729
0.0, 0.0, 1.706534
0.0, 0.0, 1.782521
0.0, 0.0, 1.859064
0.0, 0.0, 1.935492
0.0, 0.0, 2.011138
0.0, 0.0, 2.085404
0.0, 0.0, 2.157814
0.0, 0.0, 2.228078
0.0, 0.0, 2.296127
0.0, 0.0, 2.362107
0.0, 0.0, 2.426316
0.0, 0.0, 2.489071
0.0, 0.0, 2.550451
0.0, 0.0, 2.609885
0.0, 0.0, 2.665527
0.0, 0.0, 2.713399
0.0, 0.0, 2.746599
0.0, 0.0, 2.755479
0.0, 0.0, 2.729970
0.0, 0.0, 2.664046
0.0, 0.0, 2.559936
0.0, 0.0, 2.428822
0.0, 0.0, 2.287196
0.0, 0.0, 2.151487
0.0, 0.0, 2.034377
0.0, 0.0, 1.943979
0.0, 0.0, 1.884820
0.0, 0.0, 1.859130
0.0, 0.0, 1.867714
0.0, 0.0, 1.910314
0.0, 0.0, 1.985488
0.0, 0.0, 2.089999
0.0, 0.0, 2.217697
0.0, 0.0, 2.358233
0.0, 0.0, 2.496778
0.0, 0.0, 2.616244
0.0, 0.0, 2.702140
0.0, 0.0, 2.747550
0.0, 0.0, 2.754742
0.0, 0.0, 2.732386
0.0, 0.0, 2.690791
0.0, 0.0, 2.638368
0.0, 0.0, 2.580487
0.0, 0.0, 2.519947
0.0, 0.0, 2.457861
0.0, 0.0, 2.394411
0.0, 0.0, 2.329360
0.0, 0.0, 2.262376
0.0, 0.0, 2.193224
0.0, 0.0, 2.121864
0.0, 0.0, 2.048478
0.0, 0.0, 1.973453
0.0, 0.0, 1.897335
0.0, 0.0, 1.820765
0.0, 0.0, 1.744418
0.0, 0.0, 1.668947
0.0, 0.0, 1.594947
0.0, 0.0, 1.522927
0.0, 0.0, 1.453302
0.0, 0.0, 1.386382
0.0, 0.0, 1.322323
0.0, 0.0, 1.260965
0.0, 0.0, 1.201606
0.0, 0.0, 1.161541
0.0, 0.0, 1.214484
0.0, 0.0, 1.269106
0.0, 0.0, 1.325959
0.0, 0.0, 1.385146
0.0, 0.0, 1.446512
0.0, 0.0, 1.509775
0.0, 0.0, 1.574571
0.0, 0.0, 1.640460
0.0, 0.0, 1.706932
0.0, 0.0, 1.773419
0.0, 0.0, 1.839322
0.0, 0.0, 1.904039
0.0, 0.0, 1.967004
0.0, 0.0, 2.027717
0.0, 0.0, 2.085778
0.0, 0.0, 2.140885
0.0, 0.0, 2.192817
0.0, 0.0, 2.241360
0.0, 0.0, 2.286189
0.0, 0.0, 2.326672
0.0, 0.0, 2.361601
0.0, 0.0, 2.388872
0.0, 0.0, 2.405170
0.0, 0.0, 2.405930
0.0, 0.0, 2.385910
0.0, 0.0, 2.340689
0.0, 0.0, 2.268739
0.0, 0.0, 2.173054
0.0, 0.0, 2.061201
0.0, 0.0, 1.943615
0.0, 0.0, 1.831123
0.0, 0.0, 1.733010
0.0, 0.0, 1.656199
0.0, 0.0, 1.605311
0.0, 0.0, 1.583045
0.0, 0.0, 1.590497
0.0, 0.0, 1.627305
0.0, 0.0, 1.691603
0.0, 0.0, 1.779779
0.0, 0.0, 1.886101
0.0, 0.0, 2.002429
0.0, 0.0, 2.118534
0.0, 0.0, 2.223484
0.0, 0.0, 2.307984
0.0, 0.0, 2.366638
0.0, 0.0, 2.398836
0.0, 0.0, 2.407817
0.0, 0.0, 2.398651
0.0, 0.0, 2.376370
0.0, 0.0, 2.344937
0.0, 0.0, 2.307032
0.0, 0.0, 2.264269
0.0, 0.0, 2.217528
0.0, 0.0, 2.167260
0.0, 0.0, 2.113716
0.0, 0.0, 2.057101
0.0, 0.0, 1.997670
0.0, 0.0, 1.935774
0.0, 0.0, 1.871866
0.0, 0.0, 1.806482
0.0, 0.0, 1.740211
0.0, 0.0, 1.673658
0.0, 0.0, 1.607410
0.0, 0.0, 1.542007
0.0, 0.0, 1.477927
0.0, 0.0, 1.415572
0.0, 0.0, 1.355259
0.0, 0.0, 1.297176
0.0, 0.0, 1.241237
0.0, 0.0, 1.186884
0.0, 0.0, 1.148278
0.0, 0.0, 1.196780
0.0, 0.0, 1.246605
0.0, 0.0, 1.298189
0.0, 0.0, 1.351576
0.0, 0.0, 1.406583
0.0, 0.0, 1.462920
0.0, 0.0, 1.520229
0.0, 0.0, 1.578085
0.0, 0.0, 1.636010
0.0, 0.0, 1.693476
0.0, 0.0, 1.749927
0.0, 0.0, 1.804792
0.0, 0.0, 1.857511
0.0, 0.0, 1.907552
0.0, 0.0, 1.954415
0.0, 0.0, 1.997632
0.0, 0.0, 2.036734
0.0, 0.0, 2.071190
0.0, 0.0, 2.100321
0.0, 0.0, 2.123178
0.0, 0.0, 2.138399
0.0, 0.0, 2.144088
0.0, 0.0, 2.137787
0.0, 0.0, 2.116661
0.0, 0.0, 2.078027
0.0, 0.0, 2.020238
0.0, 0.0, 1.943673
0.0, 0.0, 1.851377
0.0, 0.0, 1.748966
0.0, 0.0, 1.643762
0.0, 0.0, 1.543586
0.0, 0.0, 1.455710
0.0, 0.0, 1.386221
0.0, 0.0, 1.339735
0.0, 0.0, 1.319264
0.0, 0.0, 1.326125
0.0, 0.0, 1.359876
0.0, 0.0, 1.418343
0.0, 0.0, 1.497698
0.0, 0.0, 1.592568
0.0, 0.0, 1.696222
0.0, 0.0, 1.801005
0.0, 0.0, 1.899193
0.0, 0.0, 1.984177
0.0, 0.0, 2.051561
0.0, 0.0, 2.099672
0.0, 0.0, 2.129257
0.0, 0.0, 2.142609
0.0, 0.0, 2.142576
0.0, 0.0, 2.131848
0.0, 0.0, 2.112608
0.0, 0.0, 2.086473
0.0, 0.0, 2.054580
0.0, 0.0, 2.017729
0.0, 0.0, 1.976508
0.0, 0.0, 1.931410
0.0, 0.0, 1.882898
0.0, 0.0, 1.831454
0.0, 0.0, 1.777593
0.0, 0.0, 1.721865
0.0, 0.0, 1.664835
0.0, 0.0, 1.607071
0.0, 0.0, 1.549117
0.0, 0.0, 1.491479
0.0, 0.0, 1.434607
0.0, 0.0, 1.378893
0.0, 0.0, 1.324659
0.0, 0.0, 1.272113
0.0, 0.0, 1.221228
0.0, 0.0, 1.171567
0.0, 0.0, 1.134487
0.0, 0.0, 1.178827
0.0, 0.0, 1.224180
0.0, 0.0, 1.270882
0.0, 0.0, 1.318928
0.0, 0.0, 1.368119
0.0, 0.0, 1.418161
0.0, 0.0, 1.468699
0.0, 0.0, 1.519326
0.0, 0.0, 1.569585
0.0, 0.0, 1.618978
0.0, 0.0, 1.666973
0.0, 0.0, 1.713019
0.0, 0.0, 1.756558
0.0, 0.0, 1.797025
0.0, 0.0, 1.833858
0.0, 0.0, 1.866482
0.0, 0.0, 1.894281
0.0, 0.0, 1.916562
0.0, 0.0, 1.932493
0.0, 0.0, 1.941045
0.0, 0.0, 1.940934
0.0, 0.0, 1.930617
0.0, 0.0, 1.908361
0.0, 0.0, 1.872473
0.0, 0.0, 1.821681
0.0, 0.0, 1.755656
0.0, 0.0, 1.675501
0.0, 0.0, 1.584022
0.0, 0.0, 1.485635
0.0, 0.0, 1.385931
0.0, 0.0, 1.291085
0.0, 0.0, 1.207296
0.0, 0.0, 1.140326
0.0, 0.0, 1.095054
0.0, 0.0, 1.074980
0.0, 0.0, 1.081717
0.0, 0.0, 1.114720
0.0, 0.0, 1.171377
0.0, 0.0, 1.247433
0.0, 0.0, 1.337508
0.0, 0.0, 1.435569
0.0, 0.0, 1.535364
0.0, 0.0, 1.630935
0.0, 0.0, 1.717210
0.0, 0.0, 1.790541
0.0, 0.0, 1.848988
0.0, 0.0, 1.892216
0.0, 0.0, 1.921092
0.0, 0.0, 1.937157
0.0, 0.0, 1.942163
0.0, 0.0, 1.937765
0.0, 0.0, 1.925380
0.0, 0.0, 1.906160
0.0, 0.0, 1.881026
0.0, 0.0, 1.850734
0.0, 0.0, 1.815932
0.0, 0.0, 1.777210
0.0, 0.0, 1.735137
0.0, 0.0, 1.690274
0.0, 0.0, 1.643184
0.0, 0.0, 1.594422
0.0, 0.0, 1.544532
0.0, 0.0, 1.494029
0.0, 0.0, 1.443392
0.0, 0.0, 1.393055
0.0, 0.0, 1.343397
0.0, 0.0, 1.294741
0.0, 0.0, 1.247309
0.0, 0.0, 1.201122
0.0, 0.0, 1.155841
0.0, 0.0, 1.120332
0.0, 0.0, 1.160789
0.0, 0.0, 1.201986
0.0, 0.0, 1.244177
0.0, 0.0, 1.287321
0.0, 0.0, 1.331205
0.0, 0.0, 1.375535
0.0, 0.0, 1.419963
0.0, 0.0, 1.464097
0.0, 0.0, 1.507498
0.0, 0.0, 1.549689
0.0, 0.0, 1.590162
0.0, 0.0, 1.628380
0.0, 0.0, 1.663785
0.0, 0.0, 1.695802
0.0, 0.0, 1.723834
0.0, 0.0, 1.747251
0.0, 0.0, 1.765375
0.0, 0.0, 1.777451
0.0, 0.0, 1.782622
0.0, 0.0, 1.779901
0.0, 0.0, 1.768173
0.0, 0.0, 1.746232
0.0, 0.0, 1.712883
0.0, 0.0, 1.667130
0.0, 0.0, 1.608448
0.0, 0.0, 1.537079
0.0, 0.0, 1.454303
0.0, 0.0, 1.362556
0.0, 0.0, 1.265398
0.0, 0.0, 1.167317
0.0, 0.0, 1.073504
0.0, 0.0, 0.989626
0.0, 0.0, 0.921566
0.0, 0.0, 0.874900
0.0, 0.0, 0.854012
0.0, 0.0, 0.861037
0.0, 0.0, 0.895244
0.0, 0.0, 0.953255
0.0, 0.0, 1.029956
0.0, 0.0, 1.119532
0.0, 0.0, 1.216162
0.0, 0.0, 1.314392
0.0, 0.0, 1.409353
0.0, 0.0, 1.496992
0.0, 0.0, 1.574296
0.0, 0.0, 1.639411
0.0, 0.0, 1.691604
0.0, 0.0, 1.731053
0.0, 0.0, 1.758556
0.0, 0.0, 1.775237
0.0, 0.0, 1.782314
0.0, 0.0, 1.780958
0.0, 0.0, 1.772220
0.0, 0.0, 1.757020
0.0, 0.0, 1.736160
0.0, 0.0, 1.710355
0.0, 0.0, 1.680254
0.0, 0.0, 1.646470
0.0, 0.0, 1.609588
0.0, 0.0, 1.570174
0.0, 0.0, 1.528776
0.0, 0.0, 1.485918
0.0, 0.0, 1.442093
0.0, 0.0, 1.397760
0.0, 0.0, 1.353335
0.0, 0.0, 1.309187
0.0, 0.0, 1.265635
0.0, 0.0, 1.222914
0.0, 0.0, 1.181077
0.0, 0.0, 1.139871
0.0, 0.0, 1.105964
0.0, 0.0, 1.142809
0.0, 0.0, 1.180156
0.0, 0.0, 1.218193
0.0, 0.0, 1.256848
0.0, 0.0, 1.295901
0.0, 0.0, 1.335061
0.0, 0.0, 1.373990
0.0, 0.0, 1.412307
0.0, 0.0, 1.449594
0.0, 0.0, 1.485393
0.0, 0.0, 1.519215
0.0, 0.0, 1.550540
0.0, 0.0, 1.578822
0.0, 0.0, 1.603488
0.0, 0.0, 1.623934
0.0, 0.0, 1.639520
0.0, 0.0, 1.649559
0.0, 0.0, 1.653301
0.0, 0.0, 1.649931
0.0, 0.0, 1.638562
0.0, 0.0, 1.618262
0.0, 0.0, 1.588100
0.0, 0.0, 1.547249
0.0, 0.0, 1.495126
0.0, 0.0, 1.431569
0.0, 0.0, 1.357018
0.0, 0.0, 1.272666
0.0, 0.0, 1.180532
0.0, 0.0, 1.083463
0.0, 0.0, 0.985102
0.0, 0.0, 0.889897
0.0, 0.0, 0.803192
0.0, 0.0, 0.731276
0.0, 0.0, 0.680937
0.0, 0.0, 0.658090
0.0, 0.0, 0.665798
0.0, 0.0, 0.702998
0.0, 0.0, 0.764963
0.0, 0.0, 0.845110
0.0, 0.0, 0.936793
0.0, 0.0, 1.034185
0.0, 0.0, 1.132405
0.0, 0.0, 1.227413
0.0, 0.0, 1.315961
0.0, 0.0, 1.395612
0.0, 0.0, 1.464765
0.0, 0.0, 1.522619
0.0, 0.0, 1.569055
0.0, 0.0, 1.604469
0.0, 0.0, 1.629588
0.0, 0.0, 1.645305
0.0, 0.0, 1.652559
0.0, 0.0, 1.652266
0.0, 0.0, 1.645278
0.0, 0.0, 1.632376
0.0, 0.0, 1.614278
0.0, 0.0, 1.591644
0.0, 0.0, 1.565096
0.0, 0.0, 1.535223
0.0, 0.0, 1.502582
0.0, 0.0, 1.467709
0.0, 0.0, 1.431107
0.0, 0.0, 1.393250
0.0, 0.0, 1.354577
0.0, 0.0, 1.315488
0.0, 0.0, 1.276341
0.0, 0.0, 1.237450
0.0, 0.0, 1.199053
0.0, 0.0, 1.161233
0.0, 0.0, 1.123808
0.0, 0.0, 1.091514
0.0, 0.0, 1.125009
0.0, 0.0, 1.158802
0.0, 0.0, 1.193023
0.0, 0.0, 1.227580
0.0, 0.0, 1.262248
0.0, 0.0, 1.296742
0.0, 0.0, 1.330734
0.0, 0.0, 1.363859
0.0, 0.0, 1.395716
0.0, 0.0, 1.425869
0.0, 0.0, 1.453849
0.0, 0.0, 1.479160
0.0, 0.0, 1.501272
0.0, 0.0, 1.519630
0.0, 0.0, 1.533646
0.0, 0.0, 1.542699
0.0, 0.0, 1.546126
0.0, 0.0, 1.543226
0.0, 0.0, 1.533257
0.0, 0.0, 1.515448
0.0, 0.0, 1.489032
0.0, 0.0, 1.453295
0.0, 0.0, 1.407654
0.0, 0.0, 1.351757
0.0, 0.0, 1.285604
0.0, 0.0, 1.209651
0.0, 0.0, 1.124896
0.0, 0.0, 1.032931
0.0, 0.0, 0.935963
0.0, 0.0, 0.836868
0.0, 0.0, 0.739348
0.0, 0.0, 0.648322
0.0, 0.0, 0.570508
0.0, 0.0, 0.514408
0.0, 0.0, 0.488428
0.0, 0.0, 0.497239
0.0, 0.0, 0.539193
0.0, 0.0, 0.607273
0.0, 0.0, 0.692655
0.0, 0.0, 0.787639
0.0, 0.0, 0.886473
0.0, 0.0, 0.984910
0.0, 0.0, 1.079692
0.0, 0.0, 1.168289
0.0, 0.0, 1.248804
0.0, 0.0, 1.319946
0.0, 0.0, 1.380997
0.0, 0.0, 1.431741
0.0, 0.0, 1.472370
0.0, 0.0, 1.503363
0.0, 0.0, 1.525381
0.0, 0.0, 1.539173
0.0, 0.0, 1.545513
0.0, 0.0, 1.545159
0.0, 0.0, 1.538833
0.0, 0.0, 1.527219
0.0, 0.0, 1.510956
0.0, 0.0, 1.490649
0.0, 0.0, 1.466870
0.0, 0.0, 1.440161
0.0, 0.0, 1.411034
0.0, 0.0, 1.379973
0.0, 0.0, 1.347429
0.0, 0.0, 1.313823
0.0, 0.0, 1.279536
0.0, 0.0, 1.244916
0.0, 0.0, 1.210268
0.0, 0.0, 1.175830
0.0, 0.0, 1.141710
0.0, 0.0, 1.107780
0.0, 0.0, 1.077099
0.0, 0.0, 1.107496
0.0, 0.0, 1.138016
0.0, 0.0, 1.168743
0.0, 0.0, 1.199567
0.0, 0.0, 1.230266
0.0, 0.0, 1.260561
0.0, 0.0, 1.290136
0.0, 0.0, 1.318643
0.0, 0.0, 1.345699
0.0, 0.0, 1.370892
0.0, 0.0, 1.393778
0.0, 0.0, 1.413884
0.0, 0.0, 1.430709
0.0, 0.0, 1.443724
0.0, 0.0, 1.452375
0.0, 0.0, 1.456076
0.0, 0.0, 1.454215
0.0, 0.0, 1.446154
0.0, 0.0, 1.431238
0.0, 0.0, 1.408813
0.0, 0.0, 1.378255
0.0, 0.0, 1.339011
0.0, 0.0, 1.290663
0.0, 0.0, 1.232993
0.0, 0.0, 1.166060
0.0, 0.0, 1.090263
0.0, 0.0, 1.006385
0.0, 0.0, 0.915628
0.0, 0.0, 0.819629
0.0, 0.0, 0.720540
0.0, 0.0, 0.621240
0.0, 0.0, 0.525931
0.0, 0.0, 0.441362
0.0, 0.0, 0.378005
0.0, 0.0, 0.347843
0.0, 0.0, 0.358173
0.0, 0.0, 0.406321
0.0, 0.0, 0.481777
0.0, 0.0, 0.572750
0.0, 0.0, 0.670696
0.0, 0.0, 0.770312
0.0, 0.0, 0.868162
0.0, 0.0, 0.961775
0.0, 0.0, 1.049269
0.0, 0.0, 1.129230
0.0, 0.0, 1.200669
0.0, 0.0, 1.262997
0.0, 0.0, 1.315994
0.0, 0.0, 1.359749
0.0, 0.0, 1.394588
0.0, 0.0, 1.421004
0.0, 0.0, 1.439594
0.0, 0.0, 1.451000
0.0, 0.0, 1.455880
0.0, 0.0, 1.454882
0.0, 0.0, 1.448631
0.0, 0.0, 1.437726
0.0, 0.0, 1.422738
0.0, 0.0, 1.404209
0.0, 0.0, 1.382652
0.0, 0.0, 1.358556
0.0, 0.0, 1.332377
0.0, 0.0, 1.304546
0.0, 0.0, 1.275459
0.0, 0.0, 1.245483
0.0, 0.0, 1.214949
0.0, 0.0, 1.184152
0.0, 0.0, 1.153331
0.0, 0.0, 1.122607
0.0, 0.0, 1.091900
0.0, 0.0, 1.062820
0.0, 0.0, 1.090349
0.0, 0.0, 1.117857
0.0, 0.0, 1.145390
0.0, 0.0, 1.172824
0.0, 0.0, 1.199938
0.0, 0.0, 1.226463
0.0, 0.0, 1.252098
0.0, 0.0, 1.276511
0.0, 0.0, 1.299342
0.0, 0.0, 1.320200
0.0, 0.0, 1.338670
0.0, 0.0, 1.354307
0.0, 0.0, 1.366645
0.0, 0.0, 1.375190
0.0, 0.0, 1.379428
0.0, 0.0, 1.378823
0.0, 0.0, 1.372822
0.0, 0.0, 1.360860
0.0, 0.0, 1.342372
0.0, 0.0, 1.316811
0.0, 0.0, 1.283672
0.0, 0.0, 1.242531
0.0, 0.0, 1.193084
0.0, 0.0, 1.135195
0.0, 0.0, 1.068944
0.0, 0.0, 0.994660
0.0, 0.0, 0.912948
0.0, 0.0, 0.824695
0.0, 0.0, 0.731083
0.0, 0.0, 0.633644
0.0, 0.0, 0.534455
0.0, 0.0, 0.436762
0.0, 0.0, 0.346726
0.0, 0.0, 0.276150
0.0, 0.0, 0.241521
0.0, 0.0, 0.253500
0.0, 0.0, 0.308179
0.0, 0.0, 0.390265
0.0, 0.0, 0.485146
0.0, 0.0, 0.584106
0.0, 0.0, 0.682729
0.0, 0.0, 0.778472
0.0, 0.0, 0.869572
0.0, 0.0, 0.954684
0.0, 0.0, 1.032775
0.0, 0.0, 1.103100
0.0, 0.0, 1.165195
0.0, 0.0, 1.218859
0.0, 0.0, 1.264125
0.0, 0.0, 1.301218
0.0, 0.0, 1.330509
0.0, 0.0, 1.352467
0.0, 0.0, 1.367622
0.0, 0.0, 1.376532
0.0, 0.0, 1.379765
0.0, 0.0, 1.377880
0.0, 0.0, 1.371423
0.0, 0.0, 1.360918
0.0, 0.0, 1.346871
0.0, 0.0, 1.329761
0.0, 0.0, 1.310043
0.0, 0.0, 1.288148
0.0, 0.0, 1.264480
0.0, 0.0, 1.239412
0.0, 0.0, 1.213293
0.0, 0.0, 1.186437
0.0, 0.0, 1.159129
0.0, 0.0, 1.131605
0.0, 0.0, 1.103998
0.0, 0.0, 1.076266
0.0, 0.0, 1.048765
0.0, 0.0, 1.073597
0.0, 0.0, 1.098311
0.0, 0.0, 1.122923
0.0, 0.0, 1.147279
0.0, 0.0, 1.171158
0.0, 0.0, 1.194302
0.0, 0.0, 1.216425
0.0, 0.0, 1.237213
0.0, 0.0, 1.256329
0.0, 0.0, 1.273408
0.0, 0.0, 1.288062
0.0, 0.0, 1.299879
0.0, 0.0, 1.308428
0.0, 0.0, 1.313258
0.0, 0.0, 1.313900
0.0, 0.0, 1.309871
0.0, 0.0, 1.300681
0.0, 0.0, 1.285840
0.0, 0.0, 1.264866
0.0, 0.0, 1.237309
0.0, 0.0, 1.202766
0.0, 0.0, 1.160912
0.0, 0.0, 1.111530
0.0, 0.0, 1.054543
0.0, 0.0, 0.990043
0.0, 0.0, 0.918309
0.0, 0.0, 0.839818
0.0, 0.0, 0.755244
0.0, 0.0, 0.665456
0.0, 0.0, 0.571541
0.0, 0.0, 0.474928
0.0, 0.0, 0.377860
0.0, 0.0, 0.284974
0.0, 0.0, 0.207598
0.0, 0.0, 0.167917
0.0, 0.0, 0.181835
0.0, 0.0, 0.243326
0.0, 0.0, 0.330467
0.0, 0.0, 0.426257
0.0, 0.0, 0.523461
0.0, 0.0, 0.618935
0.0, 0.0, 0.710940
0.0, 0.0, 0.798242
0.0, 0.0, 0.879871
0.0, 0.0, 0.955055
0.0, 0.0, 1.023219
0.0, 0.0, 1.083986
0.0, 0.0, 1.137170
0.0, 0.0, 1.182769
0.0, 0.0, 1.220933
0.0, 0.0, 1.251937
0.0, 0.0, 1.276149
0.0, 0.0, 1.293997
0.0, 0.0, 1.305952
0.0, 0.0, 1.312500
0.0, 0.0, 1.314133
0.0, 0.0, 1.311337
0.0, 0.0, 1.304590
0.0, 0.0, 1.294351
0.0, 0.0, 1.281063
0.0, 0.0, 1.265147
0.0, 0.0, 1.247003
0.0, 0.0, 1.227007
0.0, 0.0, 1.205510
0.0, 0.0, 1.182839
0.0, 0.0, 1.159294
0.0, 0.0, 1.135144
0.0, 0.0, 1.110626
0.0, 0.0, 1.085901
0.0, 0.0, 1.060960
0.0, 0.0, 1.035005
0.0, 0.0, 1.057116
0.0, 0.0, 1.079225
0.0, 0.0, 1.101156
0.0, 0.0, 1.122706
0.0, 0.0, 1.143654
0.0, 0.0, 1.163752
0.0, 0.0, 1.182730
0.0, 0.0, 1.200294
0.0, 0.0, 1.216128
0.0, 0.0, 1.229894
0.0, 0.0, 1.241231
0.0, 0.0, 1.249762
0.0, 0.0, 1.255093
0.0, 0.0, 1.256811
0.0, 0.0, 1.254497
0.0, 0.0, 1.247720
0.0, 0.0, 1.236050
0.0, 0.0, 1.219066
0.0, 0.0, 1.196362
0.0, 0.0, 1.167567
0.0, 0.0, 1.132362
0.0, 0.0, 1.090503
0.0, 0.0, 1.041835
0.0, 0.0, 0.986328
0.0, 0.0, 0.924081
0.0, 0.0, 0.855342
0.0, 0.0, 0.780505
0.0, 0.0, 0.700105
0.0, 0.0, 0.614804
0.0, 0.0, 0.525384
0.0, 0.0, 0.432762
0.0, 0.0, 0.338102
0.0, 0.0, 0.243251
0.0, 0.0, 0.152856
0.0, 0.0, 0.088598
0.0, 0.0, 0.114161
0.0, 0.0, 0.196923
0.0, 0.0, 0.290528
0.0, 0.0, 0.385597
0.0, 0.0, 0.479408
0.0, 0.0, 0.570555
0.0, 0.0, 0.658021
0.0, 0.0, 0.740962
0.0, 0.0, 0.818655
0.0, 0.0, 0.890501
0.0, 0.0, 0.956034
0.0, 0.0, 1.014933
0.0, 0.0, 1.067025
0.0, 0.0, 1.112277
0.0, 0.0, 1.150783
0.0, 0.0, 1.182747
0.0, 0.0, 1.208453
0.0, 0.0, 1.228248
0.0, 0.0, 1.242523
0.0, 0.0, 1.251693
0.0, 0.0, 1.256185
0.0, 0.0, 1.256430
0.0, 0.0, 1.252853
0.0, 0.0, 1.245872
0.0, 0.0, 1.235889
0.0, 0.0, 1.223291
0.0, 0.0, 1.208448
0.0, 0.0, 1.191709
0.0, 0.0, 1.173399
0.0, 0.0, 1.153826
0.0, 0.0, 1.133271
0.0, 0.0, 1.111992
0.0, 0.0, 1.090225
0.0, 0.0, 1.068181
0.0, 0.0, 1.046050
