S
I=43,J=43
0.000000, 0.000000, 2.344470
1.000000, 0.000000, 2.327245
2.000000, 0.000000, 2.295258
3.000000, 0.000000, 2.244257
4.000000, 0.000000, 2.176707
5.000000, 0.000000, 2.099797
6.000000, 0.000000, 2.021131
7.000000, 0.000000, 1.948300
8.000000, 0.000000, 1.883251
9.000000, 0.000000, 1.820157
10.000000, 0.000000, 1.753328
11.000000, 0.000000, 1.682400
12.000000, 0.000000, 1.606612
13.000000, 0.000000, 1.525970
14.000000, 0.000000, 1.440972
15.000000, 0.000000, 1.352528
16.000000, 0.000000, 1.261965
17.000000, 0.000000, 1.171031
18.000000, 0.000000, 1.081967
19.000000, 0.000000, 0.997557
20.000000, 0.000000, 0.921194
21.000000, 0.000000, 0.856882
22.000000, 0.000000, 0.809083
23.000000, 0.000000, 0.782319
24.000000, 0.000000, 0.780594
25.000000, 0.000000, 0.807189
26.000000, 0.000000, 0.866069
27.000000, 0.000000, 0.964764
28.000000, 0.000000, 1.106825
29.000000, 0.000000, 1.277232
30.000000, 0.000000, 1.456719
31.000000, 0.000000, 1.632298
32.000000, 0.000000, 1.797732
33.000000, 0.000000, 1.953117
34.000000, 0.000000, 2.115134
35.000000, 0.000000, 2.277360
36.000000, 0.000000, 2.428851
37.000000, 0.000000, 2.566901
38.000000, 0.000000, 2.688759
39.000000, 0.000000, 2.792255
40.000000, 0.000000, 2.876181
41.000000, 0.000000, 2.957200
42.000000, 0.000000, 3.011603
0.000000, 1.000000, 2.428916
1.000000, 1.000000, 2.420661
2.000000, 1.000000, 2.396079
3.000000, 1.000000, 2.342237
4.000000, 1.000000, 2.264841
5.000000, 1.000000, 2.177186
6.000000, 1.000000, 2.086598
7.000000, 1.000000, 2.007041
8.000000, 1.000000, 1.945049
9.000000, 1.000000, 1.882827
10.000000, 1.000000, 1.815086
11.000000, 1.000000, 1.740754
12.000000, 1.000000, 1.659560
13.000000, 1.000000, 1.571714
14.000000, 1.000000, 1.477816
15.000000, 1.000000, 1.378853
16.000000, 1.000000, 1.276236
17.000000, 1.000000, 1.171852
18.000000, 1.000000, 1.068128
19.000000, 1.000000, 0.968165
20.000000, 1.000000, 0.875867
21.000000, 1.000000, 0.796082
22.000000, 1.000000, 0.734526
23.000000, 1.000000, 0.697236
24.000000, 1.000000, 0.689332
25.000000, 1.000000, 0.713641
26.000000, 1.000000, 0.771363
27.000000, 1.000000, 0.873853
28.000000, 1.000000, 1.046530
29.000000, 1.000000, 1.251879
30.000000, 1.000000, 1.462007
31.000000, 1.000000, 1.661756
32.000000, 1.000000, 1.843560
33.000000, 1.000000, 2.019604
34.000000, 1.000000, 2.206108
35.000000, 1.000000, 2.386662
36.000000, 1.000000, 2.555950
37.000000, 1.000000, 2.709751
38.000000, 1.000000, 2.843963
39.000000, 1.000000, 2.955475
40.000000, 1.000000, 3.042927
41.000000, 1.000000, 3.112605
42.000000, 1.000000, 3.165833
0.000000, 2.000000, 2.514084
1.000000, 2.000000, 2.515409
2.000000, 2.000000, 2.506739
3.000000, 2.000000, 2.448143
4.000000, 2.000000, 2.361024
5.000000, 2.000000, 2.267961
6.000000, 2.000000, 2.170211
7.000000, 2.000000, 2.083912
8.000000, 2.000000, 2.026944
9.000000, 2.000000, 1.964201
10.000000, 2.000000, 1.893900
11.000000, 2.000000, 1.815126
12.000000, 2.000000, 1.727741
13.000000, 2.000000, 1.631943
14.000000, 2.000000, 1.528294
15.000000, 2.000000, 1.417783
16.000000, 2.000000, 1.301863
17.000000, 2.000000, 1.182509
18.000000, 2.000000, 1.062292
19.000000, 2.000000, 0.944546
20.000000, 2.000000, 0.833643
21.000000, 2.000000, 0.735363
22.000000, 2.000000, 0.657145
23.000000, 2.000000, 0.607682
24.000000, 2.000000, 0.594940
25.000000, 2.000000, 0.622856
26.000000, 2.000000, 0.689864
27.000000, 2.000000, 0.800919
28.000000, 2.000000, 1.004168
29.000000, 2.000000, 1.238474
30.000000, 2.000000, 1.479504
31.000000, 2.000000, 1.705948
32.000000, 2.000000, 1.900532
33.000000, 2.000000, 2.102314
34.000000, 2.000000, 2.311463
35.000000, 2.000000, 2.514802
36.000000, 2.000000, 2.706508
37.000000, 2.000000, 2.880001
38.000000, 2.000000, 3.029120
39.000000, 2.000000, 3.149384
40.000000, 2.000000, 3.238903
41.000000, 2.000000, 3.299502
42.000000, 2.000000, 3.342430
0.000000, 3.000000, 2.596092
1.000000, 3.000000, 2.599255
2.000000, 3.000000, 2.588456
3.000000, 3.000000, 2.537704
4.000000, 3.000000, 2.459601
5.000000, 3.000000, 2.373824
6.000000, 3.000000, 2.285894
7.000000, 3.000000, 2.205628
8.000000, 3.000000, 2.136291
9.000000, 3.000000, 2.067410
10.000000, 3.000000, 1.992185
11.000000, 3.000000, 1.907858
12.000000, 3.000000, 1.813600
13.000000, 3.000000, 1.709232
14.000000, 3.000000, 1.595108
15.000000, 3.000000, 1.472125
16.000000, 3.000000, 1.341744
17.000000, 3.000000, 1.206002
18.000000, 3.000000, 1.067552
19.000000, 3.000000, 0.929841
20.000000, 3.000000, 0.797520
21.000000, 3.000000, 0.677141
22.000000, 3.000000, 0.578122
23.000000, 3.000000, 0.513257
24.000000, 3.000000, 0.496354
25.000000, 3.000000, 0.535531
26.000000, 3.000000, 0.629882
27.000000, 3.000000, 0.779860
28.000000, 3.000000, 0.988005
29.000000, 3.000000, 1.233347
30.000000, 3.000000, 1.497185
31.000000, 3.000000, 1.755308
32.000000, 3.000000, 1.962492
33.000000, 3.000000, 2.194462
34.000000, 3.000000, 2.431714
35.000000, 3.000000, 2.665033
36.000000, 3.000000, 2.885939
37.000000, 3.000000, 3.084723
38.000000, 3.000000, 3.252149
39.000000, 3.000000, 3.381654
40.000000, 3.000000, 3.471024
41.000000, 3.000000, 3.522604
42.000000, 3.000000, 3.545554
0.000000, 4.000000, 2.677128
1.000000, 4.000000, 2.677961
2.000000, 4.000000, 2.662430
3.000000, 4.000000, 2.622719
4.000000, 4.000000, 2.562346
5.000000, 4.000000, 2.490971
6.000000, 4.000000, 2.415266
7.000000, 4.000000, 2.339837
8.000000, 4.000000, 2.265471
9.000000, 4.000000, 2.191170
10.000000, 4.000000, 2.110698
11.000000, 4.000000, 2.020620
12.000000, 4.000000, 1.919331
13.000000, 4.000000, 1.806128
14.000000, 4.000000, 1.681040
15.000000, 4.000000, 1.544816
16.000000, 4.000000, 1.398933
17.000000, 4.000000, 1.245528
18.000000, 4.000000, 1.087300
19.000000, 4.000000, 0.927656
20.000000, 4.000000, 0.771196
21.000000, 4.000000, 0.624679
22.000000, 4.000000, 0.498979
23.000000, 4.000000, 0.412074
24.000000, 4.000000, 0.388317
25.000000, 4.000000, 0.443330
26.000000, 4.000000, 0.569568
27.000000, 4.000000, 0.750707
28.000000, 4.000000, 0.974259
29.000000, 4.000000, 1.227130
30.000000, 4.000000, 1.495124
31.000000, 4.000000, 1.757745
32.000000, 4.000000, 2.019199
33.000000, 4.000000, 2.292515
34.000000, 4.000000, 2.568274
35.000000, 4.000000, 2.841195
36.000000, 4.000000, 3.100736
37.000000, 4.000000, 3.332879
38.000000, 4.000000, 3.523328
39.000000, 4.000000, 3.662007
40.000000, 4.000000, 3.746552
41.000000, 4.000000, 3.782372
42.000000, 4.000000, 3.780117
0.000000, 5.000000, 2.763187
1.000000, 5.000000, 2.764524
2.000000, 5.000000, 2.751536
3.000000, 5.000000, 2.721462
4.000000, 5.000000, 2.675637
5.000000, 5.000000, 2.618436
6.000000, 5.000000, 2.553882
7.000000, 5.000000, 2.484036
8.000000, 5.000000, 2.410113
9.000000, 5.000000, 2.333845
10.000000, 5.000000, 2.249859
11.000000, 5.000000, 2.155024
12.000000, 5.000000, 2.047315
13.000000, 5.000000, 1.925548
14.000000, 5.000000, 1.789373
15.000000, 5.000000, 1.639356
16.000000, 5.000000, 1.477064
17.000000, 5.000000, 1.304920
18.000000, 5.000000, 1.125724
19.000000, 5.000000, 0.942708
20.000000, 5.000000, 0.760114
21.000000, 5.000000, 0.584023
22.000000, 5.000000, 0.424822
23.000000, 5.000000, 0.304433
24.000000, 5.000000, 0.266124
25.000000, 5.000000, 0.343489
26.000000, 5.000000, 0.508396
27.000000, 5.000000, 0.721246
28.000000, 5.000000, 0.963574
29.000000, 5.000000, 1.225639
30.000000, 5.000000, 1.498322
31.000000, 5.000000, 1.777486
32.000000, 5.000000, 2.085042
33.000000, 5.000000, 2.401884
34.000000, 5.000000, 2.724317
35.000000, 5.000000, 3.047752
36.000000, 5.000000, 3.358868
37.000000, 5.000000, 3.636567
38.000000, 5.000000, 3.857078
39.000000, 5.000000, 4.003578
40.000000, 5.000000, 4.074205
41.000000, 5.000000, 4.081304
42.000000, 5.000000, 4.043648
0.000000, 6.000000, 2.858680
1.000000, 6.000000, 2.863745
2.000000, 6.000000, 2.856660
3.000000, 6.000000, 2.836201
4.000000, 6.000000, 2.802768
5.000000, 6.000000, 2.758127
6.000000, 6.000000, 2.703940
7.000000, 6.000000, 2.640612
8.000000, 6.000000, 2.570337
9.000000, 6.000000, 2.494916
10.000000, 6.000000, 2.409789
11.000000, 6.000000, 2.312196
12.000000, 6.000000, 2.199783
13.000000, 6.000000, 2.070618
14.000000, 6.000000, 1.923922
15.000000, 6.000000, 1.759997
16.000000, 6.000000, 1.580486
17.000000, 6.000000, 1.388741
18.000000, 6.000000, 1.187858
19.000000, 6.000000, 0.980783
20.000000, 6.000000, 0.771541
21.000000, 6.000000, 0.565035
22.000000, 6.000000, 0.368362
23.000000, 6.000000, 0.199468
24.000000, 6.000000, 0.129757
25.000000, 6.000000, 0.248726
26.000000, 6.000000, 0.463813
27.000000, 6.000000, 0.707784
28.000000, 6.000000, 0.967848
29.000000, 6.000000, 1.239971
30.000000, 6.000000, 1.521205
31.000000, 6.000000, 1.825488
32.000000, 6.000000, 2.168059
33.000000, 6.000000, 2.526168
34.000000, 6.000000, 2.900522
35.000000, 6.000000, 3.286794
36.000000, 6.000000, 3.668161
37.000000, 6.000000, 4.011644
38.000000, 6.000000, 4.274139
39.000000, 6.000000, 4.424194
40.000000, 6.000000, 4.462903
41.000000, 6.000000, 4.419056
42.000000, 6.000000, 4.327510
0.000000, 7.000000, 2.965899
1.000000, 7.000000, 2.976941
2.000000, 7.000000, 2.977026
3.000000, 7.000000, 2.964358
4.000000, 7.000000, 2.937761
5.000000, 7.000000, 2.898037
6.000000, 7.000000, 2.847251
7.000000, 7.000000, 2.785610
8.000000, 7.000000, 2.717461
9.000000, 7.000000, 2.644045
10.000000, 7.000000, 2.560814
11.000000, 7.000000, 2.464837
12.000000, 7.000000, 2.353152
13.000000, 7.000000, 2.222977
14.000000, 7.000000, 2.072623
15.000000, 7.000000, 1.901078
16.000000, 7.000000, 1.708895
17.000000, 7.000000, 1.500367
18.000000, 7.000000, 1.279043
19.000000, 7.000000, 1.048227
20.000000, 7.000000, 0.813688
21.000000, 7.000000, 0.580466
22.000000, 7.000000, 0.352739
23.000000, 7.000000, 0.136312
24.000000, 7.000000, 0.014166
25.000000, 7.000000, 0.203934
26.000000, 7.000000, 0.462276
27.000000, 7.000000, 0.726448
28.000000, 7.000000, 0.997390
29.000000, 7.000000, 1.276193
30.000000, 7.000000, 1.565477
31.000000, 7.000000, 1.895032
32.000000, 7.000000, 2.263824
33.000000, 7.000000, 2.659985
34.000000, 7.000000, 3.089405
35.000000, 7.000000, 3.552158
36.000000, 7.000000, 4.031387
37.000000, 7.000000, 4.477388
38.000000, 7.000000, 4.805477
39.000000, 7.000000, 4.947411
40.000000, 7.000000, 4.917125
41.000000, 7.000000, 4.785261
42.000000, 7.000000, 4.614759
0.000000, 8.000000, 3.086063
1.000000, 8.000000, 3.088179
2.000000, 8.000000, 3.080881
3.000000, 8.000000, 3.062996
4.000000, 8.000000, 3.036557
5.000000, 8.000000, 3.002032
6.000000, 8.000000, 2.958985
7.000000, 8.000000, 2.906236
8.000000, 8.000000, 2.847292
9.000000, 8.000000, 2.782516
10.000000, 8.000000, 2.706954
11.000000, 8.000000, 2.617226
12.000000, 8.000000, 2.509744
13.000000, 8.000000, 2.381093
14.000000, 8.000000, 2.228577
15.000000, 8.000000, 2.050920
16.000000, 8.000000, 1.849128
17.000000, 8.000000, 1.627707
18.000000, 8.000000, 1.391227
19.000000, 8.000000, 1.144000
20.000000, 8.000000, 0.891741
21.000000, 8.000000, 0.641177
22.000000, 8.000000, 0.401393
23.000000, 8.000000, 0.189821
24.000000, 8.000000, 0.102886
25.000000, 8.000000, 0.270721
26.000000, 8.000000, 0.521665
27.000000, 8.000000, 0.785303
28.000000, 8.000000, 1.055751
29.000000, 8.000000, 1.334182
30.000000, 8.000000, 1.628220
31.000000, 8.000000, 1.974835
32.000000, 8.000000, 2.361077
33.000000, 8.000000, 2.788396
34.000000, 8.000000, 3.270446
35.000000, 8.000000, 3.819328
36.000000, 8.000000, 4.431867
37.000000, 8.000000, 5.049582
38.000000, 8.000000, 5.498991
39.000000, 8.000000, 5.598670
40.000000, 8.000000, 5.420465
41.000000, 8.000000, 5.145813
42.000000, 8.000000, 4.871780
0.000000, 9.000000, 3.159150
1.000000, 9.000000, 3.160600
2.000000, 9.000000, 3.156772
3.000000, 9.000000, 3.147038
4.000000, 9.000000, 3.130921
5.000000, 9.000000, 3.107822
6.000000, 9.000000, 3.076707
7.000000, 9.000000, 3.036032
8.000000, 9.000000, 2.989720
9.000000, 9.000000, 2.937390
10.000000, 9.000000, 2.873941
11.000000, 9.000000, 2.795510
12.000000, 9.000000, 2.697654
13.000000, 9.000000, 2.575717
14.000000, 9.000000, 2.425570
15.000000, 9.000000, 2.244723
16.000000, 9.000000, 2.033643
17.000000, 9.000000, 1.796486
18.000000, 9.000000, 1.540239
19.000000, 9.000000, 1.273818
20.000000, 9.000000, 1.007361
21.000000, 9.000000, 0.751455
22.000000, 9.000000, 0.519392
23.000000, 9.000000, 0.342202
24.000000, 9.000000, 0.295689
25.000000, 9.000000, 0.419740
26.000000, 9.000000, 0.634516
27.000000, 9.000000, 0.879785
28.000000, 9.000000, 1.138441
29.000000, 9.000000, 1.408112
30.000000, 9.000000, 1.701393
31.000000, 9.000000, 2.051947
32.000000, 9.000000, 2.443861
33.000000, 9.000000, 2.888439
34.000000, 9.000000, 3.407962
35.000000, 9.000000, 4.032515
36.000000, 9.000000, 4.795869
37.000000, 9.000000, 5.691356
38.000000, 9.000000, 6.393419
39.000000, 9.000000, 6.357638
40.000000, 9.000000, 5.885050
41.000000, 9.000000, 5.422377
42.000000, 9.000000, 5.043977
0.000000, 10.000000, 3.224286
1.000000, 10.000000, 3.232561
2.000000, 10.000000, 3.236851
3.000000, 10.000000, 3.236634
4.000000, 10.000000, 3.231397
5.000000, 10.000000, 3.220418
6.000000, 10.000000, 3.202511
7.000000, 10.000000, 3.176040
8.000000, 10.000000, 3.145089
9.000000, 10.000000, 3.109034
10.000000, 10.000000, 3.062688
11.000000, 10.000000, 3.001722
12.000000, 10.000000, 2.920670
13.000000, 10.000000, 2.813186
14.000000, 10.000000, 2.672835
15.000000, 10.000000, 2.494694
16.000000, 10.000000, 2.277555
17.000000, 10.000000, 2.025790
18.000000, 10.000000, 1.749533
19.000000, 10.000000, 1.463044
20.000000, 10.000000, 1.182313
21.000000, 10.000000, 0.923840
22.000000, 10.000000, 0.706622
23.000000, 10.000000, 0.558233
24.000000, 10.000000, 0.516826
25.000000, 10.000000, 0.602017
26.000000, 10.000000, 0.778469
27.000000, 10.000000, 0.996987
28.000000, 10.000000, 1.235324
29.000000, 10.000000, 1.488117
30.000000, 10.000000, 1.772463
31.000000, 10.000000, 2.112479
32.000000, 10.000000, 2.494517
33.000000, 10.000000, 2.934377
34.000000, 10.000000, 3.458688
35.000000, 10.000000, 4.108442
36.000000, 10.000000, 4.948322
37.000000, 10.000000, 6.053865
38.000000, 10.000000, 5.722194
39.000000, 10.000000, 6.768985
40.000000, 10.000000, 6.072834
41.000000, 10.000000, 5.494705
42.000000, 10.000000, 5.068211
0.000000, 11.000000, 3.292985
1.000000, 11.000000, 3.308447
2.000000, 11.000000, 3.321156
3.000000, 11.000000, 3.330725
4.000000, 11.000000, 3.336731
5.000000, 11.000000, 3.338536
6.000000, 11.000000, 3.335069
7.000000, 11.000000, 3.324850
8.000000, 11.000000, 3.311896
9.000000, 11.000000, 3.296044
10.000000, 11.000000, 3.272285
11.000000, 11.000000, 3.236087
12.000000, 11.000000, 3.181082
13.000000, 11.000000, 3.098867
14.000000, 11.000000, 2.979506
15.000000, 11.000000, 2.813511
16.000000, 11.000000, 2.595714
17.000000, 11.000000, 2.329792
18.000000, 11.000000, 2.030123
19.000000, 11.000000, 1.718697
20.000000, 11.000000, 1.419413
21.000000, 11.000000, 1.154412
22.000000, 11.000000, 0.944377
23.000000, 11.000000, 0.810171
24.000000, 11.000000, 0.768677
25.000000, 11.000000, 0.819828
26.000000, 11.000000, 0.944570
27.000000, 11.000000, 1.123172
28.000000, 11.000000, 1.333959
29.000000, 11.000000, 1.562522
30.000000, 11.000000, 1.828146
31.000000, 11.000000, 2.143504
32.000000, 11.000000, 2.498124
33.000000, 11.000000, 2.906902
34.000000, 11.000000, 3.392985
35.000000, 11.000000, 3.989343
36.000000, 11.000000, 4.737659
37.000000, 11.000000, 5.649711
38.000000, 11.000000, 6.366871
39.000000, 11.000000, 6.296413
40.000000, 11.000000, 5.765594
41.000000, 11.000000, 5.284345
42.000000, 11.000000, 4.908874
0.000000, 12.000000, 3.364431
1.000000, 12.000000, 3.387236
2.000000, 12.000000, 3.408463
3.000000, 12.000000, 3.427903
4.000000, 12.000000, 3.445330
5.000000, 12.000000, 3.460352
6.000000, 12.000000, 3.472243
7.000000, 12.000000, 3.479929
8.000000, 12.000000, 3.487231
9.000000, 12.000000, 3.495195
10.000000, 12.000000, 3.499532
11.000000, 12.000000, 3.496198
12.000000, 12.000000, 3.478613
13.000000, 12.000000, 3.436566
14.000000, 12.000000, 3.355493
15.000000, 12.000000, 3.217834
16.000000, 12.000000, 3.009077
17.000000, 12.000000, 2.728436
18.000000, 12.000000, 2.395971
19.000000, 12.000000, 2.046571
20.000000, 12.000000, 1.715966
21.000000, 12.000000, 1.431986
22.000000, 12.000000, 1.214187
23.000000, 12.000000, 1.075783
24.000000, 12.000000, 1.022231
25.000000, 12.000000, 1.047326
26.000000, 12.000000, 1.134205
27.000000, 12.000000, 1.263810
28.000000, 12.000000, 1.426464
29.000000, 12.000000, 1.620348
30.000000, 12.000000, 1.856938
31.000000, 12.000000, 2.135436
32.000000, 12.000000, 2.446400
33.000000, 12.000000, 2.800543
34.000000, 12.000000, 3.212501
35.000000, 12.000000, 3.697652
36.000000, 12.000000, 4.259583
37.000000, 12.000000, 4.847000
38.000000, 12.000000, 5.274942
39.000000, 12.000000, 5.335918
40.000000, 12.000000, 5.123751
41.000000, 12.000000, 4.842579
42.000000, 12.000000, 4.585545
0.000000, 13.000000, 3.437795
1.000000, 13.000000, 3.467889
2.000000, 13.000000, 3.497503
3.000000, 13.000000, 3.526636
4.000000, 13.000000, 3.555335
5.000000, 13.000000, 3.583575
6.000000, 13.000000, 3.611151
7.000000, 13.000000, 3.637627
8.000000, 13.000000, 3.666621
9.000000, 13.000000, 3.700994
10.000000, 13.000000, 3.738013
11.000000, 13.000000, 3.775292
12.000000, 13.000000, 3.807708
13.000000, 13.000000, 3.825070
14.000000, 13.000000, 3.808657
15.000000, 13.000000, 3.728419
16.000000, 13.000000, 3.548544
17.000000, 13.000000, 3.251641
18.000000, 13.000000, 2.865622
19.000000, 13.000000, 2.451875
20.000000, 13.000000, 2.067069
21.000000, 13.000000, 1.745348
22.000000, 13.000000, 1.502698
23.000000, 13.000000, 1.344470
24.000000, 13.000000, 1.268312
25.000000, 13.000000, 1.264129
26.000000, 13.000000, 1.315818
27.000000, 13.000000, 1.406473
28.000000, 13.000000, 1.522957
29.000000, 13.000000, 1.661174
30.000000, 13.000000, 1.852018
31.000000, 13.000000, 2.083766
32.000000, 13.000000, 2.339669
33.000000, 13.000000, 2.625741
34.000000, 13.000000, 2.949259
35.000000, 13.000000, 3.312817
36.000000, 13.000000, 3.704665
37.000000, 13.000000, 4.079791
38.000000, 13.000000, 4.354192
39.000000, 13.000000, 4.458651
40.000000, 13.000000, 4.412736
41.000000, 13.000000, 4.292394
42.000000, 13.000000, 4.157659
0.000000, 14.000000, 3.512276
1.000000, 14.000000, 3.549400
2.000000, 14.000000, 3.587018
3.000000, 14.000000, 3.625349
4.000000, 14.000000, 3.664742
5.000000, 14.000000, 3.705601
6.000000, 14.000000, 3.748347
7.000000, 14.000000, 3.793380
8.000000, 14.000000, 3.844136
9.000000, 14.000000, 3.905553
10.000000, 14.000000, 3.977424
11.000000, 14.000000, 4.060421
12.000000, 14.000000, 4.153530
13.000000, 14.000000, 4.251097
14.000000, 14.000000, 4.335967
15.000000, 14.000000, 4.365764
16.000000, 14.000000, 4.260701
17.000000, 14.000000, 3.946012
18.000000, 14.000000, 3.460270
19.000000, 14.000000, 2.933278
20.000000, 14.000000, 2.460920
21.000000, 14.000000, 2.079931
22.000000, 14.000000, 1.796648
23.000000, 14.000000, 1.606223
24.000000, 14.000000, 1.499275
25.000000, 14.000000, 1.462660
26.000000, 14.000000, 1.478520
27.000000, 14.000000, 1.529931
28.000000, 14.000000, 1.604267
29.000000, 14.000000, 1.694940
30.000000, 14.000000, 1.824986
31.000000, 14.000000, 1.995690
32.000000, 14.000000, 2.194781
33.000000, 14.000000, 2.414126
34.000000, 14.000000, 2.654770
35.000000, 14.000000, 2.914507
36.000000, 14.000000, 3.181620
37.000000, 14.000000, 3.429883
38.000000, 14.000000, 3.622433
39.000000, 14.000000, 3.732209
40.000000, 14.000000, 3.762511
41.000000, 14.000000, 3.741079
42.000000, 14.000000, 3.698527
0.000000, 15.000000, 3.587144
1.000000, 15.000000, 3.630847
2.000000, 15.000000, 3.675838
3.000000, 15.000000, 3.722531
4.000000, 15.000000, 3.771556
5.000000, 15.000000, 3.823745
6.000000, 15.000000, 3.880145
7.000000, 15.000000, 3.942059
8.000000, 15.000000, 4.012830
9.000000, 15.000000, 4.099101
10.000000, 15.000000, 4.203850
11.000000, 15.000000, 4.331736
12.000000, 15.000000, 4.488266
13.000000, 15.000000, 4.678414
14.000000, 15.000000, 4.900750
15.000000, 15.000000, 5.124004
16.000000, 15.000000, 5.210049
17.000000, 15.000000, 4.881149
18.000000, 15.000000, 4.183228
19.000000, 15.000000, 3.463673
20.000000, 15.000000, 2.869145
21.000000, 15.000000, 2.413452
22.000000, 15.000000, 2.080558
23.000000, 15.000000, 1.851573
24.000000, 15.000000, 1.709116
25.000000, 15.000000, 1.638598
26.000000, 15.000000, 1.618475
27.000000, 15.000000, 1.630957
28.000000, 15.000000, 1.663401
29.000000, 15.000000, 1.709163
30.000000, 15.000000, 1.789872
31.000000, 15.000000, 1.894829
32.000000, 15.000000, 2.024407
33.000000, 15.000000, 2.179113
34.000000, 15.000000, 2.346066
35.000000, 15.000000, 2.521883
36.000000, 15.000000, 2.699872
37.000000, 15.000000, 2.867575
38.000000, 15.000000, 3.009428
39.000000, 15.000000, 3.114002
40.000000, 15.000000, 3.180599
41.000000, 15.000000, 3.218663
42.000000, 15.000000, 3.242605
0.000000, 16.000000, 3.661795
1.000000, 16.000000, 3.711468
2.000000, 16.000000, 3.762976
3.000000, 16.000000, 3.816874
4.000000, 16.000000, 3.874012
5.000000, 16.000000, 3.935557
6.000000, 16.000000, 4.003078
7.000000, 16.000000, 4.078651
8.000000, 16.000000, 4.165706
9.000000, 16.000000, 4.271391
10.000000, 16.000000, 4.401807
11.000000, 16.000000, 4.565046
12.000000, 16.000000, 4.772758
13.000000, 16.000000, 5.041893
14.000000, 16.000000, 5.396823
15.000000, 16.000000, 5.865482
16.000000, 16.000000, 6.078857
17.000000, 16.000000, 5.661331
18.000000, 16.000000, 4.918832
19.000000, 16.000000, 3.954024
20.000000, 16.000000, 3.238704
21.000000, 16.000000, 2.714895
22.000000, 16.000000, 2.336694
23.000000, 16.000000, 2.072098
24.000000, 16.000000, 1.897502
25.000000, 16.000000, 1.792933
26.000000, 16.000000, 1.736842
27.000000, 16.000000, 1.709908
28.000000, 16.000000, 1.699893
29.000000, 16.000000, 1.700936
30.000000, 16.000000, 1.733973
31.000000, 16.000000, 1.786862
32.000000, 16.000000, 1.848262
33.000000, 16.000000, 1.930699
34.000000, 16.000000, 2.034004
35.000000, 16.000000, 2.143756
36.000000, 16.000000, 2.257286
37.000000, 16.000000, 2.370789
38.000000, 16.000000, 2.478798
39.000000, 16.000000, 2.576417
40.000000, 16.000000, 2.661699
41.000000, 16.000000, 2.737160
42.000000, 16.000000, 2.819608
0.000000, 17.000000, 3.735784
1.000000, 17.000000, 3.790706
2.000000, 17.000000, 3.847717
3.000000, 17.000000, 3.907420
4.000000, 17.000000, 3.970771
5.000000, 17.000000, 4.039138
6.000000, 17.000000, 4.114400
7.000000, 17.000000, 4.199113
8.000000, 17.000000, 4.296850
9.000000, 17.000000, 4.413841
10.000000, 17.000000, 4.558022
11.000000, 17.000000, 4.738787
12.000000, 17.000000, 4.969453
13.000000, 17.000000, 5.269655
14.000000, 17.000000, 5.668576
15.000000, 17.000000, 6.204133
16.000000, 17.000000, 6.418754
17.000000, 17.000000, 5.972427
18.000000, 17.000000, 5.284737
19.000000, 17.000000, 4.261014
20.000000, 17.000000, 3.506860
21.000000, 17.000000, 2.953098
22.000000, 17.000000, 2.548647
23.000000, 17.000000, 2.258774
24.000000, 17.000000, 2.057446
25.000000, 17.000000, 1.921126
26.000000, 17.000000, 1.828661
27.000000, 17.000000, 1.763507
28.000000, 17.000000, 1.713699
29.000000, 17.000000, 1.672534
30.000000, 17.000000, 1.659755
31.000000, 17.000000, 1.665115
32.000000, 17.000000, 1.674241
33.000000, 17.000000, 1.689135
34.000000, 17.000000, 1.725826
35.000000, 17.000000, 1.782020
36.000000, 17.000000, 1.847242
37.000000, 17.000000, 1.922584
38.000000, 17.000000, 2.007742
39.000000, 17.000000, 2.100523
40.000000, 17.000000, 2.198332
41.000000, 17.000000, 2.309827
42.000000, 17.000000, 2.442446
0.000000, 18.000000, 3.808861
1.000000, 18.000000, 3.868272
2.000000, 18.000000, 3.929696
3.000000, 18.000000, 3.993672
4.000000, 18.000000, 4.061129
5.000000, 18.000000, 4.133440
6.000000, 18.000000, 4.212544
7.000000, 18.000000, 4.301088
8.000000, 18.000000, 4.402622
9.000000, 18.000000, 4.521624
10.000000, 18.000000, 4.665459
11.000000, 18.000000, 4.842414
12.000000, 18.000000, 5.061817
13.000000, 18.000000, 5.333857
14.000000, 18.000000, 5.663697
15.000000, 18.000000, 6.023792
16.000000, 18.000000, 6.247589
17.000000, 18.000000, 5.946622
18.000000, 18.000000, 5.155109
19.000000, 18.000000, 4.328899
20.000000, 18.000000, 3.645301
21.000000, 18.000000, 3.113065
22.000000, 18.000000, 2.707210
23.000000, 18.000000, 2.402289
24.000000, 18.000000, 2.178703
25.000000, 18.000000, 2.015583
26.000000, 18.000000, 1.893013
27.000000, 18.000000, 1.795017
28.000000, 18.000000, 1.709844
29.000000, 18.000000, 1.630169
30.000000, 18.000000, 1.574216
31.000000, 18.000000, 1.536307
32.000000, 18.000000, 1.498968
33.000000, 18.000000, 1.463163
34.000000, 18.000000, 1.435021
35.000000, 18.000000, 1.436364
36.000000, 18.000000, 1.463009
37.000000, 18.000000, 1.510697
38.000000, 18.000000, 1.581742
39.000000, 18.000000, 1.674604
40.000000, 18.000000, 1.791718
41.000000, 18.000000, 1.943771
42.000000, 18.000000, 2.107839
0.000000, 19.000000, 3.880981
1.000000, 19.000000, 3.944165
2.000000, 19.000000, 4.008947
3.000000, 19.000000, 4.075683
4.000000, 19.000000, 4.145118
5.000000, 19.000000, 4.218437
6.000000, 19.000000, 4.297383
7.000000, 19.000000, 4.384342
8.000000, 19.000000, 4.482443
9.000000, 19.000000, 4.594652
10.000000, 19.000000, 4.725162
11.000000, 19.000000, 4.879947
12.000000, 19.000000, 5.061822
13.000000, 19.000000, 5.268600
14.000000, 19.000000, 5.483777
15.000000, 19.000000, 5.654890
16.000000, 19.000000, 5.666564
17.000000, 19.000000, 5.390580
18.000000, 19.000000, 4.858611
19.000000, 19.000000, 4.245575
20.000000, 19.000000, 3.679301
21.000000, 19.000000, 3.198821
22.000000, 19.000000, 2.804427
23.000000, 19.000000, 2.494466
24.000000, 19.000000, 2.259586
25.000000, 19.000000, 2.080174
26.000000, 19.000000, 1.935529
27.000000, 19.000000, 1.810989
28.000000, 19.000000, 1.695890
29.000000, 19.000000, 1.582662
30.000000, 19.000000, 1.486881
31.000000, 19.000000, 1.410238
32.000000, 19.000000, 1.331151
33.000000, 19.000000, 1.250612
34.000000, 19.000000, 1.171874
35.000000, 19.000000, 1.111563
36.000000, 19.000000, 1.099214
37.000000, 19.000000, 1.126602
38.000000, 19.000000, 1.192446
39.000000, 19.000000, 1.296391
40.000000, 19.000000, 1.450554
41.000000, 19.000000, 1.633123
42.000000, 19.000000, 1.824209
0.000000, 20.000000, 3.952290
1.000000, 20.000000, 4.018665
2.000000, 20.000000, 4.085914
3.000000, 20.000000, 4.154072
4.000000, 20.000000, 4.223544
5.000000, 20.000000, 4.295170
6.000000, 20.000000, 4.370288
7.000000, 20.000000, 4.450755
8.000000, 20.000000, 4.538950
9.000000, 20.000000, 4.636986
10.000000, 20.000000, 4.744925
11.000000, 20.000000, 4.866119
12.000000, 20.000000, 4.998403
13.000000, 20.000000, 5.132064
14.000000, 20.000000, 5.244296
15.000000, 20.000000, 5.291849
16.000000, 20.000000, 5.213917
17.000000, 20.000000, 4.966879
18.000000, 20.000000, 4.573323
19.000000, 20.000000, 4.111505
20.000000, 20.000000, 3.647838
21.000000, 20.000000, 3.218547
22.000000, 20.000000, 2.849213
23.000000, 20.000000, 2.542911
24.000000, 20.000000, 2.309447
25.000000, 20.000000, 2.123768
26.000000, 20.000000, 1.964070
27.000000, 20.000000, 1.819319
28.000000, 20.000000, 1.680538
29.000000, 20.000000, 1.540365
30.000000, 20.000000, 1.409369
31.000000, 20.000000, 1.299149
32.000000, 20.000000, 1.183215
33.000000, 20.000000, 1.061065
34.000000, 20.000000, 0.934621
35.000000, 20.000000, 0.819427
36.000000, 20.000000, 0.754530
37.000000, 20.000000, 0.765110
38.000000, 20.000000, 0.839124
39.000000, 20.000000, 0.979943
40.000000, 20.000000, 1.172769
41.000000, 20.000000, 1.383015
42.000000, 20.000000, 1.597360
0.000000, 21.000000, 4.023084
1.000000, 21.000000, 4.092291
2.000000, 21.000000, 4.161401
3.000000, 21.000000, 4.229979
4.000000, 21.000000, 4.297936
5.000000, 21.000000, 4.365638
6.000000, 21.000000, 4.433918
7.000000, 21.000000, 4.503977
8.000000, 21.000000, 4.577296
9.000000, 21.000000, 4.655344
10.000000, 21.000000, 4.736001
11.000000, 21.000000, 4.819189
12.000000, 21.000000, 4.901345
13.000000, 21.000000, 4.970667
14.000000, 21.000000, 5.007111
15.000000, 21.000000, 4.982501
16.000000, 21.000000, 4.867339
17.000000, 21.000000, 4.647335
18.000000, 21.000000, 4.337957
19.000000, 21.000000, 3.969083
20.000000, 21.000000, 3.572808
21.000000, 21.000000, 3.198463
22.000000, 21.000000, 2.864155
23.000000, 21.000000, 2.576386
24.000000, 21.000000, 2.347054
25.000000, 21.000000, 2.156368
26.000000, 21.000000, 1.986264
27.000000, 21.000000, 1.827486
28.000000, 21.000000, 1.672090
29.000000, 21.000000, 1.512957
30.000000, 21.000000, 1.354475
31.000000, 21.000000, 1.217577
32.000000, 21.000000, 1.072974
33.000000, 21.000000, 0.915330
34.000000, 21.000000, 0.745743
35.000000, 21.000000, 0.575399
36.000000, 21.000000, 0.441539
37.000000, 21.000000, 0.427969
38.000000, 21.000000, 0.544599
39.000000, 21.000000, 0.744959
40.000000, 21.000000, 0.972307
41.000000, 21.000000, 1.204745
42.000000, 21.000000, 1.433736
0.000000, 22.000000, 4.093730
1.000000, 22.000000, 4.165704
2.000000, 22.000000, 4.236476
3.000000, 22.000000, 4.304960
4.000000, 22.000000, 4.370382
5.000000, 22.000000, 4.432569
6.000000, 22.000000, 4.491891
7.000000, 22.000000, 4.548905
8.000000, 22.000000, 4.604149
9.000000, 22.000000, 4.658259
10.000000, 22.000000, 4.709872
11.000000, 22.000000, 4.755584
12.000000, 22.000000, 4.793148
13.000000, 22.000000, 4.811544
14.000000, 22.000000, 4.795778
15.000000, 22.000000, 4.729670
16.000000, 22.000000, 4.600290
17.000000, 22.000000, 4.404582
18.000000, 22.000000, 4.144988
19.000000, 22.000000, 3.821528
20.000000, 22.000000, 3.482392
21.000000, 22.000000, 3.156950
22.000000, 22.000000, 2.859918
23.000000, 22.000000, 2.598957
24.000000, 22.000000, 2.375923
25.000000, 22.000000, 2.182425
26.000000, 22.000000, 2.007082
27.000000, 22.000000, 1.841067
28.000000, 22.000000, 1.677001
29.000000, 22.000000, 1.508251
30.000000, 22.000000, 1.333784
31.000000, 22.000000, 1.179461
32.000000, 22.000000, 1.020494
33.000000, 22.000000, 0.846239
34.000000, 22.000000, 0.655747
35.000000, 22.000000, 0.451604
36.000000, 22.000000, 0.250009
37.000000, 22.000000, 0.209916
38.000000, 22.000000, 0.401103
39.000000, 22.000000, 0.635567
40.000000, 22.000000, 0.875180
41.000000, 22.000000, 1.111740
42.000000, 22.000000, 1.340709
0.000000, 23.000000, 4.164548
1.000000, 23.000000, 4.239543
2.000000, 23.000000, 4.312301
3.000000, 23.000000, 4.380837
4.000000, 23.000000, 4.443320
5.000000, 23.000000, 4.499053
6.000000, 23.000000, 4.548296
7.000000, 23.000000, 4.591095
8.000000, 23.000000, 4.626980
9.000000, 23.000000, 4.655444
10.000000, 23.000000, 4.676444
11.000000, 23.000000, 4.687883
12.000000, 23.000000, 4.688641
13.000000, 23.000000, 4.668293
14.000000, 23.000000, 4.616386
15.000000, 23.000000, 4.525432
16.000000, 23.000000, 4.391790
17.000000, 23.000000, 4.213502
18.000000, 23.000000, 3.969016
19.000000, 23.000000, 3.683959
20.000000, 23.000000, 3.388024
21.000000, 23.000000, 3.101768
22.000000, 23.000000, 2.837564
23.000000, 23.000000, 2.600556
24.000000, 23.000000, 2.390472
25.000000, 23.000000, 2.202310
26.000000, 23.000000, 2.028892
27.000000, 23.000000, 1.863208
28.000000, 23.000000, 1.698935
29.000000, 23.000000, 1.530392
30.000000, 23.000000, 1.354102
31.000000, 23.000000, 1.192826
32.000000, 23.000000, 1.036650
33.000000, 23.000000, 0.870154
34.000000, 23.000000, 0.696061
35.000000, 23.000000, 0.525120
36.000000, 23.000000, 0.391061
37.000000, 23.000000, 0.375801
38.000000, 23.000000, 0.499995
39.000000, 23.000000, 0.684786
40.000000, 23.000000, 0.893740
41.000000, 23.000000, 1.108325
42.000000, 23.000000, 1.319459
0.000000, 24.000000, 4.235682
1.000000, 24.000000, 4.314163
2.000000, 24.000000, 4.389779
3.000000, 24.000000, 4.459460
4.000000, 24.000000, 4.519238
5.000000, 24.000000, 4.568016
6.000000, 24.000000, 4.607082
7.000000, 24.000000, 4.636149
8.000000, 24.000000, 4.653571
9.000000, 24.000000, 4.657403
10.000000, 24.000000, 4.646476
11.000000, 24.000000, 4.625855
12.000000, 24.000000, 4.598572
13.000000, 24.000000, 4.547482
14.000000, 24.000000, 4.468301
15.000000, 24.000000, 4.360258
16.000000, 24.000000, 4.224345
17.000000, 24.000000, 4.040824
18.000000, 24.000000, 3.810217
19.000000, 24.000000, 3.557700
20.000000, 24.000000, 3.291116
21.000000, 24.000000, 3.036309
22.000000, 24.000000, 2.800813
23.000000, 24.000000, 2.586948
24.000000, 24.000000, 2.393648
25.000000, 24.000000, 2.217267
26.000000, 24.000000, 2.052777
27.000000, 24.000000, 1.894872
28.000000, 24.000000, 1.738540
29.000000, 24.000000, 1.579378
30.000000, 24.000000, 1.414214
31.000000, 24.000000, 1.256976
32.000000, 24.000000, 1.117023
33.000000, 24.000000, 0.975721
34.000000, 24.000000, 0.839067
35.000000, 24.000000, 0.722044
36.000000, 24.000000, 0.649611
37.000000, 24.000000, 0.641594
38.000000, 24.000000, 0.718648
39.000000, 24.000000, 0.846372
40.000000, 24.000000, 1.006052
41.000000, 24.000000, 1.182079
42.000000, 24.000000, 1.361915
0.000000, 25.000000, 4.307045
1.000000, 25.000000, 4.389334
2.000000, 25.000000, 4.468731
3.000000, 25.000000, 4.542015
4.000000, 25.000000, 4.599931
5.000000, 25.000000, 4.641227
6.000000, 25.000000, 4.671403
7.000000, 25.000000, 4.688977
8.000000, 25.000000, 4.690943
9.000000, 25.000000, 4.674559
10.000000, 25.000000, 4.638881
11.000000, 25.000000, 4.591029
12.000000, 25.000000, 4.532703
13.000000, 25.000000, 4.451868
14.000000, 25.000000, 4.348439
15.000000, 25.000000, 4.225434
16.000000, 25.000000, 4.076790
17.000000, 25.000000, 3.876749
18.000000, 25.000000, 3.657775
19.000000, 25.000000, 3.426644
20.000000, 25.000000, 3.188959
21.000000, 25.000000, 2.962666
22.000000, 25.000000, 2.753529
23.000000, 25.000000, 2.562634
24.000000, 25.000000, 2.388656
25.000000, 25.000000, 2.228666
26.000000, 25.000000, 2.078867
27.000000, 25.000000, 1.935217
28.000000, 25.000000, 1.793889
29.000000, 25.000000, 1.651711
30.000000, 25.000000, 1.506746
31.000000, 25.000000, 1.364796
32.000000, 25.000000, 1.246845
33.000000, 25.000000, 1.136872
34.000000, 25.000000, 1.038047
35.000000, 25.000000, 0.961935
36.000000, 25.000000, 0.918588
37.000000, 25.000000, 0.911042
38.000000, 25.000000, 0.964814
39.000000, 25.000000, 1.059778
40.000000, 25.000000, 1.176135
41.000000, 25.000000, 1.310988
42.000000, 25.000000, 1.453736
0.000000, 26.000000, 4.378551
1.000000, 26.000000, 4.464486
2.000000, 26.000000, 4.547017
3.000000, 26.000000, 4.623260
4.000000, 26.000000, 4.680847
5.000000, 26.000000, 4.718338
6.000000, 26.000000, 4.743521
7.000000, 26.000000, 4.753423
8.000000, 26.000000, 4.743909
9.000000, 26.000000, 4.711750
10.000000, 26.000000, 4.656584
11.000000, 26.000000, 4.581946
12.000000, 26.000000, 4.489438
13.000000, 26.000000, 4.376810
14.000000, 26.000000, 4.248387
15.000000, 26.000000, 4.107859
16.000000, 26.000000, 3.929897
17.000000, 26.000000, 3.722685
18.000000, 26.000000, 3.509866
19.000000, 26.000000, 3.295048
20.000000, 26.000000, 3.083613
21.000000, 26.000000, 2.883396
22.000000, 26.000000, 2.698736
23.000000, 26.000000, 2.530473
24.000000, 26.000000, 2.377366
25.000000, 26.000000, 2.236974
26.000000, 26.000000, 2.106257
27.000000, 26.000000, 1.982023
28.000000, 26.000000, 1.861312
29.000000, 26.000000, 1.741853
30.000000, 26.000000, 1.622677
31.000000, 26.000000, 1.505937
32.000000, 26.000000, 1.410322
33.000000, 26.000000, 1.331607
34.000000, 26.000000, 1.265364
35.000000, 26.000000, 1.218634
36.000000, 26.000000, 1.188527
37.000000, 26.000000, 1.183069
38.000000, 26.000000, 1.221619
39.000000, 26.000000, 1.294939
40.000000, 26.000000, 1.378373
41.000000, 26.000000, 1.475286
42.000000, 26.000000, 1.580128
0.000000, 27.000000, 4.450548
1.000000, 27.000000, 4.540059
2.000000, 27.000000, 4.624693
3.000000, 27.000000, 4.699975
4.000000, 27.000000, 4.759274
5.000000, 27.000000, 4.800591
6.000000, 27.000000, 4.825379
7.000000, 27.000000, 4.829971
8.000000, 27.000000, 4.807851
9.000000, 27.000000, 4.755426
10.000000, 27.000000, 4.673598
11.000000, 27.000000, 4.566172
12.000000, 27.000000, 4.437894
13.000000, 27.000000, 4.293083
14.000000, 27.000000, 4.138612
15.000000, 27.000000, 3.971486
16.000000, 27.000000, 3.767561
17.000000, 27.000000, 3.558538
18.000000, 27.000000, 3.353326
19.000000, 27.000000, 3.155081
20.000000, 27.000000, 2.967197
21.000000, 27.000000, 2.792963
22.000000, 27.000000, 2.633981
23.000000, 27.000000, 2.490031
24.000000, 27.000000, 2.359815
25.000000, 27.000000, 2.241560
26.000000, 27.000000, 2.133174
27.000000, 27.000000, 2.032217
28.000000, 27.000000, 1.936304
29.000000, 27.000000, 1.843654
30.000000, 27.000000, 1.753729
31.000000, 27.000000, 1.667926
32.000000, 27.000000, 1.595967
33.000000, 27.000000, 1.546538
34.000000, 27.000000, 1.508955
35.000000, 27.000000, 1.484634
36.000000, 27.000000, 1.462646
37.000000, 27.000000, 1.460264
38.000000, 27.000000, 1.487717
39.000000, 27.000000, 1.541282
40.000000, 27.000000, 1.599846
41.000000, 27.000000, 1.662059
42.000000, 27.000000, 1.729504
0.000000, 28.000000, 4.523835
1.000000, 28.000000, 4.617880
2.000000, 28.000000, 4.706226
3.000000, 28.000000, 4.784170
4.000000, 28.000000, 4.845022
5.000000, 28.000000, 4.882550
6.000000, 28.000000, 4.898277
7.000000, 28.000000, 4.893437
8.000000, 28.000000, 4.860172
9.000000, 28.000000, 4.792401
10.000000, 28.000000, 4.688893
11.000000, 28.000000, 4.552703
12.000000, 28.000000, 4.390557
13.000000, 28.000000, 4.212212
14.000000, 28.000000, 4.028811
15.000000, 28.000000, 3.824473
16.000000, 28.000000, 3.603382
17.000000, 28.000000, 3.390930
18.000000, 28.000000, 3.191309
19.000000, 28.000000, 3.006698
20.000000, 28.000000, 2.838452
21.000000, 28.000000, 2.687196
22.000000, 28.000000, 2.552652
23.000000, 28.000000, 2.433843
24.000000, 28.000000, 2.329469
25.000000, 28.000000, 2.237713
26.000000, 28.000000, 2.156091
27.000000, 28.000000, 2.082161
28.000000, 28.000000, 2.014228
29.000000, 28.000000, 1.951241
30.000000, 28.000000, 1.892903
31.000000, 28.000000, 1.840317
32.000000, 28.000000, 1.797145
33.000000, 28.000000, 1.774419
34.000000, 28.000000, 1.764169
35.000000, 28.000000, 1.758272
36.000000, 28.000000, 1.745655
37.000000, 28.000000, 1.746584
38.000000, 28.000000, 1.764944
39.000000, 28.000000, 1.798892
40.000000, 28.000000, 1.835307
41.000000, 28.000000, 1.864359
42.000000, 28.000000, 1.894165
0.000000, 29.000000, 4.599065
1.000000, 29.000000, 4.699076
2.000000, 29.000000, 4.790001
3.000000, 29.000000, 4.861827
4.000000, 29.000000, 4.913637
5.000000, 29.000000, 4.946181
6.000000, 29.000000, 4.962660
7.000000, 29.000000, 4.965519
8.000000, 29.000000, 4.931020
9.000000, 29.000000, 4.851689
10.000000, 29.000000, 4.726095
11.000000, 29.000000, 4.558323
12.000000, 29.000000, 4.358139
13.000000, 29.000000, 4.139970
14.000000, 29.000000, 3.916440
15.000000, 29.000000, 3.673138
16.000000, 29.000000, 3.436012
17.000000, 29.000000, 3.218238
18.000000, 29.000000, 3.022776
19.000000, 29.000000, 2.850311
20.000000, 29.000000, 2.700070
21.000000, 29.000000, 2.570384
22.000000, 29.000000, 2.459084
23.000000, 29.000000, 2.364227
24.000000, 29.000000, 2.285497
25.000000, 29.000000, 2.221800
26.000000, 29.000000, 2.169324
27.000000, 29.000000, 2.125513
28.000000, 29.000000, 2.089001
29.000000, 29.000000, 2.058762
30.000000, 29.000000, 2.034292
31.000000, 29.000000, 2.016592
32.000000, 29.000000, 2.007342
33.000000, 29.000000, 2.011805
34.000000, 29.000000, 2.029684
35.000000, 29.000000, 2.041809
36.000000, 29.000000, 2.042282
37.000000, 29.000000, 2.047334
38.000000, 29.000000, 2.057507
39.000000, 29.000000, 2.071657
40.000000, 29.000000, 2.083658
41.000000, 29.000000, 2.079203
42.000000, 29.000000, 2.070290
0.000000, 30.000000, 4.676131
1.000000, 30.000000, 4.765405
2.000000, 30.000000, 4.846443
3.000000, 30.000000, 4.919769
4.000000, 30.000000, 4.982221
5.000000, 30.000000, 5.028580
6.000000, 30.000000, 5.058067
7.000000, 30.000000, 5.066819
8.000000, 30.000000, 5.031873
9.000000, 30.000000, 4.941384
10.000000, 30.000000, 4.791577
11.000000, 30.000000, 4.587098
12.000000, 30.000000, 4.341497
13.000000, 30.000000, 4.075090
14.000000, 30.000000, 3.798815
15.000000, 30.000000, 3.515895
16.000000, 30.000000, 3.259720
17.000000, 30.000000, 3.034974
18.000000, 30.000000, 2.842977
19.000000, 30.000000, 2.682424
20.000000, 30.000000, 2.550212
21.000000, 30.000000, 2.442399
22.000000, 30.000000, 2.354866
23.000000, 30.000000, 2.283944
24.000000, 30.000000, 2.231014
25.000000, 30.000000, 2.197194
26.000000, 30.000000, 2.174382
27.000000, 30.000000, 2.160759
28.000000, 30.000000, 2.155607
29.000000, 30.000000, 2.158855
30.000000, 30.000000, 2.170845
31.000000, 30.000000, 2.191383
32.000000, 30.000000, 2.219918
33.000000, 30.000000, 2.257615
34.000000, 30.000000, 2.305600
35.000000, 30.000000, 2.339963
36.000000, 30.000000, 2.358355
37.000000, 30.000000, 2.369557
38.000000, 30.000000, 2.371865
39.000000, 30.000000, 2.364668
40.000000, 30.000000, 2.346889
41.000000, 30.000000, 2.306019
42.000000, 30.000000, 2.259779
0.000000, 31.000000, 4.713932
1.000000, 31.000000, 4.803264
2.000000, 31.000000, 4.893183
3.000000, 31.000000, 4.980449
4.000000, 31.000000, 5.060967
5.000000, 31.000000, 5.129532
6.000000, 31.000000, 5.179674
7.000000, 31.000000, 5.199086
8.000000, 31.000000, 5.168077
9.000000, 31.000000, 5.069000
10.000000, 31.000000, 4.892956
11.000000, 31.000000, 4.644294
12.000000, 31.000000, 4.341883
13.000000, 31.000000, 4.014421
14.000000, 31.000000, 3.676841
15.000000, 31.000000, 3.351382
16.000000, 31.000000, 3.068698
17.000000, 31.000000, 2.835598
18.000000, 31.000000, 2.647485
19.000000, 31.000000, 2.500025
20.000000, 31.000000, 2.387401
21.000000, 31.000000, 2.303333
22.000000, 31.000000, 2.242126
23.000000, 31.000000, 2.199744
24.000000, 31.000000, 2.175157
25.000000, 31.000000, 2.167202
26.000000, 31.000000, 2.172133
27.000000, 31.000000, 2.187819
28.000000, 31.000000, 2.213707
29.000000, 31.000000, 2.250078
30.000000, 31.000000, 2.297652
31.000000, 31.000000, 2.357190
32.000000, 31.000000, 2.428566
33.000000, 31.000000, 2.508611
34.000000, 31.000000, 2.592560
35.000000, 31.000000, 2.657431
36.000000, 31.000000, 2.700784
37.000000, 31.000000, 2.721973
38.000000, 31.000000, 2.716418
39.000000, 31.000000, 2.684281
40.000000, 31.000000, 2.629133
41.000000, 31.000000, 2.546396
42.000000, 31.000000, 2.464010
0.000000, 32.000000, 4.736614
1.000000, 32.000000, 4.834426
2.000000, 32.000000, 4.936286
3.000000, 32.000000, 5.039936
4.000000, 32.000000, 5.142048
5.000000, 32.000000, 5.236948
6.000000, 32.000000, 5.314756
7.000000, 32.000000, 5.358493
8.000000, 32.000000, 5.343672
9.000000, 32.000000, 5.243785
10.000000, 32.000000, 5.040867
11.000000, 32.000000, 4.737456
12.000000, 32.000000, 4.361044
13.000000, 32.000000, 3.954155
14.000000, 32.000000, 3.546930
15.000000, 32.000000, 3.175648
16.000000, 32.000000, 2.861704
17.000000, 32.000000, 2.615133
18.000000, 32.000000, 2.432416
19.000000, 32.000000, 2.300805
20.000000, 32.000000, 2.210689
21.000000, 32.000000, 2.153099
22.000000, 32.000000, 2.120520
23.000000, 32.000000, 2.107657
24.000000, 32.000000, 2.111468
25.000000, 32.000000, 2.130006
26.000000, 32.000000, 2.161569
27.000000, 32.000000, 2.205209
28.000000, 32.000000, 2.261008
29.000000, 32.000000, 2.329672
30.000000, 32.000000, 2.412038
31.000000, 32.000000, 2.508960
32.000000, 32.000000, 2.620776
33.000000, 32.000000, 2.746326
34.000000, 32.000000, 2.876181
35.000000, 32.000000, 2.982255
36.000000, 32.000000, 3.060890
37.000000, 32.000000, 3.098339
38.000000, 32.000000, 3.084495
39.000000, 32.000000, 3.021197
40.000000, 32.000000, 2.919420
41.000000, 32.000000, 2.793973
42.000000, 32.000000, 2.664408
0.000000, 33.000000, 4.750989
1.000000, 33.000000, 4.856699
2.000000, 33.000000, 4.970276
3.000000, 33.000000, 5.090760
4.000000, 33.000000, 5.216138
5.000000, 33.000000, 5.341492
6.000000, 33.000000, 5.456328
7.000000, 33.000000, 5.540703
8.000000, 33.000000, 5.562136
9.000000, 33.000000, 5.478051
10.000000, 33.000000, 5.251306
11.000000, 33.000000, 4.877781
12.000000, 33.000000, 4.400760
13.000000, 33.000000, 3.889418
14.000000, 33.000000, 3.401297
15.000000, 33.000000, 2.978086
16.000000, 33.000000, 2.635531
17.000000, 33.000000, 2.375335
18.000000, 33.000000, 2.195560
19.000000, 33.000000, 2.083634
20.000000, 33.000000, 2.020247
21.000000, 33.000000, 1.992434
22.000000, 33.000000, 1.990425
23.000000, 33.000000, 2.007449
24.000000, 33.000000, 2.039467
25.000000, 33.000000, 2.084393
26.000000, 33.000000, 2.141085
27.000000, 33.000000, 2.208529
28.000000, 33.000000, 2.287140
29.000000, 33.000000, 2.380383
30.000000, 33.000000, 2.492356
31.000000, 33.000000, 2.625992
32.000000, 33.000000, 2.782641
33.000000, 33.000000, 2.960892
34.000000, 33.000000, 3.149480
35.000000, 33.000000, 3.319424
36.000000, 33.000000, 3.456092
37.000000, 33.000000, 3.523751
38.000000, 33.000000, 3.499608
39.000000, 33.000000, 3.389873
40.000000, 33.000000, 3.223279
41.000000, 33.000000, 3.039405
42.000000, 33.000000, 2.837435
0.000000, 34.000000, 4.754108
1.000000, 34.000000, 4.865739
2.000000, 34.000000, 4.988909
3.000000, 34.000000, 5.124285
4.000000, 34.000000, 5.272022
5.000000, 34.000000, 5.429878
6.000000, 34.000000, 5.590136
7.000000, 34.000000, 5.733884
8.000000, 34.000000, 5.821955
9.000000, 34.000000, 5.787040
10.000000, 34.000000, 5.549370
11.000000, 34.000000, 5.081717
12.000000, 34.000000, 4.460530
13.000000, 34.000000, 3.811055
14.000000, 34.000000, 3.227777
15.000000, 34.000000, 2.748317
16.000000, 34.000000, 2.379679
17.000000, 34.000000, 2.115551
18.000000, 34.000000, 1.943560
19.000000, 34.000000, 1.850526
20.000000, 34.000000, 1.818276
21.000000, 34.000000, 1.824135
22.000000, 34.000000, 1.854755
23.000000, 34.000000, 1.902039
24.000000, 34.000000, 1.960401
25.000000, 34.000000, 2.024904
26.000000, 34.000000, 2.095911
27.000000, 34.000000, 2.179066
28.000000, 34.000000, 2.278935
29.000000, 34.000000, 2.399392
30.000000, 34.000000, 2.544543
31.000000, 34.000000, 2.718616
32.000000, 34.000000, 2.925263
33.000000, 34.000000, 3.165817
34.000000, 34.000000, 3.429117
35.000000, 34.000000, 3.686929
36.000000, 34.000000, 3.917124
37.000000, 34.000000, 4.044973
38.000000, 34.000000, 4.009647
39.000000, 34.000000, 3.825053
40.000000, 34.000000, 3.567621
41.000000, 34.000000, 3.288166
42.000000, 34.000000, 2.996731
0.000000, 35.000000, 4.743345
1.000000, 35.000000, 4.857495
2.000000, 35.000000, 4.986037
3.000000, 35.000000, 5.131352
4.000000, 35.000000, 5.296340
5.000000, 35.000000, 5.483080
6.000000, 35.000000, 5.690480
7.000000, 35.000000, 5.908286
8.000000, 35.000000, 6.102180
9.000000, 35.000000, 6.181433
10.000000, 35.000000, 5.974985
11.000000, 35.000000, 5.370505
12.000000, 35.000000, 4.528855
13.000000, 35.000000, 3.699286
14.000000, 35.000000, 3.010119
15.000000, 35.000000, 2.476484
16.000000, 35.000000, 2.088370
17.000000, 35.000000, 1.828927
18.000000, 35.000000, 1.678131
19.000000, 35.000000, 1.613186
20.000000, 35.000000, 1.611770
21.000000, 35.000000, 1.653522
22.000000, 35.000000, 1.717087
23.000000, 35.000000, 1.786932
24.000000, 35.000000, 1.859022
25.000000, 35.000000, 1.938420
26.000000, 35.000000, 2.028181
27.000000, 35.000000, 2.131369
28.000000, 35.000000, 2.252505
29.000000, 35.000000, 2.397215
30.000000, 35.000000, 2.571797
31.000000, 35.000000, 2.783209
32.000000, 35.000000, 3.038973
33.000000, 35.000000, 3.346237
34.000000, 35.000000, 3.700719
35.000000, 35.000000, 4.082996
36.000000, 35.000000, 4.462783
37.000000, 35.000000, 4.710250
38.000000, 35.000000, 4.659673
39.000000, 35.000000, 4.343327
40.000000, 35.000000, 3.933036
41.000000, 35.000000, 3.523102
42.000000, 35.000000, 3.134837
0.000000, 36.000000, 4.716935
1.000000, 36.000000, 4.828983
2.000000, 36.000000, 4.956701
3.000000, 36.000000, 5.103770
4.000000, 36.000000, 5.275488
5.000000, 36.000000, 5.478410
6.000000, 36.000000, 5.719803
7.000000, 36.000000, 6.005154
8.000000, 36.000000, 6.327962
9.000000, 36.000000, 6.622957
10.000000, 36.000000, 6.578984
11.000000, 36.000000, 5.746789
12.000000, 36.000000, 4.554624
13.000000, 36.000000, 3.517272
14.000000, 36.000000, 2.731327
15.000000, 36.000000, 2.157041
16.000000, 36.000000, 1.760833
17.000000, 36.000000, 1.516594
18.000000, 36.000000, 1.398303
19.000000, 36.000000, 1.374933
20.000000, 36.000000, 1.413819
21.000000, 36.000000, 1.483940
22.000000, 36.000000, 1.564287
23.000000, 36.000000, 1.652024
24.000000, 36.000000, 1.746139
25.000000, 36.000000, 1.846458
26.000000, 36.000000, 1.954344
27.000000, 36.000000, 2.073457
28.000000, 36.000000, 2.210303
29.000000, 36.000000, 2.373007
30.000000, 36.000000, 2.570191
31.000000, 36.000000, 2.811557
32.000000, 36.000000, 3.108816
33.000000, 36.000000, 3.476493
34.000000, 36.000000, 3.924003
35.000000, 36.000000, 4.459805
36.000000, 36.000000, 5.085965
37.000000, 36.000000, 5.586989
38.000000, 36.000000, 5.498239
39.000000, 36.000000, 4.907815
40.000000, 36.000000, 4.265805
41.000000, 36.000000, 3.715758
42.000000, 36.000000, 3.252528
0.000000, 37.000000, 4.674481
1.000000, 37.000000, 4.779120
2.000000, 37.000000, 4.898523
3.000000, 37.000000, 5.036685
4.000000, 37.000000, 5.199824
5.000000, 37.000000, 5.396737
6.000000, 37.000000, 5.639631
7.000000, 37.000000, 5.944974
8.000000, 37.000000, 6.334903
9.000000, 37.000000, 6.827035
10.000000, 37.000000, 6.001453
11.000000, 37.000000, 5.804733
12.000000, 37.000000, 4.394250
13.000000, 37.000000, 3.221250
14.000000, 37.000000, 2.387056
15.000000, 37.000000, 1.796568
16.000000, 37.000000, 1.404186
17.000000, 37.000000, 1.185209
18.000000, 37.000000, 1.112340
19.000000, 37.000000, 1.140422
20.000000, 37.000000, 1.214086
21.000000, 37.000000, 1.305629
22.000000, 37.000000, 1.409304
23.000000, 37.000000, 1.520621
24.000000, 37.000000, 1.636462
25.000000, 37.000000, 1.755659
26.000000, 37.000000, 1.878909
27.000000, 37.000000, 2.008769
28.000000, 37.000000, 2.154157
29.000000, 37.000000, 2.326968
30.000000, 37.000000, 2.537469
31.000000, 37.000000, 2.797230
32.000000, 37.000000, 3.120930
33.000000, 37.000000, 3.527264
34.000000, 37.000000, 4.037067
35.000000, 37.000000, 4.690829
36.000000, 37.000000, 5.574785
37.000000, 37.000000, 5.259384
38.000000, 37.000000, 5.688694
39.000000, 37.000000, 5.314632
40.000000, 37.000000, 4.466272
41.000000, 37.000000, 3.830689
42.000000, 37.000000, 3.316083
0.000000, 38.000000, 4.617260
1.000000, 38.000000, 4.709314
2.000000, 38.000000, 4.812881
3.000000, 38.000000, 4.930983
4.000000, 38.000000, 5.068575
5.000000, 38.000000, 5.232992
6.000000, 38.000000, 5.434485
7.000000, 38.000000, 5.684255
8.000000, 38.000000, 5.986935
9.000000, 38.000000, 6.309258
10.000000, 38.000000, 6.165278
11.000000, 38.000000, 5.270281
12.000000, 38.000000, 3.921330
13.000000, 38.000000, 2.814409
14.000000, 38.000000, 2.003276
15.000000, 38.000000, 1.419641
16.000000, 38.000000, 1.034661
17.000000, 38.000000, 0.846354
18.000000, 38.000000, 0.830977
19.000000, 38.000000, 0.907296
20.000000, 38.000000, 1.018502
21.000000, 38.000000, 1.141348
22.000000, 38.000000, 1.267391
23.000000, 38.000000, 1.395665
24.000000, 38.000000, 1.527783
25.000000, 38.000000, 1.664841
26.000000, 38.000000, 1.804526
27.000000, 38.000000, 1.940465
28.000000, 38.000000, 2.085349
29.000000, 38.000000, 2.260765
30.000000, 38.000000, 2.475050
31.000000, 38.000000, 2.738920
32.000000, 38.000000, 3.070534
33.000000, 38.000000, 3.482343
34.000000, 38.000000, 3.992635
35.000000, 38.000000, 4.633903
36.000000, 38.000000, 5.468961
37.000000, 38.000000, 5.670815
38.000000, 38.000000, 5.806905
39.000000, 38.000000, 5.218578
40.000000, 38.000000, 4.430073
41.000000, 38.000000, 3.815181
42.000000, 38.000000, 3.303030
0.000000, 39.000000, 4.548240
1.000000, 39.000000, 4.623579
2.000000, 39.000000, 4.705311
3.000000, 39.000000, 4.794378
4.000000, 39.000000, 4.892536
5.000000, 39.000000, 5.002407
6.000000, 39.000000, 5.128115
7.000000, 39.000000, 5.270311
8.000000, 39.000000, 5.400127
9.000000, 39.000000, 5.424063
10.000000, 39.000000, 5.128425
11.000000, 39.000000, 4.332998
12.000000, 39.000000, 3.314996
13.000000, 39.000000, 2.381754
14.000000, 39.000000, 1.637156
15.000000, 39.000000, 1.069333
16.000000, 39.000000, 0.677771
17.000000, 39.000000, 0.512954
18.000000, 39.000000, 0.566400
19.000000, 39.000000, 0.707158
20.000000, 39.000000, 0.858849
21.000000, 39.000000, 1.003494
22.000000, 39.000000, 1.141132
23.000000, 39.000000, 1.276150
24.000000, 39.000000, 1.413628
25.000000, 39.000000, 1.558333
26.000000, 39.000000, 1.713587
27.000000, 39.000000, 1.856437
28.000000, 39.000000, 1.996737
29.000000, 39.000000, 2.174233
30.000000, 39.000000, 2.390145
31.000000, 39.000000, 2.650402
32.000000, 39.000000, 2.968791
33.000000, 39.000000, 3.353006
34.000000, 39.000000, 3.806375
35.000000, 39.000000, 4.316864
36.000000, 39.000000, 4.872766
37.000000, 39.000000, 5.290483
38.000000, 39.000000, 5.214302
39.000000, 39.000000, 4.721648
40.000000, 39.000000, 4.167148
41.000000, 39.000000, 3.672218
42.000000, 39.000000, 3.219194
0.000000, 40.000000, 4.471705
1.000000, 40.000000, 4.527618
2.000000, 40.000000, 4.584655
3.000000, 40.000000, 4.640225
4.000000, 40.000000, 4.692530
5.000000, 40.000000, 4.737842
6.000000, 40.000000, 4.771953
7.000000, 40.000000, 4.802092
8.000000, 40.000000, 4.787539
9.000000, 40.000000, 4.636710
10.000000, 40.000000, 4.252465
11.000000, 40.000000, 3.588444
12.000000, 40.000000, 2.794165
13.000000, 40.000000, 2.020509
14.000000, 40.000000, 1.353255
15.000000, 40.000000, 0.808263
16.000000, 40.000000, 0.394611
17.000000, 40.000000, 0.224178
18.000000, 40.000000, 0.384444
19.000000, 40.000000, 0.580182
20.000000, 40.000000, 0.749625
21.000000, 40.000000, 0.897223
22.000000, 40.000000, 1.031532
23.000000, 40.000000, 1.160360
24.000000, 40.000000, 1.290016
25.000000, 40.000000, 1.424937
26.000000, 40.000000, 1.565704
27.000000, 40.000000, 1.705513
28.000000, 40.000000, 1.859917
29.000000, 40.000000, 2.049943
30.000000, 40.000000, 2.273561
31.000000, 40.000000, 2.530643
32.000000, 40.000000, 2.826777
33.000000, 40.000000, 3.164234
34.000000, 40.000000, 3.531257
35.000000, 40.000000, 3.903645
36.000000, 40.000000, 4.250611
37.000000, 40.000000, 4.466264
38.000000, 40.000000, 4.429626
39.000000, 40.000000, 4.172325
40.000000, 40.000000, 3.818689
41.000000, 40.000000, 3.452828
42.000000, 40.000000, 3.084785
0.000000, 41.000000, 4.352821
1.000000, 41.000000, 4.414635
2.000000, 41.000000, 4.459018
3.000000, 41.000000, 4.483887
4.000000, 41.000000, 4.493231
5.000000, 41.000000, 4.481437
6.000000, 41.000000, 4.439000
7.000000, 41.000000, 4.379109
8.000000, 41.000000, 4.265608
9.000000, 41.000000, 4.025909
10.000000, 41.000000, 3.621700
11.000000, 41.000000, 3.060626
12.000000, 41.000000, 2.417649
13.000000, 41.000000, 1.777711
14.000000, 41.000000, 1.195929
15.000000, 41.000000, 0.713950
16.000000, 41.000000, 0.357586
17.000000, 41.000000, 0.224491
18.000000, 41.000000, 0.370362
19.000000, 41.000000, 0.543928
20.000000, 41.000000, 0.692951
21.000000, 41.000000, 0.821339
22.000000, 41.000000, 0.937166
23.000000, 41.000000, 1.047592
24.000000, 41.000000, 1.157635
25.000000, 41.000000, 1.269625
26.000000, 41.000000, 1.384158
27.000000, 41.000000, 1.508714
28.000000, 41.000000, 1.674046
29.000000, 41.000000, 1.882395
30.000000, 41.000000, 2.112569
31.000000, 41.000000, 2.362380
32.000000, 41.000000, 2.629158
33.000000, 41.000000, 2.913645
34.000000, 41.000000, 3.214883
35.000000, 41.000000, 3.496041
36.000000, 41.000000, 3.728907
37.000000, 41.000000, 3.854228
38.000000, 41.000000, 3.839541
39.000000, 41.000000, 3.697704
40.000000, 41.000000, 3.474890
41.000000, 41.000000, 3.211814
42.000000, 41.000000, 2.922908
0.000000, 42.000000, 4.241381
1.000000, 42.000000, 4.284672
2.000000, 42.000000, 4.316722
3.000000, 42.000000, 4.329803
4.000000, 42.000000, 4.312286
5.000000, 42.000000, 4.261300
6.000000, 42.000000, 4.176038
7.000000, 42.000000, 4.052850
8.000000, 42.000000, 3.868332
9.000000, 42.000000, 3.587764
10.000000, 42.000000, 3.196192
11.000000, 42.000000, 2.710423
12.000000, 42.000000, 2.178286
13.000000, 42.000000, 1.654721
14.000000, 42.000000, 1.169852
15.000000, 42.000000, 0.780010
16.000000, 42.000000, 0.517241
17.000000, 42.000000, 0.421783
18.000000, 42.000000, 0.471828
19.000000, 42.000000, 0.572627
20.000000, 42.000000, 0.674592
21.000000, 42.000000, 0.767932
22.000000, 42.000000, 0.854771
23.000000, 42.000000, 0.939258
24.000000, 42.000000, 1.024208
25.000000, 42.000000, 1.110495
26.000000, 42.000000, 1.200717
27.000000, 42.000000, 1.299802
28.000000, 42.000000, 1.468890
29.000000, 42.000000, 1.698671
30.000000, 42.000000, 1.926148
31.000000, 42.000000, 2.152952
32.000000, 42.000000, 2.389718
33.000000, 42.000000, 2.639446
34.000000, 42.000000, 2.892187
35.000000, 42.000000, 3.115261
36.000000, 42.000000, 3.280443
37.000000, 42.000000, 3.366160
38.000000, 42.000000, 3.370513
39.000000, 42.000000, 3.294660
40.000000, 42.000000, 3.156984
41.000000, 42.000000, 2.971437
42.000000, 42.000000, 2.750446
