S
I=43,J=43
0.000000, 0.000000, 2.117870
1.000000, 0.000000, 2.125794
2.000000, 0.000000, 2.130040
3.000000, 0.000000, 2.130023
4.000000, 0.000000, 2.125108
5.000000, 0.000000, 2.114599
6.000000, 0.000000, 2.097774
7.000000, 0.000000, 2.073911
8.000000, 0.000000, 2.042358
9.000000, 0.000000, 2.002664
10.000000, 0.000000, 1.953895
11.000000, 0.000000, 1.897654
12.000000, 0.000000, 1.833800
13.000000, 0.000000, 1.762476
14.000000, 0.000000, 1.684200
15.000000, 0.000000, 1.599938
16.000000, 0.000000, 1.511132
17.000000, 0.000000, 1.419042
18.000000, 0.000000, 1.315153
19.000000, 0.000000, 1.195157
20.000000, 0.000000, 1.083556
21.000000, 0.000000, 0.988250
22.000000, 0.000000, 0.914536
23.000000, 0.000000, 0.866666
24.000000, 0.000000, 0.847287
25.000000, 0.000000, 0.856882
26.000000, 0.000000, 0.893686
27.000000, 0.000000, 0.954233
28.000000, 0.000000, 1.034278
29.000000, 0.000000, 1.129615
30.000000, 0.000000, 1.236532
31.000000, 0.000000, 1.351923
32.000000, 0.000000, 1.473208
33.000000, 0.000000, 1.598198
34.000000, 0.000000, 1.738996
35.000000, 0.000000, 1.885463
36.000000, 0.000000, 2.024361
37.000000, 0.000000, 2.151670
38.000000, 0.000000, 2.263888
39.000000, 0.000000, 2.358393
40.000000, 0.000000, 2.433700
41.000000, 0.000000, 2.506289
42.000000, 0.000000, 2.552323
0.000000, 1.000000, 2.190102
1.000000, 1.000000, 2.200280
2.000000, 1.000000, 2.206391
3.000000, 1.000000, 2.207904
4.000000, 1.000000, 2.204081
5.000000, 1.000000, 2.194098
6.000000, 1.000000, 2.177046
7.000000, 1.000000, 2.151975
8.000000, 1.000000, 2.117944
9.000000, 1.000000, 2.074568
10.000000, 1.000000, 2.022522
11.000000, 1.000000, 1.961546
12.000000, 1.000000, 1.891215
13.000000, 1.000000, 1.811376
14.000000, 1.000000, 1.722217
15.000000, 1.000000, 1.624289
16.000000, 1.000000, 1.518306
17.000000, 1.000000, 1.404188
18.000000, 1.000000, 1.279823
19.000000, 1.000000, 1.148496
20.000000, 1.000000, 1.022474
21.000000, 1.000000, 0.912398
22.000000, 1.000000, 0.826417
23.000000, 1.000000, 0.770961
24.000000, 1.000000, 0.750119
25.000000, 1.000000, 0.764759
26.000000, 1.000000, 0.812267
27.000000, 1.000000, 0.887557
28.000000, 1.000000, 0.984758
29.000000, 1.000000, 1.098532
30.000000, 1.000000, 1.224584
31.000000, 1.000000, 1.359620
32.000000, 1.000000, 1.501136
33.000000, 1.000000, 1.654044
34.000000, 1.000000, 1.825853
35.000000, 1.000000, 1.995584
36.000000, 1.000000, 2.155900
37.000000, 1.000000, 2.301651
38.000000, 1.000000, 2.428270
39.000000, 1.000000, 2.532399
40.000000, 1.000000, 2.612530
41.000000, 1.000000, 2.674851
42.000000, 1.000000, 2.720615
0.000000, 2.000000, 2.268842
1.000000, 2.000000, 2.281549
2.000000, 2.000000, 2.289925
3.000000, 2.000000, 2.293393
4.000000, 2.000000, 2.291112
5.000000, 2.000000, 2.282121
6.000000, 2.000000, 2.265329
7.000000, 2.000000, 2.239518
8.000000, 2.000000, 2.203462
9.000000, 2.000000, 2.157786
10.000000, 2.000000, 2.102900
11.000000, 2.000000, 2.037481
12.000000, 2.000000, 1.960728
13.000000, 2.000000, 1.872085
14.000000, 2.000000, 1.771314
15.000000, 2.000000, 1.658517
16.000000, 2.000000, 1.534054
17.000000, 2.000000, 1.398451
18.000000, 2.000000, 1.253207
19.000000, 2.000000, 1.103405
20.000000, 2.000000, 0.958512
21.000000, 2.000000, 0.829714
22.000000, 2.000000, 0.727922
23.000000, 2.000000, 0.662474
24.000000, 2.000000, 0.639723
25.000000, 2.000000, 0.661250
26.000000, 2.000000, 0.722925
27.000000, 2.000000, 0.816834
28.000000, 2.000000, 0.934648
29.000000, 2.000000, 1.069679
30.000000, 2.000000, 1.217231
31.000000, 2.000000, 1.374125
32.000000, 2.000000, 1.539613
33.000000, 2.000000, 1.729634
34.000000, 2.000000, 1.931252
35.000000, 2.000000, 2.128255
36.000000, 2.000000, 2.313972
37.000000, 2.000000, 2.481525
38.000000, 2.000000, 2.624629
39.000000, 2.000000, 2.738744
40.000000, 2.000000, 2.821945
41.000000, 2.000000, 2.876026
42.000000, 2.000000, 2.912214
0.000000, 3.000000, 2.354711
1.000000, 3.000000, 2.370385
2.000000, 3.000000, 2.381488
3.000000, 3.000000, 2.387395
4.000000, 3.000000, 2.387182
5.000000, 3.000000, 2.379764
6.000000, 3.000000, 2.363860
7.000000, 3.000000, 2.337984
8.000000, 3.000000, 2.300823
9.000000, 3.000000, 2.254318
10.000000, 3.000000, 2.197427
11.000000, 3.000000, 2.128295
12.000000, 3.000000, 2.045694
13.000000, 3.000000, 1.948619
14.000000, 3.000000, 1.836400
15.000000, 3.000000, 1.708796
16.000000, 3.000000, 1.566107
17.000000, 3.000000, 1.409470
18.000000, 3.000000, 1.241646
19.000000, 3.000000, 1.068230
20.000000, 3.000000, 0.898422
21.000000, 3.000000, 0.744846
22.000000, 3.000000, 0.621944
23.000000, 3.000000, 0.542811
24.000000, 3.000000, 0.517210
25.000000, 3.000000, 0.548324
26.000000, 3.000000, 0.629107
27.000000, 3.000000, 0.746468
28.000000, 3.000000, 0.888495
29.000000, 3.000000, 1.047242
30.000000, 3.000000, 1.218133
31.000000, 3.000000, 1.398725
32.000000, 3.000000, 1.596431
33.000000, 3.000000, 1.825158
34.000000, 3.000000, 2.058898
35.000000, 3.000000, 2.288228
36.000000, 3.000000, 2.504719
37.000000, 3.000000, 2.698725
38.000000, 3.000000, 2.861054
39.000000, 3.000000, 2.985175
40.000000, 3.000000, 3.068884
41.000000, 3.000000, 3.114530
42.000000, 3.000000, 3.131268
0.000000, 4.000000, 2.448403
1.000000, 4.000000, 2.467544
2.000000, 4.000000, 2.481888
3.000000, 4.000000, 2.490793
4.000000, 4.000000, 2.493261
5.000000, 4.000000, 2.488109
6.000000, 4.000000, 2.473898
7.000000, 4.000000, 2.448875
8.000000, 4.000000, 2.412053
9.000000, 4.000000, 2.366155
10.000000, 4.000000, 2.308465
11.000000, 4.000000, 2.236818
12.000000, 4.000000, 2.149493
13.000000, 4.000000, 2.044997
14.000000, 4.000000, 1.922226
15.000000, 4.000000, 1.780622
16.000000, 4.000000, 1.620404
17.000000, 4.000000, 1.442908
18.000000, 4.000000, 1.251123
19.000000, 4.000000, 1.050438
20.000000, 4.000000, 0.849726
21.000000, 4.000000, 0.663530
22.000000, 4.000000, 0.512571
23.000000, 4.000000, 0.414548
24.000000, 4.000000, 0.383936
25.000000, 4.000000, 0.428938
26.000000, 4.000000, 0.536236
27.000000, 4.000000, 0.682719
28.000000, 4.000000, 0.851994
29.000000, 4.000000, 1.035833
30.000000, 4.000000, 1.230815
31.000000, 4.000000, 1.436906
32.000000, 4.000000, 1.675555
33.000000, 4.000000, 1.940552
34.000000, 4.000000, 2.211154
35.000000, 4.000000, 2.479563
36.000000, 4.000000, 2.734616
37.000000, 4.000000, 2.962115
38.000000, 4.000000, 3.147707
39.000000, 4.000000, 3.281297
40.000000, 4.000000, 3.360507
41.000000, 4.000000, 3.390736
42.000000, 4.000000, 3.382611
0.000000, 5.000000, 2.550686
1.000000, 5.000000, 2.573855
2.000000, 5.000000, 2.592030
3.000000, 5.000000, 2.604548
4.000000, 5.000000, 2.610383
5.000000, 5.000000, 2.608294
6.000000, 5.000000, 2.596730
7.000000, 5.000000, 2.573735
8.000000, 5.000000, 2.539062
9.000000, 5.000000, 2.495311
10.000000, 5.000000, 2.438467
11.000000, 5.000000, 2.366002
12.000000, 5.000000, 2.275630
13.000000, 5.000000, 2.165313
14.000000, 5.000000, 2.033473
15.000000, 5.000000, 1.879209
16.000000, 5.000000, 1.702561
17.000000, 5.000000, 1.504823
18.000000, 5.000000, 1.288892
19.000000, 5.000000, 1.059568
20.000000, 5.000000, 0.824115
21.000000, 5.000000, 0.595764
22.000000, 5.000000, 0.408882
23.000000, 5.000000, 0.285227
24.000000, 5.000000, 0.242991
25.000000, 5.000000, 0.309732
26.000000, 5.000000, 0.454539
27.000000, 5.000000, 0.635114
28.000000, 5.000000, 0.832437
29.000000, 5.000000, 1.040578
30.000000, 5.000000, 1.258650
31.000000, 5.000000, 1.493643
32.000000, 5.000000, 1.773796
33.000000, 5.000000, 2.075508
34.000000, 5.000000, 2.388689
35.000000, 5.000000, 2.705374
36.000000, 5.000000, 3.010800
37.000000, 5.000000, 3.283236
38.000000, 5.000000, 3.498613
39.000000, 5.000000, 3.639957
40.000000, 5.000000, 3.705316
41.000000, 5.000000, 3.706969
42.000000, 5.000000, 3.663647
0.000000, 6.000000, 2.662414
1.000000, 6.000000, 2.690261
2.000000, 6.000000, 2.712909
3.000000, 6.000000, 2.729723
4.000000, 6.000000, 2.739661
5.000000, 6.000000, 2.741464
6.000000, 6.000000, 2.733517
7.000000, 6.000000, 2.713732
8.000000, 6.000000, 2.683027
9.000000, 6.000000, 2.642926
10.000000, 6.000000, 2.588896
11.000000, 6.000000, 2.517945
12.000000, 6.000000, 2.427076
13.000000, 6.000000, 2.313337
14.000000, 6.000000, 2.174626
15.000000, 6.000000, 2.009648
16.000000, 6.000000, 1.818143
17.000000, 6.000000, 1.601447
18.000000, 6.000000, 1.362617
19.000000, 6.000000, 1.106581
20.000000, 6.000000, 0.839999
21.000000, 6.000000, 0.572461
22.000000, 6.000000, 0.344453
23.000000, 6.000000, 0.175030
24.000000, 6.000000, 0.100051
25.000000, 6.000000, 0.206954
26.000000, 6.000000, 0.401796
27.000000, 6.000000, 0.615825
28.000000, 6.000000, 0.837408
29.000000, 6.000000, 1.065937
30.000000, 6.000000, 1.303961
31.000000, 6.000000, 1.571412
32.000000, 6.000000, 1.886851
33.000000, 6.000000, 2.226602
34.000000, 6.000000, 2.588470
35.000000, 6.000000, 2.965662
36.000000, 6.000000, 3.339827
37.000000, 6.000000, 3.677119
38.000000, 6.000000, 3.933952
39.000000, 6.000000, 4.078583
40.000000, 6.000000, 4.111931
41.000000, 6.000000, 4.062670
42.000000, 6.000000, 3.965566
0.000000, 7.000000, 2.784562
1.000000, 7.000000, 2.817741
2.000000, 7.000000, 2.845027
3.000000, 7.000000, 2.864746
4.000000, 7.000000, 2.874875
5.000000, 7.000000, 2.874673
6.000000, 7.000000, 2.864558
7.000000, 7.000000, 2.843439
8.000000, 7.000000, 2.814743
9.000000, 7.000000, 2.778923
10.000000, 7.000000, 2.730566
11.000000, 7.000000, 2.665754
12.000000, 7.000000, 2.580455
13.000000, 7.000000, 2.470697
14.000000, 7.000000, 2.333401
15.000000, 7.000000, 2.165902
16.000000, 7.000000, 1.966771
17.000000, 7.000000, 1.736306
18.000000, 7.000000, 1.478093
19.000000, 7.000000, 1.199172
20.000000, 7.000000, 0.909673
21.000000, 7.000000, 0.623582
22.000000, 7.000000, 0.360578
23.000000, 7.000000, 0.126563
24.000000, 7.000000, -0.009704
25.000000, 7.000000, 0.163732
26.000000, 7.000000, 0.400475
27.000000, 7.000000, 0.635599
28.000000, 7.000000, 0.872232
29.000000, 7.000000, 1.114058
30.000000, 7.000000, 1.367213
31.000000, 7.000000, 1.664934
32.000000, 7.000000, 2.008202
33.000000, 7.000000, 2.385155
34.000000, 7.000000, 2.800391
35.000000, 7.000000, 3.252450
36.000000, 7.000000, 3.723242
37.000000, 7.000000, 4.162206
38.000000, 7.000000, 4.484096
39.000000, 7.000000, 4.620305
40.000000, 7.000000, 4.584526
41.000000, 7.000000, 4.447237
42.000000, 7.000000, 4.271251
0.000000, 8.000000, 2.918220
1.000000, 8.000000, 2.940982
2.000000, 8.000000, 2.957936
3.000000, 8.000000, 2.967877
4.000000, 8.000000, 2.972399
5.000000, 8.000000, 2.971366
6.000000, 8.000000, 2.963930
7.000000, 8.000000, 2.948792
8.000000, 8.000000, 2.929147
9.000000, 8.000000, 2.904266
10.000000, 8.000000, 2.867476
11.000000, 8.000000, 2.813662
12.000000, 8.000000, 2.737800
13.000000, 8.000000, 2.635221
14.000000, 8.000000, 2.501871
15.000000, 8.000000, 2.334701
16.000000, 8.000000, 2.132087
17.000000, 8.000000, 1.894435
18.000000, 8.000000, 1.625267
19.000000, 8.000000, 1.332396
20.000000, 8.000000, 1.027756
21.000000, 8.000000, 0.726739
22.000000, 8.000000, 0.446298
23.000000, 8.000000, 0.204741
24.000000, 8.000000, 0.093387
25.000000, 8.000000, 0.237883
26.000000, 8.000000, 0.463695
27.000000, 8.000000, 0.698746
28.000000, 8.000000, 0.937653
29.000000, 8.000000, 1.183413
30.000000, 8.000000, 1.445948
31.000000, 8.000000, 1.764343
32.000000, 8.000000, 2.126931
33.000000, 8.000000, 2.535373
34.000000, 8.000000, 3.002713
35.000000, 8.000000, 3.540116
36.000000, 8.000000, 4.143491
37.000000, 8.000000, 4.753616
38.000000, 8.000000, 5.196456
39.000000, 8.000000, 5.290197
40.000000, 8.000000, 5.106412
41.000000, 8.000000, 4.826347
42.000000, 8.000000, 4.546922
0.000000, 9.000000, 3.003728
1.000000, 9.000000, 3.023994
2.000000, 9.000000, 3.041425
3.000000, 9.000000, 3.055280
4.000000, 9.000000, 3.064847
5.000000, 9.000000, 3.069466
6.000000, 9.000000, 3.068693
7.000000, 9.000000, 3.062367
8.000000, 9.000000, 3.055325
9.000000, 9.000000, 3.045701
10.000000, 9.000000, 3.025285
11.000000, 9.000000, 2.987597
12.000000, 9.000000, 2.926573
13.000000, 9.000000, 2.836484
14.000000, 9.000000, 2.712145
15.000000, 9.000000, 2.549462
16.000000, 9.000000, 2.345966
17.000000, 9.000000, 2.101104
18.000000, 9.000000, 1.817823
19.000000, 9.000000, 1.507054
20.000000, 9.000000, 1.187548
21.000000, 9.000000, 0.879111
22.000000, 9.000000, 0.600855
23.000000, 9.000000, 0.385108
24.000000, 9.000000, 0.305676
25.000000, 9.000000, 0.399699
26.000000, 9.000000, 0.585161
27.000000, 9.000000, 0.800570
28.000000, 9.000000, 1.028748
29.000000, 9.000000, 1.268235
30.000000, 9.000000, 1.532985
31.000000, 9.000000, 1.857919
32.000000, 9.000000, 2.227914
33.000000, 9.000000, 2.654443
34.000000, 9.000000, 3.159448
35.000000, 9.000000, 3.772393
36.000000, 9.000000, 4.526365
37.000000, 9.000000, 5.414068
38.000000, 9.000000, 6.109437
39.000000, 9.000000, 6.067664
40.000000, 9.000000, 5.589509
41.000000, 9.000000, 5.121502
42.000000, 9.000000, 4.737851
0.000000, 10.000000, 3.080751
1.000000, 10.000000, 3.106024
2.000000, 10.000000, 3.128840
3.000000, 10.000000, 3.148461
4.000000, 10.000000, 3.164119
5.000000, 10.000000, 3.175114
6.000000, 10.000000, 3.181337
7.000000, 10.000000, 3.184609
8.000000, 10.000000, 3.193215
9.000000, 10.000000, 3.203934
10.000000, 10.000000, 3.205301
11.000000, 10.000000, 3.189515
12.000000, 10.000000, 3.149781
13.000000, 10.000000, 3.079206
14.000000, 10.000000, 2.970934
15.000000, 10.000000, 2.819229
16.000000, 10.000000, 2.620750
17.000000, 10.000000, 2.373977
18.000000, 10.000000, 2.077315
19.000000, 10.000000, 1.743743
20.000000, 10.000000, 1.405547
21.000000, 10.000000, 1.090627
22.000000, 10.000000, 0.822417
23.000000, 10.000000, 0.629367
24.000000, 10.000000, 0.548618
25.000000, 10.000000, 0.598158
26.000000, 10.000000, 0.741229
27.000000, 10.000000, 0.927782
28.000000, 10.000000, 1.135387
29.000000, 10.000000, 1.359069
30.000000, 10.000000, 1.616608
31.000000, 10.000000, 1.932777
32.000000, 10.000000, 2.294329
33.000000, 10.000000, 2.717109
34.000000, 10.000000, 3.227477
35.000000, 10.000000, 3.865944
36.000000, 10.000000, 4.696636
37.000000, 10.000000, 5.794544
38.000000, 10.000000, 5.456310
39.000000, 10.000000, 6.497234
40.000000, 10.000000, 5.795644
41.000000, 10.000000, 5.212339
42.000000, 10.000000, 4.780807
0.000000, 11.000000, 3.161318
1.000000, 11.000000, 3.192241
2.000000, 11.000000, 3.221284
3.000000, 11.000000, 3.247752
4.000000, 11.000000, 3.270833
5.000000, 11.000000, 3.289577
6.000000, 11.000000, 3.303243
7.000000, 11.000000, 3.314518
8.000000, 11.000000, 3.342533
9.000000, 11.000000, 3.379813
10.000000, 11.000000, 3.407950
11.000000, 11.000000, 3.419913
12.000000, 11.000000, 3.409007
13.000000, 11.000000, 3.366953
14.000000, 11.000000, 3.284056
15.000000, 11.000000, 3.151017
16.000000, 11.000000, 2.962503
17.000000, 11.000000, 2.719568
18.000000, 11.000000, 2.410265
19.000000, 11.000000, 2.040318
20.000000, 11.000000, 1.677861
21.000000, 11.000000, 1.353782
22.000000, 11.000000, 1.090109
23.000000, 11.000000, 0.907599
24.000000, 11.000000, 0.822393
25.000000, 11.000000, 0.833552
26.000000, 11.000000, 0.921349
27.000000, 11.000000, 1.065685
28.000000, 11.000000, 1.244797
29.000000, 11.000000, 1.444417
30.000000, 11.000000, 1.684086
31.000000, 11.000000, 1.976720
32.000000, 11.000000, 2.311952
33.000000, 11.000000, 2.704586
34.000000, 11.000000, 3.177474
35.000000, 11.000000, 3.763151
36.000000, 11.000000, 4.502789
37.000000, 11.000000, 5.407646
38.000000, 11.000000, 6.118619
39.000000, 11.000000, 6.042594
40.000000, 11.000000, 5.506567
41.000000, 11.000000, 5.020358
42.000000, 11.000000, 4.640139
0.000000, 12.000000, 3.244987
1.000000, 12.000000, 3.282165
2.000000, 12.000000, 3.318280
3.000000, 12.000000, 3.352813
4.000000, 12.000000, 3.385160
5.000000, 12.000000, 3.414531
6.000000, 12.000000, 3.439981
7.000000, 12.000000, 3.462265
8.000000, 12.000000, 3.511662
9.000000, 12.000000, 3.575302
10.000000, 12.000000, 3.631934
11.000000, 12.000000, 3.676802
12.000000, 12.000000, 3.703494
13.000000, 12.000000, 3.702148
14.000000, 12.000000, 3.658616
15.000000, 12.000000, 3.555720
16.000000, 12.000000, 3.379015
17.000000, 12.000000, 3.125461
18.000000, 12.000000, 2.788233
19.000000, 12.000000, 2.384066
20.000000, 12.000000, 1.994033
21.000000, 12.000000, 1.653680
22.000000, 12.000000, 1.383321
23.000000, 12.000000, 1.195896
24.000000, 12.000000, 1.096424
25.000000, 12.000000, 1.078542
26.000000, 12.000000, 1.125595
27.000000, 12.000000, 1.218800
28.000000, 12.000000, 1.348616
29.000000, 12.000000, 1.513257
30.000000, 12.000000, 1.724204
31.000000, 12.000000, 1.980634
32.000000, 12.000000, 2.273013
33.000000, 12.000000, 2.611843
34.000000, 12.000000, 3.011422
35.000000, 12.000000, 3.486677
36.000000, 12.000000, 4.040678
37.000000, 12.000000, 4.621594
38.000000, 12.000000, 5.043959
39.000000, 12.000000, 5.099846
40.000000, 12.000000, 4.882781
41.000000, 12.000000, 4.596858
42.000000, 12.000000, 4.335435
0.000000, 13.000000, 3.331092
1.000000, 13.000000, 3.374964
2.000000, 13.000000, 3.418792
3.000000, 13.000000, 3.462390
4.000000, 13.000000, 3.505665
5.000000, 13.000000, 3.548707
6.000000, 13.000000, 3.592377
7.000000, 13.000000, 3.640749
8.000000, 13.000000, 3.706036
9.000000, 13.000000, 3.786927
10.000000, 13.000000, 3.871264
11.000000, 13.000000, 3.953411
12.000000, 13.000000, 4.027484
13.000000, 13.000000, 4.083215
14.000000, 13.000000, 4.101913
15.000000, 13.000000, 4.053239
16.000000, 13.000000, 3.899832
17.000000, 13.000000, 3.618758
18.000000, 13.000000, 3.225307
19.000000, 13.000000, 2.777685
20.000000, 13.000000, 2.347244
21.000000, 13.000000, 1.977564
22.000000, 13.000000, 1.687454
23.000000, 13.000000, 1.482652
24.000000, 13.000000, 1.360623
25.000000, 13.000000, 1.311771
26.000000, 13.000000, 1.321444
27.000000, 13.000000, 1.373937
28.000000, 13.000000, 1.456515
29.000000, 13.000000, 1.565045
30.000000, 13.000000, 1.730269
31.000000, 13.000000, 1.940291
32.000000, 13.000000, 2.178169
33.000000, 13.000000, 2.449646
34.000000, 13.000000, 2.761618
35.000000, 13.000000, 3.116189
36.000000, 13.000000, 3.501048
37.000000, 13.000000, 3.870597
38.000000, 13.000000, 4.140271
39.000000, 13.000000, 4.240347
40.000000, 13.000000, 4.189985
41.000000, 13.000000, 4.064975
42.000000, 13.000000, 3.926266
0.000000, 14.000000, 3.418767
1.000000, 14.000000, 3.469495
2.000000, 14.000000, 3.521263
3.000000, 14.000000, 3.574273
4.000000, 14.000000, 3.629009
5.000000, 14.000000, 3.686415
6.000000, 14.000000, 3.748350
7.000000, 14.000000, 3.818009
8.000000, 14.000000, 3.901276
9.000000, 14.000000, 4.001348
10.000000, 14.000000, 4.113741
11.000000, 14.000000, 4.236151
12.000000, 14.000000, 4.366177
13.000000, 14.000000, 4.497555
14.000000, 14.000000, 4.612673
15.000000, 14.000000, 4.668300
16.000000, 14.000000, 4.582626
17.000000, 14.000000, 4.276858
18.000000, 14.000000, 3.784692
19.000000, 14.000000, 3.235463
20.000000, 14.000000, 2.730452
21.000000, 14.000000, 2.311887
22.000000, 14.000000, 1.988873
23.000000, 14.000000, 1.757216
24.000000, 14.000000, 1.606977
25.000000, 14.000000, 1.525052
26.000000, 14.000000, 1.497240
27.000000, 14.000000, 1.509276
28.000000, 14.000000, 1.548974
29.000000, 14.000000, 1.609590
30.000000, 14.000000, 1.713914
31.000000, 14.000000, 1.863022
32.000000, 14.000000, 2.044456
33.000000, 14.000000, 2.249818
34.000000, 14.000000, 2.479756
35.000000, 14.000000, 2.731521
36.000000, 14.000000, 2.992758
37.000000, 14.000000, 3.236578
38.000000, 14.000000, 3.425495
39.000000, 14.000000, 3.531895
40.000000, 14.000000, 3.558605
41.000000, 14.000000, 3.533061
42.000000, 14.000000, 3.487006
0.000000, 15.000000, 3.507056
1.000000, 15.000000, 3.564454
2.000000, 15.000000, 3.623873
3.000000, 15.000000, 3.685830
4.000000, 15.000000, 3.751224
5.000000, 15.000000, 3.821459
6.000000, 15.000000, 3.898604
7.000000, 15.000000, 3.985251
8.000000, 15.000000, 4.085349
9.000000, 15.000000, 4.204457
10.000000, 15.000000, 4.343299
11.000000, 15.000000, 4.504442
12.000000, 15.000000, 4.692019
13.000000, 15.000000, 4.910156
14.000000, 15.000000, 5.156745
15.000000, 15.000000, 5.399599
16.000000, 15.000000, 5.499069
17.000000, 15.000000, 5.175264
18.000000, 15.000000, 4.472257
19.000000, 15.000000, 3.737534
20.000000, 15.000000, 3.120042
21.000000, 15.000000, 2.636263
22.000000, 15.000000, 2.271807
23.000000, 15.000000, 2.008268
24.000000, 15.000000, 1.827802
25.000000, 15.000000, 1.712523
26.000000, 15.000000, 1.648131
27.000000, 15.000000, 1.620995
28.000000, 15.000000, 1.618652
29.000000, 15.000000, 1.634244
30.000000, 15.000000, 1.689128
31.000000, 15.000000, 1.772475
32.000000, 15.000000, 1.884603
33.000000, 15.000000, 2.025850
34.000000, 15.000000, 2.182956
35.000000, 15.000000, 2.351928
36.000000, 15.000000, 2.525316
37.000000, 15.000000, 2.689888
38.000000, 15.000000, 2.829395
39.000000, 15.000000, 2.931853
40.000000, 15.000000, 2.996138
41.000000, 15.000000, 3.031492
42.000000, 15.000000, 3.052473
0.000000, 16.000000, 3.595020
1.000000, 16.000000, 3.658573
2.000000, 16.000000, 3.724882
3.000000, 16.000000, 3.794644
4.000000, 16.000000, 3.868965
5.000000, 16.000000, 3.949405
6.000000, 16.000000, 4.038054
7.000000, 16.000000, 4.137417
8.000000, 16.000000, 4.250850
9.000000, 16.000000, 4.384619
10.000000, 16.000000, 4.543387
11.000000, 16.000000, 4.733778
12.000000, 16.000000, 4.966303
13.000000, 16.000000, 5.257124
14.000000, 16.000000, 5.630008
15.000000, 16.000000, 6.112260
16.000000, 16.000000, 6.334074
17.000000, 16.000000, 5.918957
18.000000, 16.000000, 5.172295
19.000000, 16.000000, 4.197006
20.000000, 16.000000, 3.465850
21.000000, 16.000000, 2.921790
22.000000, 16.000000, 2.519187
23.000000, 16.000000, 2.225514
24.000000, 16.000000, 2.016164
25.000000, 16.000000, 1.871333
26.000000, 16.000000, 1.773945
27.000000, 16.000000, 1.708669
28.000000, 16.000000, 1.664569
29.000000, 16.000000, 1.635836
30.000000, 16.000000, 1.643084
31.000000, 16.000000, 1.674257
32.000000, 16.000000, 1.718287
33.000000, 16.000000, 1.787721
34.000000, 16.000000, 1.882090
35.000000, 16.000000, 1.986271
36.000000, 16.000000, 2.096632
37.000000, 16.000000, 2.208426
38.000000, 16.000000, 2.315450
39.000000, 16.000000, 2.412277
40.000000, 16.000000, 2.496573
41.000000, 16.000000, 2.570540
42.000000, 16.000000, 2.650636
0.000000, 17.000000, 3.681864
1.000000, 17.000000, 3.750811
2.000000, 17.000000, 3.822913
3.000000, 17.000000, 3.898912
4.000000, 17.000000, 3.979926
5.000000, 17.000000, 4.067496
6.000000, 17.000000, 4.163622
7.000000, 17.000000, 4.270799
8.000000, 17.000000, 4.392185
9.000000, 17.000000, 4.533176
10.000000, 17.000000, 4.700600
11.000000, 17.000000, 4.902750
12.000000, 17.000000, 5.152076
13.000000, 17.000000, 5.467624
14.000000, 17.000000, 5.878239
15.000000, 17.000000, 6.421641
16.000000, 17.000000, 6.640153
17.000000, 17.000000, 6.193776
18.000000, 17.000000, 5.502286
19.000000, 17.000000, 4.471390
20.000000, 17.000000, 3.706998
21.000000, 17.000000, 3.139756
22.000000, 17.000000, 2.717572
23.000000, 17.000000, 2.404069
24.000000, 17.000000, 2.172204
25.000000, 17.000000, 1.999829
26.000000, 17.000000, 1.869500
27.000000, 17.000000, 1.768234
28.000000, 17.000000, 1.685959
29.000000, 17.000000, 1.616287
30.000000, 17.000000, 1.578031
31.000000, 17.000000, 1.561564
32.000000, 17.000000, 1.553356
33.000000, 17.000000, 1.555639
34.000000, 17.000000, 1.584391
35.000000, 17.000000, 1.636514
36.000000, 17.000000, 1.700155
37.000000, 17.000000, 1.775222
38.000000, 17.000000, 1.860653
39.000000, 17.000000, 1.953806
40.000000, 17.000000, 2.051785
41.000000, 17.000000, 2.162935
42.000000, 17.000000, 2.294046
0.000000, 18.000000, 3.767024
1.000000, 18.000000, 3.840466
2.000000, 18.000000, 3.917096
3.000000, 18.000000, 3.997570
4.000000, 18.000000, 4.082875
5.000000, 18.000000, 4.174363
6.000000, 18.000000, 4.273796
7.000000, 18.000000, 4.383446
8.000000, 18.000000, 4.506215
9.000000, 18.000000, 4.645700
10.000000, 18.000000, 4.808269
11.000000, 18.000000, 5.001305
12.000000, 18.000000, 5.233486
13.000000, 18.000000, 5.514688
14.000000, 18.000000, 5.850070
15.000000, 18.000000, 6.212353
16.000000, 18.000000, 6.435500
17.000000, 18.000000, 6.131779
18.000000, 18.000000, 5.336218
19.000000, 18.000000, 4.505259
20.000000, 18.000000, 3.816233
21.000000, 18.000000, 3.277017
22.000000, 18.000000, 2.860542
23.000000, 18.000000, 2.538149
24.000000, 18.000000, 2.288169
25.000000, 18.000000, 2.091914
26.000000, 18.000000, 1.934119
27.000000, 18.000000, 1.802441
28.000000, 18.000000, 1.686953
29.000000, 18.000000, 1.580775
30.000000, 18.000000, 1.500293
31.000000, 18.000000, 1.441052
32.000000, 18.000000, 1.386605
33.000000, 18.000000, 1.338404
34.000000, 18.000000, 1.303416
35.000000, 18.000000, 1.302571
36.000000, 18.000000, 1.329347
37.000000, 18.000000, 1.378032
38.000000, 18.000000, 1.450293
39.000000, 18.000000, 1.544290
40.000000, 18.000000, 1.662303
41.000000, 18.000000, 1.814902
42.000000, 18.000000, 1.978788
0.000000, 19.000000, 3.850209
1.000000, 19.000000, 3.927220
2.000000, 19.000000, 4.007096
3.000000, 19.000000, 4.090297
4.000000, 19.000000, 4.177558
5.000000, 19.000000, 4.269878
6.000000, 19.000000, 4.368610
7.000000, 19.000000, 4.475513
8.000000, 19.000000, 4.592878
9.000000, 19.000000, 4.722661
10.000000, 19.000000, 4.868025
11.000000, 19.000000, 5.034103
12.000000, 19.000000, 5.223238
13.000000, 19.000000, 5.433207
14.000000, 19.000000, 5.647861
15.000000, 19.000000, 5.815428
16.000000, 19.000000, 5.821593
17.000000, 19.000000, 5.539567
18.000000, 19.000000, 5.002553
19.000000, 19.000000, 4.386463
20.000000, 19.000000, 3.819021
21.000000, 19.000000, 3.337976
22.000000, 19.000000, 2.940981
23.000000, 19.000000, 2.620952
24.000000, 19.000000, 2.362683
25.000000, 19.000000, 2.151154
26.000000, 19.000000, 1.973250
27.000000, 19.000000, 1.817698
28.000000, 19.000000, 1.674867
29.000000, 19.000000, 1.537043
30.000000, 19.000000, 1.419126
31.000000, 19.000000, 1.323017
32.000000, 19.000000, 1.227590
33.000000, 19.000000, 1.134365
34.000000, 19.000000, 1.049859
35.000000, 19.000000, 0.989920
36.000000, 19.000000, 0.979231
37.000000, 19.000000, 1.008430
38.000000, 19.000000, 1.075917
39.000000, 19.000000, 1.181174
40.000000, 19.000000, 1.336214
41.000000, 19.000000, 1.519077
42.000000, 19.000000, 1.709349
0.000000, 20.000000, 3.931420
1.000000, 20.000000, 4.011144
2.000000, 20.000000, 4.093102
3.000000, 20.000000, 4.177466
4.000000, 20.000000, 4.264598
5.000000, 20.000000, 4.355042
6.000000, 20.000000, 4.449560
7.000000, 20.000000, 4.549179
8.000000, 20.000000, 4.655242
9.000000, 20.000000, 4.768664
10.000000, 20.000000, 4.888303
11.000000, 20.000000, 5.016580
12.000000, 20.000000, 5.150990
13.000000, 20.000000, 5.282120
14.000000, 20.000000, 5.387882
15.000000, 20.000000, 5.426034
16.000000, 20.000000, 5.337206
17.000000, 20.000000, 5.079901
18.000000, 20.000000, 4.679300
19.000000, 20.000000, 4.215379
20.000000, 20.000000, 3.754099
21.000000, 20.000000, 3.329720
22.000000, 20.000000, 2.965587
23.000000, 20.000000, 2.659709
24.000000, 20.000000, 2.402922
25.000000, 20.000000, 2.184601
26.000000, 20.000000, 1.994276
27.000000, 20.000000, 1.822168
28.000000, 20.000000, 1.659298
29.000000, 20.000000, 1.497772
30.000000, 20.000000, 1.347651
31.000000, 20.000000, 1.220598
32.000000, 20.000000, 1.090342
33.000000, 20.000000, 0.956549
34.000000, 20.000000, 0.825326
35.000000, 20.000000, 0.711711
36.000000, 20.000000, 0.648849
37.000000, 20.000000, 0.661297
38.000000, 20.000000, 0.736799
39.000000, 20.000000, 0.878577
40.000000, 20.000000, 1.071670
41.000000, 20.000000, 1.281235
42.000000, 20.000000, 1.493461
0.000000, 21.000000, 4.010912
1.000000, 21.000000, 4.092659
2.000000, 21.000000, 4.175757
3.000000, 21.000000, 4.260022
4.000000, 21.000000, 4.345373
5.000000, 21.000000, 4.431787
6.000000, 21.000000, 4.519344
7.000000, 21.000000, 4.608225
8.000000, 21.000000, 4.698704
9.000000, 21.000000, 4.790832
10.000000, 21.000000, 4.880927
11.000000, 21.000000, 4.967643
12.000000, 21.000000, 5.047157
13.000000, 21.000000, 5.108504
14.000000, 21.000000, 5.132839
15.000000, 21.000000, 5.093113
16.000000, 21.000000, 4.961210
17.000000, 21.000000, 4.725389
18.000000, 21.000000, 4.405477
19.000000, 21.000000, 4.034903
20.000000, 21.000000, 3.644022
21.000000, 21.000000, 3.277841
22.000000, 21.000000, 2.951275
23.000000, 21.000000, 2.666032
24.000000, 21.000000, 2.417998
25.000000, 21.000000, 2.200288
26.000000, 21.000000, 2.004984
27.000000, 21.000000, 1.823971
28.000000, 21.000000, 1.649269
29.000000, 21.000000, 1.473040
30.000000, 21.000000, 1.298884
31.000000, 21.000000, 1.148278
32.000000, 21.000000, 0.992534
33.000000, 21.000000, 0.826867
34.000000, 21.000000, 0.653588
35.000000, 21.000000, 0.483186
36.000000, 21.000000, 0.350513
37.000000, 21.000000, 0.338224
38.000000, 21.000000, 0.455776
39.000000, 21.000000, 0.656449
40.000000, 21.000000, 0.883294
41.000000, 21.000000, 1.114179
42.000000, 21.000000, 1.340287
0.000000, 22.000000, 4.089158
1.000000, 22.000000, 4.172462
2.000000, 22.000000, 4.256065
3.000000, 22.000000, 4.339376
4.000000, 22.000000, 4.421812
5.000000, 22.000000, 4.502745
6.000000, 22.000000, 4.581518
7.000000, 22.000000, 4.657453
8.000000, 22.000000, 4.729823
9.000000, 22.000000, 4.797744
10.000000, 22.000000, 4.857754
11.000000, 22.000000, 4.904199
12.000000, 22.000000, 4.934524
13.000000, 22.000000, 4.939793
14.000000, 22.000000, 4.907038
15.000000, 22.000000, 4.821052
16.000000, 22.000000, 4.669481
17.000000, 22.000000, 4.450990
18.000000, 22.000000, 4.174578
19.000000, 22.000000, 3.850241
20.000000, 22.000000, 3.520128
21.000000, 22.000000, 3.204293
22.000000, 22.000000, 2.913310
23.000000, 22.000000, 2.651185
24.000000, 22.000000, 2.416758
25.000000, 22.000000, 2.205747
26.000000, 22.000000, 2.012278
27.000000, 22.000000, 1.829805
28.000000, 22.000000, 1.651607
29.000000, 22.000000, 1.470689
30.000000, 22.000000, 1.283816
31.000000, 22.000000, 1.118997
32.000000, 22.000000, 0.952051
33.000000, 22.000000, 0.772416
34.000000, 22.000000, 0.579187
35.000000, 22.000000, 0.374382
36.000000, 22.000000, 0.173145
37.000000, 22.000000, 0.133589
38.000000, 22.000000, 0.324998
39.000000, 22.000000, 0.559069
40.000000, 22.000000, 0.797458
41.000000, 22.000000, 1.031777
42.000000, 22.000000, 1.257320
0.000000, 23.000000, 4.166786
1.000000, 23.000000, 4.251461
2.000000, 23.000000, 4.335292
3.000000, 23.000000, 4.417253
4.000000, 23.000000, 4.496236
5.000000, 23.000000, 4.570979
6.000000, 23.000000, 4.640095
7.000000, 23.000000, 4.702087
8.000000, 23.000000, 4.755383
9.000000, 23.000000, 4.798331
10.000000, 23.000000, 4.828522
11.000000, 23.000000, 4.838946
12.000000, 23.000000, 4.827304
13.000000, 23.000000, 4.788952
14.000000, 23.000000, 4.716676
15.000000, 23.000000, 4.603441
16.000000, 23.000000, 4.444932
17.000000, 23.000000, 4.238407
18.000000, 23.000000, 3.965815
19.000000, 23.000000, 3.682981
20.000000, 23.000000, 3.399664
21.000000, 23.000000, 3.122919
22.000000, 23.000000, 2.862906
23.000000, 23.000000, 2.624056
24.000000, 23.000000, 2.406363
25.000000, 23.000000, 2.206971
26.000000, 23.000000, 2.021399
27.000000, 23.000000, 1.844351
28.000000, 23.000000, 1.670209
29.000000, 23.000000, 1.493053
30.000000, 23.000000, 1.308414
31.000000, 23.000000, 1.140123
32.000000, 23.000000, 0.978774
33.000000, 23.000000, 0.808887
34.000000, 23.000000, 0.632975
35.000000, 23.000000, 0.461362
36.000000, 23.000000, 0.327204
37.000000, 23.000000, 0.311889
38.000000, 23.000000, 0.435678
39.000000, 23.000000, 0.619446
40.000000, 23.000000, 0.826569
41.000000, 23.000000, 1.038366
42.000000, 23.000000, 1.245644
0.000000, 24.000000, 4.244517
1.000000, 24.000000, 4.330673
2.000000, 24.000000, 4.414841
3.000000, 24.000000, 4.495551
4.000000, 24.000000, 4.571155
5.000000, 24.000000, 4.639754
6.000000, 24.000000, 4.699241
7.000000, 24.000000, 4.747363
8.000000, 24.000000, 4.781835
9.000000, 24.000000, 4.800489
10.000000, 24.000000, 4.801374
11.000000, 24.000000, 4.780310
12.000000, 24.000000, 4.733176
13.000000, 24.000000, 4.660379
14.000000, 24.000000, 4.559907
15.000000, 24.000000, 4.430679
16.000000, 24.000000, 4.272584
17.000000, 24.000000, 4.064126
18.000000, 24.000000, 3.807482
19.000000, 24.000000, 3.546647
20.000000, 24.000000, 3.289287
21.000000, 24.000000, 3.040514
22.000000, 24.000000, 2.806633
23.000000, 24.000000, 2.590445
24.000000, 24.000000, 2.391675
25.000000, 24.000000, 2.207943
26.000000, 24.000000, 2.035583
27.000000, 24.000000, 1.870259
28.000000, 24.000000, 1.707399
29.000000, 24.000000, 1.542576
30.000000, 24.000000, 1.372484
31.000000, 24.000000, 1.211253
32.000000, 24.000000, 1.068410
33.000000, 24.000000, 0.925260
34.000000, 24.000000, 0.787591
35.000000, 24.000000, 0.670084
36.000000, 24.000000, 0.597350
37.000000, 24.000000, 0.588880
38.000000, 24.000000, 0.665053
39.000000, 24.000000, 0.791260
40.000000, 24.000000, 0.948633
41.000000, 24.000000, 1.121446
42.000000, 24.000000, 1.297080
0.000000, 25.000000, 4.323077
1.000000, 25.000000, 4.411136
2.000000, 25.000000, 4.496150
3.000000, 25.000000, 4.576203
4.000000, 25.000000, 4.649107
5.000000, 25.000000, 4.712333
6.000000, 25.000000, 4.763054
7.000000, 25.000000, 4.798274
8.000000, 25.000000, 4.815048
9.000000, 25.000000, 4.810842
10.000000, 25.000000, 4.783919
11.000000, 25.000000, 4.733189
12.000000, 25.000000, 4.655641
13.000000, 25.000000, 4.553870
14.000000, 25.000000, 4.431120
15.000000, 25.000000, 4.290931
16.000000, 25.000000, 4.127208
17.000000, 25.000000, 3.913039
18.000000, 25.000000, 3.675776
19.000000, 25.000000, 3.427300
20.000000, 25.000000, 3.185511
21.000000, 25.000000, 2.958040
22.000000, 25.000000, 2.747208
23.000000, 25.000000, 2.553374
24.000000, 25.000000, 2.375317
25.000000, 25.000000, 2.210596
26.000000, 25.000000, 2.055977
27.000000, 25.000000, 1.907853
28.000000, 25.000000, 1.762643
29.000000, 25.000000, 1.617243
30.000000, 25.000000, 1.469711
31.000000, 25.000000, 1.325852
32.000000, 25.000000, 1.206617
33.000000, 25.000000, 1.095877
34.000000, 25.000000, 0.996627
35.000000, 25.000000, 0.920220
36.000000, 25.000000, 0.876481
37.000000, 25.000000, 0.868230
38.000000, 25.000000, 0.920792
39.000000, 25.000000, 1.013888
40.000000, 25.000000, 1.127592
41.000000, 25.000000, 1.258914
42.000000, 25.000000, 1.397188
0.000000, 26.000000, 4.403123
1.000000, 26.000000, 4.493808
2.000000, 26.000000, 4.580566
3.000000, 26.000000, 4.661044
4.000000, 26.000000, 4.732522
5.000000, 26.000000, 4.791833
6.000000, 26.000000, 4.835427
7.000000, 26.000000, 4.859496
8.000000, 26.000000, 4.860345
9.000000, 26.000000, 4.834929
10.000000, 26.000000, 4.781572
11.000000, 26.000000, 4.700541
12.000000, 26.000000, 4.593485
13.000000, 26.000000, 4.463626
14.000000, 26.000000, 4.319251
15.000000, 26.000000, 4.165938
16.000000, 26.000000, 3.979605
17.000000, 26.000000, 3.769463
18.000000, 26.000000, 3.550164
19.000000, 26.000000, 3.307504
20.000000, 26.000000, 3.081004
21.000000, 26.000000, 2.873764
22.000000, 26.000000, 2.685173
23.000000, 26.000000, 2.513966
24.000000, 26.000000, 2.358154
25.000000, 26.000000, 2.215117
26.000000, 26.000000, 2.081846
27.000000, 26.000000, 1.955263
28.000000, 26.000000, 1.832545
29.000000, 26.000000, 1.711532
30.000000, 26.000000, 1.591278
31.000000, 26.000000, 1.473877
32.000000, 26.000000, 1.377916
33.000000, 26.000000, 1.299046
34.000000, 26.000000, 1.232696
35.000000, 26.000000, 1.185756
36.000000, 26.000000, 1.155185
37.000000, 26.000000, 1.148857
38.000000, 26.000000, 1.185991
39.000000, 26.000000, 1.257219
40.000000, 26.000000, 1.337776
41.000000, 26.000000, 1.430942
42.000000, 26.000000, 1.531109
0.000000, 27.000000, 4.485157
1.000000, 27.000000, 4.579469
2.000000, 27.000000, 4.669240
3.000000, 27.000000, 4.751695
4.000000, 27.000000, 4.823579
5.000000, 27.000000, 4.881047
6.000000, 27.000000, 4.919369
7.000000, 27.000000, 4.932524
8.000000, 27.000000, 4.914746
9.000000, 27.000000, 4.863074
10.000000, 27.000000, 4.777802
11.000000, 27.000000, 4.661810
12.000000, 27.000000, 4.520592
13.000000, 27.000000, 4.361211
14.000000, 27.000000, 4.193369
15.000000, 27.000000, 4.015978
16.000000, 27.000000, 3.805772
17.000000, 27.000000, 3.593283
18.000000, 27.000000, 3.379176
19.000000, 27.000000, 3.162498
20.000000, 27.000000, 2.960571
21.000000, 27.000000, 2.778726
22.000000, 27.000000, 2.616062
23.000000, 27.000000, 2.470413
24.000000, 27.000000, 2.339306
25.000000, 27.000000, 2.220307
26.000000, 27.000000, 2.111056
27.000000, 27.000000, 2.009132
28.000000, 27.000000, 1.912311
29.000000, 27.000000, 1.819011
30.000000, 27.000000, 1.728766
31.000000, 27.000000, 1.642871
32.000000, 27.000000, 1.570935
33.000000, 27.000000, 1.521535
34.000000, 27.000000, 1.483885
35.000000, 27.000000, 1.459299
36.000000, 27.000000, 1.436745
37.000000, 27.000000, 1.433384
38.000000, 27.000000, 1.459314
39.000000, 27.000000, 1.510681
40.000000, 27.000000, 1.566254
41.000000, 27.000000, 1.624590
42.000000, 27.000000, 1.687217
0.000000, 28.000000, 4.569426
1.000000, 28.000000, 4.668597
2.000000, 28.000000, 4.762983
3.000000, 28.000000, 4.849144
4.000000, 28.000000, 4.921391
5.000000, 28.000000, 4.971729
6.000000, 28.000000, 4.995965
7.000000, 28.000000, 4.992318
8.000000, 28.000000, 4.956532
9.000000, 28.000000, 4.883974
10.000000, 28.000000, 4.772961
11.000000, 28.000000, 4.626211
12.000000, 28.000000, 4.451137
13.000000, 28.000000, 4.259180
14.000000, 28.000000, 4.063419
15.000000, 28.000000, 3.849379
16.000000, 28.000000, 3.621480
17.000000, 28.000000, 3.403383
18.000000, 28.000000, 3.195843
19.000000, 28.000000, 3.000865
20.000000, 28.000000, 2.824059
21.000000, 28.000000, 2.668154
22.000000, 28.000000, 2.532370
23.000000, 28.000000, 2.414442
24.000000, 28.000000, 2.311534
25.000000, 28.000000, 2.220672
26.000000, 28.000000, 2.139188
27.000000, 28.000000, 2.064940
28.000000, 28.000000, 1.996524
29.000000, 28.000000, 1.933191
30.000000, 28.000000, 1.874772
31.000000, 28.000000, 1.822169
32.000000, 28.000000, 1.778962
33.000000, 28.000000, 1.756114
34.000000, 28.000000, 1.745599
35.000000, 28.000000, 1.739248
36.000000, 28.000000, 1.725932
37.000000, 28.000000, 1.725818
38.000000, 28.000000, 1.742646
39.000000, 28.000000, 1.774402
40.000000, 28.000000, 1.807807
41.000000, 28.000000, 1.832919
42.000000, 28.000000, 1.857801
0.000000, 29.000000, 4.655828
1.000000, 29.000000, 4.760854
2.000000, 29.000000, 4.857609
3.000000, 29.000000, 4.936840
4.000000, 29.000000, 4.998169
5.000000, 29.000000, 5.041985
6.000000, 29.000000, 5.064182
7.000000, 29.000000, 5.058426
8.000000, 29.000000, 5.015319
9.000000, 29.000000, 4.926941
10.000000, 29.000000, 4.790717
11.000000, 29.000000, 4.610456
12.000000, 29.000000, 4.396454
13.000000, 29.000000, 4.164319
14.000000, 29.000000, 3.928116
15.000000, 29.000000, 3.674648
16.000000, 29.000000, 3.430266
17.000000, 29.000000, 3.207309
18.000000, 29.000000, 3.007210
19.000000, 29.000000, 2.830274
20.000000, 29.000000, 2.676927
21.000000, 29.000000, 2.546684
22.000000, 29.000000, 2.437775
23.000000, 29.000000, 2.347678
24.000000, 29.000000, 2.273252
25.000000, 29.000000, 2.211034
26.000000, 29.000000, 2.158666
27.000000, 29.000000, 2.114606
28.000000, 29.000000, 2.077782
29.000000, 29.000000, 2.047310
30.000000, 29.000000, 2.022722
31.000000, 29.000000, 2.004834
32.000000, 29.000000, 1.995268
33.000000, 29.000000, 1.999254
34.000000, 29.000000, 2.016507
35.000000, 29.000000, 2.027895
36.000000, 29.000000, 2.027523
37.000000, 29.000000, 2.031537
38.000000, 29.000000, 2.040282
39.000000, 29.000000, 2.052358
40.000000, 29.000000, 2.061404
41.000000, 29.000000, 2.052983
42.000000, 29.000000, 2.039044
0.000000, 30.000000, 4.743797
1.000000, 30.000000, 4.837352
2.000000, 30.000000, 4.922903
3.000000, 30.000000, 5.001221
4.000000, 30.000000, 5.069045
5.000000, 30.000000, 5.119997
6.000000, 30.000000, 5.147351
7.000000, 30.000000, 5.146981
8.000000, 30.000000, 5.102117
9.000000, 30.000000, 5.000319
10.000000, 30.000000, 4.837665
11.000000, 30.000000, 4.618924
12.000000, 30.000000, 4.358144
13.000000, 30.000000, 4.076540
14.000000, 30.000000, 3.786289
15.000000, 30.000000, 3.492040
16.000000, 30.000000, 3.228423
17.000000, 30.000000, 3.000397
18.000000, 30.000000, 2.808100
19.000000, 30.000000, 2.648593
20.000000, 30.000000, 2.518206
21.000000, 30.000000, 2.413590
22.000000, 30.000000, 2.331676
23.000000, 30.000000, 2.269607
24.000000, 30.000000, 2.223952
25.000000, 30.000000, 2.190419
26.000000, 30.000000, 2.167538
27.000000, 30.000000, 2.154017
28.000000, 30.000000, 2.149103
29.000000, 30.000000, 2.152588
30.000000, 30.000000, 2.164649
31.000000, 30.000000, 2.184966
32.000000, 30.000000, 2.212932
33.000000, 30.000000, 2.249747
34.000000, 30.000000, 2.296675
35.000000, 30.000000, 2.329975
36.000000, 30.000000, 2.347404
37.000000, 30.000000, 2.357681
38.000000, 30.000000, 2.358817
39.000000, 30.000000, 2.349777
40.000000, 30.000000, 2.329137
41.000000, 30.000000, 2.284250
42.000000, 30.000000, 2.232842
0.000000, 31.000000, 4.792206
1.000000, 31.000000, 4.884632
2.000000, 31.000000, 4.977092
3.000000, 31.000000, 5.066130
4.000000, 31.000000, 5.146905
5.000000, 31.000000, 5.212313
6.000000, 31.000000, 5.253841
7.000000, 31.000000, 5.265471
8.000000, 31.000000, 5.224447
9.000000, 31.000000, 5.112648
10.000000, 31.000000, 4.922087
11.000000, 31.000000, 4.657620
12.000000, 31.000000, 4.338564
13.000000, 31.000000, 3.994240
14.000000, 31.000000, 3.640592
15.000000, 31.000000, 3.301586
16.000000, 31.000000, 3.010524
17.000000, 31.000000, 2.776517
18.000000, 31.000000, 2.593576
19.000000, 31.000000, 2.453003
20.000000, 31.000000, 2.346468
21.000000, 31.000000, 2.267994
22.000000, 31.000000, 2.213238
23.000000, 31.000000, 2.178677
24.000000, 31.000000, 2.160871
25.000000, 31.000000, 2.156458
26.000000, 31.000000, 2.163456
27.000000, 31.000000, 2.180914
28.000000, 31.000000, 2.208494
29.000000, 31.000000, 2.246321
30.000000, 31.000000, 2.294838
31.000000, 31.000000, 2.354594
32.000000, 31.000000, 2.425390
33.000000, 31.000000, 2.504235
34.000000, 31.000000, 2.586715
35.000000, 31.000000, 2.650220
36.000000, 31.000000, 2.692565
37.000000, 31.000000, 2.713108
38.000000, 31.000000, 2.706849
39.000000, 31.000000, 2.673199
40.000000, 31.000000, 2.615225
41.000000, 31.000000, 2.528312
42.000000, 31.000000, 2.440517
0.000000, 32.000000, 4.825473
1.000000, 32.000000, 4.925067
2.000000, 32.000000, 5.027425
3.000000, 32.000000, 5.129858
4.000000, 32.000000, 5.228317
5.000000, 32.000000, 5.316278
6.000000, 32.000000, 5.384089
7.000000, 32.000000, 5.416523
8.000000, 32.000000, 5.388916
9.000000, 32.000000, 5.274398
10.000000, 32.000000, 5.055461
11.000000, 32.000000, 4.735062
12.000000, 32.000000, 4.340923
13.000000, 32.000000, 3.915752
14.000000, 32.000000, 3.490134
15.000000, 32.000000, 3.101705
16.000000, 32.000000, 2.775819
17.000000, 32.000000, 2.530169
18.000000, 32.000000, 2.360613
19.000000, 32.000000, 2.242675
20.000000, 32.000000, 2.161949
21.000000, 32.000000, 2.110609
22.000000, 32.000000, 2.083401
23.000000, 32.000000, 2.076289
24.000000, 32.000000, 2.085933
25.000000, 32.000000, 2.109633
26.000000, 32.000000, 2.145694
27.000000, 32.000000, 2.193501
28.000000, 32.000000, 2.253205
29.000000, 32.000000, 2.325281
30.000000, 32.000000, 2.410175
31.000000, 32.000000, 2.508360
32.000000, 32.000000, 2.619943
33.000000, 32.000000, 2.744176
34.000000, 32.000000, 2.872258
35.000000, 32.000000, 2.976730
36.000000, 32.000000, 3.054412
37.000000, 32.000000, 3.091714
38.000000, 32.000000, 3.077977
39.000000, 32.000000, 3.013499
40.000000, 32.000000, 2.908662
41.000000, 32.000000, 2.778675
42.000000, 32.000000, 2.643348
0.000000, 33.000000, 4.850802
1.000000, 33.000000, 4.957150
2.000000, 33.000000, 5.069516
3.000000, 33.000000, 5.186460
4.000000, 33.000000, 5.305447
5.000000, 33.000000, 5.421258
6.000000, 33.000000, 5.523732
7.000000, 33.000000, 5.593752
8.000000, 33.000000, 5.599383
9.000000, 33.000000, 5.498465
10.000000, 33.000000, 5.254367
11.000000, 33.000000, 4.863296
12.000000, 33.000000, 4.368503
13.000000, 33.000000, 3.838840
14.000000, 33.000000, 3.331480
15.000000, 33.000000, 2.888052
16.000000, 33.000000, 2.525957
17.000000, 33.000000, 2.264700
18.000000, 33.000000, 2.112649
19.000000, 33.000000, 2.021029
20.000000, 33.000000, 1.967986
21.000000, 33.000000, 1.944751
22.000000, 33.000000, 1.945423
23.000000, 33.000000, 1.965511
24.000000, 33.000000, 2.001734
25.000000, 33.000000, 2.051903
26.000000, 33.000000, 2.114579
27.000000, 33.000000, 2.188438
28.000000, 33.000000, 2.273475
29.000000, 33.000000, 2.372567
30.000000, 33.000000, 2.489153
31.000000, 33.000000, 2.625495
32.000000, 33.000000, 2.782641
33.000000, 33.000000, 2.959714
34.000000, 33.000000, 3.146369
35.000000, 33.000000, 3.314568
36.000000, 33.000000, 3.450417
37.000000, 33.000000, 3.518551
38.000000, 33.000000, 3.495875
39.000000, 33.000000, 3.384853
40.000000, 33.000000, 3.214543
41.000000, 33.000000, 3.025644
42.000000, 33.000000, 2.817515
0.000000, 34.000000, 4.865587
1.000000, 34.000000, 4.977083
2.000000, 34.000000, 5.097861
3.000000, 34.000000, 5.228079
4.000000, 34.000000, 5.367421
5.000000, 34.000000, 5.513435
6.000000, 34.000000, 5.658661
7.000000, 34.000000, 5.784936
8.000000, 34.000000, 5.854120
9.000000, 34.000000, 5.800045
10.000000, 34.000000, 5.543943
11.000000, 34.000000, 5.059080
12.000000, 34.000000, 4.421722
13.000000, 34.000000, 3.756447
14.000000, 34.000000, 3.157041
15.000000, 34.000000, 2.660860
16.000000, 34.000000, 2.276062
17.000000, 34.000000, 2.013933
18.000000, 34.000000, 1.871693
19.000000, 34.000000, 1.797349
20.000000, 34.000000, 1.770973
21.000000, 34.000000, 1.776093
22.000000, 34.000000, 1.804401
23.000000, 34.000000, 1.850622
24.000000, 34.000000, 1.910391
25.000000, 34.000000, 1.979037
26.000000, 34.000000, 2.056630
27.000000, 34.000000, 2.148123
28.000000, 34.000000, 2.257069
29.000000, 34.000000, 2.386162
30.000000, 34.000000, 2.538315
31.000000, 34.000000, 2.716764
32.000000, 34.000000, 2.924831
33.000000, 34.000000, 3.164474
34.000000, 34.000000, 3.425753
35.000000, 34.000000, 3.681741
36.000000, 34.000000, 3.911288
37.000000, 34.000000, 4.039917
38.000000, 34.000000, 4.005891
39.000000, 34.000000, 3.820158
40.000000, 34.000000, 3.558940
41.000000, 34.000000, 3.274186
42.000000, 34.000000, 2.976304
0.000000, 35.000000, 4.867408
1.000000, 35.000000, 4.981140
2.000000, 35.000000, 5.106748
3.000000, 35.000000, 5.246016
4.000000, 35.000000, 5.401259
5.000000, 35.000000, 5.574182
6.000000, 35.000000, 5.763790
7.000000, 35.000000, 5.960647
8.000000, 35.000000, 6.132042
9.000000, 35.000000, 6.189355
10.000000, 35.000000, 5.963479
11.000000, 35.000000, 5.343063
12.000000, 35.000000, 4.488734
13.000000, 35.000000, 3.648813
14.000000, 35.000000, 2.951023
15.000000, 35.000000, 2.411838
16.000000, 35.000000, 2.024117
17.000000, 35.000000, 1.777223
18.000000, 35.000000, 1.645571
19.000000, 35.000000, 1.587853
20.000000, 35.000000, 1.580528
21.000000, 35.000000, 1.611705
22.000000, 35.000000, 1.665265
23.000000, 35.000000, 1.728059
24.000000, 35.000000, 1.797218
25.000000, 35.000000, 1.878340
26.000000, 35.000000, 1.974409
27.000000, 35.000000, 2.087587
28.000000, 35.000000, 2.220672
29.000000, 35.000000, 2.377199
30.000000, 35.000000, 2.561516
31.000000, 35.000000, 2.779144
32.000000, 35.000000, 3.037198
33.000000, 35.000000, 3.343669
34.000000, 35.000000, 3.695915
35.000000, 35.000000, 4.076273
36.000000, 35.000000, 4.455719
37.000000, 35.000000, 4.704213
38.000000, 35.000000, 4.654108
39.000000, 35.000000, 4.336155
40.000000, 35.000000, 3.922068
41.000000, 35.000000, 3.506739
42.000000, 35.000000, 3.111909
0.000000, 36.000000, 4.854515
1.000000, 36.000000, 4.966421
2.000000, 36.000000, 5.091386
3.000000, 36.000000, 5.232374
4.000000, 36.000000, 5.393843
5.000000, 36.000000, 5.581564
6.000000, 36.000000, 5.802473
7.000000, 36.000000, 6.062778
8.000000, 36.000000, 6.358268
9.000000, 36.000000, 6.627308
10.000000, 36.000000, 6.562453
11.000000, 36.000000, 5.716360
12.000000, 36.000000, 4.516708
13.000000, 36.000000, 3.476689
14.000000, 36.000000, 2.692179
15.000000, 36.000000, 2.124476
16.000000, 36.000000, 1.742254
17.000000, 36.000000, 1.520611
18.000000, 36.000000, 1.423936
19.000000, 36.000000, 1.393336
20.000000, 36.000000, 1.407606
21.000000, 36.000000, 1.454242
22.000000, 36.000000, 1.515208
23.000000, 36.000000, 1.588411
24.000000, 36.000000, 1.673573
25.000000, 36.000000, 1.771455
26.000000, 36.000000, 1.884138
27.000000, 36.000000, 2.014651
28.000000, 36.000000, 2.166791
29.000000, 36.000000, 2.345143
30.000000, 36.000000, 2.555338
31.000000, 36.000000, 2.804922
32.000000, 36.000000, 3.104970
33.000000, 36.000000, 3.471384
34.000000, 36.000000, 3.915968
35.000000, 36.000000, 4.449547
36.000000, 36.000000, 5.076015
37.000000, 36.000000, 5.579214
38.000000, 36.000000, 5.489550
39.000000, 36.000000, 4.896235
40.000000, 36.000000, 4.250000
41.000000, 36.000000, 3.694521
42.000000, 36.000000, 3.224815
0.000000, 37.000000, 4.826303
1.000000, 37.000000, 4.931628
2.000000, 37.000000, 5.049240
3.000000, 37.000000, 5.182315
4.000000, 37.000000, 5.335919
5.000000, 37.000000, 5.517398
6.000000, 37.000000, 5.737621
7.000000, 37.000000, 6.013077
8.000000, 37.000000, 6.368773
9.000000, 37.000000, 6.828310
10.000000, 37.000000, 5.978969
11.000000, 37.000000, 5.771089
12.000000, 37.000000, 4.359817
13.000000, 37.000000, 3.192589
14.000000, 37.000000, 2.368974
15.000000, 37.000000, 1.794168
16.000000, 37.000000, 1.423784
17.000000, 37.000000, 1.233401
18.000000, 37.000000, 1.190053
19.000000, 37.000000, 1.198383
20.000000, 37.000000, 1.232545
21.000000, 37.000000, 1.290738
22.000000, 37.000000, 1.366841
23.000000, 37.000000, 1.455974
24.000000, 37.000000, 1.555452
25.000000, 37.000000, 1.665606
26.000000, 37.000000, 1.789774
27.000000, 37.000000, 1.932049
28.000000, 37.000000, 2.097064
29.000000, 37.000000, 2.290191
30.000000, 37.000000, 2.517817
31.000000, 37.000000, 2.788115
32.000000, 37.000000, 3.113991
33.000000, 37.000000, 3.517183
34.000000, 37.000000, 4.022375
35.000000, 37.000000, 4.672904
36.000000, 37.000000, 5.557195
37.000000, 37.000000, 5.244723
38.000000, 37.000000, 5.672259
39.000000, 37.000000, 5.294868
40.000000, 37.000000, 4.442373
41.000000, 37.000000, 3.801723
42.000000, 37.000000, 3.281088
0.000000, 38.000000, 4.783601
1.000000, 38.000000, 4.877621
2.000000, 38.000000, 4.981065
3.000000, 38.000000, 5.096177
4.000000, 38.000000, 5.226604
5.000000, 38.000000, 5.377446
6.000000, 38.000000, 5.555723
7.000000, 38.000000, 5.770421
8.000000, 38.000000, 6.029060
9.000000, 38.000000, 6.307373
10.000000, 38.000000, 6.133502
11.000000, 38.000000, 5.231874
12.000000, 38.000000, 3.890851
13.000000, 38.000000, 2.797785
14.000000, 38.000000, 2.003887
15.000000, 38.000000, 1.440653
16.000000, 38.000000, 1.079022
17.000000, 38.000000, 0.914381
18.000000, 38.000000, 0.912591
19.000000, 38.000000, 0.974643
20.000000, 38.000000, 1.052986
21.000000, 38.000000, 1.141260
22.000000, 38.000000, 1.235611
23.000000, 38.000000, 1.335905
24.000000, 38.000000, 1.444234
25.000000, 38.000000, 1.563020
26.000000, 38.000000, 1.694375
27.000000, 38.000000, 1.842693
28.000000, 38.000000, 2.013827
29.000000, 38.000000, 2.213744
30.000000, 38.000000, 2.449219
31.000000, 38.000000, 2.727283
32.000000, 38.000000, 3.057042
33.000000, 38.000000, 3.461785
34.000000, 38.000000, 3.964606
35.000000, 38.000000, 4.600477
36.000000, 38.000000, 5.434565
37.000000, 38.000000, 5.638444
38.000000, 38.000000, 5.775219
39.000000, 38.000000, 5.185542
40.000000, 38.000000, 4.394290
41.000000, 38.000000, 3.775457
42.000000, 38.000000, 3.258224
0.000000, 39.000000, 4.728726
1.000000, 39.000000, 4.807522
2.000000, 39.000000, 4.891197
3.000000, 39.000000, 4.980189
4.000000, 39.000000, 5.075243
5.000000, 39.000000, 5.176612
6.000000, 39.000000, 5.282641
7.000000, 39.000000, 5.385613
8.000000, 39.000000, 5.459183
9.000000, 39.000000, 5.422330
10.000000, 39.000000, 5.082464
11.000000, 39.000000, 4.291785
12.000000, 39.000000, 3.291850
13.000000, 39.000000, 2.378354
14.000000, 39.000000, 1.654368
15.000000, 39.000000, 1.107838
16.000000, 39.000000, 0.737075
17.000000, 39.000000, 0.588993
18.000000, 39.000000, 0.648223
19.000000, 39.000000, 0.777864
20.000000, 39.000000, 0.904793
21.000000, 39.000000, 1.019037
22.000000, 39.000000, 1.125593
23.000000, 39.000000, 1.230807
24.000000, 39.000000, 1.340478
25.000000, 39.000000, 1.459814
26.000000, 39.000000, 1.593525
27.000000, 39.000000, 1.745469
28.000000, 39.000000, 1.918815
29.000000, 39.000000, 2.118254
30.000000, 39.000000, 2.350476
31.000000, 39.000000, 2.621406
32.000000, 39.000000, 2.936728
33.000000, 39.000000, 3.311941
34.000000, 39.000000, 3.754611
35.000000, 39.000000, 4.256196
36.000000, 39.000000, 4.811604
37.000000, 39.000000, 5.234168
38.000000, 39.000000, 5.161975
39.000000, 39.000000, 4.671021
40.000000, 39.000000, 4.116117
41.000000, 39.000000, 3.619046
42.000000, 39.000000, 3.162333
0.000000, 40.000000, 4.665226
1.000000, 40.000000, 4.725937
2.000000, 40.000000, 4.786819
3.000000, 40.000000, 4.845133
4.000000, 40.000000, 4.898798
5.000000, 40.000000, 4.943195
6.000000, 40.000000, 4.969238
7.000000, 40.000000, 4.958693
8.000000, 40.000000, 4.875538
9.000000, 40.000000, 4.656039
10.000000, 40.000000, 4.222744
11.000000, 40.000000, 3.563457
12.000000, 40.000000, 2.787672
13.000000, 40.000000, 2.034019
14.000000, 40.000000, 1.386956
15.000000, 40.000000, 0.861518
16.000000, 40.000000, 0.465145
17.000000, 40.000000, 0.306757
18.000000, 40.000000, 0.469985
19.000000, 40.000000, 0.657242
20.000000, 40.000000, 0.808262
21.000000, 40.000000, 0.931550
22.000000, 40.000000, 1.039345
23.000000, 40.000000, 1.141795
24.000000, 40.000000, 1.246771
25.000000, 40.000000, 1.360558
26.000000, 40.000000, 1.488476
27.000000, 40.000000, 1.635084
28.000000, 40.000000, 1.804257
29.000000, 40.000000, 1.999373
30.000000, 40.000000, 2.223296
31.000000, 40.000000, 2.478632
32.000000, 40.000000, 2.768807
33.000000, 40.000000, 3.095330
34.000000, 40.000000, 3.447505
35.000000, 40.000000, 3.808045
36.000000, 40.000000, 4.158859
37.000000, 40.000000, 4.383843
38.000000, 40.000000, 4.354620
39.000000, 40.000000, 4.101977
40.000000, 40.000000, 3.750392
41.000000, 40.000000, 3.384352
42.000000, 40.000000, 3.014207
0.000000, 41.000000, 4.557607
1.000000, 41.000000, 4.625082
2.000000, 41.000000, 4.674441
3.000000, 41.000000, 4.703583
4.000000, 41.000000, 4.716457
5.000000, 41.000000, 4.707174
6.000000, 41.000000, 4.663432
7.000000, 41.000000, 4.565613
8.000000, 41.000000, 4.384684
9.000000, 41.000000, 4.085189
10.000000, 41.000000, 3.642500
11.000000, 41.000000, 3.072284
12.000000, 41.000000, 2.437756
13.000000, 41.000000, 1.812637
14.000000, 41.000000, 1.247528
15.000000, 41.000000, 0.781822
16.000000, 41.000000, 0.439321
17.000000, 41.000000, 0.315373
18.000000, 41.000000, 0.463455
19.000000, 41.000000, 0.631242
20.000000, 41.000000, 0.767418
21.000000, 41.000000, 0.878337
22.000000, 41.000000, 0.974897
23.000000, 41.000000, 1.066866
24.000000, 41.000000, 1.161949
25.000000, 41.000000, 1.266154
26.000000, 41.000000, 1.384645
27.000000, 41.000000, 1.521677
28.000000, 41.000000, 1.680160
29.000000, 41.000000, 1.862189
30.000000, 41.000000, 2.069376
31.000000, 41.000000, 2.301680
32.000000, 41.000000, 2.553091
33.000000, 41.000000, 2.821614
34.000000, 41.000000, 3.106200
35.000000, 41.000000, 3.378149
36.000000, 41.000000, 3.615163
37.000000, 41.000000, 3.749549
38.000000, 41.000000, 3.743494
39.000000, 41.000000, 3.608042
40.000000, 41.000000, 3.389055
41.000000, 41.000000, 3.127419
42.000000, 41.000000, 2.837839
0.000000, 42.000000, 4.455266
1.000000, 42.000000, 4.504448
2.000000, 42.000000, 4.541592
3.000000, 42.000000, 4.558737
4.000000, 42.000000, 4.543664
5.000000, 42.000000, 4.491667
6.000000, 42.000000, 4.395936
7.000000, 42.000000, 4.241323
8.000000, 42.000000, 4.009017
9.000000, 42.000000, 3.682760
10.000000, 42.000000, 3.259531
11.000000, 42.000000, 2.760228
12.000000, 42.000000, 2.228748
13.000000, 42.000000, 1.713741
14.000000, 42.000000, 1.240826
15.000000, 42.000000, 0.863447
16.000000, 42.000000, 0.611469
17.000000, 42.000000, 0.523261
18.000000, 42.000000, 0.575605
19.000000, 42.000000, 0.673255
20.000000, 42.000000, 0.767360
21.000000, 42.000000, 0.849928
22.000000, 42.000000, 0.925516
23.000000, 42.000000, 1.001097
24.000000, 42.000000, 1.082849
25.000000, 42.000000, 1.175298
26.000000, 42.000000, 1.282577
27.000000, 42.000000, 1.408632
28.000000, 42.000000, 1.554877
29.000000, 42.000000, 1.721054
30.000000, 42.000000, 1.902835
31.000000, 42.000000, 2.096672
32.000000, 42.000000, 2.307965
33.000000, 42.000000, 2.536659
34.000000, 42.000000, 2.772888
35.000000, 42.000000, 2.987478
36.000000, 42.000000, 3.153569
37.000000, 42.000000, 3.245595
38.000000, 42.000000, 3.257474
39.000000, 42.000000, 3.188077
40.000000, 42.000000, 3.054909
41.000000, 42.000000, 2.871725
42.000000, 42.000000, 2.651047
