S
I=43,J=43
0.000000, 0.000000, 2.604955
1.000000, 0.000000, 2.591566
2.000000, 0.000000, 2.573481
3.000000, 0.000000, 2.549913
4.000000, 0.000000, 2.519974
5.000000, 0.000000, 2.482764
6.000000, 0.000000, 2.437635
7.000000, 0.000000, 2.384291
8.000000, 0.000000, 2.322693
9.000000, 0.000000, 2.252980
10.000000, 0.000000, 2.174751
11.000000, 0.000000, 2.090080
12.000000, 0.000000, 1.999239
13.000000, 0.000000, 1.902706
14.000000, 0.000000, 1.801222
15.000000, 0.000000, 1.695849
16.000000, 0.000000, 1.588027
17.000000, 0.000000, 1.479625
18.000000, 0.000000, 1.373012
19.000000, 0.000000, 1.271113
20.000000, 0.000000, 1.177458
21.000000, 0.000000, 1.096154
22.000000, 0.000000, 1.031687
23.000000, 0.000000, 0.988410
24.000000, 0.000000, 0.969724
25.000000, 0.000000, 0.977199
26.000000, 0.000000, 1.010157
27.000000, 0.000000, 1.066031
28.000000, 0.000000, 1.141230
29.000000, 0.000000, 1.231979
30.000000, 0.000000, 1.334832
31.000000, 0.000000, 1.446825
32.000000, 0.000000, 1.565448
33.000000, 0.000000, 1.688525
34.000000, 0.000000, 1.828140
35.000000, 0.000000, 1.974113
36.000000, 0.000000, 2.113148
37.000000, 0.000000, 2.241159
38.000000, 0.000000, 2.354575
39.000000, 0.000000, 2.450702
40.000000, 0.000000, 2.527990
41.000000, 0.000000, 2.602851
42.000000, 0.000000, 2.651394
0.000000, 1.000000, 2.676901
1.000000, 1.000000, 2.666302
2.000000, 1.000000, 2.650634
3.000000, 1.000000, 2.629127
4.000000, 1.000000, 2.600630
5.000000, 1.000000, 2.563771
6.000000, 1.000000, 2.517538
7.000000, 1.000000, 2.461734
8.000000, 1.000000, 2.396356
9.000000, 1.000000, 2.321750
10.000000, 1.000000, 2.239206
11.000000, 1.000000, 2.149034
12.000000, 1.000000, 2.051365
13.000000, 1.000000, 1.946562
14.000000, 1.000000, 1.835294
15.000000, 1.000000, 1.718598
16.000000, 1.000000, 1.597942
17.000000, 1.000000, 1.475307
18.000000, 1.000000, 1.353256
19.000000, 1.000000, 1.235066
20.000000, 1.000000, 1.124849
21.000000, 1.000000, 1.027665
22.000000, 1.000000, 0.949424
23.000000, 1.000000, 0.896312
24.000000, 1.000000, 0.873459
25.000000, 1.000000, 0.883272
26.000000, 1.000000, 0.924564
27.000000, 1.000000, 0.993283
28.000000, 1.000000, 1.084216
29.000000, 1.000000, 1.192393
30.000000, 1.000000, 1.313703
31.000000, 1.000000, 1.444923
32.000000, 1.000000, 1.583560
33.000000, 1.000000, 1.734490
34.000000, 1.000000, 1.905167
35.000000, 1.000000, 2.074540
36.000000, 1.000000, 2.235191
37.000000, 1.000000, 2.381883
38.000000, 1.000000, 2.509961
39.000000, 1.000000, 2.615982
40.000000, 1.000000, 2.698357
41.000000, 1.000000, 2.763204
42.000000, 1.000000, 2.811710
0.000000, 2.000000, 2.755558
1.000000, 2.000000, 2.748066
2.000000, 2.000000, 2.735298
3.000000, 2.000000, 2.716483
4.000000, 2.000000, 2.690355
5.000000, 2.000000, 2.654667
6.000000, 2.000000, 2.607435
7.000000, 2.000000, 2.549345
8.000000, 2.000000, 2.480539
9.000000, 2.000000, 2.402358
10.000000, 2.000000, 2.315856
11.000000, 2.000000, 2.220395
12.000000, 2.000000, 2.115903
13.000000, 2.000000, 2.002583
14.000000, 2.000000, 1.880996
15.000000, 2.000000, 1.752117
16.000000, 2.000000, 1.617416
17.000000, 2.000000, 1.478930
18.000000, 2.000000, 1.339369
19.000000, 2.000000, 1.202271
20.000000, 2.000000, 1.072253
21.000000, 2.000000, 0.955348
22.000000, 2.000000, 0.859242
23.000000, 2.000000, 0.792850
24.000000, 2.000000, 0.764300
25.000000, 2.000000, 0.777523
26.000000, 2.000000, 0.830213
27.000000, 2.000000, 0.915544
28.000000, 2.000000, 1.025722
29.000000, 2.000000, 1.154274
30.000000, 2.000000, 1.296558
31.000000, 2.000000, 1.449368
32.000000, 2.000000, 1.611895
33.000000, 2.000000, 1.799997
34.000000, 2.000000, 2.000644
35.000000, 2.000000, 2.197525
36.000000, 2.000000, 2.383861
37.000000, 2.000000, 2.552669
38.000000, 2.000000, 2.697560
39.000000, 2.000000, 2.813892
40.000000, 2.000000, 2.899648
41.000000, 2.000000, 2.956542
42.000000, 2.000000, 2.995728
0.000000, 3.000000, 2.841329
1.000000, 3.000000, 2.837343
2.000000, 3.000000, 2.827833
3.000000, 3.000000, 2.812044
4.000000, 3.000000, 2.788876
5.000000, 3.000000, 2.755719
6.000000, 3.000000, 2.707469
7.000000, 3.000000, 2.647951
8.000000, 3.000000, 2.576798
9.000000, 3.000000, 2.496510
10.000000, 3.000000, 2.406738
11.000000, 3.000000, 2.306455
12.000000, 3.000000, 2.195372
13.000000, 3.000000, 2.073498
14.000000, 3.000000, 1.941242
15.000000, 3.000000, 1.799488
16.000000, 3.000000, 1.649676
17.000000, 3.000000, 1.493874
18.000000, 3.000000, 1.334875
19.000000, 3.000000, 1.176355
20.000000, 3.000000, 1.023225
21.000000, 3.000000, 0.882272
22.000000, 3.000000, 0.763081
23.000000, 3.000000, 0.678490
24.000000, 3.000000, 0.642041
25.000000, 3.000000, 0.660718
26.000000, 3.000000, 0.729634
27.000000, 3.000000, 0.836588
28.000000, 3.000000, 0.969894
29.000000, 3.000000, 1.121566
30.000000, 3.000000, 1.286911
31.000000, 3.000000, 1.463359
32.000000, 3.000000, 1.658198
33.000000, 3.000000, 1.885213
34.000000, 3.000000, 2.118271
35.000000, 3.000000, 2.347825
36.000000, 3.000000, 2.565318
37.000000, 3.000000, 2.760978
38.000000, 3.000000, 2.925491
39.000000, 3.000000, 3.052212
40.000000, 3.000000, 3.138834
41.000000, 3.000000, 3.187613
42.000000, 3.000000, 3.207628
0.000000, 4.000000, 2.934747
1.000000, 4.000000, 2.934690
2.000000, 4.000000, 2.928758
3.000000, 4.000000, 2.916028
4.000000, 4.000000, 2.894986
5.000000, 4.000000, 2.862990
6.000000, 4.000000, 2.817477
7.000000, 4.000000, 2.758694
8.000000, 4.000000, 2.687037
9.000000, 4.000000, 2.606075
10.000000, 4.000000, 2.513977
11.000000, 4.000000, 2.409620
12.000000, 4.000000, 2.292447
13.000000, 4.000000, 2.162225
14.000000, 4.000000, 2.019164
15.000000, 4.000000, 1.864029
16.000000, 4.000000, 1.698225
17.000000, 4.000000, 1.523850
18.000000, 4.000000, 1.343749
19.000000, 4.000000, 1.161620
20.000000, 4.000000, 0.982353
21.000000, 4.000000, 0.812891
22.000000, 4.000000, 0.664154
23.000000, 4.000000, 0.553950
24.000000, 4.000000, 0.506005
25.000000, 4.000000, 0.534256
26.000000, 4.000000, 0.627246
27.000000, 4.000000, 0.762105
28.000000, 4.000000, 0.922132
29.000000, 4.000000, 1.098734
30.000000, 4.000000, 1.288218
31.000000, 4.000000, 1.490350
32.000000, 4.000000, 1.726422
33.000000, 4.000000, 1.990076
34.000000, 4.000000, 2.260423
35.000000, 4.000000, 2.529525
36.000000, 4.000000, 2.786066
37.000000, 4.000000, 3.015707
38.000000, 4.000000, 3.203957
39.000000, 4.000000, 3.340590
40.000000, 4.000000, 3.423113
41.000000, 4.000000, 3.456827
42.000000, 4.000000, 3.452280
0.000000, 5.000000, 3.036504
1.000000, 5.000000, 3.040927
2.000000, 5.000000, 3.039112
3.000000, 5.000000, 3.029975
4.000000, 5.000000, 3.011831
5.000000, 5.000000, 2.982591
6.000000, 5.000000, 2.940331
7.000000, 5.000000, 2.883718
8.000000, 5.000000, 2.813475
9.000000, 5.000000, 2.733202
10.000000, 5.000000, 2.640007
11.000000, 5.000000, 2.532641
12.000000, 5.000000, 2.410208
13.000000, 5.000000, 2.272157
14.000000, 5.000000, 2.118434
15.000000, 5.000000, 1.949653
16.000000, 5.000000, 1.767196
17.000000, 5.000000, 1.573255
18.000000, 5.000000, 1.370803
19.000000, 5.000000, 1.163555
20.000000, 5.000000, 0.956112
21.000000, 5.000000, 0.754685
22.000000, 5.000000, 0.569615
23.000000, 5.000000, 0.422580
24.000000, 5.000000, 0.356280
25.000000, 5.000000, 0.403101
26.000000, 5.000000, 0.532472
27.000000, 5.000000, 0.701330
28.000000, 5.000000, 0.889659
29.000000, 5.000000, 1.090903
30.000000, 5.000000, 1.303858
31.000000, 5.000000, 1.535324
32.000000, 5.000000, 1.813384
33.000000, 5.000000, 2.114290
34.000000, 5.000000, 2.427793
35.000000, 5.000000, 2.745767
36.000000, 5.000000, 3.053281
37.000000, 5.000000, 3.328443
38.000000, 5.000000, 3.547028
39.000000, 5.000000, 3.691920
40.000000, 5.000000, 3.761038
41.000000, 5.000000, 3.766559
42.000000, 5.000000, 3.727124
0.000000, 6.000000, 3.147409
1.000000, 6.000000, 3.157052
2.000000, 6.000000, 3.160188
3.000000, 6.000000, 3.155692
4.000000, 6.000000, 3.141891
5.000000, 6.000000, 3.116863
6.000000, 6.000000, 3.078590
7.000000, 6.000000, 3.025084
8.000000, 6.000000, 2.957848
9.000000, 6.000000, 2.879391
10.000000, 6.000000, 2.786494
11.000000, 6.000000, 2.677684
12.000000, 6.000000, 2.551574
13.000000, 6.000000, 2.406872
14.000000, 6.000000, 2.243172
15.000000, 6.000000, 2.060897
16.000000, 6.000000, 1.861390
17.000000, 6.000000, 1.647156
18.000000, 6.000000, 1.421557
19.000000, 6.000000, 1.188599
20.000000, 6.000000, 0.952704
21.000000, 6.000000, 0.718825
22.000000, 6.000000, 0.493974
23.000000, 6.000000, 0.295905
24.000000, 6.000000, 0.195750
25.000000, 6.000000, 0.282654
26.000000, 6.000000, 0.463006
27.000000, 6.000000, 0.666683
28.000000, 6.000000, 0.880261
29.000000, 6.000000, 1.102631
30.000000, 6.000000, 1.336192
31.000000, 6.000000, 1.600766
32.000000, 6.000000, 1.914794
33.000000, 6.000000, 2.254451
34.000000, 6.000000, 2.617375
35.000000, 6.000000, 2.996593
36.000000, 6.000000, 3.373566
37.000000, 6.000000, 3.714269
38.000000, 6.000000, 3.974941
39.000000, 6.000000, 4.123684
40.000000, 6.000000, 4.161282
41.000000, 6.000000, 4.116292
42.000000, 6.000000, 4.023394
0.000000, 7.000000, 3.268346
1.000000, 7.000000, 3.284013
2.000000, 7.000000, 3.292545
3.000000, 7.000000, 3.291769
4.000000, 7.000000, 3.279032
5.000000, 7.000000, 3.252858
6.000000, 7.000000, 3.212998
7.000000, 7.000000, 3.158005
8.000000, 7.000000, 3.091539
9.000000, 7.000000, 3.015024
10.000000, 7.000000, 2.924603
11.000000, 7.000000, 2.818169
12.000000, 7.000000, 2.693487
13.000000, 7.000000, 2.548339
14.000000, 7.000000, 2.381423
15.000000, 7.000000, 2.191963
16.000000, 7.000000, 1.980486
17.000000, 7.000000, 1.748930
18.000000, 7.000000, 1.501412
19.000000, 7.000000, 1.243477
20.000000, 7.000000, 0.980990
21.000000, 7.000000, 0.718953
22.000000, 7.000000, 0.461486
23.000000, 7.000000, 0.214362
24.000000, 7.000000, 0.060605
25.000000, 7.000000, 0.218069
26.000000, 7.000000, 0.443024
27.000000, 7.000000, 0.669698
28.000000, 7.000000, 0.899502
29.000000, 7.000000, 1.136104
30.000000, 7.000000, 1.385660
31.000000, 7.000000, 1.681369
32.000000, 7.000000, 2.024116
33.000000, 7.000000, 2.401885
34.000000, 7.000000, 2.819092
35.000000, 7.000000, 3.274069
36.000000, 7.000000, 3.748521
37.000000, 7.000000, 4.191685
38.000000, 7.000000, 4.518129
39.000000, 7.000000, 4.659077
40.000000, 7.000000, 4.628072
41.000000, 7.000000, 4.495476
42.000000, 7.000000, 4.324012
0.000000, 8.000000, 3.400216
1.000000, 8.000000, 3.406292
2.000000, 8.000000, 3.405498
3.000000, 8.000000, 3.396180
4.000000, 8.000000, 3.379290
5.000000, 8.000000, 3.353805
6.000000, 8.000000, 3.317776
7.000000, 8.000000, 3.268871
8.000000, 8.000000, 3.210005
9.000000, 8.000000, 3.141490
10.000000, 8.000000, 3.058712
11.000000, 8.000000, 2.958789
12.000000, 8.000000, 2.838643
13.000000, 8.000000, 2.695295
14.000000, 8.000000, 2.526362
15.000000, 8.000000, 2.330728
16.000000, 8.000000, 2.109154
17.000000, 8.000000, 1.864618
18.000000, 8.000000, 1.602038
19.000000, 8.000000, 1.327325
20.000000, 8.000000, 1.046482
21.000000, 8.000000, 0.766277
22.000000, 8.000000, 0.495839
23.000000, 8.000000, 0.252737
24.000000, 8.000000, 0.133648
25.000000, 8.000000, 0.268929
26.000000, 8.000000, 0.486394
27.000000, 8.000000, 0.714520
28.000000, 8.000000, 0.947892
29.000000, 8.000000, 1.189603
30.000000, 8.000000, 1.449671
31.000000, 8.000000, 1.767188
32.000000, 8.000000, 2.130402
33.000000, 8.000000, 2.540809
34.000000, 8.000000, 3.011242
35.000000, 8.000000, 3.552633
36.000000, 8.000000, 4.160660
37.000000, 8.000000, 4.775884
38.000000, 8.000000, 5.224072
39.000000, 8.000000, 5.323232
40.000000, 8.000000, 5.144783
41.000000, 8.000000, 4.869841
42.000000, 8.000000, 4.595238
0.000000, 9.000000, 3.483102
1.000000, 9.000000, 3.487534
2.000000, 9.000000, 3.488348
3.000000, 9.000000, 3.484451
4.000000, 9.000000, 3.474559
5.000000, 9.000000, 3.457045
6.000000, 9.000000, 3.429845
7.000000, 9.000000, 3.390593
8.000000, 9.000000, 3.342726
9.000000, 9.000000, 3.285732
10.000000, 9.000000, 3.214647
11.000000, 9.000000, 3.125903
12.000000, 9.000000, 3.015395
13.000000, 9.000000, 2.878770
14.000000, 9.000000, 2.712104
15.000000, 9.000000, 2.512936
16.000000, 9.000000, 2.281457
17.000000, 9.000000, 2.021340
18.000000, 9.000000, 1.739704
19.000000, 9.000000, 1.446080
20.000000, 9.000000, 1.150948
21.000000, 9.000000, 0.865038
22.000000, 9.000000, 0.601762
23.000000, 9.000000, 0.392367
24.000000, 9.000000, 0.312954
25.000000, 9.000000, 0.403658
26.000000, 9.000000, 0.584619
27.000000, 9.000000, 0.795585
28.000000, 9.000000, 1.020090
29.000000, 9.000000, 1.257126
30.000000, 9.000000, 1.520907
31.000000, 9.000000, 1.846436
32.000000, 9.000000, 2.218520
33.000000, 9.000000, 2.648446
34.000000, 9.000000, 3.157907
35.000000, 9.000000, 3.776103
36.000000, 9.000000, 4.535863
37.000000, 9.000000, 5.429667
38.000000, 9.000000, 6.131248
39.000000, 9.000000, 6.095622
40.000000, 9.000000, 5.623388
41.000000, 9.000000, 5.160934
42.000000, 9.000000, 4.782375
0.000000, 10.000000, 3.556353
1.000000, 10.000000, 3.566529
2.000000, 10.000000, 3.573767
3.000000, 10.000000, 3.577130
4.000000, 10.000000, 3.575486
5.000000, 10.000000, 3.567375
6.000000, 10.000000, 3.550876
7.000000, 10.000000, 3.523753
8.000000, 10.000000, 3.489696
9.000000, 10.000000, 3.447927
10.000000, 10.000000, 3.393295
11.000000, 10.000000, 3.321638
12.000000, 10.000000, 3.227712
13.000000, 10.000000, 3.105373
14.000000, 10.000000, 2.948320
15.000000, 10.000000, 2.751637
16.000000, 10.000000, 2.513978
17.000000, 10.000000, 2.239546
18.000000, 10.000000, 1.938513
19.000000, 10.000000, 1.625339
20.000000, 10.000000, 1.316183
21.000000, 10.000000, 1.027637
22.000000, 10.000000, 0.778806
23.000000, 10.000000, 0.597484
24.000000, 10.000000, 0.522195
25.000000, 10.000000, 0.573025
26.000000, 10.000000, 0.715142
27.000000, 10.000000, 0.899958
28.000000, 10.000000, 1.106084
29.000000, 10.000000, 1.329255
30.000000, 10.000000, 1.587674
31.000000, 10.000000, 1.906270
32.000000, 10.000000, 2.271727
33.000000, 10.000000, 2.699654
34.000000, 10.000000, 3.216105
35.000000, 10.000000, 3.861280
36.000000, 10.000000, 4.699029
37.000000, 10.000000, 5.804119
38.000000, 10.000000, 5.473007
39.000000, 10.000000, 6.520833
40.000000, 10.000000, 5.825762
41.000000, 10.000000, 5.248432
42.000000, 10.000000, 4.822216
0.000000, 11.000000, 3.631717
1.000000, 11.000000, 3.648005
2.000000, 11.000000, 3.662157
3.000000, 11.000000, 3.673425
4.000000, 11.000000, 3.680902
5.000000, 11.000000, 3.683391
6.000000, 11.000000, 3.679279
7.000000, 11.000000, 3.666627
8.000000, 11.000000, 3.649136
9.000000, 11.000000, 3.626488
10.000000, 11.000000, 3.593667
11.000000, 11.000000, 3.546235
12.000000, 11.000000, 3.477975
13.000000, 11.000000, 3.380635
14.000000, 11.000000, 3.244390
15.000000, 11.000000, 3.059783
16.000000, 11.000000, 2.821597
17.000000, 11.000000, 2.533437
18.000000, 11.000000, 2.209645
19.000000, 11.000000, 1.872207
20.000000, 11.000000, 1.544996
21.000000, 11.000000, 1.250095
22.000000, 11.000000, 1.008184
23.000000, 11.000000, 0.840298
24.000000, 11.000000, 0.763782
25.000000, 11.000000, 0.779351
26.000000, 11.000000, 0.868954
27.000000, 11.000000, 1.013943
28.000000, 11.000000, 1.193716
29.000000, 11.000000, 1.394871
30.000000, 11.000000, 1.637497
31.000000, 11.000000, 1.934710
32.000000, 11.000000, 2.276018
33.000000, 11.000000, 2.675881
34.000000, 11.000000, 3.156738
35.000000, 11.000000, 3.750751
36.000000, 11.000000, 4.498805
37.000000, 11.000000, 5.411955
38.000000, 11.000000, 6.130958
39.000000, 11.000000, 6.062582
40.000000, 11.000000, 5.533675
41.000000, 11.000000, 5.053858
42.000000, 11.000000, 4.679113
0.000000, 12.000000, 3.708585
1.000000, 12.000000, 3.731194
2.000000, 12.000000, 3.752543
3.000000, 12.000000, 3.772107
4.000000, 12.000000, 3.789270
5.000000, 12.000000, 3.803199
6.000000, 12.000000, 3.812745
7.000000, 12.000000, 3.816467
8.000000, 12.000000, 3.817931
9.000000, 12.000000, 3.818035
10.000000, 12.000000, 3.812467
11.000000, 12.000000, 3.797246
12.000000, 12.000000, 3.765912
13.000000, 12.000000, 3.708392
14.000000, 12.000000, 3.610245
15.000000, 12.000000, 3.453979
16.000000, 12.000000, 3.225091
17.000000, 12.000000, 2.922751
18.000000, 12.000000, 2.566934
19.000000, 12.000000, 2.192388
20.000000, 12.000000, 1.834630
21.000000, 12.000000, 1.521235
22.000000, 12.000000, 1.271549
23.000000, 12.000000, 1.098808
24.000000, 12.000000, 1.008990
25.000000, 12.000000, 0.997039
26.000000, 12.000000, 1.047655
27.000000, 12.000000, 1.143303
28.000000, 12.000000, 1.275562
29.000000, 12.000000, 1.443618
30.000000, 12.000000, 1.659644
31.000000, 12.000000, 1.923052
32.000000, 12.000000, 2.224027
33.000000, 12.000000, 2.572494
34.000000, 12.000000, 2.982150
35.000000, 12.000000, 3.467475
36.000000, 12.000000, 4.031259
37.000000, 12.000000, 4.621524
38.000000, 12.000000, 5.052740
39.000000, 12.000000, 5.116941
40.000000, 12.000000, 4.907578
41.000000, 12.000000, 4.628494
42.000000, 12.000000, 4.372619
0.000000, 13.000000, 3.786291
1.000000, 13.000000, 3.815245
2.000000, 13.000000, 3.843829
3.000000, 13.000000, 3.871767
4.000000, 13.000000, 3.898772
5.000000, 13.000000, 3.924461
6.000000, 13.000000, 3.948276
7.000000, 13.000000, 3.969477
8.000000, 13.000000, 3.991457
9.000000, 13.000000, 4.016947
10.000000, 13.000000, 4.043185
11.000000, 13.000000, 4.067841
12.000000, 13.000000, 4.085911
13.000000, 13.000000, 4.087362
14.000000, 13.000000, 4.053627
15.000000, 13.000000, 3.954778
16.000000, 13.000000, 3.755067
17.000000, 13.000000, 3.437087
18.000000, 13.000000, 3.028629
19.000000, 13.000000, 2.590845
20.000000, 13.000000, 2.180026
21.000000, 13.000000, 1.829831
22.000000, 13.000000, 1.555740
23.000000, 13.000000, 1.362821
24.000000, 13.000000, 1.249135
25.000000, 13.000000, 1.206220
26.000000, 13.000000, 1.220320
27.000000, 13.000000, 1.276395
28.000000, 13.000000, 1.362597
29.000000, 13.000000, 1.475915
30.000000, 13.000000, 1.648119
31.000000, 13.000000, 1.867676
32.000000, 13.000000, 2.117035
33.000000, 13.000000, 2.400858
34.000000, 13.000000, 2.725152
35.000000, 13.000000, 3.091507
36.000000, 13.000000, 3.487396
37.000000, 13.000000, 3.867171
38.000000, 13.000000, 4.146308
39.000000, 13.000000, 4.255158
40.000000, 13.000000, 4.212943
41.000000, 13.000000, 4.095326
42.000000, 13.000000, 3.962141
0.000000, 14.000000, 3.864160
1.000000, 14.000000, 3.899285
2.000000, 14.000000, 3.934874
3.000000, 14.000000, 3.970902
4.000000, 14.000000, 4.007428
5.000000, 14.000000, 4.044542
6.000000, 14.000000, 4.082355
7.000000, 14.000000, 4.120994
8.000000, 14.000000, 4.163686
9.000000, 14.000000, 4.215245
10.000000, 14.000000, 4.275433
11.000000, 14.000000, 4.344988
12.000000, 14.000000, 4.423039
13.000000, 14.000000, 4.504124
14.000000, 14.000000, 4.571306
15.000000, 14.000000, 4.582400
16.000000, 14.000000, 4.457758
17.000000, 14.000000, 4.122639
18.000000, 14.000000, 3.615506
19.000000, 14.000000, 3.065856
20.000000, 14.000000, 2.569061
21.000000, 14.000000, 2.161141
22.000000, 14.000000, 1.847592
23.000000, 14.000000, 1.622792
24.000000, 14.000000, 1.477269
25.000000, 14.000000, 1.400202
26.000000, 14.000000, 1.377421
27.000000, 14.000000, 1.393637
28.000000, 14.000000, 1.437243
29.000000, 14.000000, 1.502947
30.000000, 14.000000, 1.615444
31.000000, 14.000000, 1.776768
32.000000, 14.000000, 1.973030
33.000000, 14.000000, 2.193673
34.000000, 14.000000, 2.438105
35.000000, 14.000000, 2.703135
36.000000, 14.000000, 2.976349
37.000000, 14.000000, 3.230955
38.000000, 14.000000, 3.429617
39.000000, 14.000000, 3.544885
40.000000, 14.000000, 3.579728
41.000000, 14.000000, 3.561614
42.000000, 14.000000, 3.520939
0.000000, 15.000000, 3.941558
1.000000, 15.000000, 3.982481
2.000000, 15.000000, 4.024578
3.000000, 15.000000, 4.068044
4.000000, 15.000000, 4.113249
5.000000, 15.000000, 4.160731
6.000000, 15.000000, 4.211246
7.000000, 15.000000, 4.265829
8.000000, 15.000000, 4.327608
9.000000, 15.000000, 4.403097
10.000000, 15.000000, 4.495243
11.000000, 15.000000, 4.608776
12.000000, 15.000000, 4.749386
13.000000, 15.000000, 4.922298
14.000000, 15.000000, 5.126383
15.000000, 15.000000, 5.330666
16.000000, 15.000000, 5.397258
17.000000, 15.000000, 5.048539
18.000000, 15.000000, 4.330363
19.000000, 15.000000, 3.589794
20.000000, 15.000000, 2.972877
21.000000, 15.000000, 2.492481
22.000000, 15.000000, 2.131398
23.000000, 15.000000, 1.869507
24.000000, 15.000000, 1.688513
25.000000, 15.000000, 1.576751
26.000000, 15.000000, 1.517776
27.000000, 15.000000, 1.494456
28.000000, 15.000000, 1.495057
29.000000, 15.000000, 1.514226
30.000000, 15.000000, 1.576698
31.000000, 15.000000, 1.675323
32.000000, 15.000000, 1.806304
33.000000, 15.000000, 1.965619
34.000000, 15.000000, 2.138888
35.000000, 15.000000, 2.322053
36.000000, 15.000000, 2.507862
37.000000, 15.000000, 2.683335
38.000000, 15.000000, 2.832469
39.000000, 15.000000, 2.943483
40.000000, 15.000000, 3.015374
41.000000, 15.000000, 3.057291
42.000000, 15.000000, 3.083375
0.000000, 16.000000, 4.017947
1.000000, 16.000000, 4.064122
2.000000, 16.000000, 4.111988
3.000000, 16.000000, 4.161896
4.000000, 16.000000, 4.214455
5.000000, 16.000000, 4.270546
6.000000, 16.000000, 4.331442
7.000000, 16.000000, 4.398930
8.000000, 16.000000, 4.476201
9.000000, 16.000000, 4.570243
10.000000, 16.000000, 4.687111
11.000000, 16.000000, 4.834980
12.000000, 16.000000, 5.025721
13.000000, 16.000000, 5.276619
14.000000, 16.000000, 5.612456
15.000000, 16.000000, 6.061601
16.000000, 16.000000, 6.255421
17.000000, 16.000000, 5.818552
18.000000, 16.000000, 5.056959
19.000000, 16.000000, 4.073020
20.000000, 16.000000, 3.337850
21.000000, 16.000000, 2.792322
22.000000, 16.000000, 2.388990
23.000000, 16.000000, 2.094254
24.000000, 16.000000, 1.883785
25.000000, 16.000000, 1.739714
26.000000, 16.000000, 1.644588
27.000000, 16.000000, 1.581300
28.000000, 16.000000, 1.538555
29.000000, 16.000000, 1.511012
30.000000, 16.000000, 1.521688
31.000000, 16.000000, 1.572703
32.000000, 16.000000, 1.639089
33.000000, 16.000000, 1.727962
34.000000, 16.000000, 1.838974
35.000000, 16.000000, 1.957381
36.000000, 16.000000, 2.079935
37.000000, 16.000000, 2.202236
38.000000, 16.000000, 2.318373
39.000000, 16.000000, 2.423140
40.000000, 16.000000, 2.514332
41.000000, 16.000000, 2.594155
42.000000, 16.000000, 2.678998
0.000000, 17.000000, 4.092920
1.000000, 17.000000, 4.143677
2.000000, 17.000000, 4.196387
3.000000, 17.000000, 4.251478
4.000000, 17.000000, 4.309672
5.000000, 17.000000, 4.372049
6.000000, 17.000000, 4.440163
7.000000, 17.000000, 4.516238
8.000000, 17.000000, 4.603553
9.000000, 17.000000, 4.708124
10.000000, 17.000000, 4.837798
11.000000, 17.000000, 5.002050
12.000000, 17.000000, 5.214470
13.000000, 17.000000, 5.495120
14.000000, 17.000000, 5.873740
15.000000, 17.000000, 6.388854
16.000000, 17.000000, 6.583468
17.000000, 17.000000, 6.118026
18.000000, 17.000000, 5.412323
19.000000, 17.000000, 4.371529
20.000000, 17.000000, 3.600576
21.000000, 17.000000, 3.028963
22.000000, 17.000000, 2.603617
23.000000, 17.000000, 2.287608
24.000000, 17.000000, 2.053924
25.000000, 17.000000, 1.880767
26.000000, 17.000000, 1.750600
27.000000, 17.000000, 1.649935
28.000000, 17.000000, 1.568494
29.000000, 17.000000, 1.500691
30.000000, 17.000000, 1.469260
31.000000, 17.000000, 1.469509
32.000000, 17.000000, 1.481101
33.000000, 17.000000, 1.501357
34.000000, 17.000000, 1.545623
35.000000, 17.000000, 1.610976
36.000000, 17.000000, 1.685881
37.000000, 17.000000, 1.770566
38.000000, 17.000000, 1.864248
39.000000, 17.000000, 1.964513
40.000000, 17.000000, 2.068617
41.000000, 17.000000, 2.184987
42.000000, 17.000000, 2.320436
0.000000, 18.000000, 4.166256
1.000000, 18.000000, 4.220854
2.000000, 18.000000, 4.277382
3.000000, 18.000000, 4.336237
4.000000, 18.000000, 4.398128
5.000000, 18.000000, 4.464124
6.000000, 18.000000, 4.535791
7.000000, 18.000000, 4.615380
8.000000, 18.000000, 4.706051
9.000000, 18.000000, 4.811974
10.000000, 18.000000, 4.940353
11.000000, 18.000000, 5.099532
12.000000, 18.000000, 5.299148
13.000000, 18.000000, 5.549944
14.000000, 18.000000, 5.857817
15.000000, 18.000000, 6.196043
16.000000, 18.000000, 6.398898
17.000000, 18.000000, 6.078640
18.000000, 18.000000, 5.269958
19.000000, 18.000000, 4.428758
20.000000, 18.000000, 3.731815
21.000000, 18.000000, 3.186521
22.000000, 18.000000, 2.765413
23.000000, 18.000000, 2.439566
24.000000, 18.000000, 2.187196
25.000000, 18.000000, 1.989579
26.000000, 18.000000, 1.831368
27.000000, 18.000000, 1.700136
28.000000, 18.000000, 1.586124
29.000000, 18.000000, 1.483348
30.000000, 18.000000, 1.411566
31.000000, 18.000000, 1.365842
32.000000, 18.000000, 1.326775
33.000000, 18.000000, 1.293398
34.000000, 18.000000, 1.271641
35.000000, 18.000000, 1.282237
36.000000, 18.000000, 1.318791
37.000000, 18.000000, 1.375813
38.000000, 18.000000, 1.455201
39.000000, 18.000000, 1.555320
40.000000, 18.000000, 1.678614
41.000000, 18.000000, 1.835778
42.000000, 18.000000, 2.003583
0.000000, 19.000000, 4.237927
1.000000, 19.000000, 4.295633
2.000000, 19.000000, 4.354949
3.000000, 19.000000, 4.416138
4.000000, 19.000000, 4.479749
5.000000, 19.000000, 4.546641
6.000000, 19.000000, 4.618127
7.000000, 19.000000, 4.696088
8.000000, 19.000000, 4.783144
9.000000, 19.000000, 4.881805
10.000000, 19.000000, 4.995968
11.000000, 19.000000, 5.131591
12.000000, 19.000000, 5.291849
13.000000, 19.000000, 5.475261
14.000000, 19.000000, 5.666269
15.000000, 19.000000, 5.813485
16.000000, 19.000000, 5.802659
17.000000, 19.000000, 5.506632
18.000000, 19.000000, 4.957880
19.000000, 19.000000, 4.331671
20.000000, 19.000000, 3.755526
21.000000, 19.000000, 3.267334
22.000000, 19.000000, 2.864853
23.000000, 19.000000, 2.540929
24.000000, 19.000000, 2.280176
25.000000, 19.000000, 2.067382
26.000000, 19.000000, 1.889296
27.000000, 19.000000, 1.734674
28.000000, 19.000000, 1.594221
29.000000, 19.000000, 1.461053
30.000000, 19.000000, 1.351077
31.000000, 19.000000, 1.265665
32.000000, 19.000000, 1.182081
33.000000, 19.000000, 1.100463
34.000000, 19.000000, 1.026538
35.000000, 19.000000, 0.975877
36.000000, 19.000000, 0.973173
37.000000, 19.000000, 1.009201
38.000000, 19.000000, 1.082533
39.000000, 19.000000, 1.192827
40.000000, 19.000000, 1.352243
41.000000, 19.000000, 1.538954
42.000000, 19.000000, 1.732654
0.000000, 20.000000, 4.308116
1.000000, 20.000000, 4.368275
2.000000, 20.000000, 4.429451
3.000000, 20.000000, 4.491672
4.000000, 20.000000, 4.555188
5.000000, 20.000000, 4.620494
6.000000, 20.000000, 4.688409
7.000000, 20.000000, 4.760163
8.000000, 20.000000, 4.837466
9.000000, 20.000000, 4.921773
10.000000, 20.000000, 5.012615
11.000000, 20.000000, 5.113168
12.000000, 20.000000, 5.221679
13.000000, 20.000000, 5.329384
14.000000, 20.000000, 5.414684
15.000000, 20.000000, 5.435641
16.000000, 20.000000, 5.332909
17.000000, 20.000000, 5.064337
18.000000, 20.000000, 4.653717
19.000000, 20.000000, 4.179940
20.000000, 20.000000, 3.709260
21.000000, 20.000000, 3.276950
22.000000, 20.000000, 2.906953
23.000000, 20.000000, 2.597271
24.000000, 20.000000, 2.338417
25.000000, 20.000000, 2.119394
26.000000, 20.000000, 1.929471
27.000000, 20.000000, 1.758821
28.000000, 20.000000, 1.598739
29.000000, 20.000000, 1.441895
30.000000, 20.000000, 1.298668
31.000000, 20.000000, 1.180131
32.000000, 20.000000, 1.058961
33.000000, 20.000000, 0.933978
34.000000, 20.000000, 0.810801
35.000000, 20.000000, 0.704275
36.000000, 20.000000, 0.647542
37.000000, 20.000000, 0.665257
38.000000, 20.000000, 0.745294
39.000000, 20.000000, 0.891013
40.000000, 20.000000, 1.087578
41.000000, 20.000000, 1.300251
42.000000, 20.000000, 1.515276
0.000000, 21.000000, 4.377191
1.000000, 21.000000, 4.439304
2.000000, 21.000000, 4.501611
3.000000, 21.000000, 4.563818
4.000000, 21.000000, 4.625776
5.000000, 21.000000, 4.687477
6.000000, 21.000000, 4.749105
7.000000, 21.000000, 4.811083
8.000000, 21.000000, 4.874067
9.000000, 21.000000, 4.938633
10.000000, 21.000000, 5.001737
11.000000, 21.000000, 5.062743
12.000000, 21.000000, 5.118556
13.000000, 21.000000, 5.158836
14.000000, 21.000000, 5.165105
15.000000, 21.000000, 5.110551
16.000000, 21.000000, 4.967502
17.000000, 21.000000, 4.723657
18.000000, 21.000000, 4.396138
19.000000, 21.000000, 4.015803
20.000000, 21.000000, 3.614406
21.000000, 21.000000, 3.239650
22.000000, 21.000000, 2.907385
23.000000, 21.000000, 2.619032
24.000000, 21.000000, 2.369846
25.000000, 21.000000, 2.152344
26.000000, 21.000000, 1.958179
27.000000, 21.000000, 1.779022
28.000000, 21.000000, 1.606980
29.000000, 21.000000, 1.434794
30.000000, 21.000000, 1.266583
31.000000, 21.000000, 1.122890
32.000000, 21.000000, 0.974058
33.000000, 21.000000, 0.814848
34.000000, 21.000000, 0.647365
35.000000, 21.000000, 0.482040
36.000000, 21.000000, 0.353760
37.000000, 21.000000, 0.345265
38.000000, 21.000000, 0.466123
39.000000, 21.000000, 0.669720
40.000000, 21.000000, 0.899207
41.000000, 21.000000, 1.132529
42.000000, 21.000000, 1.360910
0.000000, 22.000000, 4.445671
1.000000, 22.000000, 4.509455
2.000000, 22.000000, 4.572443
3.000000, 22.000000, 4.633959
4.000000, 22.000000, 4.693375
5.000000, 22.000000, 4.750093
6.000000, 22.000000, 4.803589
7.000000, 22.000000, 4.853432
8.000000, 22.000000, 4.899275
9.000000, 22.000000, 4.940733
10.000000, 22.000000, 4.974943
11.000000, 22.000000, 4.996923
12.000000, 22.000000, 5.004848
13.000000, 22.000000, 4.990498
14.000000, 22.000000, 4.941238
15.000000, 22.000000, 4.841314
16.000000, 22.000000, 4.680345
17.000000, 22.000000, 4.457813
18.000000, 22.000000, 4.178197
19.000000, 22.000000, 3.843303
20.000000, 22.000000, 3.500657
21.000000, 22.000000, 3.176177
22.000000, 22.000000, 2.880576
23.000000, 22.000000, 2.616773
24.000000, 22.000000, 2.382587
25.000000, 22.000000, 2.172966
26.000000, 22.000000, 1.981493
27.000000, 22.000000, 1.801280
28.000000, 22.000000, 1.625443
29.000000, 22.000000, 1.447369
30.000000, 22.000000, 1.265883
31.000000, 22.000000, 1.106652
32.000000, 22.000000, 0.944750
33.000000, 22.000000, 0.769567
34.000000, 22.000000, 0.580211
35.000000, 22.000000, 0.378747
36.000000, 22.000000, 0.180393
37.000000, 22.000000, 0.143353
38.000000, 22.000000, 0.337002
39.000000, 22.000000, 0.573121
40.000000, 22.000000, 0.813440
41.000000, 22.000000, 1.049623
42.000000, 22.000000, 1.276993
0.000000, 23.000000, 4.514179
1.000000, 23.000000, 4.579610
2.000000, 23.000000, 4.643177
3.000000, 23.000000, 4.703764
4.000000, 23.000000, 4.760220
5.000000, 23.000000, 4.811305
6.000000, 23.000000, 4.855757
7.000000, 23.000000, 4.892315
8.000000, 23.000000, 4.919769
9.000000, 23.000000, 4.936931
10.000000, 23.000000, 4.941934
11.000000, 23.000000, 4.928370
12.000000, 23.000000, 4.894578
13.000000, 23.000000, 4.836602
14.000000, 23.000000, 4.747711
15.000000, 23.000000, 4.619553
16.000000, 23.000000, 4.451322
17.000000, 23.000000, 4.243213
18.000000, 23.000000, 3.975840
19.000000, 23.000000, 3.679216
20.000000, 23.000000, 3.382719
21.000000, 23.000000, 3.099592
22.000000, 23.000000, 2.837540
23.000000, 23.000000, 2.599227
24.000000, 23.000000, 2.383519
25.000000, 23.000000, 2.186824
26.000000, 23.000000, 2.004164
27.000000, 23.000000, 1.829923
28.000000, 23.000000, 1.658346
29.000000, 23.000000, 1.483904
30.000000, 23.000000, 1.303104
31.000000, 23.000000, 1.138654
32.000000, 23.000000, 0.980587
33.000000, 23.000000, 0.813443
34.000000, 23.000000, 0.639821
35.000000, 23.000000, 0.470142
36.000000, 23.000000, 0.337652
37.000000, 23.000000, 0.323824
38.000000, 23.000000, 0.448999
39.000000, 23.000000, 0.634114
40.000000, 23.000000, 0.842593
41.000000, 23.000000, 1.055786
42.000000, 23.000000, 1.264515
0.000000, 24.000000, 4.583374
1.000000, 24.000000, 4.650722
2.000000, 24.000000, 4.715137
3.000000, 24.000000, 4.775047
4.000000, 24.000000, 4.828736
5.000000, 24.000000, 4.874295
6.000000, 24.000000, 4.909705
7.000000, 24.000000, 4.932926
8.000000, 24.000000, 4.942008
9.000000, 24.000000, 4.935218
10.000000, 24.000000, 4.911083
11.000000, 24.000000, 4.865903
12.000000, 24.000000, 4.796001
13.000000, 24.000000, 4.702136
14.000000, 24.000000, 4.582417
15.000000, 24.000000, 4.436033
16.000000, 24.000000, 4.264798
17.000000, 24.000000, 4.049940
18.000000, 24.000000, 3.792926
19.000000, 24.000000, 3.527858
20.000000, 24.000000, 3.266610
21.000000, 24.000000, 3.017506
22.000000, 24.000000, 2.785584
23.000000, 24.000000, 2.572585
24.000000, 24.000000, 2.377563
25.000000, 24.000000, 2.197703
26.000000, 24.000000, 2.029029
27.000000, 24.000000, 1.867002
28.000000, 24.000000, 1.706985
29.000000, 24.000000, 1.544714
30.000000, 24.000000, 1.377074
31.000000, 24.000000, 1.218033
32.000000, 24.000000, 1.076963
33.000000, 24.000000, 0.935195
34.000000, 24.000000, 0.798613
35.000000, 24.000000, 0.681995
36.000000, 24.000000, 0.610040
37.000000, 24.000000, 0.602312
38.000000, 24.000000, 0.679249
39.000000, 24.000000, 0.806286
40.000000, 24.000000, 0.964585
41.000000, 24.000000, 1.138435
42.000000, 24.000000, 1.315214
0.000000, 25.000000, 4.653873
1.000000, 25.000000, 4.723701
2.000000, 25.000000, 4.789634
3.000000, 25.000000, 4.849625
4.000000, 25.000000, 4.901369
5.000000, 25.000000, 4.942263
6.000000, 25.000000, 4.969502
7.000000, 25.000000, 4.980268
8.000000, 25.000000, 4.971941
9.000000, 25.000000, 4.942419
10.000000, 25.000000, 4.890405
11.000000, 25.000000, 4.815188
12.000000, 25.000000, 4.714011
13.000000, 25.000000, 4.589576
14.000000, 25.000000, 4.445116
15.000000, 25.000000, 4.284286
16.000000, 25.000000, 4.101631
17.000000, 25.000000, 3.872134
18.000000, 25.000000, 3.629657
19.000000, 25.000000, 3.388128
20.000000, 25.000000, 3.154458
21.000000, 25.000000, 2.933768
22.000000, 25.000000, 2.728925
23.000000, 25.000000, 2.540592
24.000000, 25.000000, 2.367604
25.000000, 25.000000, 2.207486
26.000000, 25.000000, 2.056951
27.000000, 25.000000, 1.912318
28.000000, 25.000000, 1.769926
29.000000, 25.000000, 1.626655
30.000000, 25.000000, 1.480655
31.000000, 25.000000, 1.337858
32.000000, 25.000000, 1.219331
33.000000, 25.000000, 1.109046
34.000000, 25.000000, 1.010095
35.000000, 25.000000, 0.933915
36.000000, 25.000000, 0.890403
37.000000, 25.000000, 0.882432
38.000000, 25.000000, 0.935370
39.000000, 25.000000, 1.028964
40.000000, 25.000000, 1.143304
41.000000, 25.000000, 1.275403
42.000000, 25.000000, 1.414588
0.000000, 26.000000, 4.726170
1.000000, 26.000000, 4.799330
2.000000, 26.000000, 4.867830
3.000000, 26.000000, 4.929163
4.000000, 26.000000, 4.980420
5.000000, 26.000000, 5.018253
6.000000, 26.000000, 5.039018
7.000000, 26.000000, 5.039033
8.000000, 26.000000, 5.014958
9.000000, 26.000000, 4.964252
10.000000, 26.000000, 4.885712
11.000000, 26.000000, 4.779941
12.000000, 26.000000, 4.648737
13.000000, 26.000000, 4.495299
14.000000, 26.000000, 4.327773
15.000000, 26.000000, 4.151575
16.000000, 26.000000, 3.942495
17.000000, 26.000000, 3.709903
18.000000, 26.000000, 3.479267
19.000000, 26.000000, 3.256535
20.000000, 26.000000, 3.045735
21.000000, 26.000000, 2.849637
22.000000, 26.000000, 2.669485
23.000000, 26.000000, 2.505030
24.000000, 26.000000, 2.354787
25.000000, 26.000000, 2.216422
26.000000, 26.000000, 2.087122
27.000000, 26.000000, 1.963881
28.000000, 26.000000, 1.843785
29.000000, 26.000000, 1.724487
30.000000, 26.000000, 1.605115
31.000000, 26.000000, 1.488096
32.000000, 26.000000, 1.392256
33.000000, 26.000000, 1.313371
34.000000, 26.000000, 1.246952
35.000000, 26.000000, 1.199951
36.000000, 26.000000, 1.169375
37.000000, 26.000000, 1.163133
38.000000, 26.000000, 1.200469
39.000000, 26.000000, 1.272029
40.000000, 26.000000, 1.353056
41.000000, 26.000000, 1.446830
42.000000, 26.000000, 1.547733
0.000000, 27.000000, 4.800548
1.000000, 27.000000, 4.878128
2.000000, 27.000000, 4.950604
3.000000, 27.000000, 5.015024
4.000000, 27.000000, 5.067868
5.000000, 27.000000, 5.104945
6.000000, 27.000000, 5.121217
7.000000, 27.000000, 5.110677
8.000000, 27.000000, 5.068040
9.000000, 27.000000, 4.991060
10.000000, 27.000000, 4.880641
11.000000, 27.000000, 4.740020
12.000000, 27.000000, 4.574808
13.000000, 27.000000, 4.392009
14.000000, 27.000000, 4.201212
15.000000, 27.000000, 4.001340
16.000000, 27.000000, 3.769655
17.000000, 27.000000, 3.539116
18.000000, 27.000000, 3.319784
19.000000, 27.000000, 3.115247
20.000000, 27.000000, 2.927496
21.000000, 27.000000, 2.757083
22.000000, 27.000000, 2.603262
23.000000, 27.000000, 2.464398
24.000000, 27.000000, 2.338471
25.000000, 27.000000, 2.223517
26.000000, 27.000000, 2.117604
27.000000, 27.000000, 2.018564
28.000000, 27.000000, 1.924143
29.000000, 27.000000, 1.832261
30.000000, 27.000000, 1.742443
31.000000, 27.000000, 1.656641
32.000000, 27.000000, 1.584682
33.000000, 27.000000, 1.535216
34.000000, 27.000000, 1.497505
35.000000, 27.000000, 1.472897
36.000000, 27.000000, 1.450385
37.000000, 27.000000, 1.447141
38.000000, 27.000000, 1.473276
39.000000, 27.000000, 1.524944
40.000000, 27.000000, 1.580920
41.000000, 27.000000, 1.639763
42.000000, 27.000000, 1.703001
0.000000, 28.000000, 4.876987
1.000000, 28.000000, 4.960251
2.000000, 28.000000, 5.038381
3.000000, 28.000000, 5.107782
4.000000, 28.000000, 5.162466
5.000000, 28.000000, 5.193882
6.000000, 28.000000, 5.197084
7.000000, 28.000000, 5.170010
8.000000, 28.000000, 5.109201
9.000000, 28.000000, 5.011252
10.000000, 28.000000, 4.875323
11.000000, 28.000000, 4.704529
12.000000, 28.000000, 4.506384
13.000000, 28.000000, 4.292281
14.000000, 28.000000, 4.075253
15.000000, 28.000000, 3.841083
16.000000, 28.000000, 3.595310
17.000000, 28.000000, 3.364400
18.000000, 28.000000, 3.153219
19.000000, 28.000000, 2.963857
20.000000, 28.000000, 2.796556
21.000000, 28.000000, 2.650114
22.000000, 28.000000, 2.522331
23.000000, 28.000000, 2.410456
24.000000, 28.000000, 2.311707
25.000000, 28.000000, 2.223753
26.000000, 28.000000, 2.144629
27.000000, 28.000000, 2.072529
28.000000, 28.000000, 2.006117
29.000000, 28.000000, 1.944024
30.000000, 28.000000, 1.885889
31.000000, 28.000000, 1.833496
32.000000, 28.000000, 1.790471
33.000000, 28.000000, 1.767815
34.000000, 28.000000, 1.757527
35.000000, 28.000000, 1.751444
36.000000, 28.000000, 1.738426
37.000000, 28.000000, 1.738630
38.000000, 28.000000, 1.755792
39.000000, 28.000000, 1.787906
40.000000, 28.000000, 1.821708
41.000000, 28.000000, 1.847270
42.000000, 28.000000, 1.872666
0.000000, 29.000000, 4.955089
1.000000, 29.000000, 5.044963
2.000000, 29.000000, 5.126457
3.000000, 29.000000, 5.190247
4.000000, 29.000000, 5.235738
5.000000, 29.000000, 5.262685
6.000000, 29.000000, 5.265410
7.000000, 29.000000, 5.236168
8.000000, 29.000000, 5.167377
9.000000, 29.000000, 5.053436
10.000000, 29.000000, 4.892772
11.000000, 29.000000, 4.689534
12.000000, 29.000000, 4.454087
13.000000, 29.000000, 4.201968
14.000000, 29.000000, 3.947156
15.000000, 29.000000, 3.676576
16.000000, 29.000000, 3.417322
17.000000, 29.000000, 3.183443
18.000000, 29.000000, 2.978349
19.000000, 29.000000, 2.802593
20.000000, 29.000000, 2.654623
21.000000, 29.000000, 2.531527
22.000000, 29.000000, 2.429620
23.000000, 29.000000, 2.344875
24.000000, 29.000000, 2.273414
25.000000, 29.000000, 2.212884
26.000000, 29.000000, 2.161969
27.000000, 29.000000, 2.119286
28.000000, 29.000000, 2.083691
29.000000, 29.000000, 2.054124
30.000000, 29.000000, 2.030120
31.000000, 29.000000, 2.012716
32.000000, 29.000000, 2.003654
33.000000, 29.000000, 2.008226
34.000000, 29.000000, 2.026148
35.000000, 29.000000, 2.038243
36.000000, 29.000000, 2.038553
37.000000, 29.000000, 2.043177
38.000000, 29.000000, 2.052447
39.000000, 29.000000, 2.064974
40.000000, 29.000000, 2.074430
41.000000, 29.000000, 2.066410
42.000000, 29.000000, 2.052894
0.000000, 30.000000, 5.033997
1.000000, 30.000000, 5.112972
2.000000, 30.000000, 5.184030
3.000000, 30.000000, 5.247966
4.000000, 30.000000, 5.301515
5.000000, 30.000000, 5.338090
6.000000, 30.000000, 5.349024
7.000000, 30.000000, 5.323969
8.000000, 30.000000, 5.252147
9.000000, 30.000000, 5.124798
10.000000, 30.000000, 4.938546
11.000000, 30.000000, 4.698332
12.000000, 30.000000, 4.418252
13.000000, 30.000000, 4.119454
14.000000, 30.000000, 3.813884
15.000000, 30.000000, 3.505797
16.000000, 30.000000, 3.229515
17.000000, 30.000000, 2.990421
18.000000, 30.000000, 2.790205
19.000000, 30.000000, 2.627506
20.000000, 30.000000, 2.498741
21.000000, 30.000000, 2.399158
22.000000, 30.000000, 2.323607
23.000000, 30.000000, 2.267006
24.000000, 30.000000, 2.223822
25.000000, 30.000000, 2.191324
26.000000, 30.000000, 2.169398
27.000000, 30.000000, 2.156674
28.000000, 30.000000, 2.152342
29.000000, 30.000000, 2.156237
30.000000, 30.000000, 2.168662
31.000000, 30.000000, 2.189440
32.000000, 30.000000, 2.218084
33.000000, 30.000000, 2.255841
34.000000, 30.000000, 2.303909
35.000000, 30.000000, 2.338404
36.000000, 30.000000, 2.356936
37.000000, 30.000000, 2.368129
38.000000, 30.000000, 2.369967
39.000000, 30.000000, 2.361446
40.000000, 30.000000, 2.341202
41.000000, 30.000000, 2.296647
42.000000, 30.000000, 2.245555
0.000000, 31.000000, 5.072367
1.000000, 31.000000, 5.150502
2.000000, 31.000000, 5.228832
3.000000, 31.000000, 5.303945
4.000000, 31.000000, 5.371023
5.000000, 31.000000, 5.422836
6.000000, 31.000000, 5.449110
7.000000, 31.000000, 5.436345
8.000000, 31.000000, 5.368946
9.000000, 31.000000, 5.232560
10.000000, 31.000000, 5.019727
11.000000, 31.000000, 4.735567
12.000000, 31.000000, 4.399580
13.000000, 31.000000, 4.041151
14.000000, 31.000000, 3.675967
15.000000, 31.000000, 3.327059
16.000000, 31.000000, 3.025804
17.000000, 31.000000, 2.779582
18.000000, 31.000000, 2.584111
19.000000, 31.000000, 2.435075
20.000000, 31.000000, 2.326351
21.000000, 31.000000, 2.251018
22.000000, 31.000000, 2.202242
23.000000, 31.000000, 2.173668
24.000000, 31.000000, 2.159694
25.000000, 31.000000, 2.157213
26.000000, 31.000000, 2.165308
27.000000, 31.000000, 2.183288
28.000000, 31.000000, 2.210891
29.000000, 31.000000, 2.248431
30.000000, 31.000000, 2.296660
31.000000, 31.000000, 2.356441
32.000000, 31.000000, 2.427819
33.000000, 31.000000, 2.507822
34.000000, 31.000000, 2.591848
35.000000, 31.000000, 2.657000
36.000000, 31.000000, 2.700825
37.000000, 31.000000, 2.722514
38.000000, 31.000000, 2.717042
39.000000, 31.000000, 2.683891
40.000000, 31.000000, 2.626231
41.000000, 31.000000, 2.539535
42.000000, 31.000000, 2.451925
0.000000, 32.000000, 5.094515
1.000000, 32.000000, 5.179794
2.000000, 32.000000, 5.267941
3.000000, 32.000000, 5.356227
4.000000, 32.000000, 5.440432
5.000000, 32.000000, 5.513433
6.000000, 32.000000, 5.563849
7.000000, 32.000000, 5.574726
8.000000, 32.000000, 5.523610
9.000000, 32.000000, 5.386375
10.000000, 32.000000, 5.146755
11.000000, 32.000000, 4.808355
12.000000, 32.000000, 4.399368
13.000000, 32.000000, 3.962868
14.000000, 32.000000, 3.529536
15.000000, 32.000000, 3.136219
16.000000, 32.000000, 2.804858
17.000000, 32.000000, 2.545921
18.000000, 32.000000, 2.356144
19.000000, 32.000000, 2.222823
20.000000, 32.000000, 2.136136
21.000000, 32.000000, 2.086560
22.000000, 32.000000, 2.065469
23.000000, 32.000000, 2.065594
24.000000, 32.000000, 2.081349
25.000000, 32.000000, 2.109268
26.000000, 32.000000, 2.147844
27.000000, 32.000000, 2.196745
28.000000, 32.000000, 2.256378
29.000000, 32.000000, 2.327586
30.000000, 32.000000, 2.411353
31.000000, 32.000000, 2.508785
32.000000, 32.000000, 2.620589
33.000000, 32.000000, 2.746006
34.000000, 32.000000, 2.875921
35.000000, 32.000000, 2.982403
36.000000, 32.000000, 3.061815
37.000000, 32.000000, 3.100322
38.000000, 32.000000, 3.087279
39.000000, 32.000000, 3.023137
40.000000, 32.000000, 2.918439
41.000000, 32.000000, 2.788503
42.000000, 32.000000, 2.653204
0.000000, 33.000000, 5.107673
1.000000, 33.000000, 5.199417
2.000000, 33.000000, 5.297151
3.000000, 33.000000, 5.399313
4.000000, 33.000000, 5.503079
5.000000, 33.000000, 5.602659
6.000000, 33.000000, 5.687050
7.000000, 33.000000, 5.736803
8.000000, 33.000000, 5.721002
9.000000, 33.000000, 5.599065
10.000000, 33.000000, 5.335580
11.000000, 33.000000, 4.927599
12.000000, 33.000000, 4.419062
13.000000, 33.000000, 3.879480
14.000000, 33.000000, 3.366669
15.000000, 33.000000, 2.922684
16.000000, 33.000000, 2.563641
17.000000, 33.000000, 2.291501
18.000000, 33.000000, 2.104481
19.000000, 33.000000, 1.990049
20.000000, 33.000000, 1.928784
21.000000, 33.000000, 1.907361
22.000000, 33.000000, 1.915293
23.000000, 33.000000, 1.944648
24.000000, 33.000000, 1.989926
25.000000, 33.000000, 2.047621
26.000000, 33.000000, 2.115586
27.000000, 33.000000, 2.192312
28.000000, 33.000000, 2.278034
29.000000, 33.000000, 2.376180
30.000000, 33.000000, 2.491003
31.000000, 33.000000, 2.625831
32.000000, 33.000000, 2.782641
33.000000, 33.000000, 2.960738
34.000000, 33.000000, 3.149405
35.000000, 33.000000, 3.319858
36.000000, 33.000000, 3.457464
37.000000, 33.000000, 3.526558
38.000000, 33.000000, 3.504213
39.000000, 33.000000, 3.393198
40.000000, 33.000000, 3.222776
41.000000, 33.000000, 3.033740
42.000000, 33.000000, 2.825480
0.000000, 34.000000, 5.109368
1.000000, 34.000000, 5.205795
2.000000, 34.000000, 5.311338
3.000000, 34.000000, 5.426000
4.000000, 34.000000, 5.549199
5.000000, 34.000000, 5.678109
6.000000, 34.000000, 5.804920
7.000000, 34.000000, 5.911493
8.000000, 34.000000, 5.960306
9.000000, 34.000000, 5.886157
10.000000, 34.000000, 5.611211
11.000000, 34.000000, 5.109503
12.000000, 34.000000, 4.457954
13.000000, 34.000000, 3.781751
14.000000, 34.000000, 3.175280
15.000000, 34.000000, 2.676389
16.000000, 34.000000, 2.292228
17.000000, 34.000000, 2.016443
18.000000, 34.000000, 1.836680
19.000000, 34.000000, 1.739823
20.000000, 34.000000, 1.707708
21.000000, 34.000000, 1.717549
22.000000, 34.000000, 1.755740
23.000000, 34.000000, 1.813862
24.000000, 34.000000, 1.886099
25.000000, 34.000000, 1.966665
26.000000, 34.000000, 2.053678
27.000000, 34.000000, 2.151027
28.000000, 34.000000, 2.262384
29.000000, 34.000000, 2.391164
30.000000, 34.000000, 2.541440
31.000000, 34.000000, 2.717911
32.000000, 34.000000, 2.925151
33.000000, 34.000000, 3.165648
34.000000, 34.000000, 3.429128
35.000000, 34.000000, 3.687478
36.000000, 34.000000, 3.918392
37.000000, 34.000000, 4.047228
38.000000, 34.000000, 4.012841
39.000000, 34.000000, 3.826688
40.000000, 34.000000, 3.565126
41.000000, 34.000000, 3.280082
42.000000, 34.000000, 2.981941
0.000000, 35.000000, 5.097375
1.000000, 35.000000, 5.195475
2.000000, 35.000000, 5.305179
3.000000, 35.000000, 5.428124
4.000000, 35.000000, 5.566423
5.000000, 35.000000, 5.721562
6.000000, 35.000000, 5.892420
7.000000, 35.000000, 6.069665
8.000000, 35.000000, 6.220991
9.000000, 35.000000, 6.258386
10.000000, 35.000000, 6.013357
11.000000, 35.000000, 5.375077
12.000000, 35.000000, 4.504526
13.000000, 35.000000, 3.650176
14.000000, 35.000000, 2.939548
15.000000, 35.000000, 2.388347
16.000000, 35.000000, 1.985989
17.000000, 35.000000, 1.715160
18.000000, 35.000000, 1.555854
19.000000, 35.000000, 1.485420
20.000000, 35.000000, 1.481687
21.000000, 35.000000, 1.524392
22.000000, 35.000000, 1.592235
23.000000, 35.000000, 1.669805
24.000000, 35.000000, 1.754157
25.000000, 35.000000, 1.853120
26.000000, 35.000000, 1.964106
27.000000, 35.000000, 2.087093
28.000000, 35.000000, 2.225178
29.000000, 35.000000, 2.382786
30.000000, 35.000000, 2.565713
31.000000, 35.000000, 2.781327
32.000000, 35.000000, 3.038405
33.000000, 35.000000, 3.345857
34.000000, 35.000000, 3.700787
35.000000, 35.000000, 4.083283
36.000000, 35.000000, 4.462854
37.000000, 35.000000, 4.709991
38.000000, 35.000000, 4.658654
39.000000, 35.000000, 4.340054
40.000000, 35.000000, 3.925568
41.000000, 35.000000, 3.509893
42.000000, 35.000000, 3.114718
0.000000, 36.000000, 5.070156
1.000000, 36.000000, 5.165833
2.000000, 36.000000, 5.274224
3.000000, 36.000000, 5.398170
4.000000, 36.000000, 5.541983
5.000000, 36.000000, 5.711311
6.000000, 36.000000, 5.913048
7.000000, 36.000000, 6.153501
8.000000, 36.000000, 6.428711
9.000000, 36.000000, 6.677397
10.000000, 36.000000, 6.592456
11.000000, 36.000000, 5.726762
12.000000, 36.000000, 4.507985
13.000000, 36.000000, 3.448950
14.000000, 36.000000, 2.644671
15.000000, 36.000000, 2.055005
16.000000, 36.000000, 1.645760
17.000000, 36.000000, 1.390311
18.000000, 36.000000, 1.262643
19.000000, 36.000000, 1.231975
20.000000, 36.000000, 1.265942
21.000000, 36.000000, 1.333816
22.000000, 36.000000, 1.414909
23.000000, 36.000000, 1.506965
24.000000, 36.000000, 1.610975
25.000000, 36.000000, 1.731329
26.000000, 36.000000, 1.863657
27.000000, 36.000000, 2.008061
28.000000, 36.000000, 2.168357
29.000000, 36.000000, 2.349866
30.000000, 36.000000, 2.559724
31.000000, 36.000000, 2.807706
32.000000, 36.000000, 3.107107
33.000000, 36.000000, 3.475091
34.000000, 36.000000, 3.923192
35.000000, 36.000000, 4.457877
36.000000, 36.000000, 5.082211
37.000000, 36.000000, 5.581312
38.000000, 36.000000, 5.490335
39.000000, 36.000000, 4.896769
40.000000, 36.000000, 4.250278
41.000000, 36.000000, 3.694431
42.000000, 36.000000, 3.224288
0.000000, 37.000000, 5.027308
1.000000, 37.000000, 5.115814
2.000000, 37.000000, 5.216215
3.000000, 37.000000, 5.331583
4.000000, 37.000000, 5.466888
5.000000, 37.000000, 5.629393
6.000000, 37.000000, 5.829953
7.000000, 37.000000, 6.085118
8.000000, 37.000000, 6.420038
9.000000, 37.000000, 6.858488
10.000000, 37.000000, 5.987879
11.000000, 37.000000, 5.758551
12.000000, 37.000000, 4.325413
13.000000, 37.000000, 3.135330
14.000000, 37.000000, 2.286881
15.000000, 37.000000, 1.683771
16.000000, 37.000000, 1.279780
17.000000, 37.000000, 1.049840
18.000000, 37.000000, 0.966751
19.000000, 37.000000, 0.985819
20.000000, 37.000000, 1.052182
21.000000, 37.000000, 1.138591
22.000000, 37.000000, 1.239878
23.000000, 37.000000, 1.352643
24.000000, 37.000000, 1.475878
25.000000, 37.000000, 1.610432
26.000000, 37.000000, 1.756830
27.000000, 37.000000, 1.916483
28.000000, 37.000000, 2.093071
29.000000, 37.000000, 2.292094
30.000000, 37.000000, 2.521049
31.000000, 37.000000, 2.790546
32.000000, 37.000000, 3.116503
33.000000, 37.000000, 3.521751
34.000000, 37.000000, 4.029820
35.000000, 37.000000, 4.681058
36.000000, 37.000000, 5.561987
37.000000, 37.000000, 5.243617
38.000000, 37.000000, 5.669879
39.000000, 37.000000, 5.292206
40.000000, 37.000000, 4.439270
41.000000, 37.000000, 3.798023
42.000000, 37.000000, 3.276735
0.000000, 38.000000, 4.969853
1.000000, 38.000000, 5.046494
2.000000, 38.000000, 5.132136
3.000000, 38.000000, 5.228945
4.000000, 38.000000, 5.340487
5.000000, 38.000000, 5.471809
6.000000, 38.000000, 5.629914
7.000000, 38.000000, 5.823817
8.000000, 38.000000, 6.061100
9.000000, 38.000000, 6.317560
10.000000, 38.000000, 6.121352
11.000000, 38.000000, 5.196803
12.000000, 38.000000, 3.832004
13.000000, 38.000000, 2.713826
14.000000, 38.000000, 1.892799
15.000000, 38.000000, 1.299653
16.000000, 38.000000, 0.904989
17.000000, 38.000000, 0.706255
18.000000, 38.000000, 0.679932
19.000000, 38.000000, 0.745817
20.000000, 38.000000, 0.847885
21.000000, 38.000000, 0.963396
22.000000, 38.000000, 1.084462
23.000000, 38.000000, 1.210952
24.000000, 38.000000, 1.345583
25.000000, 38.000000, 1.490511
26.000000, 38.000000, 1.646116
27.000000, 38.000000, 1.814718
28.000000, 38.000000, 2.000858
29.000000, 38.000000, 2.210116
30.000000, 38.000000, 2.449705
31.000000, 38.000000, 2.728368
32.000000, 38.000000, 3.058962
33.000000, 38.000000, 3.465380
34.000000, 38.000000, 3.970392
35.000000, 38.000000, 4.607563
36.000000, 38.000000, 5.439470
37.000000, 38.000000, 5.638683
38.000000, 38.000000, 5.772096
39.000000, 38.000000, 5.180534
40.000000, 38.000000, 4.387886
41.000000, 38.000000, 3.767824
42.000000, 38.000000, 3.249518
0.000000, 39.000000, 4.900281
1.000000, 39.000000, 4.961184
2.000000, 39.000000, 5.026528
3.000000, 39.000000, 5.096687
4.000000, 39.000000, 5.172344
5.000000, 39.000000, 5.253706
6.000000, 39.000000, 5.339099
7.000000, 39.000000, 5.420809
8.000000, 39.000000, 5.472512
9.000000, 39.000000, 5.413195
10.000000, 39.000000, 5.050244
11.000000, 39.000000, 4.235765
12.000000, 39.000000, 3.211147
13.000000, 39.000000, 2.271870
14.000000, 39.000000, 1.520861
15.000000, 39.000000, 0.946271
16.000000, 39.000000, 0.547410
17.000000, 39.000000, 0.373060
18.000000, 39.000000, 0.414677
19.000000, 39.000000, 0.544074
20.000000, 39.000000, 0.685717
21.000000, 39.000000, 0.821979
22.000000, 39.000000, 0.953274
23.000000, 39.000000, 1.084443
24.000000, 39.000000, 1.220891
25.000000, 39.000000, 1.367175
26.000000, 39.000000, 1.526551
27.000000, 39.000000, 1.701038
28.000000, 39.000000, 1.892357
29.000000, 39.000000, 2.104569
30.000000, 39.000000, 2.344561
31.000000, 39.000000, 2.618945
32.000000, 39.000000, 2.934804
33.000000, 39.000000, 3.309406
34.000000, 39.000000, 3.755008
35.000000, 39.000000, 4.262691
36.000000, 39.000000, 4.817940
37.000000, 39.000000, 5.235405
38.000000, 39.000000, 5.158357
39.000000, 39.000000, 4.663790
40.000000, 39.000000, 4.106166
41.000000, 39.000000, 3.606941
42.000000, 39.000000, 3.148576
0.000000, 40.000000, 4.822288
1.000000, 40.000000, 4.864652
2.000000, 40.000000, 4.906747
3.000000, 40.000000, 4.945778
4.000000, 40.000000, 4.979615
5.000000, 40.000000, 5.003605
6.000000, 40.000000, 5.008639
7.000000, 40.000000, 4.976477
8.000000, 40.000000, 4.871099
9.000000, 40.000000, 4.628776
10.000000, 40.000000, 4.172040
11.000000, 40.000000, 3.488669
12.000000, 40.000000, 2.688138
13.000000, 40.000000, 1.909137
14.000000, 40.000000, 1.236417
15.000000, 40.000000, 0.685820
16.000000, 40.000000, 0.266400
17.000000, 40.000000, 0.087469
18.000000, 40.000000, 0.235771
19.000000, 40.000000, 0.420439
20.000000, 40.000000, 0.580285
21.000000, 40.000000, 0.720071
22.000000, 40.000000, 0.848749
23.000000, 40.000000, 0.974698
24.000000, 40.000000, 1.105022
25.000000, 40.000000, 1.245339
26.000000, 40.000000, 1.399598
27.000000, 40.000000, 1.570323
28.000000, 40.000000, 1.759615
29.000000, 40.000000, 1.969938
30.000000, 40.000000, 2.204032
31.000000, 40.000000, 2.464881
32.000000, 40.000000, 2.756828
33.000000, 40.000000, 3.083385
34.000000, 40.000000, 3.441251
35.000000, 40.000000, 3.812645
36.000000, 40.000000, 4.164411
37.000000, 40.000000, 4.383680
38.000000, 40.000000, 4.348811
39.000000, 40.000000, 4.091438
40.000000, 40.000000, 3.735994
41.000000, 40.000000, 3.366828
42.000000, 40.000000, 2.994415
0.000000, 41.000000, 4.700515
1.000000, 41.000000, 4.749254
2.000000, 41.000000, 4.779447
3.000000, 41.000000, 4.788945
4.000000, 41.000000, 4.781661
5.000000, 41.000000, 4.751675
6.000000, 41.000000, 4.686669
7.000000, 41.000000, 4.567026
8.000000, 41.000000, 4.363716
9.000000, 41.000000, 4.041302
10.000000, 41.000000, 3.575182
11.000000, 41.000000, 2.981076
12.000000, 41.000000, 2.322307
13.000000, 41.000000, 1.672835
14.000000, 41.000000, 1.083743
15.000000, 41.000000, 0.595248
16.000000, 41.000000, 0.232224
17.000000, 41.000000, 0.091011
18.000000, 41.000000, 0.227346
19.000000, 41.000000, 0.391739
20.000000, 41.000000, 0.533049
21.000000, 41.000000, 0.655844
22.000000, 41.000000, 0.768909
23.000000, 41.000000, 0.880509
24.000000, 41.000000, 0.997733
25.000000, 41.000000, 1.126690
26.000000, 41.000000, 1.271737
27.000000, 41.000000, 1.434171
28.000000, 41.000000, 1.614361
29.000000, 41.000000, 1.813352
30.000000, 41.000000, 2.032664
31.000000, 41.000000, 2.272795
32.000000, 41.000000, 2.529011
33.000000, 41.000000, 2.801831
34.000000, 41.000000, 3.093354
35.000000, 41.000000, 3.373132
36.000000, 41.000000, 3.612458
37.000000, 41.000000, 3.743642
38.000000, 41.000000, 3.732694
39.000000, 41.000000, 3.592351
40.000000, 41.000000, 3.368884
41.000000, 41.000000, 3.103248
42.000000, 41.000000, 2.810752
0.000000, 42.000000, 4.584470
1.000000, 42.000000, 4.614601
2.000000, 42.000000, 4.632280
3.000000, 42.000000, 4.629516
4.000000, 42.000000, 4.594053
5.000000, 42.000000, 4.521174
6.000000, 42.000000, 4.404062
7.000000, 42.000000, 4.227572
8.000000, 42.000000, 3.972925
9.000000, 42.000000, 3.623899
10.000000, 42.000000, 3.177546
11.000000, 42.000000, 2.654880
12.000000, 42.000000, 2.099997
13.000000, 42.000000, 1.561871
14.000000, 42.000000, 1.066633
15.000000, 42.000000, 0.668450
16.000000, 42.000000, 0.398086
17.000000, 42.000000, 0.295006
18.000000, 42.000000, 0.337449
19.000000, 42.000000, 0.431474
20.000000, 42.000000, 0.528437
21.000000, 42.000000, 0.619433
22.000000, 42.000000, 0.707621
23.000000, 42.000000, 0.798660
24.000000, 42.000000, 0.897902
25.000000, 42.000000, 1.011171
26.000000, 42.000000, 1.145857
27.000000, 42.000000, 1.298684
28.000000, 42.000000, 1.467705
29.000000, 42.000000, 1.652131
30.000000, 42.000000, 1.847810
31.000000, 42.000000, 2.051889
32.000000, 42.000000, 2.271004
33.000000, 42.000000, 2.506745
34.000000, 42.000000, 2.750248
35.000000, 42.000000, 2.971058
36.000000, 42.000000, 3.139808
37.000000, 42.000000, 3.230609
38.000000, 42.000000, 3.239044
39.000000, 42.000000, 3.165406
40.000000, 42.000000, 3.027868
41.000000, 42.000000, 2.840425
42.000000, 42.000000, 2.616459
