S
I=43,J=43
0.000000, 0.000000, 2.135931
1.000000, 0.000000, 2.118640
2.000000, 0.000000, 2.093381
3.000000, 0.000000, 2.061677
4.000000, 0.000000, 2.023694
5.000000, 0.000000, 1.979052
6.000000, 0.000000, 1.927124
7.000000, 0.000000, 1.867112
8.000000, 0.000000, 1.798226
9.000000, 0.000000, 1.723619
10.000000, 0.000000, 1.687415
11.000000, 0.000000, 1.653815
12.000000, 0.000000, 1.606269
13.000000, 0.000000, 1.546500
14.000000, 0.000000, 1.477059
15.000000, 0.000000, 1.400210
16.000000, 0.000000, 1.318030
17.000000, 0.000000, 1.232674
18.000000, 0.000000, 1.146610
19.000000, 0.000000, 1.062797
20.000000, 0.000000, 0.984800
21.000000, 0.000000, 0.916813
22.000000, 0.000000, 0.863456
23.000000, 0.000000, 0.829261
24.000000, 0.000000, 0.817809
25.000000, 0.000000, 0.830837
26.000000, 0.000000, 0.867808
27.000000, 0.000000, 0.926265
28.000000, 0.000000, 1.002710
29.000000, 0.000000, 1.093432
30.000000, 0.000000, 1.195038
31.000000, 0.000000, 1.304609
32.000000, 0.000000, 1.419672
33.000000, 0.000000, 1.538093
34.000000, 0.000000, 1.672011
35.000000, 0.000000, 1.811320
36.000000, 0.000000, 1.942832
37.000000, 0.000000, 2.062608
38.000000, 0.000000, 2.167263
39.000000, 0.000000, 2.254329
40.000000, 0.000000, 2.322495
41.000000, 0.000000, 2.388412
42.000000, 0.000000, 2.428380
0.000000, 1.000000, 2.241669
1.000000, 1.000000, 2.224248
2.000000, 1.000000, 2.199873
3.000000, 1.000000, 2.169830
4.000000, 1.000000, 2.133781
5.000000, 1.000000, 2.091216
6.000000, 1.000000, 2.041646
7.000000, 1.000000, 1.984858
8.000000, 1.000000, 1.921939
9.000000, 1.000000, 1.860039
10.000000, 1.000000, 1.811370
11.000000, 1.000000, 1.762457
12.000000, 1.000000, 1.701043
13.000000, 1.000000, 1.627662
14.000000, 1.000000, 1.544682
15.000000, 1.000000, 1.453966
16.000000, 1.000000, 1.357233
17.000000, 1.000000, 1.256444
18.000000, 1.000000, 1.154039
19.000000, 1.000000, 1.053155
20.000000, 1.000000, 0.957837
21.000000, 1.000000, 0.873181
22.000000, 1.000000, 0.805251
23.000000, 1.000000, 0.760440
24.000000, 1.000000, 0.744096
25.000000, 1.000000, 0.758812
26.000000, 1.000000, 0.803542
27.000000, 1.000000, 0.874342
28.000000, 1.000000, 0.966073
29.000000, 1.000000, 1.073822
30.000000, 1.000000, 1.193520
31.000000, 1.000000, 1.321967
32.000000, 1.000000, 1.456686
33.000000, 1.000000, 1.602574
34.000000, 1.000000, 1.767118
35.000000, 1.000000, 1.929320
36.000000, 1.000000, 2.081861
37.000000, 1.000000, 2.219649
38.000000, 1.000000, 2.338239
39.000000, 1.000000, 2.434454
40.000000, 1.000000, 2.507006
41.000000, 1.000000, 2.562316
42.000000, 1.000000, 2.601819
0.000000, 2.000000, 2.346532
1.000000, 2.000000, 2.332850
2.000000, 2.000000, 2.312191
3.000000, 2.000000, 2.285769
4.000000, 2.000000, 2.253304
5.000000, 2.000000, 2.214469
6.000000, 2.000000, 2.169152
7.000000, 2.000000, 2.117823
8.000000, 2.000000, 2.062336
9.000000, 2.000000, 2.007948
10.000000, 2.000000, 1.955478
11.000000, 2.000000, 1.891208
12.000000, 2.000000, 1.811461
13.000000, 2.000000, 1.721795
14.000000, 2.000000, 1.623690
15.000000, 2.000000, 1.517791
16.000000, 2.000000, 1.405107
17.000000, 2.000000, 1.287221
18.000000, 2.000000, 1.166410
19.000000, 2.000000, 1.045842
20.000000, 2.000000, 0.929914
21.000000, 2.000000, 0.824653
22.000000, 2.000000, 0.737939
23.000000, 2.000000, 0.678974
24.000000, 2.000000, 0.656157
25.000000, 2.000000, 0.673624
26.000000, 2.000000, 0.729198
27.000000, 2.000000, 0.816142
28.000000, 2.000000, 0.926724
29.000000, 2.000000, 1.054517
30.000000, 2.000000, 1.194899
31.000000, 2.000000, 1.344673
32.000000, 2.000000, 1.503019
33.000000, 2.000000, 1.685786
34.000000, 2.000000, 1.879946
35.000000, 2.000000, 2.069211
36.000000, 2.000000, 2.246881
37.000000, 2.000000, 2.406111
38.000000, 2.000000, 2.540735
39.000000, 2.000000, 2.646431
40.000000, 2.000000, 2.721565
41.000000, 2.000000, 2.768256
42.000000, 2.000000, 2.797993
0.000000, 3.000000, 2.450341
1.000000, 3.000000, 2.444735
2.000000, 3.000000, 2.430536
3.000000, 3.000000, 2.409429
4.000000, 3.000000, 2.381724
5.000000, 3.000000, 2.347424
6.000000, 3.000000, 2.306626
7.000000, 3.000000, 2.259803
8.000000, 3.000000, 2.208391
9.000000, 3.000000, 2.157383
10.000000, 3.000000, 2.106358
11.000000, 3.000000, 2.029405
12.000000, 3.000000, 1.931831
13.000000, 3.000000, 1.827244
14.000000, 3.000000, 1.714528
15.000000, 3.000000, 1.593246
16.000000, 3.000000, 1.463876
17.000000, 3.000000, 1.327696
18.000000, 3.000000, 1.186781
19.000000, 3.000000, 1.044163
20.000000, 3.000000, 0.904335
21.000000, 3.000000, 0.774037
22.000000, 3.000000, 0.663175
23.000000, 3.000000, 0.585032
24.000000, 3.000000, 0.553511
25.000000, 3.000000, 0.575800
26.000000, 3.000000, 0.647102
27.000000, 3.000000, 0.755268
28.000000, 3.000000, 0.888660
29.000000, 3.000000, 1.039330
30.000000, 3.000000, 1.202593
31.000000, 3.000000, 1.375861
32.000000, 3.000000, 1.566382
33.000000, 3.000000, 1.787893
34.000000, 3.000000, 2.014224
35.000000, 3.000000, 2.235815
36.000000, 3.000000, 2.444145
37.000000, 3.000000, 2.629558
38.000000, 3.000000, 2.782973
39.000000, 3.000000, 2.898113
40.000000, 3.000000, 2.973171
41.000000, 3.000000, 3.010967
42.000000, 3.000000, 3.021057
0.000000, 4.000000, 2.562464
1.000000, 4.000000, 2.563746
2.000000, 4.000000, 2.556390
3.000000, 4.000000, 2.541317
4.000000, 4.000000, 2.518893
5.000000, 4.000000, 2.489249
6.000000, 4.000000, 2.452390
7.000000, 4.000000, 2.408261
8.000000, 4.000000, 2.357662
9.000000, 4.000000, 2.304421
10.000000, 4.000000, 2.243174
11.000000, 4.000000, 2.160776
12.000000, 4.000000, 2.058255
13.000000, 4.000000, 1.943781
14.000000, 4.000000, 1.818490
15.000000, 4.000000, 1.682425
16.000000, 4.000000, 1.536146
17.000000, 4.000000, 1.380915
18.000000, 4.000000, 1.218675
19.000000, 4.000000, 1.052156
20.000000, 4.000000, 0.885482
21.000000, 4.000000, 0.725520
22.000000, 4.000000, 0.583820
23.000000, 4.000000, 0.478963
24.000000, 4.000000, 0.435156
25.000000, 4.000000, 0.466483
26.000000, 4.000000, 0.561469
27.000000, 4.000000, 0.697233
28.000000, 4.000000, 0.857128
29.000000, 4.000000, 1.032607
30.000000, 4.000000, 1.219970
31.000000, 4.000000, 1.418933
32.000000, 4.000000, 1.650707
33.000000, 4.000000, 1.908847
34.000000, 4.000000, 2.172382
35.000000, 4.000000, 2.433305
36.000000, 4.000000, 2.680288
37.000000, 4.000000, 2.899056
38.000000, 4.000000, 3.075328
39.000000, 4.000000, 3.199290
40.000000, 4.000000, 3.269094
41.000000, 4.000000, 3.290855
42.000000, 4.000000, 3.275856
0.000000, 5.000000, 2.683821
1.000000, 5.000000, 2.691841
2.000000, 5.000000, 2.691240
3.000000, 5.000000, 2.682325
4.000000, 5.000000, 2.665265
5.000000, 5.000000, 2.640129
6.000000, 5.000000, 2.606678
7.000000, 5.000000, 2.564173
8.000000, 5.000000, 2.513253
9.000000, 5.000000, 2.456424
10.000000, 5.000000, 2.387557
11.000000, 5.000000, 2.301090
12.000000, 5.000000, 2.196035
13.000000, 5.000000, 2.074762
14.000000, 5.000000, 1.938701
15.000000, 5.000000, 1.788572
16.000000, 5.000000, 1.625359
17.000000, 5.000000, 1.450623
18.000000, 5.000000, 1.266421
19.000000, 5.000000, 1.075089
20.000000, 5.000000, 0.879700
21.000000, 5.000000, 0.686259
22.000000, 5.000000, 0.506551
23.000000, 5.000000, 0.363636
24.000000, 5.000000, 0.300794
25.000000, 5.000000, 0.350379
26.000000, 5.000000, 0.481531
27.000000, 5.000000, 0.651095
28.000000, 5.000000, 0.839203
29.000000, 5.000000, 1.039372
30.000000, 5.000000, 1.250356
31.000000, 5.000000, 1.478853
32.000000, 5.000000, 1.752825
33.000000, 5.000000, 2.048393
34.000000, 5.000000, 2.355183
35.000000, 5.000000, 2.664948
36.000000, 5.000000, 2.962665
37.000000, 5.000000, 3.226430
38.000000, 5.000000, 3.432154
39.000000, 5.000000, 3.563122
40.000000, 5.000000, 3.618043
41.000000, 5.000000, 3.610307
42.000000, 5.000000, 3.559813
0.000000, 6.000000, 2.814799
1.000000, 6.000000, 2.829954
2.000000, 6.000000, 2.836247
3.000000, 6.000000, 2.833508
4.000000, 6.000000, 2.821743
5.000000, 6.000000, 2.801014
6.000000, 6.000000, 2.770847
7.000000, 6.000000, 2.729938
8.000000, 6.000000, 2.679564
9.000000, 6.000000, 2.621039
10.000000, 6.000000, 2.549038
11.000000, 6.000000, 2.460068
12.000000, 6.000000, 2.352302
13.000000, 6.000000, 2.225348
14.000000, 6.000000, 2.079678
15.000000, 6.000000, 1.916054
16.000000, 6.000000, 1.735786
17.000000, 6.000000, 1.541099
18.000000, 6.000000, 1.334723
19.000000, 6.000000, 1.119069
20.000000, 6.000000, 0.895102
21.000000, 6.000000, 0.666823
22.000000, 6.000000, 0.445123
23.000000, 6.000000, 0.249941
24.000000, 6.000000, 0.152822
25.000000, 6.000000, 0.242613
26.000000, 6.000000, 0.424787
27.000000, 6.000000, 0.629064
28.000000, 6.000000, 0.842551
29.000000, 6.000000, 1.064159
30.000000, 6.000000, 1.296140
31.000000, 6.000000, 1.558158
32.000000, 6.000000, 1.868499
33.000000, 6.000000, 2.203190
34.000000, 6.000000, 2.559710
35.000000, 6.000000, 2.930912
36.000000, 6.000000, 3.298085
37.000000, 6.000000, 3.627070
38.000000, 6.000000, 3.874106
39.000000, 6.000000, 4.007576
40.000000, 6.000000, 4.029072
41.000000, 6.000000, 3.968891
42.000000, 6.000000, 3.864168
0.000000, 7.000000, 2.955746
1.000000, 7.000000, 2.978725
2.000000, 7.000000, 2.991846
3.000000, 7.000000, 2.993228
4.000000, 7.000000, 2.981989
5.000000, 7.000000, 2.959040
6.000000, 7.000000, 2.925835
7.000000, 7.000000, 2.881629
8.000000, 7.000000, 2.829856
9.000000, 7.000000, 2.770910
10.000000, 7.000000, 2.699449
11.000000, 7.000000, 2.612041
12.000000, 7.000000, 2.505879
13.000000, 7.000000, 2.378887
14.000000, 7.000000, 2.230154
15.000000, 7.000000, 2.059210
16.000000, 7.000000, 1.866733
17.000000, 7.000000, 1.654703
18.000000, 7.000000, 1.427154
19.000000, 7.000000, 1.189049
20.000000, 7.000000, 0.939757
21.000000, 7.000000, 0.679001
22.000000, 7.000000, 0.422618
23.000000, 7.000000, 0.177653
24.000000, 7.000000, 0.026853
25.000000, 7.000000, 0.187584
26.000000, 7.000000, 0.414759
27.000000, 7.000000, 0.642440
28.000000, 7.000000, 0.872794
29.000000, 7.000000, 1.109306
30.000000, 7.000000, 1.357926
31.000000, 7.000000, 1.651676
32.000000, 7.000000, 1.991295
33.000000, 7.000000, 2.364634
34.000000, 7.000000, 2.775947
35.000000, 7.000000, 3.223363
36.000000, 7.000000, 3.688326
37.000000, 7.000000, 4.119797
38.000000, 7.000000, 4.432153
39.000000, 7.000000, 4.556656
40.000000, 7.000000, 4.507368
41.000000, 7.000000, 4.356476
42.000000, 7.000000, 4.172022
0.000000, 8.000000, 3.106853
1.000000, 8.000000, 3.122157
2.000000, 8.000000, 3.127403
3.000000, 8.000000, 3.119433
4.000000, 8.000000, 3.101904
5.000000, 8.000000, 3.077529
6.000000, 8.000000, 3.046234
7.000000, 8.000000, 3.006371
8.000000, 8.000000, 2.960612
9.000000, 8.000000, 2.908289
10.000000, 8.000000, 2.843455
11.000000, 8.000000, 2.762049
12.000000, 8.000000, 2.660305
13.000000, 8.000000, 2.535055
14.000000, 8.000000, 2.384027
15.000000, 8.000000, 2.206309
16.000000, 8.000000, 2.002852
17.000000, 8.000000, 1.776773
18.000000, 8.000000, 1.532985
19.000000, 8.000000, 1.276677
20.000000, 8.000000, 1.008067
21.000000, 8.000000, 0.730298
22.000000, 8.000000, 0.461638
23.000000, 8.000000, 0.221339
24.000000, 8.000000, 0.105784
25.000000, 8.000000, 0.244722
26.000000, 8.000000, 0.465330
27.000000, 8.000000, 0.695863
28.000000, 8.000000, 0.930929
29.000000, 8.000000, 1.173499
30.000000, 8.000000, 1.433426
31.000000, 8.000000, 1.749666
32.000000, 8.000000, 2.110377
33.000000, 8.000000, 2.516974
34.000000, 8.000000, 2.982180
35.000000, 8.000000, 3.516724
36.000000, 8.000000, 4.115957
37.000000, 8.000000, 4.720007
38.000000, 8.000000, 5.154236
39.000000, 8.000000, 5.236489
40.000000, 8.000000, 5.038400
41.000000, 8.000000, 4.741822
42.000000, 8.000000, 4.452237
0.000000, 9.000000, 3.207122
1.000000, 9.000000, 3.222461
2.000000, 9.000000, 3.231916
3.000000, 9.000000, 3.226718
4.000000, 9.000000, 3.212721
5.000000, 9.000000, 3.193755
6.000000, 9.000000, 3.169240
7.000000, 9.000000, 3.137566
8.000000, 9.000000, 3.101946
9.000000, 9.000000, 3.060696
10.000000, 9.000000, 3.007308
11.000000, 9.000000, 2.936912
12.000000, 9.000000, 2.844599
13.000000, 9.000000, 2.725681
14.000000, 9.000000, 2.576202
15.000000, 9.000000, 2.393815
16.000000, 9.000000, 2.178849
17.000000, 9.000000, 1.935045
18.000000, 9.000000, 1.669305
19.000000, 9.000000, 1.390093
20.000000, 9.000000, 1.105508
21.000000, 9.000000, 0.825804
22.000000, 9.000000, 0.567259
23.000000, 9.000000, 0.362773
24.000000, 9.000000, 0.288566
25.000000, 9.000000, 0.384384
26.000000, 9.000000, 0.569970
27.000000, 9.000000, 0.784822
28.000000, 9.000000, 1.012295
29.000000, 9.000000, 1.251214
30.000000, 9.000000, 1.515651
31.000000, 9.000000, 1.840532
32.000000, 9.000000, 2.210664
33.000000, 9.000000, 2.637365
34.000000, 9.000000, 3.142320
35.000000, 9.000000, 3.754597
36.000000, 9.000000, 4.506670
37.000000, 9.000000, 5.390405
38.000000, 9.000000, 6.078860
39.000000, 9.000000, 6.026819
40.000000, 9.000000, 5.535556
41.000000, 9.000000, 5.053532
42.000000, 9.000000, 4.660669
0.000000, 10.000000, 3.294980
1.000000, 10.000000, 3.315556
2.000000, 10.000000, 3.329808
3.000000, 10.000000, 3.331357
4.000000, 10.000000, 3.324343
5.000000, 10.000000, 3.312709
6.000000, 10.000000, 3.296868
7.000000, 10.000000, 3.276217
8.000000, 10.000000, 3.254457
9.000000, 10.000000, 3.229028
10.000000, 10.000000, 3.192599
11.000000, 10.000000, 3.139446
12.000000, 10.000000, 3.063479
13.000000, 10.000000, 2.958205
14.000000, 10.000000, 2.817259
15.000000, 10.000000, 2.635784
16.000000, 10.000000, 2.412522
17.000000, 10.000000, 2.151700
18.000000, 10.000000, 1.863344
19.000000, 10.000000, 1.561514
20.000000, 10.000000, 1.261944
21.000000, 10.000000, 0.981561
22.000000, 10.000000, 0.740459
23.000000, 10.000000, 0.566954
24.000000, 10.000000, 0.499443
25.000000, 10.000000, 0.557648
26.000000, 10.000000, 0.706389
27.000000, 10.000000, 0.896803
28.000000, 10.000000, 1.107274
29.000000, 10.000000, 1.333349
30.000000, 10.000000, 1.593116
31.000000, 10.000000, 1.911509
32.000000, 10.000000, 2.275339
33.000000, 10.000000, 2.700415
34.000000, 10.000000, 3.212973
35.000000, 10.000000, 3.853242
36.000000, 10.000000, 4.684787
37.000000, 10.000000, 5.781558
38.000000, 10.000000, 5.438769
39.000000, 10.000000, 6.471038
40.000000, 10.000000, 5.757964
41.000000, 10.000000, 5.162975
42.000000, 10.000000, 4.722473
0.000000, 11.000000, 3.382782
1.000000, 11.000000, 3.407618
2.000000, 11.000000, 3.425729
3.000000, 11.000000, 3.435247
4.000000, 11.000000, 3.437316
5.000000, 11.000000, 3.434315
6.000000, 11.000000, 3.428258
7.000000, 11.000000, 3.421099
8.000000, 11.000000, 3.417287
9.000000, 11.000000, 3.412876
10.000000, 11.000000, 3.399431
11.000000, 11.000000, 3.370834
12.000000, 11.000000, 3.320193
13.000000, 11.000000, 3.239044
14.000000, 11.000000, 3.117550
15.000000, 11.000000, 2.946309
16.000000, 11.000000, 2.720164
17.000000, 11.000000, 2.442751
18.000000, 11.000000, 2.128454
19.000000, 11.000000, 1.799509
20.000000, 11.000000, 1.480599
21.000000, 11.000000, 1.194981
22.000000, 11.000000, 0.963647
23.000000, 11.000000, 0.806902
24.000000, 11.000000, 0.741300
25.000000, 11.000000, 0.767027
26.000000, 11.000000, 0.865648
27.000000, 11.000000, 1.018205
28.000000, 11.000000, 1.203825
29.000000, 11.000000, 1.408893
30.000000, 11.000000, 1.653397
31.000000, 11.000000, 1.950547
32.000000, 11.000000, 2.290157
33.000000, 11.000000, 2.687129
34.000000, 11.000000, 3.164350
35.000000, 11.000000, 3.754288
36.000000, 11.000000, 4.497806
37.000000, 11.000000, 5.405145
38.000000, 11.000000, 6.114594
39.000000, 11.000000, 6.030905
40.000000, 11.000000, 5.483887
41.000000, 11.000000, 4.986804
42.000000, 11.000000, 4.597533
0.000000, 12.000000, 3.471551
1.000000, 12.000000, 3.501572
2.000000, 12.000000, 3.525510
3.000000, 12.000000, 3.542769
4.000000, 12.000000, 3.553801
5.000000, 12.000000, 3.559723
6.000000, 12.000000, 3.562812
7.000000, 12.000000, 3.570307
8.000000, 12.000000, 3.589389
9.000000, 12.000000, 3.610918
10.000000, 12.000000, 3.626025
11.000000, 12.000000, 3.629721
12.000000, 12.000000, 3.615358
13.000000, 12.000000, 3.572882
14.000000, 12.000000, 3.487927
15.000000, 12.000000, 3.343080
16.000000, 12.000000, 3.123880
17.000000, 12.000000, 2.829519
18.000000, 12.000000, 2.480054
19.000000, 12.000000, 2.110732
20.000000, 12.000000, 1.758894
21.000000, 12.000000, 1.455390
22.000000, 12.000000, 1.219502
23.000000, 12.000000, 1.061531
24.000000, 12.000000, 0.985959
25.000000, 12.000000, 0.987145
26.000000, 12.000000, 1.049370
27.000000, 12.000000, 1.154723
28.000000, 12.000000, 1.294446
29.000000, 12.000000, 1.467426
30.000000, 12.000000, 1.685671
31.000000, 12.000000, 1.948743
32.000000, 12.000000, 2.247378
33.000000, 12.000000, 2.592283
34.000000, 12.000000, 2.997923
35.000000, 12.000000, 3.479376
36.000000, 12.000000, 4.039811
37.000000, 12.000000, 4.627183
38.000000, 12.000000, 5.052701
39.000000, 12.000000, 5.099787
40.000000, 12.000000, 4.871196
41.000000, 12.000000, 4.575029
42.000000, 12.000000, 4.304834
0.000000, 13.000000, 3.561769
1.000000, 13.000000, 3.598022
2.000000, 13.000000, 3.628858
3.000000, 13.000000, 3.654504
4.000000, 13.000000, 3.675365
5.000000, 13.000000, 3.691822
6.000000, 13.000000, 3.704413
7.000000, 13.000000, 3.725167
8.000000, 13.000000, 3.771736
9.000000, 13.000000, 3.820579
10.000000, 13.000000, 3.867474
11.000000, 13.000000, 3.910241
12.000000, 13.000000, 3.944071
13.000000, 13.000000, 3.959092
14.000000, 13.000000, 3.936857
15.000000, 13.000000, 3.847521
16.000000, 13.000000, 3.655374
17.000000, 13.000000, 3.343005
18.000000, 13.000000, 2.938200
19.000000, 13.000000, 2.502262
20.000000, 13.000000, 2.092876
21.000000, 13.000000, 1.752855
22.000000, 13.000000, 1.496853
23.000000, 13.000000, 1.321932
24.000000, 13.000000, 1.225317
25.000000, 13.000000, 1.198260
26.000000, 13.000000, 1.226460
27.000000, 13.000000, 1.294377
28.000000, 13.000000, 1.389758
29.000000, 13.000000, 1.509108
30.000000, 13.000000, 1.683742
31.000000, 13.000000, 1.902196
32.000000, 13.000000, 2.147834
33.000000, 13.000000, 2.426640
34.000000, 13.000000, 2.745727
35.000000, 13.000000, 3.107412
36.000000, 13.000000, 3.499574
37.000000, 13.000000, 3.876574
38.000000, 13.000000, 4.150918
39.000000, 13.000000, 4.243430
40.000000, 13.000000, 4.183406
41.000000, 13.000000, 4.050172
42.000000, 13.000000, 3.903795
0.000000, 14.000000, 3.653075
1.000000, 14.000000, 3.696190
2.000000, 14.000000, 3.734387
3.000000, 14.000000, 3.769259
4.000000, 14.000000, 3.801545
5.000000, 14.000000, 3.832069
6.000000, 14.000000, 3.863410
7.000000, 14.000000, 3.904964
8.000000, 14.000000, 3.964598
9.000000, 14.000000, 4.035784
10.000000, 14.000000, 4.114146
11.000000, 14.000000, 4.199766
12.000000, 14.000000, 4.291717
13.000000, 14.000000, 4.384590
14.000000, 14.000000, 4.461509
15.000000, 14.000000, 4.480361
16.000000, 14.000000, 4.361549
17.000000, 14.000000, 4.030383
18.000000, 14.000000, 3.525385
19.000000, 14.000000, 2.976251
20.000000, 14.000000, 2.479607
21.000000, 14.000000, 2.081378
22.000000, 14.000000, 1.786222
23.000000, 14.000000, 1.580008
24.000000, 14.000000, 1.452784
25.000000, 14.000000, 1.393508
26.000000, 14.000000, 1.386809
27.000000, 14.000000, 1.416721
28.000000, 14.000000, 1.471308
29.000000, 14.000000, 1.544545
30.000000, 14.000000, 1.659848
31.000000, 14.000000, 1.818715
32.000000, 14.000000, 2.008950
33.000000, 14.000000, 2.222358
34.000000, 14.000000, 2.459761
35.000000, 14.000000, 2.718542
36.000000, 14.000000, 2.986308
37.000000, 14.000000, 3.235535
38.000000, 14.000000, 3.426578
39.000000, 14.000000, 3.529930
40.000000, 14.000000, 3.551105
41.000000, 14.000000, 3.520159
42.000000, 14.000000, 3.468268
0.000000, 15.000000, 3.744051
1.000000, 15.000000, 3.793804
2.000000, 15.000000, 3.839414
3.000000, 15.000000, 3.884277
4.000000, 15.000000, 3.928925
5.000000, 15.000000, 3.974542
6.000000, 15.000000, 4.024173
7.000000, 15.000000, 4.082956
8.000000, 15.000000, 4.155458
9.000000, 15.000000, 4.244909
10.000000, 15.000000, 4.351279
11.000000, 15.000000, 4.477982
12.000000, 15.000000, 4.630192
13.000000, 15.000000, 4.812931
14.000000, 15.000000, 5.025012
15.000000, 15.000000, 5.235491
16.000000, 15.000000, 5.306583
17.000000, 15.000000, 4.960855
18.000000, 15.000000, 4.244500
19.000000, 15.000000, 3.505360
20.000000, 15.000000, 2.891580
21.000000, 15.000000, 2.419767
22.000000, 15.000000, 2.072733
23.000000, 15.000000, 1.827189
24.000000, 15.000000, 1.663551
25.000000, 15.000000, 1.570120
26.000000, 15.000000, 1.528073
27.000000, 15.000000, 1.519584
28.000000, 15.000000, 1.532874
29.000000, 15.000000, 1.561902
30.000000, 15.000000, 1.628640
31.000000, 15.000000, 1.722555
32.000000, 15.000000, 1.844063
33.000000, 15.000000, 1.993593
34.000000, 15.000000, 2.157992
35.000000, 15.000000, 2.333330
36.000000, 15.000000, 2.512047
37.000000, 15.000000, 2.680450
38.000000, 15.000000, 2.821490
39.000000, 15.000000, 2.922887
40.000000, 15.000000, 2.984448
41.000000, 15.000000, 3.016463
42.000000, 15.000000, 3.033653
0.000000, 16.000000, 3.827297
1.000000, 16.000000, 3.885286
2.000000, 16.000000, 3.940470
3.000000, 16.000000, 3.996100
4.000000, 16.000000, 4.052947
5.000000, 16.000000, 4.111934
6.000000, 16.000000, 4.175258
7.000000, 16.000000, 4.246751
8.000000, 16.000000, 4.330983
9.000000, 16.000000, 4.434386
10.000000, 16.000000, 4.561610
11.000000, 16.000000, 4.719659
12.000000, 16.000000, 4.919656
13.000000, 16.000000, 5.178454
14.000000, 16.000000, 5.520645
15.000000, 16.000000, 5.974601
16.000000, 16.000000, 6.171858
17.000000, 16.000000, 5.737381
18.000000, 16.000000, 4.977671
19.000000, 16.000000, 3.996031
20.000000, 16.000000, 3.265047
21.000000, 16.000000, 2.727108
22.000000, 16.000000, 2.334954
23.000000, 16.000000, 2.053980
24.000000, 16.000000, 1.859022
25.000000, 16.000000, 1.731429
26.000000, 16.000000, 1.652289
27.000000, 16.000000, 1.603704
28.000000, 16.000000, 1.574281
29.000000, 16.000000, 1.558633
30.000000, 16.000000, 1.577897
31.000000, 16.000000, 1.619987
32.000000, 16.000000, 1.673575
33.000000, 16.000000, 1.751155
34.000000, 16.000000, 1.852332
35.000000, 16.000000, 1.962053
36.000000, 16.000000, 2.076683
37.000000, 16.000000, 2.191364
38.000000, 16.000000, 2.299769
39.000000, 16.000000, 2.396589
40.000000, 16.000000, 2.479928
41.000000, 16.000000, 2.552408
42.000000, 16.000000, 2.630632
0.000000, 17.000000, 3.904032
1.000000, 17.000000, 3.970200
2.000000, 17.000000, 4.035508
3.000000, 17.000000, 4.101773
4.000000, 17.000000, 4.169921
5.000000, 17.000000, 4.239992
6.000000, 17.000000, 4.312538
7.000000, 17.000000, 4.391444
8.000000, 17.000000, 4.482692
9.000000, 17.000000, 4.593162
10.000000, 17.000000, 4.730117
11.000000, 17.000000, 4.902065
12.000000, 17.000000, 5.121736
13.000000, 17.000000, 5.408600
14.000000, 17.000000, 5.792103
15.000000, 17.000000, 6.310765
16.000000, 17.000000, 6.507837
17.000000, 17.000000, 6.044190
18.000000, 17.000000, 5.340219
19.000000, 17.000000, 4.301881
20.000000, 17.000000, 3.535020
21.000000, 17.000000, 2.969889
22.000000, 17.000000, 2.553590
23.000000, 17.000000, 2.248836
24.000000, 17.000000, 2.028042
25.000000, 17.000000, 1.868670
26.000000, 17.000000, 1.752270
27.000000, 17.000000, 1.664613
28.000000, 17.000000, 1.594935
29.000000, 17.000000, 1.536934
30.000000, 17.000000, 1.510364
31.000000, 17.000000, 1.504864
32.000000, 17.000000, 1.506039
33.000000, 17.000000, 1.516038
34.000000, 17.000000, 1.550921
35.000000, 17.000000, 1.607709
36.000000, 17.000000, 1.674685
37.000000, 17.000000, 1.751916
38.000000, 17.000000, 1.838572
39.000000, 17.000000, 1.932332
40.000000, 17.000000, 2.030608
41.000000, 17.000000, 2.141874
42.000000, 17.000000, 2.272819
0.000000, 18.000000, 3.977242
1.000000, 18.000000, 4.050113
2.000000, 18.000000, 4.123593
3.000000, 18.000000, 4.198877
4.000000, 18.000000, 4.276887
5.000000, 18.000000, 4.356536
6.000000, 18.000000, 4.433613
7.000000, 18.000000, 4.513367
8.000000, 18.000000, 4.605262
9.000000, 18.000000, 4.714736
10.000000, 18.000000, 4.848420
11.000000, 18.000000, 5.013671
12.000000, 18.000000, 5.219165
13.000000, 18.000000, 5.474903
14.000000, 18.000000, 5.786400
15.000000, 18.000000, 6.126966
16.000000, 18.000000, 6.331240
17.000000, 18.000000, 6.012009
18.000000, 18.000000, 5.204553
19.000000, 18.000000, 4.365392
20.000000, 18.000000, 3.671872
21.000000, 18.000000, 3.131793
22.000000, 18.000000, 2.717803
23.000000, 18.000000, 2.400790
24.000000, 18.000000, 2.158576
25.000000, 18.000000, 1.971879
26.000000, 18.000000, 1.824684
27.000000, 18.000000, 1.703857
28.000000, 18.000000, 1.598877
29.000000, 18.000000, 1.502648
30.000000, 18.000000, 1.433167
31.000000, 18.000000, 1.384419
32.000000, 18.000000, 1.338773
33.000000, 18.000000, 1.297608
34.000000, 18.000000, 1.267944
35.000000, 18.000000, 1.270852
36.000000, 18.000000, 1.300032
37.000000, 18.000000, 1.350110
38.000000, 18.000000, 1.423230
39.000000, 18.000000, 1.518102
40.000000, 18.000000, 1.637359
41.000000, 18.000000, 1.791496
42.000000, 18.000000, 1.956824
0.000000, 19.000000, 4.046298
1.000000, 19.000000, 4.124365
2.000000, 19.000000, 4.203647
3.000000, 19.000000, 4.285024
4.000000, 19.000000, 4.369616
5.000000, 19.000000, 4.457803
6.000000, 19.000000, 4.534245
7.000000, 19.000000, 4.609294
8.000000, 19.000000, 4.696390
9.000000, 19.000000, 4.797832
10.000000, 19.000000, 4.916666
11.000000, 19.000000, 5.057825
12.000000, 19.000000, 5.223419
13.000000, 19.000000, 5.411037
14.000000, 19.000000, 5.604627
15.000000, 19.000000, 5.752950
16.000000, 19.000000, 5.742364
17.000000, 19.000000, 5.446394
18.000000, 19.000000, 4.898094
19.000000, 19.000000, 4.273184
20.000000, 19.000000, 3.699535
21.000000, 19.000000, 3.215241
22.000000, 19.000000, 2.818095
23.000000, 19.000000, 2.500804
24.000000, 19.000000, 2.247697
25.000000, 19.000000, 2.043156
26.000000, 19.000000, 1.873415
27.000000, 19.000000, 1.726628
28.000000, 19.000000, 1.592793
29.000000, 19.000000, 1.464183
30.000000, 19.000000, 1.355887
31.000000, 19.000000, 1.269015
32.000000, 19.000000, 1.181495
33.000000, 19.000000, 1.094479
34.000000, 19.000000, 1.014433
35.000000, 19.000000, 0.957314
36.000000, 19.000000, 0.948046
37.000000, 19.000000, 0.977673
38.000000, 19.000000, 1.045264
39.000000, 19.000000, 1.151235
40.000000, 19.000000, 1.308213
41.000000, 19.000000, 1.493843
42.000000, 19.000000, 1.686770
0.000000, 20.000000, 4.110866
1.000000, 20.000000, 4.192598
2.000000, 20.000000, 4.275272
3.000000, 20.000000, 4.359126
4.000000, 20.000000, 4.444197
5.000000, 20.000000, 4.528464
6.000000, 20.000000, 4.604904
7.000000, 20.000000, 4.678283
8.000000, 20.000000, 4.757696
9.000000, 20.000000, 4.845920
10.000000, 20.000000, 4.942186
11.000000, 20.000000, 5.048885
12.000000, 20.000000, 5.163170
13.000000, 20.000000, 5.275016
14.000000, 20.000000, 5.362017
15.000000, 20.000000, 5.382680
16.000000, 20.000000, 5.278826
17.000000, 20.000000, 5.009224
18.000000, 20.000000, 4.598184
19.000000, 20.000000, 4.124891
20.000000, 20.000000, 3.655762
21.000000, 20.000000, 3.226138
22.000000, 20.000000, 2.859931
23.000000, 20.000000, 2.555013
24.000000, 20.000000, 2.301688
25.000000, 20.000000, 2.088669
26.000000, 20.000000, 1.904858
27.000000, 20.000000, 1.739986
28.000000, 20.000000, 1.584836
29.000000, 20.000000, 1.431538
30.000000, 20.000000, 1.290029
31.000000, 20.000000, 1.171231
32.000000, 20.000000, 1.048027
33.000000, 20.000000, 0.919634
34.000000, 20.000000, 0.792047
35.000000, 20.000000, 0.680377
36.000000, 20.000000, 0.617970
37.000000, 20.000000, 0.629723
38.000000, 20.000000, 0.704056
39.000000, 20.000000, 0.845708
40.000000, 20.000000, 1.041351
41.000000, 20.000000, 1.254990
42.000000, 20.000000, 1.470904
0.000000, 21.000000, 4.171165
1.000000, 21.000000, 4.255300
2.000000, 21.000000, 4.339506
3.000000, 21.000000, 4.423247
4.000000, 21.000000, 4.505517
5.000000, 21.000000, 4.584218
6.000000, 21.000000, 4.657224
7.000000, 21.000000, 4.726183
8.000000, 21.000000, 4.794958
9.000000, 21.000000, 4.865831
10.000000, 21.000000, 4.936118
11.000000, 21.000000, 5.004838
12.000000, 21.000000, 5.067948
13.000000, 21.000000, 5.113255
14.000000, 21.000000, 5.120340
15.000000, 21.000000, 5.063631
16.000000, 21.000000, 4.917974
17.000000, 21.000000, 4.672097
18.000000, 21.000000, 4.343421
19.000000, 21.000000, 3.962894
20.000000, 21.000000, 3.562283
21.000000, 21.000000, 3.189249
22.000000, 21.000000, 2.859557
23.000000, 21.000000, 2.574509
24.000000, 21.000000, 2.329202
25.000000, 21.000000, 2.115966
26.000000, 21.000000, 1.926222
27.000000, 21.000000, 1.751368
28.000000, 21.000000, 1.583195
29.000000, 21.000000, 1.414108
30.000000, 21.000000, 1.247930
31.000000, 21.000000, 1.105017
32.000000, 21.000000, 0.955664
33.000000, 21.000000, 0.794697
34.000000, 21.000000, 0.624345
35.000000, 21.000000, 0.455175
36.000000, 21.000000, 0.322204
37.000000, 21.000000, 0.308286
38.000000, 21.000000, 0.423172
39.000000, 21.000000, 0.621607
40.000000, 21.000000, 0.852170
41.000000, 21.000000, 1.088762
42.000000, 21.000000, 1.319382
0.000000, 22.000000, 4.227890
1.000000, 22.000000, 4.313655
2.000000, 22.000000, 4.398407
3.000000, 22.000000, 4.481027
4.000000, 22.000000, 4.560051
5.000000, 22.000000, 4.633702
6.000000, 22.000000, 4.700669
7.000000, 22.000000, 4.761087
8.000000, 22.000000, 4.816079
9.000000, 22.000000, 4.866459
10.000000, 22.000000, 4.909927
11.000000, 22.000000, 4.941565
12.000000, 22.000000, 4.959136
13.000000, 22.000000, 4.952518
14.000000, 22.000000, 4.902668
15.000000, 22.000000, 4.797902
16.000000, 22.000000, 4.633202
17.000000, 22.000000, 4.408073
18.000000, 22.000000, 4.126933
19.000000, 22.000000, 3.791498
20.000000, 22.000000, 3.449192
21.000000, 22.000000, 3.125821
22.000000, 22.000000, 2.831979
23.000000, 22.000000, 2.570469
24.000000, 22.000000, 2.338996
25.000000, 22.000000, 2.132401
26.000000, 22.000000, 1.944157
27.000000, 22.000000, 1.767251
28.000000, 22.000000, 1.594642
29.000000, 22.000000, 1.419526
30.000000, 22.000000, 1.240497
31.000000, 22.000000, 1.082979
32.000000, 22.000000, 0.921826
33.000000, 22.000000, 0.746278
34.000000, 22.000000, 0.555398
35.000000, 22.000000, 0.351320
36.000000, 22.000000, 0.149393
37.000000, 22.000000, 0.107964
38.000000, 22.000000, 0.296574
39.000000, 22.000000, 0.528117
40.000000, 22.000000, 0.770150
41.000000, 22.000000, 1.010081
42.000000, 22.000000, 1.240052
0.000000, 23.000000, 4.282003
1.000000, 23.000000, 4.369148
2.000000, 23.000000, 4.454235
3.000000, 23.000000, 4.535695
4.000000, 23.000000, 4.611722
5.000000, 23.000000, 4.680387
6.000000, 23.000000, 4.740067
7.000000, 23.000000, 4.789768
8.000000, 23.000000, 4.829003
9.000000, 23.000000, 4.857318
10.000000, 23.000000, 4.873326
11.000000, 23.000000, 4.870814
12.000000, 23.000000, 4.848061
13.000000, 23.000000, 4.800231
14.000000, 23.000000, 4.709992
15.000000, 23.000000, 4.576021
16.000000, 23.000000, 4.404139
17.000000, 23.000000, 4.193616
18.000000, 23.000000, 3.924888
19.000000, 23.000000, 3.627813
20.000000, 23.000000, 3.331616
21.000000, 23.000000, 3.049396
22.000000, 23.000000, 2.788722
23.000000, 23.000000, 2.552147
24.000000, 23.000000, 2.338449
25.000000, 23.000000, 2.143988
26.000000, 23.000000, 1.963764
27.000000, 23.000000, 1.792159
28.000000, 23.000000, 1.623402
29.000000, 23.000000, 1.451889
30.000000, 23.000000, 1.273959
31.000000, 23.000000, 1.112032
32.000000, 23.000000, 0.955782
33.000000, 23.000000, 0.789421
34.000000, 23.000000, 0.615378
35.000000, 23.000000, 0.444126
36.000000, 23.000000, 0.309146
37.000000, 23.000000, 0.292250
38.000000, 23.000000, 0.414321
39.000000, 23.000000, 0.597527
40.000000, 23.000000, 0.806844
41.000000, 23.000000, 1.022645
42.000000, 23.000000, 1.233619
0.000000, 24.000000, 4.334531
1.000000, 24.000000, 4.423252
2.000000, 24.000000, 4.509027
3.000000, 24.000000, 4.589871
4.000000, 24.000000, 4.663537
5.000000, 24.000000, 4.727619
6.000000, 24.000000, 4.779822
7.000000, 24.000000, 4.818172
8.000000, 24.000000, 4.841050
9.000000, 24.000000, 4.847111
10.000000, 24.000000, 4.835155
11.000000, 24.000000, 4.801499
12.000000, 24.000000, 4.742014
13.000000, 24.000000, 4.655684
14.000000, 24.000000, 4.537455
15.000000, 24.000000, 4.388820
16.000000, 24.000000, 4.215383
17.000000, 24.000000, 3.999104
18.000000, 24.000000, 3.741479
19.000000, 24.000000, 3.476517
20.000000, 24.000000, 3.215961
21.000000, 24.000000, 2.967993
22.000000, 24.000000, 2.737514
23.000000, 24.000000, 2.526147
24.000000, 24.000000, 2.332867
25.000000, 24.000000, 2.154830
26.000000, 24.000000, 1.988097
27.000000, 24.000000, 1.828219
28.000000, 24.000000, 1.670671
29.000000, 24.000000, 1.511249
30.000000, 24.000000, 1.346760
31.000000, 24.000000, 1.190877
32.000000, 24.000000, 1.052485
33.000000, 24.000000, 0.912393
34.000000, 24.000000, 0.776174
35.000000, 24.000000, 0.658674
36.000000, 24.000000, 0.584975
37.000000, 24.000000, 0.575158
38.000000, 24.000000, 0.650265
39.000000, 24.000000, 0.776493
40.000000, 24.000000, 0.935629
41.000000, 24.000000, 1.111796
42.000000, 24.000000, 1.290939
0.000000, 25.000000, 4.386411
1.000000, 25.000000, 4.477264
2.000000, 25.000000, 4.564529
3.000000, 25.000000, 4.645780
4.000000, 25.000000, 4.718213
5.000000, 25.000000, 4.778744
6.000000, 25.000000, 4.824247
7.000000, 25.000000, 4.851798
8.000000, 25.000000, 4.858860
9.000000, 25.000000, 4.843477
10.000000, 25.000000, 4.804429
11.000000, 25.000000, 4.740866
12.000000, 25.000000, 4.649509
13.000000, 25.000000, 4.532059
14.000000, 25.000000, 4.391025
15.000000, 25.000000, 4.231064
16.000000, 25.000000, 4.048460
17.000000, 25.000000, 3.819143
18.000000, 25.000000, 3.577279
19.000000, 25.000000, 3.336835
20.000000, 25.000000, 3.104658
21.000000, 25.000000, 2.885756
22.000000, 25.000000, 2.682862
23.000000, 25.000000, 2.496497
24.000000, 25.000000, 2.325387
25.000000, 25.000000, 2.167015
26.000000, 25.000000, 2.018140
27.000000, 25.000000, 1.875236
28.000000, 25.000000, 1.734880
29.000000, 25.000000, 1.594177
30.000000, 25.000000, 1.451347
31.000000, 25.000000, 1.312091
32.000000, 25.000000, 1.196875
33.000000, 25.000000, 1.088902
34.000000, 25.000000, 0.990728
35.000000, 25.000000, 0.913877
36.000000, 25.000000, 0.868860
37.000000, 25.000000, 0.859217
38.000000, 25.000000, 0.910854
39.000000, 25.000000, 1.003987
40.000000, 25.000000, 1.119078
41.000000, 25.000000, 1.253270
42.000000, 25.000000, 1.395271
0.000000, 26.000000, 4.438399
1.000000, 26.000000, 4.532218
2.000000, 26.000000, 4.622161
3.000000, 26.000000, 4.705333
4.000000, 26.000000, 4.778257
5.000000, 26.000000, 4.837009
6.000000, 26.000000, 4.877499
7.000000, 26.000000, 4.895789
8.000000, 26.000000, 4.888458
9.000000, 26.000000, 4.852960
10.000000, 26.000000, 4.788066
11.000000, 26.000000, 4.694237
12.000000, 26.000000, 4.572960
13.000000, 26.000000, 4.427058
14.000000, 26.000000, 4.264620
15.000000, 26.000000, 4.091657
16.000000, 26.000000, 3.884867
17.000000, 26.000000, 3.654319
18.000000, 26.000000, 3.425834
19.000000, 26.000000, 3.205496
20.000000, 26.000000, 2.997343
21.000000, 26.000000, 2.804079
22.000000, 26.000000, 2.626810
23.000000, 26.000000, 2.465098
24.000000, 26.000000, 2.317259
25.000000, 26.000000, 2.180845
26.000000, 26.000000, 2.053076
27.000000, 26.000000, 1.931141
28.000000, 26.000000, 1.812477
29.000000, 26.000000, 1.695168
30.000000, 26.000000, 1.578598
31.000000, 26.000000, 1.465144
32.000000, 26.000000, 1.372963
33.000000, 26.000000, 1.296804
34.000000, 26.000000, 1.231200
35.000000, 26.000000, 1.183183
36.000000, 26.000000, 1.150856
37.000000, 26.000000, 1.142936
38.000000, 26.000000, 1.179058
39.000000, 26.000000, 1.250110
40.000000, 26.000000, 1.331493
41.000000, 26.000000, 1.426410
42.000000, 26.000000, 1.528397
0.000000, 27.000000, 4.491004
1.000000, 27.000000, 4.588810
2.000000, 27.000000, 4.682967
3.000000, 27.000000, 4.770085
4.000000, 27.000000, 4.845884
5.000000, 27.000000, 4.905371
6.000000, 27.000000, 4.942890
7.000000, 27.000000, 4.952058
8.000000, 27.000000, 4.927403
9.000000, 27.000000, 4.866612
10.000000, 27.000000, 4.770549
11.000000, 27.000000, 4.642395
12.000000, 27.000000, 4.487680
13.000000, 27.000000, 4.313384
14.000000, 27.000000, 4.129262
15.000000, 27.000000, 3.934658
16.000000, 27.000000, 3.707368
17.000000, 27.000000, 3.480803
18.000000, 27.000000, 3.265328
19.000000, 27.000000, 3.064709
20.000000, 27.000000, 2.881027
21.000000, 27.000000, 2.714836
22.000000, 27.000000, 2.565260
23.000000, 27.000000, 2.430362
24.000000, 27.000000, 2.307723
25.000000, 27.000000, 2.195122
26.000000, 27.000000, 2.090681
27.000000, 27.000000, 1.992505
28.000000, 27.000000, 1.898746
29.000000, 27.000000, 1.808046
30.000000, 27.000000, 1.720225
31.000000, 27.000000, 1.637538
32.000000, 27.000000, 1.569050
33.000000, 27.000000, 1.522532
34.000000, 27.000000, 1.485360
35.000000, 27.000000, 1.458764
36.000000, 27.000000, 1.434005
37.000000, 27.000000, 1.428949
38.000000, 27.000000, 1.453812
39.000000, 27.000000, 1.504789
40.000000, 27.000000, 1.560666
41.000000, 27.000000, 1.619845
42.000000, 27.000000, 1.683352
0.000000, 28.000000, 4.544451
1.000000, 28.000000, 4.647310
2.000000, 28.000000, 4.747499
3.000000, 28.000000, 4.840855
4.000000, 28.000000, 4.920186
5.000000, 28.000000, 4.975766
6.000000, 28.000000, 5.001842
7.000000, 28.000000, 4.995889
8.000000, 28.000000, 4.954240
9.000000, 28.000000, 4.873415
10.000000, 28.000000, 4.752579
11.000000, 28.000000, 4.594902
12.000000, 28.000000, 4.408007
13.000000, 28.000000, 4.203487
14.000000, 28.000000, 3.994668
15.000000, 28.000000, 3.767661
16.000000, 28.000000, 3.528300
17.000000, 28.000000, 3.303298
18.000000, 28.000000, 3.097732
19.000000, 28.000000, 2.913896
20.000000, 28.000000, 2.752216
21.000000, 28.000000, 2.611618
22.000000, 28.000000, 2.489849
23.000000, 28.000000, 2.383685
24.000000, 28.000000, 2.289413
25.000000, 28.000000, 2.204139
26.000000, 28.000000, 2.126263
27.000000, 28.000000, 2.054605
28.000000, 28.000000, 1.988250
29.000000, 28.000000, 1.926635
30.000000, 28.000000, 1.869754
31.000000, 28.000000, 1.819164
32.000000, 28.000000, 1.778243
33.000000, 28.000000, 1.757884
34.000000, 28.000000, 1.747580
35.000000, 28.000000, 1.738554
36.000000, 28.000000, 1.723149
37.000000, 28.000000, 1.721573
38.000000, 28.000000, 1.737440
39.000000, 28.000000, 1.768700
40.000000, 28.000000, 1.802066
41.000000, 28.000000, 1.827491
42.000000, 28.000000, 1.852779
0.000000, 29.000000, 4.598726
1.000000, 29.000000, 4.707092
2.000000, 29.000000, 4.811209
3.000000, 29.000000, 4.900863
4.000000, 29.000000, 4.973252
5.000000, 29.000000, 5.026396
6.000000, 29.000000, 5.053680
7.000000, 29.000000, 5.046931
8.000000, 29.000000, 4.998394
9.000000, 29.000000, 4.902444
10.000000, 29.000000, 4.757573
11.000000, 29.000000, 4.568081
12.000000, 29.000000, 4.344599
13.000000, 29.000000, 4.103063
14.000000, 29.000000, 3.857898
15.000000, 29.000000, 3.596315
16.000000, 29.000000, 3.345466
17.000000, 29.000000, 3.119403
18.000000, 29.000000, 2.921640
19.000000, 29.000000, 2.752939
20.000000, 29.000000, 2.612039
21.000000, 29.000000, 2.496353
22.000000, 29.000000, 2.402449
23.000000, 29.000000, 2.325909
24.000000, 29.000000, 2.260387
25.000000, 29.000000, 2.201998
26.000000, 29.000000, 2.151565
27.000000, 29.000000, 2.108926
28.000000, 29.000000, 2.073332
29.000000, 29.000000, 2.043945
30.000000, 29.000000, 2.020305
31.000000, 29.000000, 2.003285
32.000000, 29.000000, 1.994494
33.000000, 29.000000, 1.998974
34.000000, 29.000000, 2.015606
35.000000, 29.000000, 2.025396
36.000000, 29.000000, 2.023725
37.000000, 29.000000, 2.026760
38.000000, 29.000000, 2.034734
39.000000, 29.000000, 2.046270
40.000000, 29.000000, 2.055059
41.000000, 29.000000, 2.046639
42.000000, 29.000000, 2.032840
0.000000, 30.000000, 4.653885
1.000000, 30.000000, 4.749064
2.000000, 30.000000, 4.843666
3.000000, 30.000000, 4.936608
4.000000, 30.000000, 5.019905
5.000000, 30.000000, 5.084797
6.000000, 30.000000, 5.121873
7.000000, 30.000000, 5.120528
8.000000, 30.000000, 5.069916
9.000000, 30.000000, 4.961310
10.000000, 30.000000, 4.791449
11.000000, 30.000000, 4.565480
12.000000, 30.000000, 4.297866
13.000000, 30.000000, 4.010359
14.000000, 30.000000, 3.715676
15.000000, 30.000000, 3.418439
16.000000, 30.000000, 3.152605
17.000000, 30.000000, 2.923200
18.000000, 30.000000, 2.731896
19.000000, 30.000000, 2.577543
20.000000, 30.000000, 2.456897
21.000000, 30.000000, 2.365656
22.000000, 30.000000, 2.299239
23.000000, 30.000000, 2.253074
24.000000, 30.000000, 2.217313
25.000000, 30.000000, 2.185272
26.000000, 30.000000, 2.163385
27.000000, 30.000000, 2.150827
28.000000, 30.000000, 2.146818
29.000000, 30.000000, 2.151068
30.000000, 30.000000, 2.163670
31.000000, 30.000000, 2.184261
32.000000, 30.000000, 2.212206
33.000000, 30.000000, 2.248543
34.000000, 30.000000, 2.294114
35.000000, 30.000000, 2.325936
36.000000, 30.000000, 2.342720
37.000000, 30.000000, 2.352317
38.000000, 30.000000, 2.352724
39.000000, 30.000000, 2.343032
40.000000, 30.000000, 2.321941
41.000000, 30.000000, 2.276845
42.000000, 30.000000, 2.225414
0.000000, 31.000000, 4.671274
1.000000, 31.000000, 4.760678
2.000000, 31.000000, 4.864530
3.000000, 31.000000, 4.973444
4.000000, 31.000000, 5.072923
5.000000, 31.000000, 5.154691
6.000000, 31.000000, 5.208274
7.000000, 31.000000, 5.220133
8.000000, 31.000000, 5.174686
9.000000, 31.000000, 5.057649
10.000000, 31.000000, 4.861685
11.000000, 31.000000, 4.592122
12.000000, 31.000000, 4.268813
13.000000, 31.000000, 3.921825
14.000000, 31.000000, 3.568332
15.000000, 31.000000, 3.232344
16.000000, 31.000000, 2.943722
17.000000, 31.000000, 2.708977
18.000000, 31.000000, 2.523805
19.000000, 31.000000, 2.384104
20.000000, 31.000000, 2.284047
21.000000, 31.000000, 2.217056
22.000000, 31.000000, 2.176607
23.000000, 31.000000, 2.156169
24.000000, 31.000000, 2.148304
25.000000, 31.000000, 2.148775
26.000000, 31.000000, 2.158465
27.000000, 31.000000, 2.177789
28.000000, 31.000000, 2.206778
29.000000, 31.000000, 2.245548
30.000000, 31.000000, 2.294529
31.000000, 31.000000, 2.354382
32.000000, 31.000000, 2.425003
33.000000, 31.000000, 2.503281
34.000000, 31.000000, 2.584479
35.000000, 31.000000, 2.646450
36.000000, 31.000000, 2.687843
37.000000, 31.000000, 2.707471
38.000000, 31.000000, 2.700219
39.000000, 31.000000, 2.665651
40.000000, 31.000000, 2.607004
41.000000, 31.000000, 2.519720
42.000000, 31.000000, 2.431816
0.000000, 32.000000, 4.680584
1.000000, 32.000000, 4.777382
2.000000, 32.000000, 4.891001
3.000000, 32.000000, 5.013126
4.000000, 32.000000, 5.130032
5.000000, 32.000000, 5.233399
6.000000, 32.000000, 5.311598
7.000000, 32.000000, 5.347594
8.000000, 32.000000, 5.318923
9.000000, 32.000000, 5.201501
10.000000, 32.000000, 4.979161
11.000000, 32.000000, 4.655684
12.000000, 32.000000, 4.259535
13.000000, 32.000000, 3.834220
14.000000, 32.000000, 3.412249
15.000000, 32.000000, 3.034641
16.000000, 32.000000, 2.717943
17.000000, 32.000000, 2.471987
18.000000, 32.000000, 2.293658
19.000000, 32.000000, 2.170449
20.000000, 32.000000, 2.092731
21.000000, 32.000000, 2.051152
22.000000, 32.000000, 2.037172
23.000000, 32.000000, 2.043424
24.000000, 32.000000, 2.064025
25.000000, 32.000000, 2.095484
26.000000, 32.000000, 2.136821
27.000000, 32.000000, 2.188276
28.000000, 32.000000, 2.250669
29.000000, 32.000000, 2.324442
30.000000, 32.000000, 2.410028
31.000000, 32.000000, 2.508322
32.000000, 32.000000, 2.619835
33.000000, 32.000000, 2.743674
34.000000, 32.000000, 2.870782
35.000000, 32.000000, 2.973805
36.000000, 32.000000, 3.050044
37.000000, 32.000000, 3.085968
38.000000, 32.000000, 3.070708
39.000000, 32.000000, 3.004930
40.000000, 32.000000, 2.899203
41.000000, 32.000000, 2.768756
42.000000, 32.000000, 2.633322
0.000000, 33.000000, 4.689067
1.000000, 33.000000, 4.797028
2.000000, 33.000000, 4.918550
3.000000, 33.000000, 5.050281
4.000000, 33.000000, 5.184756
5.000000, 33.000000, 5.313902
6.000000, 33.000000, 5.425865
7.000000, 33.000000, 5.500843
8.000000, 33.000000, 5.507764
9.000000, 33.000000, 5.406006
10.000000, 33.000000, 5.160212
11.000000, 33.000000, 4.767602
12.000000, 33.000000, 4.272451
13.000000, 33.000000, 3.744959
14.000000, 33.000000, 3.244971
15.000000, 33.000000, 2.816530
16.000000, 33.000000, 2.472852
17.000000, 33.000000, 2.214638
18.000000, 33.000000, 2.039965
19.000000, 33.000000, 1.936353
20.000000, 33.000000, 1.884455
21.000000, 33.000000, 1.870997
22.000000, 33.000000, 1.885486
23.000000, 33.000000, 1.919953
24.000000, 33.000000, 1.968961
25.000000, 33.000000, 2.029454
26.000000, 33.000000, 2.100041
27.000000, 33.000000, 2.179814
28.000000, 33.000000, 2.269172
29.000000, 33.000000, 2.370968
30.000000, 33.000000, 2.488759
31.000000, 33.000000, 2.625443
32.000000, 33.000000, 2.782641
33.000000, 33.000000, 2.959430
34.000000, 33.000000, 3.145210
35.000000, 33.000000, 3.311909
36.000000, 33.000000, 3.445944
37.000000, 33.000000, 3.512175
38.000000, 33.000000, 3.487449
39.000000, 33.000000, 3.374835
40.000000, 33.000000, 3.203556
41.000000, 33.000000, 3.014257
42.000000, 33.000000, 2.806155
0.000000, 34.000000, 4.689238
1.000000, 34.000000, 4.804071
2.000000, 34.000000, 4.932734
3.000000, 34.000000, 5.074356
4.000000, 34.000000, 5.226120
5.000000, 34.000000, 5.383348
6.000000, 34.000000, 5.537158
7.000000, 34.000000, 5.668824
8.000000, 34.000000, 5.740513
9.000000, 34.000000, 5.686876
10.000000, 34.000000, 5.430070
11.000000, 34.000000, 4.944291
12.000000, 34.000000, 4.306870
13.000000, 34.000000, 3.643853
14.000000, 34.000000, 3.051112
15.000000, 34.000000, 2.567367
16.000000, 34.000000, 2.198597
17.000000, 34.000000, 1.937242
18.000000, 34.000000, 1.770514
19.000000, 34.000000, 1.685190
20.000000, 34.000000, 1.663084
21.000000, 34.000000, 1.681400
22.000000, 34.000000, 1.726482
23.000000, 34.000000, 1.789743
24.000000, 34.000000, 1.865023
25.000000, 34.000000, 1.946869
26.000000, 34.000000, 2.035187
27.000000, 34.000000, 2.135052
28.000000, 34.000000, 2.250129
29.000000, 34.000000, 2.383132
30.000000, 34.000000, 2.537266
31.000000, 34.000000, 2.716487
32.000000, 34.000000, 2.924754
33.000000, 34.000000, 3.164140
34.000000, 34.000000, 3.424497
35.000000, 34.000000, 3.678753
36.000000, 34.000000, 3.905887
37.000000, 34.000000, 4.031834
38.000000, 34.000000, 3.995435
39.000000, 34.000000, 3.808115
40.000000, 34.000000, 3.546143
41.000000, 34.000000, 3.261282
42.000000, 34.000000, 2.963721
0.000000, 35.000000, 4.676459
1.000000, 35.000000, 4.794065
2.000000, 35.000000, 4.926587
3.000000, 35.000000, 5.075097
4.000000, 35.000000, 5.240446
5.000000, 35.000000, 5.422814
6.000000, 35.000000, 5.620080
7.000000, 35.000000, 5.822254
8.000000, 35.000000, 5.996610
9.000000, 35.000000, 6.054888
10.000000, 35.000000, 5.828508
11.000000, 35.000000, 5.206740
12.000000, 35.000000, 4.350918
13.000000, 35.000000, 3.510171
14.000000, 35.000000, 2.813089
15.000000, 35.000000, 2.277215
16.000000, 35.000000, 1.890341
17.000000, 35.000000, 1.634182
18.000000, 35.000000, 1.488411
19.000000, 35.000000, 1.430199
20.000000, 35.000000, 1.437276
21.000000, 35.000000, 1.489343
22.000000, 35.000000, 1.565093
23.000000, 35.000000, 1.649055
24.000000, 35.000000, 1.737292
25.000000, 35.000000, 1.834930
26.000000, 35.000000, 1.944790
27.000000, 35.000000, 2.068984
28.000000, 35.000000, 2.210259
29.000000, 35.000000, 2.372185
30.000000, 35.000000, 2.559482
31.000000, 35.000000, 2.778431
32.000000, 35.000000, 3.036864
33.000000, 35.000000, 3.343048
34.000000, 35.000000, 3.694213
35.000000, 35.000000, 4.072423
36.000000, 35.000000, 4.448562
37.000000, 35.000000, 4.693361
38.000000, 35.000000, 4.640707
39.000000, 35.000000, 4.321663
40.000000, 35.000000, 3.907442
41.000000, 35.000000, 3.492548
42.000000, 35.000000, 3.098465
0.000000, 36.000000, 4.648410
1.000000, 36.000000, 4.764237
2.000000, 36.000000, 4.895347
3.000000, 36.000000, 5.044146
4.000000, 36.000000, 5.214115
5.000000, 36.000000, 5.409947
6.000000, 36.000000, 5.637697
7.000000, 36.000000, 5.903034
8.000000, 36.000000, 6.201532
9.000000, 36.000000, 6.471588
10.000000, 36.000000, 6.405896
11.000000, 36.000000, 5.557318
12.000000, 36.000000, 4.353791
13.000000, 36.000000, 3.308751
14.000000, 36.000000, 2.518232
15.000000, 36.000000, 1.943157
16.000000, 36.000000, 1.548802
17.000000, 36.000000, 1.307895
18.000000, 36.000000, 1.194064
19.000000, 36.000000, 1.176219
20.000000, 36.000000, 1.221761
21.000000, 36.000000, 1.299828
22.000000, 36.000000, 1.389668
23.000000, 36.000000, 1.488883
24.000000, 36.000000, 1.597137
25.000000, 36.000000, 1.715148
26.000000, 36.000000, 1.844921
27.000000, 36.000000, 1.989359
28.000000, 36.000000, 2.152112
29.000000, 36.000000, 2.337736
30.000000, 36.000000, 2.552181
31.000000, 36.000000, 2.803721
32.000000, 36.000000, 3.104293
33.000000, 36.000000, 3.470335
34.000000, 36.000000, 3.913648
35.000000, 36.000000, 4.444594
36.000000, 36.000000, 5.066448
37.000000, 36.000000, 5.564168
38.000000, 36.000000, 5.472801
39.000000, 36.000000, 4.879658
40.000000, 36.000000, 4.234202
41.000000, 36.000000, 3.679786
42.000000, 36.000000, 3.211252
0.000000, 37.000000, 4.604393
1.000000, 37.000000, 4.713480
2.000000, 37.000000, 4.836644
3.000000, 37.000000, 4.976589
4.000000, 37.000000, 5.137633
5.000000, 37.000000, 5.326293
6.000000, 37.000000, 5.552732
7.000000, 37.000000, 5.832923
8.000000, 37.000000, 6.191559
9.000000, 37.000000, 6.652032
10.000000, 37.000000, 5.801417
11.000000, 37.000000, 5.589820
12.000000, 37.000000, 4.172264
13.000000, 37.000000, 2.996238
14.000000, 37.000000, 2.161243
15.000000, 37.000000, 1.571714
16.000000, 37.000000, 1.181657
17.000000, 37.000000, 0.965893
18.000000, 37.000000, 0.896848
19.000000, 37.000000, 0.929273
20.000000, 37.000000, 1.007833
21.000000, 37.000000, 1.104962
22.000000, 37.000000, 1.215193
23.000000, 37.000000, 1.334563
24.000000, 37.000000, 1.460903
25.000000, 37.000000, 1.594744
26.000000, 37.000000, 1.739388
27.000000, 37.000000, 1.898735
28.000000, 37.000000, 2.077178
29.000000, 37.000000, 2.279949
30.000000, 37.000000, 2.513535
31.000000, 37.000000, 2.786560
32.000000, 37.000000, 3.113008
33.000000, 37.000000, 3.515795
34.000000, 37.000000, 4.019838
35.000000, 37.000000, 4.667785
36.000000, 37.000000, 5.546947
37.000000, 37.000000, 5.228041
38.000000, 37.000000, 5.654751
39.000000, 37.000000, 5.278291
40.000000, 37.000000, 4.427093
41.000000, 37.000000, 3.787851
42.000000, 37.000000, 3.268587
0.000000, 38.000000, 4.545290
1.000000, 38.000000, 4.642816
2.000000, 38.000000, 4.751400
3.000000, 38.000000, 4.872819
4.000000, 38.000000, 5.010052
5.000000, 38.000000, 5.167493
6.000000, 38.000000, 5.351570
7.000000, 38.000000, 5.570808
8.000000, 38.000000, 5.832392
9.000000, 38.000000, 6.111732
10.000000, 38.000000, 5.936500
11.000000, 38.000000, 5.030372
12.000000, 38.000000, 3.681132
13.000000, 38.000000, 2.576401
14.000000, 38.000000, 1.767868
15.000000, 38.000000, 1.187075
16.000000, 38.000000, 0.805214
17.000000, 38.000000, 0.620239
18.000000, 38.000000, 0.608323
19.000000, 38.000000, 0.688175
20.000000, 38.000000, 0.802987
21.000000, 38.000000, 0.929574
22.000000, 38.000000, 1.059653
23.000000, 38.000000, 1.192573
24.000000, 38.000000, 1.330563
25.000000, 38.000000, 1.476109
26.000000, 38.000000, 1.631155
27.000000, 38.000000, 1.799737
28.000000, 38.000000, 1.987326
29.000000, 38.000000, 2.199655
30.000000, 38.000000, 2.443470
31.000000, 38.000000, 2.725523
32.000000, 38.000000, 3.055774
33.000000, 38.000000, 3.460670
34.000000, 38.000000, 3.963569
35.000000, 38.000000, 4.598445
36.000000, 38.000000, 5.428942
37.000000, 38.000000, 5.627965
38.000000, 38.000000, 5.762278
39.000000, 38.000000, 5.172448
40.000000, 38.000000, 4.382044
41.000000, 38.000000, 3.764381
42.000000, 38.000000, 3.248308
0.000000, 39.000000, 4.473519
1.000000, 39.000000, 4.555513
2.000000, 39.000000, 4.644114
3.000000, 39.000000, 4.739197
4.000000, 39.000000, 4.840773
5.000000, 39.000000, 4.948437
6.000000, 39.000000, 5.060027
7.000000, 39.000000, 5.167450
8.000000, 39.000000, 5.244081
9.000000, 39.000000, 5.208628
10.000000, 39.000000, 4.868017
11.000000, 39.000000, 4.073085
12.000000, 39.000000, 3.063534
13.000000, 39.000000, 2.136439
14.000000, 39.000000, 1.396672
15.000000, 39.000000, 0.833052
16.000000, 39.000000, 0.445384
17.000000, 39.000000, 0.284274
18.000000, 39.000000, 0.341269
19.000000, 39.000000, 0.485407
20.000000, 39.000000, 0.640306
21.000000, 39.000000, 0.788006
22.000000, 39.000000, 0.928613
23.000000, 39.000000, 1.066650
24.000000, 39.000000, 1.207376
25.000000, 39.000000, 1.355719
26.000000, 39.000000, 1.515920
27.000000, 39.000000, 1.691134
28.000000, 39.000000, 1.883839
29.000000, 39.000000, 2.098279
30.000000, 39.000000, 2.340962
31.000000, 39.000000, 2.617573
32.000000, 39.000000, 2.935262
33.000000, 39.000000, 3.312835
34.000000, 39.000000, 3.758550
35.000000, 39.000000, 4.263137
36.000000, 39.000000, 4.816336
37.000000, 39.000000, 5.233306
38.000000, 39.000000, 5.157154
39.000000, 39.000000, 4.664536
40.000000, 39.000000, 4.109459
41.000000, 39.000000, 3.612823
42.000000, 39.000000, 3.156614
0.000000, 40.000000, 4.392776
1.000000, 40.000000, 4.456301
2.000000, 40.000000, 4.522195
3.000000, 40.000000, 4.586759
4.000000, 40.000000, 4.646943
5.000000, 40.000000, 4.697510
6.000000, 40.000000, 4.728968
7.000000, 40.000000, 4.722803
8.000000, 40.000000, 4.642799
9.000000, 40.000000, 4.425077
10.000000, 40.000000, 3.992031
11.000000, 40.000000, 3.330553
12.000000, 40.000000, 2.543634
13.000000, 40.000000, 1.775417
14.000000, 40.000000, 1.113164
15.000000, 40.000000, 0.572832
16.000000, 40.000000, 0.163598
17.000000, 40.000000, -0.002582
18.000000, 40.000000, 0.161809
19.000000, 40.000000, 0.361570
20.000000, 40.000000, 0.534971
21.000000, 40.000000, 0.686555
22.000000, 40.000000, 0.825070
23.000000, 40.000000, 0.958732
24.000000, 40.000000, 1.094636
25.000000, 40.000000, 1.238688
26.000000, 40.000000, 1.395436
27.000000, 40.000000, 1.568118
28.000000, 40.000000, 1.759388
29.000000, 40.000000, 1.971936
30.000000, 40.000000, 2.208494
31.000000, 40.000000, 2.472240
32.000000, 40.000000, 2.768324
33.000000, 40.000000, 3.100315
34.000000, 40.000000, 3.458744
35.000000, 40.000000, 3.826183
36.000000, 40.000000, 4.175108
37.000000, 40.000000, 4.393369
38.000000, 40.000000, 4.359183
39.000000, 40.000000, 4.103844
40.000000, 40.000000, 3.751221
41.000000, 40.000000, 3.384735
42.000000, 40.000000, 3.014052
0.000000, 41.000000, 4.267903
1.000000, 41.000000, 4.337571
2.000000, 41.000000, 4.392628
3.000000, 41.000000, 4.428549
4.000000, 41.000000, 4.448076
5.000000, 41.000000, 4.444876
6.000000, 41.000000, 4.406385
7.000000, 41.000000, 4.312793
8.000000, 41.000000, 4.134905
9.000000, 41.000000, 3.837108
10.000000, 41.000000, 3.394471
11.000000, 41.000000, 2.821254
12.000000, 41.000000, 2.177397
13.000000, 41.000000, 1.539619
14.000000, 41.000000, 0.961510
15.000000, 41.000000, 0.483876
16.000000, 41.000000, 0.132195
17.000000, 41.000000, 0.004013
18.000000, 41.000000, 0.155013
19.000000, 41.000000, 0.333988
20.000000, 41.000000, 0.488836
21.000000, 41.000000, 0.623736
22.000000, 41.000000, 0.747278
23.000000, 41.000000, 0.867647
24.000000, 41.000000, 0.991981
25.000000, 41.000000, 1.126568
26.000000, 41.000000, 1.276001
27.000000, 41.000000, 1.441936
28.000000, 41.000000, 1.625197
29.000000, 41.000000, 1.827193
30.000000, 41.000000, 2.049714
31.000000, 41.000000, 2.293547
32.000000, 41.000000, 2.554033
33.000000, 41.000000, 2.830525
34.000000, 41.000000, 3.122551
35.000000, 41.000000, 3.399967
36.000000, 41.000000, 3.636853
37.000000, 41.000000, 3.766943
38.000000, 41.000000, 3.756568
39.000000, 41.000000, 3.618373
40.000000, 41.000000, 3.398249
41.000000, 41.000000, 3.135521
42.000000, 41.000000, 2.843930
0.000000, 42.000000, 4.149869
1.000000, 42.000000, 4.200065
2.000000, 42.000000, 4.244278
3.000000, 42.000000, 4.268521
4.000000, 42.000000, 4.260021
5.000000, 42.000000, 4.213887
6.000000, 42.000000, 4.123146
7.000000, 42.000000, 3.972488
8.000000, 42.000000, 3.742931
9.000000, 42.000000, 3.417968
10.000000, 42.000000, 2.994096
11.000000, 42.000000, 2.491259
12.000000, 42.000000, 1.952641
13.000000, 42.000000, 1.428098
14.000000, 42.000000, 0.945227
15.000000, 42.000000, 0.559106
16.000000, 42.000000, 0.301158
17.000000, 42.000000, 0.211354
18.000000, 42.000000, 0.267828
19.000000, 42.000000, 0.375927
20.000000, 42.000000, 0.486328
21.000000, 42.000000, 0.589721
22.000000, 42.000000, 0.689073
23.000000, 42.000000, 0.790001
24.000000, 42.000000, 0.897963
25.000000, 42.000000, 1.018905
26.000000, 42.000000, 1.159807
27.000000, 42.000000, 1.317546
28.000000, 42.000000, 1.490751
29.000000, 42.000000, 1.679038
30.000000, 42.000000, 1.878525
31.000000, 42.000000, 2.086449
32.000000, 42.000000, 2.309163
33.000000, 42.000000, 2.547380
34.000000, 42.000000, 2.791319
35.000000, 42.000000, 3.010841
36.000000, 42.000000, 3.177968
37.000000, 42.000000, 3.267969
38.000000, 42.000000, 3.276966
39.000000, 42.000000, 3.205375
40.000000, 42.000000, 3.071184
41.000000, 42.000000, 2.886476
42.000000, 42.000000, 2.662728
