S
I=22,J=22
0.000000, 0.000000, 4.645527
1.000000, 0.000000, 4.527611
2.000000, 0.000000, 3.682053
3.000000, 0.000000, 2.634205
4.000000, 0.000000, 1.914114
5.000000, 0.000000, 1.547274
6.000000, 0.000000, 1.443381
7.000000, 0.000000, 1.494120
8.000000, 0.000000, 1.661622
9.000000, 0.000000, 1.999938
10.000000, 0.000000, 2.444720
11.000000, 0.000000, 2.968298
12.000000, 0.000000, 3.414555
13.000000, 0.000000, 3.578171
14.000000, 0.000000, 3.547165
15.000000, 0.000000, 3.516474
16.000000, 0.000000, 3.574666
17.000000, 0.000000, 3.698276
18.000000, 0.000000, 3.869613
19.000000, 0.000000, 4.033589
20.000000, 0.000000, 4.366746
21.000000, 0.000000, 4.954789
0.000000, 1.000000, 5.656324
1.000000, 1.000000, 6.302429
2.000000, 1.000000, 5.108070
3.000000, 1.000000, 3.394696
4.000000, 1.000000, 2.453894
5.000000, 1.000000, 1.958205
6.000000, 1.000000, 1.720665
7.000000, 1.000000, 1.610602
8.000000, 1.000000, 1.594496
9.000000, 1.000000, 1.679563
10.000000, 1.000000, 1.851993
11.000000, 1.000000, 2.074622
12.000000, 1.000000, 2.303349
13.000000, 1.000000, 2.504788
14.000000, 1.000000, 2.686958
15.000000, 1.000000, 2.903246
16.000000, 1.000000, 3.137948
17.000000, 1.000000, 3.424444
18.000000, 1.000000, 3.761627
19.000000, 1.000000, 4.069367
20.000000, 1.000000, 4.514255
21.000000, 1.000000, 5.262970
0.000000, 2.000000, 5.933287
1.000000, 2.000000, 6.464631
2.000000, 2.000000, 5.326942
3.000000, 2.000000, 3.781680
4.000000, 2.000000, 2.809412
5.000000, 2.000000, 2.224751
6.000000, 2.000000, 1.859578
7.000000, 2.000000, 1.602899
8.000000, 2.000000, 1.417068
9.000000, 2.000000, 1.313765
10.000000, 2.000000, 1.241736
11.000000, 2.000000, 1.280264
12.000000, 2.000000, 1.418160
13.000000, 2.000000, 1.654829
14.000000, 2.000000, 2.001732
15.000000, 2.000000, 2.360644
16.000000, 2.000000, 2.717078
17.000000, 2.000000, 3.093596
18.000000, 2.000000, 3.479260
19.000000, 2.000000, 3.880394
20.000000, 2.000000, 4.328052
21.000000, 2.000000, 4.883482
0.000000, 3.000000, 5.459398
1.000000, 3.000000, 5.375597
2.000000, 3.000000, 4.694289
3.000000, 3.000000, 3.747771
4.000000, 3.000000, 2.942566
5.000000, 3.000000, 2.368647
6.000000, 3.000000, 1.951402
7.000000, 3.000000, 1.610016
8.000000, 3.000000, 1.297480
9.000000, 3.000000, 1.044210
10.000000, 3.000000, 0.784572
11.000000, 3.000000, 0.615013
12.000000, 3.000000, 0.712925
13.000000, 3.000000, 1.061625
14.000000, 3.000000, 1.500094
15.000000, 3.000000, 1.924134
16.000000, 3.000000, 2.332962
17.000000, 3.000000, 2.738627
18.000000, 3.000000, 3.129074
19.000000, 3.000000, 3.523860
20.000000, 3.000000, 3.908475
21.000000, 3.000000, 4.294434
0.000000, 4.000000, 5.024772
1.000000, 4.000000, 4.749615
2.000000, 4.000000, 4.230215
3.000000, 4.000000, 3.539087
4.000000, 4.000000, 2.905911
5.000000, 4.000000, 2.390550
6.000000, 4.000000, 1.969709
7.000000, 4.000000, 1.594472
8.000000, 4.000000, 1.218744
9.000000, 4.000000, 0.885931
10.000000, 4.000000, 0.515441
11.000000, 4.000000, 0.116558
12.000000, 4.000000, 0.281001
13.000000, 4.000000, 0.770141
14.000000, 4.000000, 1.247509
15.000000, 4.000000, 1.676896
16.000000, 4.000000, 2.089837
17.000000, 4.000000, 2.473615
18.000000, 4.000000, 2.823053
19.000000, 4.000000, 3.160430
20.000000, 4.000000, 3.503887
21.000000, 4.000000, 3.866417
0.000000, 5.000000, 4.640215
1.000000, 5.000000, 4.317709
2.000000, 5.000000, 3.837476
3.000000, 5.000000, 3.302579
4.000000, 5.000000, 2.810884
5.000000, 5.000000, 2.388082
6.000000, 5.000000, 2.022886
7.000000, 5.000000, 1.684959
8.000000, 5.000000, 1.341952
9.000000, 5.000000, 1.032111
10.000000, 5.000000, 0.747776
11.000000, 5.000000, 0.558095
12.000000, 5.000000, 0.631524
13.000000, 5.000000, 0.924372
14.000000, 5.000000, 1.282287
15.000000, 5.000000, 1.623823
16.000000, 5.000000, 1.981680
17.000000, 5.000000, 2.297182
18.000000, 5.000000, 2.581160
19.000000, 5.000000, 2.792118
20.000000, 5.000000, 3.057102
21.000000, 5.000000, 3.380031
0.000000, 6.000000, 4.452707
1.000000, 6.000000, 4.054257
2.000000, 6.000000, 3.574260
3.000000, 6.000000, 3.120711
4.000000, 6.000000, 2.720293
5.000000, 6.000000, 2.377575
6.000000, 6.000000, 2.081235
7.000000, 6.000000, 1.811934
8.000000, 6.000000, 1.553009
9.000000, 6.000000, 1.325315
10.000000, 6.000000, 1.170360
11.000000, 6.000000, 1.091483
12.000000, 6.000000, 1.132634
13.000000, 6.000000, 1.300006
14.000000, 6.000000, 1.506602
15.000000, 6.000000, 1.727793
16.000000, 6.000000, 1.977199
17.000000, 6.000000, 2.184597
18.000000, 6.000000, 2.377418
19.000000, 6.000000, 2.588018
20.000000, 6.000000, 2.843074
21.000000, 6.000000, 3.148511
0.000000, 7.000000, 4.165940
1.000000, 7.000000, 3.682755
2.000000, 7.000000, 3.233409
3.000000, 7.000000, 2.863626
4.000000, 7.000000, 2.570097
5.000000, 7.000000, 2.337813
6.000000, 7.000000, 2.150329
7.000000, 7.000000, 1.993052
8.000000, 7.000000, 1.858095
9.000000, 7.000000, 1.750368
10.000000, 7.000000, 1.706384
11.000000, 7.000000, 1.679809
12.000000, 7.000000, 1.705309
13.000000, 7.000000, 1.782757
14.000000, 7.000000, 1.842211
15.000000, 7.000000, 1.935986
16.000000, 7.000000, 2.033098
17.000000, 7.000000, 2.109026
18.000000, 7.000000, 2.161302
19.000000, 7.000000, 2.284474
20.000000, 7.000000, 2.493071
21.000000, 7.000000, 2.798736
0.000000, 8.000000, 3.987351
1.000000, 8.000000, 3.398731
2.000000, 8.000000, 2.951381
3.000000, 8.000000, 2.641568
4.000000, 8.000000, 2.429818
5.000000, 8.000000, 2.285560
6.000000, 8.000000, 2.194692
7.000000, 8.000000, 2.147910
8.000000, 8.000000, 2.141639
9.000000, 8.000000, 2.173846
10.000000, 8.000000, 2.246297
11.000000, 8.000000, 2.293187
12.000000, 8.000000, 2.318546
13.000000, 8.000000, 2.307312
14.000000, 8.000000, 2.225389
15.000000, 8.000000, 2.167177
16.000000, 8.000000, 2.087965
17.000000, 8.000000, 2.011744
18.000000, 8.000000, 1.981640
19.000000, 8.000000, 2.047422
20.000000, 8.000000, 2.246436
21.000000, 8.000000, 2.584901
0.000000, 9.000000, 3.649083
1.000000, 9.000000, 2.926691
2.000000, 9.000000, 2.478084
3.000000, 9.000000, 2.252599
4.000000, 9.000000, 2.153676
5.000000, 9.000000, 2.130932
6.000000, 9.000000, 2.168192
7.000000, 9.000000, 2.257215
8.000000, 9.000000, 2.399936
9.000000, 9.000000, 2.601014
10.000000, 9.000000, 2.850066
11.000000, 9.000000, 3.033402
12.000000, 9.000000, 3.063524
13.000000, 9.000000, 2.904648
14.000000, 9.000000, 2.650326
15.000000, 9.000000, 2.375477
16.000000, 9.000000, 2.103176
17.000000, 9.000000, 1.883535
18.000000, 9.000000, 1.734138
19.000000, 9.000000, 1.719264
20.000000, 9.000000, 1.880254
21.000000, 9.000000, 2.233604
0.000000, 10.000000, 3.377692
1.000000, 10.000000, 2.494201
2.000000, 10.000000, 2.037885
3.000000, 10.000000, 1.905171
4.000000, 10.000000, 1.907998
5.000000, 10.000000, 1.973271
6.000000, 10.000000, 2.087853
7.000000, 10.000000, 2.263738
8.000000, 10.000000, 2.527186
9.000000, 10.000000, 2.905711
10.000000, 10.000000, 3.408149
11.000000, 10.000000, 3.899870
12.000000, 10.000000, 4.004109
13.000000, 10.000000, 3.571438
14.000000, 10.000000, 3.004761
15.000000, 10.000000, 2.482264
16.000000, 10.000000, 2.073762
17.000000, 10.000000, 1.730458
18.000000, 10.000000, 1.482379
19.000000, 10.000000, 1.387644
20.000000, 10.000000, 1.524430
21.000000, 10.000000, 1.910637
0.000000, 11.000000, 2.779600
1.000000, 11.000000, 1.783062
2.000000, 11.000000, 1.398626
3.000000, 11.000000, 1.393083
4.000000, 11.000000, 1.520178
5.000000, 11.000000, 1.684944
6.000000, 11.000000, 1.895331
7.000000, 11.000000, 2.171757
8.000000, 11.000000, 2.551220
9.000000, 11.000000, 3.097918
10.000000, 11.000000, 3.913521
11.000000, 11.000000, 5.076671
12.000000, 11.000000, 5.494164
13.000000, 11.000000, 4.266891
14.000000, 11.000000, 3.255557
15.000000, 11.000000, 2.534720
16.000000, 11.000000, 2.052063
17.000000, 11.000000, 1.548533
18.000000, 11.000000, 1.150719
19.000000, 11.000000, 0.962927
20.000000, 11.000000, 1.079429
21.000000, 11.000000, 1.517466
0.000000, 12.000000, 2.094304
1.000000, 12.000000, 1.094488
2.000000, 12.000000, 0.851108
3.000000, 12.000000, 0.988702
4.000000, 12.000000, 1.184955
5.000000, 12.000000, 1.410611
6.000000, 12.000000, 1.679034
7.000000, 12.000000, 2.006927
8.000000, 12.000000, 2.440345
9.000000, 12.000000, 3.052680
10.000000, 12.000000, 3.975577
11.000000, 12.000000, 5.455720
12.000000, 12.000000, 5.801792
13.000000, 12.000000, 4.431784
14.000000, 12.000000, 3.306138
15.000000, 12.000000, 2.503098
16.000000, 12.000000, 1.866722
17.000000, 12.000000, 1.306976
18.000000, 12.000000, 0.808975
19.000000, 12.000000, 0.490290
20.000000, 12.000000, 0.690673
21.000000, 12.000000, 1.203242
0.000000, 13.000000, 1.376538
1.000000, 13.000000, 0.403684
2.000000, 13.000000, 0.370085
3.000000, 13.000000, 0.701079
4.000000, 13.000000, 0.942196
5.000000, 13.000000, 1.186269
6.000000, 13.000000, 1.467276
7.000000, 13.000000, 1.806399
8.000000, 13.000000, 2.234970
9.000000, 13.000000, 2.789301
10.000000, 13.000000, 3.485324
11.000000, 13.000000, 4.208816
12.000000, 13.000000, 4.398217
13.000000, 13.000000, 3.792682
14.000000, 13.000000, 3.057289
15.000000, 13.000000, 2.431412
16.000000, 13.000000, 1.821720
17.000000, 13.000000, 1.243802
18.000000, 13.000000, 0.680094
19.000000, 13.000000, 0.160516
20.000000, 13.000000, 0.460564
21.000000, 13.000000, 0.979070
0.000000, 14.000000, 1.274382
1.000000, 14.000000, 0.596652
2.000000, 14.000000, 0.517065
3.000000, 14.000000, 0.671162
4.000000, 14.000000, 0.808108
5.000000, 14.000000, 0.988962
6.000000, 14.000000, 1.235024
7.000000, 14.000000, 1.545228
8.000000, 14.000000, 1.920628
9.000000, 14.000000, 2.348918
10.000000, 14.000000, 2.835958
11.000000, 14.000000, 3.229660
12.000000, 14.000000, 3.332546
13.000000, 14.000000, 3.122614
14.000000, 14.000000, 2.708843
15.000000, 14.000000, 2.213934
16.000000, 14.000000, 1.706693
17.000000, 14.000000, 1.204702
18.000000, 14.000000, 0.729459
19.000000, 14.000000, 0.399869
20.000000, 14.000000, 0.549829
21.000000, 14.000000, 0.931374
0.000000, 15.000000, 1.412770
1.000000, 15.000000, 0.923048
2.000000, 15.000000, 0.747625
3.000000, 15.000000, 0.720899
4.000000, 15.000000, 0.756092
5.000000, 15.000000, 0.862070
6.000000, 15.000000, 1.039750
7.000000, 15.000000, 1.276334
8.000000, 15.000000, 1.571788
9.000000, 15.000000, 1.916847
10.000000, 15.000000, 2.283846
11.000000, 15.000000, 2.524929
12.000000, 15.000000, 2.634424
13.000000, 15.000000, 2.593549
14.000000, 15.000000, 2.423020
15.000000, 15.000000, 2.109649
16.000000, 15.000000, 1.730114
17.000000, 15.000000, 1.336902
18.000000, 15.000000, 0.978008
19.000000, 15.000000, 0.760497
20.000000, 15.000000, 0.803634
21.000000, 15.000000, 1.005661
0.000000, 16.000000, 1.697156
1.000000, 16.000000, 1.222790
2.000000, 16.000000, 0.914448
3.000000, 16.000000, 0.706483
4.000000, 16.000000, 0.591558
5.000000, 16.000000, 0.611319
6.000000, 16.000000, 0.761918
7.000000, 16.000000, 0.993364
8.000000, 16.000000, 1.266578
9.000000, 16.000000, 1.563350
10.000000, 16.000000, 1.842372
11.000000, 16.000000, 2.029528
12.000000, 16.000000, 2.166465
13.000000, 16.000000, 2.222083
14.000000, 16.000000, 2.146541
15.000000, 16.000000, 1.994395
16.000000, 16.000000, 1.762115
17.000000, 16.000000, 1.502259
18.000000, 16.000000, 1.272888
19.000000, 16.000000, 1.138256
20.000000, 16.000000, 1.130625
21.000000, 16.000000, 1.192979
0.000000, 17.000000, 1.880965
1.000000, 17.000000, 1.376769
2.000000, 17.000000, 0.939503
3.000000, 17.000000, 0.586971
4.000000, 17.000000, 0.344157
5.000000, 17.000000, 0.362360
6.000000, 17.000000, 0.568856
7.000000, 17.000000, 0.813531
8.000000, 17.000000, 1.055086
9.000000, 17.000000, 1.292101
10.000000, 17.000000, 1.467314
11.000000, 17.000000, 1.622186
12.000000, 17.000000, 1.782179
13.000000, 17.000000, 1.925907
14.000000, 17.000000, 1.981910
15.000000, 17.000000, 1.972514
16.000000, 17.000000, 1.883293
17.000000, 17.000000, 1.746211
18.000000, 17.000000, 1.619207
19.000000, 17.000000, 1.539480
20.000000, 17.000000, 1.511291
21.000000, 17.000000, 1.483605
0.000000, 18.000000, 2.351974
1.000000, 18.000000, 1.754474
2.000000, 18.000000, 1.168671
3.000000, 18.000000, 0.653279
4.000000, 18.000000, 0.215619
5.000000, 18.000000, 0.203141
6.000000, 18.000000, 0.456618
7.000000, 18.000000, 0.706704
8.000000, 18.000000, 0.910258
9.000000, 18.000000, 1.073493
10.000000, 18.000000, 1.147764
11.000000, 18.000000, 1.264091
12.000000, 18.000000, 1.462301
13.000000, 18.000000, 1.672958
14.000000, 18.000000, 1.864841
15.000000, 18.000000, 1.992513
16.000000, 18.000000, 2.036786
17.000000, 18.000000, 2.012486
18.000000, 18.000000, 1.982532
19.000000, 18.000000, 1.967948
20.000000, 18.000000, 1.957531
21.000000, 18.000000, 1.893820
0.000000, 19.000000, 3.061405
1.000000, 19.000000, 2.406646
2.000000, 19.000000, 1.631020
3.000000, 19.000000, 0.990660
4.000000, 19.000000, 0.577703
5.000000, 19.000000, 0.466394
6.000000, 19.000000, 0.587866
7.000000, 19.000000, 0.748155
8.000000, 19.000000, 0.851050
9.000000, 19.000000, 0.875948
10.000000, 19.000000, 0.825935
11.000000, 19.000000, 0.907708
12.000000, 19.000000, 1.118003
13.000000, 19.000000, 1.470948
14.000000, 19.000000, 1.823479
15.000000, 19.000000, 2.091359
16.000000, 19.000000, 2.263983
17.000000, 19.000000, 2.348868
18.000000, 19.000000, 2.421890
19.000000, 19.000000, 2.502090
20.000000, 19.000000, 2.573662
21.000000, 19.000000, 2.563878
0.000000, 20.000000, 4.335849
1.000000, 20.000000, 3.706873
2.000000, 20.000000, 2.592849
3.000000, 20.000000, 1.678912
4.000000, 20.000000, 1.150136
5.000000, 20.000000, 0.909570
6.000000, 20.000000, 0.866496
7.000000, 20.000000, 0.894358
8.000000, 20.000000, 0.882539
9.000000, 20.000000, 0.739224
10.000000, 20.000000, 0.471982
11.000000, 20.000000, 0.547704
12.000000, 20.000000, 0.948326
13.000000, 20.000000, 1.493901
14.000000, 20.000000, 1.975777
15.000000, 20.000000, 2.336193
16.000000, 20.000000, 2.593357
17.000000, 20.000000, 2.759821
18.000000, 20.000000, 2.927325
19.000000, 20.000000, 3.129798
20.000000, 20.000000, 3.372955
21.000000, 20.000000, 3.594731
0.000000, 21.000000, 5.971426
1.000000, 21.000000, 5.777122
2.000000, 21.000000, 3.797273
3.000000, 21.000000, 2.487987
4.000000, 21.000000, 1.777180
5.000000, 21.000000, 1.417923
6.000000, 21.000000, 1.253058
7.000000, 21.000000, 1.164716
8.000000, 21.000000, 1.051971
9.000000, 21.000000, 0.788901
10.000000, 21.000000, 0.371773
11.000000, 21.000000, 0.649959
12.000000, 21.000000, 1.224860
13.000000, 21.000000, 1.814537
14.000000, 21.000000, 2.331398
15.000000, 21.000000, 2.727431
16.000000, 21.000000, 3.026495
17.000000, 21.000000, 3.246408
18.000000, 21.000000, 3.492406
19.000000, 21.000000, 3.821760
20.000000, 21.000000, 4.286345
21.000000, 21.000000, 4.977955
