S
I=60,J=60
0.0, 0.0, 2.265347
0.0, 0.0, 2.266276
0.0, 0.0, 2.259528
0.0, 0.0, 2.243923
0.0, 0.0, 2.218236
0.0, 0.0, 2.181270
0.0, 0.0, 2.131989
0.0, 0.0, 2.069761
0.0, 0.0, 1.993905
0.0, 0.0, 1.906783
0.0, 0.0, 1.809195
0.0, 0.0, 1.702170
0.0, 0.0, 1.587477
0.0, 0.0, 1.467782
0.0, 0.0, 1.346812
0.0, 0.0, 1.229554
0.0, 0.0, 1.122418
0.0, 0.0, 1.033251
0.0, 0.0, 0.970760
0.0, 0.0, 0.942846
0.0, 0.0, 0.954009
0.0, 0.0, 1.003546
0.0, 0.0, 1.086265
0.0, 0.0, 1.195004
0.0, 0.0, 1.322807
0.0, 0.0, 1.463812
0.0, 0.0, 1.613242
0.0, 0.0, 1.775573
0.0, 0.0, 1.955511
0.0, 0.0, 2.123764
0.0, 0.0, 2.272563
0.0, 0.0, 2.395630
0.0, 0.0, 2.489150
0.0, 0.0, 2.571912
0.0, 0.0, 2.613948
0.0, 0.0, 2.620706
0.0, 0.0, 2.598348
0.0, 0.0, 2.552562
0.0, 0.0, 2.488045
0.0, 0.0, 2.408361
0.0, 0.0, 2.316042
0.0, 0.0, 2.212817
0.0, 0.0, 2.099880
0.0, 0.0, 1.978161
0.0, 0.0, 1.848569
0.0, 0.0, 1.712191
0.0, 0.0, 1.570412
0.0, 0.0, 1.424959
0.0, 0.0, 1.277861
0.0, 0.0, 1.131328
0.0, 0.0, 0.987585
0.0, 0.0, 0.848713
0.0, 0.0, 0.716505
0.0, 0.0, 0.592385
0.0, 0.0, 0.476517
0.0, 0.0, 0.387998
0.0, 0.0, 0.343548
0.0, 0.0, 0.337920
0.0, 0.0, 0.357854
0.0, 0.0, 0.389798
0.0, 0.0, 2.371297
0.0, 0.0, 2.377556
0.0, 0.0, 2.373766
0.0, 0.0, 2.359656
0.0, 0.0, 2.334028
0.0, 0.0, 2.295516
0.0, 0.0, 2.243039
0.0, 0.0, 2.176032
0.0, 0.0, 2.094662
0.0, 0.0, 1.999361
0.0, 0.0, 1.890816
0.0, 0.0, 1.769990
0.0, 0.0, 1.638622
0.0, 0.0, 1.499526
0.0, 0.0, 1.356825
0.0, 0.0, 1.216285
0.0, 0.0, 1.085742
0.0, 0.0, 0.975368
0.0, 0.0, 0.896946
0.0, 0.0, 0.861297
0.0, 0.0, 0.874518
0.0, 0.0, 0.935606
0.0, 0.0, 1.037537
0.0, 0.0, 1.171012
0.0, 0.0, 1.328162
0.0, 0.0, 1.504100
0.0, 0.0, 1.696641
0.0, 0.0, 1.902827
0.0, 0.0, 2.112375
0.0, 0.0, 2.311113
0.0, 0.0, 2.484637
0.0, 0.0, 2.624246
0.0, 0.0, 2.727943
0.0, 0.0, 2.794744
0.0, 0.0, 2.825939
0.0, 0.0, 2.822142
0.0, 0.0, 2.788650
0.0, 0.0, 2.731439
0.0, 0.0, 2.655796
0.0, 0.0, 2.565663
0.0, 0.0, 2.463590
0.0, 0.0, 2.351034
0.0, 0.0, 2.228761
0.0, 0.0, 2.097239
0.0, 0.0, 1.956978
0.0, 0.0, 1.808814
0.0, 0.0, 1.654094
0.0, 0.0, 1.494745
0.0, 0.0, 1.333224
0.0, 0.0, 1.172338
0.0, 0.0, 1.015019
0.0, 0.0, 0.864139
0.0, 0.0, 0.722662
0.0, 0.0, 0.594620
0.0, 0.0, 0.488380
0.0, 0.0, 0.414864
0.0, 0.0, 0.380173
0.0, 0.0, 0.379627
0.0, 0.0, 0.399630
0.0, 0.0, 0.421278
0.0, 0.0, 2.487960
0.0, 0.0, 2.499401
0.0, 0.0, 2.499596
0.0, 0.0, 2.488185
0.0, 0.0, 2.463860
0.0, 0.0, 2.425020
0.0, 0.0, 2.370463
0.0, 0.0, 2.299692
0.0, 0.0, 2.212616
0.0, 0.0, 2.109136
0.0, 0.0, 1.989258
0.0, 0.0, 1.853577
0.0, 0.0, 1.703651
0.0, 0.0, 1.542301
0.0, 0.0, 1.373880
0.0, 0.0, 1.204712
0.0, 0.0, 1.043889
0.0, 0.0, 0.904344
0.0, 0.0, 0.802670
0.0, 0.0, 0.755334
0.0, 0.0, 0.771788
0.0, 0.0, 0.849817
0.0, 0.0, 0.977875
0.0, 0.0, 1.142470
0.0, 0.0, 1.334436
0.0, 0.0, 1.550300
0.0, 0.0, 1.788283
0.0, 0.0, 2.041912
0.0, 0.0, 2.297207
0.0, 0.0, 2.536040
0.0, 0.0, 2.740953
0.0, 0.0, 2.899105
0.0, 0.0, 3.005090
0.0, 0.0, 3.061164
0.0, 0.0, 3.073962
0.0, 0.0, 3.050851
0.0, 0.0, 2.998974
0.0, 0.0, 2.925188
0.0, 0.0, 2.835214
0.0, 0.0, 2.732980
0.0, 0.0, 2.620622
0.0, 0.0, 2.498924
0.0, 0.0, 2.367858
0.0, 0.0, 2.227105
0.0, 0.0, 2.076504
0.0, 0.0, 1.916449
0.0, 0.0, 1.748175
0.0, 0.0, 1.573876
0.0, 0.0, 1.396612
0.0, 0.0, 1.220047
0.0, 0.0, 1.048107
0.0, 0.0, 0.884730
0.0, 0.0, 0.734139
0.0, 0.0, 0.602468
0.0, 0.0, 0.499392
0.0, 0.0, 0.435242
0.0, 0.0, 0.412792
0.0, 0.0, 0.423097
0.0, 0.0, 0.449541
0.0, 0.0, 0.473000
0.0, 0.0, 2.616437
0.0, 0.0, 2.633790
0.0, 0.0, 2.638838
0.0, 0.0, 2.631189
0.0, 0.0, 2.609347
0.0, 0.0, 2.571504
0.0, 0.0, 2.516360
0.0, 0.0, 2.443296
0.0, 0.0, 2.351798
0.0, 0.0, 2.241046
0.0, 0.0, 2.110317
0.0, 0.0, 1.959632
0.0, 0.0, 1.790213
0.0, 0.0, 1.604775
0.0, 0.0, 1.407795
0.0, 0.0, 1.205942
0.0, 0.0, 1.009220
0.0, 0.0, 0.833358
0.0, 0.0, 0.701449
0.0, 0.0, 0.638806
0.0, 0.0, 0.660322
0.0, 0.0, 0.761075
0.0, 0.0, 0.921601
0.0, 0.0, 1.122281
0.0, 0.0, 1.353157
0.0, 0.0, 1.613141
0.0, 0.0, 1.901904
0.0, 0.0, 2.211239
0.0, 0.0, 2.523615
0.0, 0.0, 2.815080
0.0, 0.0, 3.059932
0.0, 0.0, 3.237768
0.0, 0.0, 3.340747
0.0, 0.0, 3.375543
0.0, 0.0, 3.357692
0.0, 0.0, 3.303263
0.0, 0.0, 3.224079
0.0, 0.0, 3.128299
0.0, 0.0, 3.021418
0.0, 0.0, 2.906570
0.0, 0.0, 2.784832
0.0, 0.0, 2.655795
0.0, 0.0, 2.518210
0.0, 0.0, 2.370587
0.0, 0.0, 2.211745
0.0, 0.0, 2.041348
0.0, 0.0, 1.860389
0.0, 0.0, 1.671377
0.0, 0.0, 1.478213
0.0, 0.0, 1.285726
0.0, 0.0, 1.099194
0.0, 0.0, 0.923943
0.0, 0.0, 0.765566
0.0, 0.0, 0.631335
0.0, 0.0, 0.531613
0.0, 0.0, 0.476324
0.0, 0.0, 0.465786
0.0, 0.0, 0.486991
0.0, 0.0, 0.520607
0.0, 0.0, 0.547623
0.0, 0.0, 2.757909
0.0, 0.0, 2.781003
0.0, 0.0, 2.790925
0.0, 0.0, 2.787366
0.0, 0.0, 2.768720
0.0, 0.0, 2.733027
0.0, 0.0, 2.678969
0.0, 0.0, 2.605697
0.0, 0.0, 2.512032
0.0, 0.0, 2.396200
0.0, 0.0, 2.256509
0.0, 0.0, 2.092165
0.0, 0.0, 1.903840
0.0, 0.0, 1.694044
0.0, 0.0, 1.467373
0.0, 0.0, 1.230849
0.0, 0.0, 0.995179
0.0, 0.0, 0.778478
0.0, 0.0, 0.611180
0.0, 0.0, 0.530685
0.0, 0.0, 0.559350
0.0, 0.0, 0.687436
0.0, 0.0, 0.883696
0.0, 0.0, 1.121554
0.0, 0.0, 1.392015
0.0, 0.0, 1.697865
0.0, 0.0, 2.041533
0.0, 0.0, 2.415524
0.0, 0.0, 2.799947
0.0, 0.0, 3.161816
0.0, 0.0, 3.459575
0.0, 0.0, 3.658104
0.0, 0.0, 3.746062
0.0, 0.0, 3.740058
0.0, 0.0, 3.671821
0.0, 0.0, 3.570587
0.0, 0.0, 3.454355
0.0, 0.0, 3.331845
0.0, 0.0, 3.206916
0.0, 0.0, 3.080729
0.0, 0.0, 2.952500
0.0, 0.0, 2.820092
0.0, 0.0, 2.680638
0.0, 0.0, 2.531106
0.0, 0.0, 2.368875
0.0, 0.0, 2.192402
0.0, 0.0, 2.002017
0.0, 0.0, 1.800494
0.0, 0.0, 1.592725
0.0, 0.0, 1.385113
0.0, 0.0, 1.184660
0.0, 0.0, 0.998476
0.0, 0.0, 0.833563
0.0, 0.0, 0.697852
0.0, 0.0, 0.601427
0.0, 0.0, 0.553107
0.0, 0.0, 0.551063
0.0, 0.0, 0.579447
0.0, 0.0, 0.617615
0.0, 0.0, 0.646888
0.0, 0.0, 2.913650
0.0, 0.0, 2.938137
0.0, 0.0, 2.950277
0.0, 0.0, 2.950171
0.0, 0.0, 2.934861
0.0, 0.0, 2.902405
0.0, 0.0, 2.851483
0.0, 0.0, 2.780933
0.0, 0.0, 2.688704
0.0, 0.0, 2.571792
0.0, 0.0, 2.427158
0.0, 0.0, 2.252749
0.0, 0.0, 2.048318
0.0, 0.0, 1.816051
0.0, 0.0, 1.560874
0.0, 0.0, 1.290673
0.0, 0.0, 1.017454
0.0, 0.0, 0.761854
0.0, 0.0, 0.560482
0.0, 0.0, 0.462958
0.0, 0.0, 0.499149
0.0, 0.0, 0.652775
0.0, 0.0, 0.879667
0.0, 0.0, 1.148773
0.0, 0.0, 1.453744
0.0, 0.0, 1.802146
0.0, 0.0, 2.200628
0.0, 0.0, 2.646610
0.0, 0.0, 3.121238
0.0, 0.0, 3.578812
0.0, 0.0, 3.948864
0.0, 0.0, 4.167780
0.0, 0.0, 4.219317
0.0, 0.0, 4.142236
0.0, 0.0, 3.997893
0.0, 0.0, 3.833943
0.0, 0.0, 3.673207
0.0, 0.0, 3.522180
0.0, 0.0, 3.380986
0.0, 0.0, 3.247531
0.0, 0.0, 3.118514
0.0, 0.0, 2.989740
0.0, 0.0, 2.856468
0.0, 0.0, 2.713810
0.0, 0.0, 2.557140
0.0, 0.0, 2.382875
0.0, 0.0, 2.189750
0.0, 0.0, 1.980070
0.0, 0.0, 1.759910
0.0, 0.0, 1.537627
0.0, 0.0, 1.322880
0.0, 0.0, 1.125158
0.0, 0.0, 0.952938
0.0, 0.0, 0.814268
0.0, 0.0, 0.718032
0.0, 0.0, 0.671367
0.0, 0.0, 0.671079
0.0, 0.0, 0.700212
0.0, 0.0, 0.738878
0.0, 0.0, 0.772165
0.0, 0.0, 3.085055
0.0, 0.0, 3.093995
0.0, 0.0, 3.106463
0.0, 0.0, 3.109546
0.0, 0.0, 3.098650
0.0, 0.0, 3.071656
0.0, 0.0, 3.027246
0.0, 0.0, 2.963887
0.0, 0.0, 2.878578
0.0, 0.0, 2.766833
0.0, 0.0, 2.623771
0.0, 0.0, 2.445384
0.0, 0.0, 2.229863
0.0, 0.0, 1.978847
0.0, 0.0, 1.698153
0.0, 0.0, 1.397857
0.0, 0.0, 1.093039
0.0, 0.0, 0.807950
0.0, 0.0, 0.583866
0.0, 0.0, 0.474467
0.0, 0.0, 0.513973
0.0, 0.0, 0.678925
0.0, 0.0, 0.920651
0.0, 0.0, 1.207017
0.0, 0.0, 1.534573
0.0, 0.0, 1.914924
0.0, 0.0, 2.360078
0.0, 0.0, 2.876384
0.0, 0.0, 3.452720
0.0, 0.0, 4.030354
0.0, 0.0, 4.493740
0.0, 0.0, 4.729997
0.0, 0.0, 4.717023
0.0, 0.0, 4.535697
0.0, 0.0, 4.294378
0.0, 0.0, 4.060619
0.0, 0.0, 3.856047
0.0, 0.0, 3.680995
0.0, 0.0, 3.530115
0.0, 0.0, 3.397402
0.0, 0.0, 3.276910
0.0, 0.0, 3.162549
0.0, 0.0, 3.047712
0.0, 0.0, 2.925292
0.0, 0.0, 2.787886
0.0, 0.0, 2.628501
0.0, 0.0, 2.442587
0.0, 0.0, 2.230644
0.0, 0.0, 1.999237
0.0, 0.0, 1.760062
0.0, 0.0, 1.527051
0.0, 0.0, 1.313360
0.0, 0.0, 1.129323
0.0, 0.0, 0.982734
0.0, 0.0, 0.880675
0.0, 0.0, 0.828313
0.0, 0.0, 0.821631
0.0, 0.0, 0.844067
0.0, 0.0, 0.876902
0.0, 0.0, 0.913674
0.0, 0.0, 3.231997
0.0, 0.0, 3.236064
0.0, 0.0, 3.251312
0.0, 0.0, 3.259947
0.0, 0.0, 3.256726
0.0, 0.0, 3.239456
0.0, 0.0, 3.206795
0.0, 0.0, 3.156942
0.0, 0.0, 3.086079
0.0, 0.0, 2.988152
0.0, 0.0, 2.855903
0.0, 0.0, 2.682346
0.0, 0.0, 2.462893
0.0, 0.0, 2.197955
0.0, 0.0, 1.894823
0.0, 0.0, 1.567917
0.0, 0.0, 1.238227
0.0, 0.0, 0.935279
0.0, 0.0, 0.701677
0.0, 0.0, 0.587726
0.0, 0.0, 0.618253
0.0, 0.0, 0.773028
0.0, 0.0, 1.007054
0.0, 0.0, 1.291218
0.0, 0.0, 1.623515
0.0, 0.0, 2.017269
0.0, 0.0, 2.488715
0.0, 0.0, 3.054061
0.0, 0.0, 3.713466
0.0, 0.0, 4.404043
0.0, 0.0, 4.960328
0.0, 0.0, 5.206430
0.0, 0.0, 5.114833
0.0, 0.0, 4.824260
0.0, 0.0, 4.495571
0.0, 0.0, 4.206811
0.0, 0.0, 3.973391
0.0, 0.0, 3.787976
0.0, 0.0, 3.640056
0.0, 0.0, 3.520553
0.0, 0.0, 3.421525
0.0, 0.0, 3.335506
0.0, 0.0, 3.254652
0.0, 0.0, 3.169690
0.0, 0.0, 3.069702
0.0, 0.0, 2.942523
0.0, 0.0, 2.777405
0.0, 0.0, 2.569968
0.0, 0.0, 2.326461
0.0, 0.0, 2.063454
0.0, 0.0, 1.802483
0.0, 0.0, 1.563050
0.0, 0.0, 1.358434
0.0, 0.0, 1.196084
0.0, 0.0, 1.080868
0.0, 0.0, 1.015701
0.0, 0.0, 0.995667
0.0, 0.0, 1.004954
0.0, 0.0, 1.025901
0.0, 0.0, 1.046108
0.0, 0.0, 3.337039
0.0, 0.0, 3.363112
0.0, 0.0, 3.386303
0.0, 0.0, 3.404241
0.0, 0.0, 3.412951
0.0, 0.0, 3.410402
0.0, 0.0, 3.395466
0.0, 0.0, 3.366454
0.0, 0.0, 3.319209
0.0, 0.0, 3.246419
0.0, 0.0, 3.138052
0.0, 0.0, 2.982606
0.0, 0.0, 2.770220
0.0, 0.0, 2.497857
0.0, 0.0, 2.174085
0.0, 0.0, 1.820018
0.0, 0.0, 1.466132
0.0, 0.0, 1.149114
0.0, 0.0, 0.910719
0.0, 0.0, 0.788810
0.0, 0.0, 0.798789
0.0, 0.0, 0.923138
0.0, 0.0, 1.127565
0.0, 0.0, 1.388569
0.0, 0.0, 1.704322
0.0, 0.0, 2.086367
0.0, 0.0, 2.551739
0.0, 0.0, 3.121100
0.0, 0.0, 3.801690
0.0, 0.0, 4.529841
0.0, 0.0, 5.124865
0.0, 0.0, 5.368250
0.0, 0.0, 5.231180
0.0, 0.0, 4.893145
0.0, 0.0, 4.532520
0.0, 0.0, 4.230977
0.0, 0.0, 3.999158
0.0, 0.0, 3.826072
0.0, 0.0, 3.699247
0.0, 0.0, 3.608476
0.0, 0.0, 3.545427
0.0, 0.0, 3.502329
0.0, 0.0, 3.471337
0.0, 0.0, 3.442817
0.0, 0.0, 3.402958
0.0, 0.0, 3.332205
0.0, 0.0, 3.208241
0.0, 0.0, 3.015424
0.0, 0.0, 2.756838
0.0, 0.0, 2.456803
0.0, 0.0, 2.150827
0.0, 0.0, 1.869912
0.0, 0.0, 1.632261
0.0, 0.0, 1.444628
0.0, 0.0, 1.308902
0.0, 0.0, 1.225079
0.0, 0.0, 1.186863
0.0, 0.0, 1.178628
0.0, 0.0, 1.182798
0.0, 0.0, 1.187265
0.0, 0.0, 3.444572
0.0, 0.0, 3.482415
0.0, 0.0, 3.517401
0.0, 0.0, 3.547749
0.0, 0.0, 3.571658
0.0, 0.0, 3.587833
0.0, 0.0, 3.595815
0.0, 0.0, 3.594725
0.0, 0.0, 3.581090
0.0, 0.0, 3.547416
0.0, 0.0, 3.481207
0.0, 0.0, 3.364513
0.0, 0.0, 3.177397
0.0, 0.0, 2.907632
0.0, 0.0, 2.562512
0.0, 0.0, 2.172557
0.0, 0.0, 1.783266
0.0, 0.0, 1.441918
0.0, 0.0, 1.188288
0.0, 0.0, 1.048076
0.0, 0.0, 1.026280
0.0, 0.0, 1.106773
0.0, 0.0, 1.264787
0.0, 0.0, 1.483331
0.0, 0.0, 1.760233
0.0, 0.0, 2.103336
0.0, 0.0, 2.525258
0.0, 0.0, 3.042683
0.0, 0.0, 3.659005
0.0, 0.0, 4.314848
0.0, 0.0, 4.845502
0.0, 0.0, 5.072614
0.0, 0.0, 4.970300
0.0, 0.0, 4.682586
0.0, 0.0, 4.371611
0.0, 0.0, 4.113328
0.0, 0.0, 3.921223
0.0, 0.0, 3.787335
0.0, 0.0, 3.701472
0.0, 0.0, 3.654699
0.0, 0.0, 3.639732
0.0, 0.0, 3.650999
0.0, 0.0, 3.683420
0.0, 0.0, 3.729835
0.0, 0.0, 3.775047
0.0, 0.0, 3.791178
0.0, 0.0, 3.736079
0.0, 0.0, 3.573738
0.0, 0.0, 3.296660
0.0, 0.0, 2.942126
0.0, 0.0, 2.568174
0.0, 0.0, 2.226285
0.0, 0.0, 1.941447
0.0, 0.0, 1.719202
0.0, 0.0, 1.556688
0.0, 0.0, 1.449930
0.0, 0.0, 1.390444
0.0, 0.0, 1.362112
0.0, 0.0, 1.347726
0.0, 0.0, 1.335536
0.0, 0.0, 3.553377
0.0, 0.0, 3.601319
0.0, 0.0, 3.647953
0.0, 0.0, 3.692103
0.0, 0.0, 3.732881
0.0, 0.0, 3.770057
0.0, 0.0, 3.804392
0.0, 0.0, 3.836699
0.0, 0.0, 3.865735
0.0, 0.0, 3.886059
0.0, 0.0, 3.884553
0.0, 0.0, 3.835822
0.0, 0.0, 3.702148
0.0, 0.0, 3.450835
0.0, 0.0, 3.080464
0.0, 0.0, 2.635118
0.0, 0.0, 2.185158
0.0, 0.0, 1.795951
0.0, 0.0, 1.507579
0.0, 0.0, 1.334553
0.0, 0.0, 1.271519
0.0, 0.0, 1.300703
0.0, 0.0, 1.401773
0.0, 0.0, 1.562327
0.0, 0.0, 1.780883
0.0, 0.0, 2.060767
0.0, 0.0, 2.407909
0.0, 0.0, 2.829065
0.0, 0.0, 3.318641
0.0, 0.0, 3.824254
0.0, 0.0, 4.233417
0.0, 0.0, 4.434412
0.0, 0.0, 4.408095
0.0, 0.0, 4.239496
0.0, 0.0, 4.037870
0.0, 0.0, 3.867708
0.0, 0.0, 3.747267
0.0, 0.0, 3.675644
0.0, 0.0, 3.646583
0.0, 0.0, 3.654262
0.0, 0.0, 3.694773
0.0, 0.0, 3.766585
0.0, 0.0, 3.869997
0.0, 0.0, 4.003671
0.0, 0.0, 4.154246
0.0, 0.0, 4.278838
0.0, 0.0, 4.318025
0.0, 0.0, 4.199303
0.0, 0.0, 3.910651
0.0, 0.0, 3.489963
0.0, 0.0, 3.033454
0.0, 0.0, 2.613758
0.0, 0.0, 2.271590
0.0, 0.0, 2.008920
0.0, 0.0, 1.816155
0.0, 0.0, 1.684292
0.0, 0.0, 1.602053
0.0, 0.0, 1.552406
0.0, 0.0, 1.518466
0.0, 0.0, 1.488910
0.0, 0.0, 3.662164
0.0, 0.0, 3.719710
0.0, 0.0, 3.777639
0.0, 0.0, 3.835417
0.0, 0.0, 3.893048
0.0, 0.0, 3.951454
0.0, 0.0, 4.012937
0.0, 0.0, 4.080712
0.0, 0.0, 4.157296
0.0, 0.0, 4.242151
0.0, 0.0, 4.325486
0.0, 0.0, 4.374713
0.0, 0.0, 4.328930
0.0, 0.0, 4.116242
0.0, 0.0, 3.716875
0.0, 0.0, 3.189726
0.0, 0.0, 2.647708
0.0, 0.0, 2.183430
0.0, 0.0, 1.840746
0.0, 0.0, 1.621963
0.0, 0.0, 1.510681
0.0, 0.0, 1.484672
0.0, 0.0, 1.524168
0.0, 0.0, 1.618256
0.0, 0.0, 1.764815
0.0, 0.0, 1.965379
0.0, 0.0, 2.219646
0.0, 0.0, 2.525958
0.0, 0.0, 2.872496
0.0, 0.0, 3.222283
0.0, 0.0, 3.512321
0.0, 0.0, 3.684510
0.0, 0.0, 3.726473
0.0, 0.0, 3.678441
0.0, 0.0, 3.600116
0.0, 0.0, 3.534885
0.0, 0.0, 3.501789
0.0, 0.0, 3.503730
0.0, 0.0, 3.539069
0.0, 0.0, 3.605671
0.0, 0.0, 3.703361
0.0, 0.0, 3.835217
0.0, 0.0, 4.007570
0.0, 0.0, 4.226477
0.0, 0.0, 4.482423
0.0, 0.0, 4.723039
0.0, 0.0, 4.840342
0.0, 0.0, 4.783993
0.0, 0.0, 4.488676
0.0, 0.0, 4.032679
0.0, 0.0, 3.492229
0.0, 0.0, 2.997399
0.0, 0.0, 2.600370
0.0, 0.0, 2.299254
0.0, 0.0, 2.077572
0.0, 0.0, 1.921445
0.0, 0.0, 1.816777
0.0, 0.0, 1.745785
0.0, 0.0, 1.692131
0.0, 0.0, 1.645073
0.0, 0.0, 3.769701
0.0, 0.0, 3.836124
0.0, 0.0, 3.904367
0.0, 0.0, 3.974467
0.0, 0.0, 4.047250
0.0, 0.0, 4.124723
0.0, 0.0, 4.210654
0.0, 0.0, 4.310674
0.0, 0.0, 4.431557
0.0, 0.0, 4.579180
0.0, 0.0, 4.750182
0.0, 0.0, 4.910082
0.0, 0.0, 4.967466
0.0, 0.0, 4.812610
0.0, 0.0, 4.382609
0.0, 0.0, 3.764646
0.0, 0.0, 3.113457
0.0, 0.0, 2.563292
0.0, 0.0, 2.158356
0.0, 0.0, 1.888298
0.0, 0.0, 1.725962
0.0, 0.0, 1.644084
0.0, 0.0, 1.621596
0.0, 0.0, 1.647087
0.0, 0.0, 1.717612
0.0, 0.0, 1.832293
0.0, 0.0, 1.989388
0.0, 0.0, 2.183682
0.0, 0.0, 2.404506
0.0, 0.0, 2.630129
0.0, 0.0, 2.829742
0.0, 0.0, 2.976422
0.0, 0.0, 3.062927
0.0, 0.0, 3.105507
0.0, 0.0, 3.131348
0.0, 0.0, 3.163979
0.0, 0.0, 3.215018
0.0, 0.0, 3.289137
0.0, 0.0, 3.387654
0.0, 0.0, 3.511356
0.0, 0.0, 3.662562
0.0, 0.0, 3.847317
0.0, 0.0, 4.075872
0.0, 0.0, 4.359524
0.0, 0.0, 4.693342
0.0, 0.0, 5.016935
0.0, 0.0, 5.219329
0.0, 0.0, 5.172818
0.0, 0.0, 4.938479
0.0, 0.0, 4.451470
0.0, 0.0, 3.870071
0.0, 0.0, 3.331790
0.0, 0.0, 2.900954
0.0, 0.0, 2.573551
0.0, 0.0, 2.330038
0.0, 0.0, 2.153889
0.0, 0.0, 2.029180
0.0, 0.0, 1.938174
0.0, 0.0, 1.865600
0.0, 0.0, 1.801578
0.0, 0.0, 3.874962
0.0, 0.0, 3.949133
0.0, 0.0, 4.026059
0.0, 0.0, 4.106154
0.0, 0.0, 4.190816
0.0, 0.0, 4.282777
0.0, 0.0, 4.386703
0.0, 0.0, 4.509725
0.0, 0.0, 4.661456
0.0, 0.0, 4.852354
0.0, 0.0, 5.084512
0.0, 0.0, 5.323054
0.0, 0.0, 5.464664
0.0, 0.0, 5.349250
0.0, 0.0, 4.913537
0.0, 0.0, 4.225443
0.0, 0.0, 3.499018
0.0, 0.0, 2.885919
0.0, 0.0, 2.431000
0.0, 0.0, 2.115294
0.0, 0.0, 1.905182
0.0, 0.0, 1.770377
0.0, 0.0, 1.688851
0.0, 0.0, 1.648748
0.0, 0.0, 1.645819
0.0, 0.0, 1.677990
0.0, 0.0, 1.742479
0.0, 0.0, 1.836989
0.0, 0.0, 1.956219
0.0, 0.0, 2.090917
0.0, 0.0, 2.228138
0.0, 0.0, 2.356515
0.0, 0.0, 2.471742
0.0, 0.0, 2.577688
0.0, 0.0, 2.682987
0.0, 0.0, 2.794061
0.0, 0.0, 2.915767
0.0, 0.0, 3.051728
0.0, 0.0, 3.204937
0.0, 0.0, 3.377849
0.0, 0.0, 3.573982
0.0, 0.0, 3.799506
0.0, 0.0, 4.064727
0.0, 0.0, 4.380902
0.0, 0.0, 4.743514
0.0, 0.0, 5.101233
0.0, 0.0, 5.335623
0.0, 0.0, 5.372375
0.0, 0.0, 5.122777
0.0, 0.0, 4.669014
0.0, 0.0, 4.106540
0.0, 0.0, 3.580775
0.0, 0.0, 3.150906
0.0, 0.0, 2.817297
0.0, 0.0, 2.563654
0.0, 0.0, 2.374501
0.0, 0.0, 2.234039
0.0, 0.0, 2.125659
0.0, 0.0, 2.035870
0.0, 0.0, 1.956045
0.0, 0.0, 3.977263
0.0, 0.0, 4.057764
0.0, 0.0, 4.141276
0.0, 0.0, 4.228298
0.0, 0.0, 4.320381
0.0, 0.0, 4.420393
0.0, 0.0, 4.532976
0.0, 0.0, 4.665115
0.0, 0.0, 4.826347
0.0, 0.0, 5.027032
0.0, 0.0, 5.268772
0.0, 0.0, 5.517617
0.0, 0.0, 5.667464
0.0, 0.0, 5.572982
0.0, 0.0, 5.135879
0.0, 0.0, 4.459015
0.0, 0.0, 3.733154
0.0, 0.0, 3.110758
0.0, 0.0, 2.635383
0.0, 0.0, 2.289626
0.0, 0.0, 2.041126
0.0, 0.0, 1.860586
0.0, 0.0, 1.726679
0.0, 0.0, 1.627562
0.0, 0.0, 1.558466
0.0, 0.0, 1.516292
0.0, 0.0, 1.498549
0.0, 0.0, 1.505803
0.0, 0.0, 1.541982
0.0, 0.0, 1.608494
0.0, 0.0, 1.703801
0.0, 0.0, 1.823661
0.0, 0.0, 1.963172
0.0, 0.0, 2.117759
0.0, 0.0, 2.281978
0.0, 0.0, 2.452089
0.0, 0.0, 2.627773
0.0, 0.0, 2.811753
0.0, 0.0, 3.007167
0.0, 0.0, 3.216905
0.0, 0.0, 3.444642
0.0, 0.0, 3.695988
0.0, 0.0, 3.977935
0.0, 0.0, 4.295885
0.0, 0.0, 4.643156
0.0, 0.0, 4.976076
0.0, 0.0, 5.218308
0.0, 0.0, 5.262584
0.0, 0.0, 5.068604
0.0, 0.0, 4.673501
0.0, 0.0, 4.196874
0.0, 0.0, 3.734716
0.0, 0.0, 3.340704
0.0, 0.0, 3.022472
0.0, 0.0, 2.772007
0.0, 0.0, 2.578172
0.0, 0.0, 2.427289
0.0, 0.0, 2.305038
0.0, 0.0, 2.200389
0.0, 0.0, 2.106377
0.0, 0.0, 4.076373
0.0, 0.0, 4.161695
0.0, 0.0, 4.249525
0.0, 0.0, 4.340100
0.0, 0.0, 4.434643
0.0, 0.0, 4.535491
0.0, 0.0, 4.646308
0.0, 0.0, 4.772288
0.0, 0.0, 4.920041
0.0, 0.0, 5.095397
0.0, 0.0, 5.294531
0.0, 0.0, 5.482489
0.0, 0.0, 5.574067
0.0, 0.0, 5.447968
0.0, 0.0, 5.050175
0.0, 0.0, 4.450022
0.0, 0.0, 3.801740
0.0, 0.0, 3.224196
0.0, 0.0, 2.761331
0.0, 0.0, 2.405635
0.0, 0.0, 2.132641
0.0, 0.0, 1.917671
0.0, 0.0, 1.741644
0.0, 0.0, 1.593452
0.0, 0.0, 1.468368
0.0, 0.0, 1.363152
0.0, 0.0, 1.275067
0.0, 0.0, 1.207541
0.0, 0.0, 1.172439
0.0, 0.0, 1.184675
0.0, 0.0, 1.252490
0.0, 0.0, 1.374710
0.0, 0.0, 1.541119
0.0, 0.0, 1.736140
0.0, 0.0, 1.944376
0.0, 0.0, 2.156413
0.0, 0.0, 2.370140
0.0, 0.0, 2.587636
0.0, 0.0, 2.811409
0.0, 0.0, 3.043784
0.0, 0.0, 3.288296
0.0, 0.0, 3.549474
0.0, 0.0, 3.831001
0.0, 0.0, 4.132337
0.0, 0.0, 4.440713
0.0, 0.0, 4.724778
0.0, 0.0, 4.923808
0.0, 0.0, 4.971946
0.0, 0.0, 4.835808
0.0, 0.0, 4.548166
0.0, 0.0, 4.182505
0.0, 0.0, 3.811416
0.0, 0.0, 3.475471
0.0, 0.0, 3.189242
0.0, 0.0, 2.953510
0.0, 0.0, 2.762770
0.0, 0.0, 2.606681
0.0, 0.0, 2.474220
0.0, 0.0, 2.357294
0.0, 0.0, 2.250899
0.0, 0.0, 4.172552
0.0, 0.0, 4.261327
0.0, 0.0, 4.351381
0.0, 0.0, 4.442354
0.0, 0.0, 4.534691
0.0, 0.0, 4.629645
0.0, 0.0, 4.729212
0.0, 0.0, 4.835910
0.0, 0.0, 4.952136
0.0, 0.0, 5.077886
0.0, 0.0, 5.203660
0.0, 0.0, 5.298132
0.0, 0.0, 5.299052
0.0, 0.0, 5.136611
0.0, 0.0, 4.783241
0.0, 0.0, 4.287841
0.0, 0.0, 3.745979
0.0, 0.0, 3.241703
0.0, 0.0, 2.814802
0.0, 0.0, 2.467650
0.0, 0.0, 2.185562
0.0, 0.0, 1.949996
0.0, 0.0, 1.745000
0.0, 0.0, 1.560636
0.0, 0.0, 1.392801
0.0, 0.0, 1.238615
0.0, 0.0, 1.095158
0.0, 0.0, 0.966708
0.0, 0.0, 0.872231
0.0, 0.0, 0.840236
0.0, 0.0, 0.891352
0.0, 0.0, 1.024342
0.0, 0.0, 1.218395
0.0, 0.0, 1.445193
0.0, 0.0, 1.683108
0.0, 0.0, 1.921189
0.0, 0.0, 2.157541
0.0, 0.0, 2.394110
0.0, 0.0, 2.632307
0.0, 0.0, 2.873563
0.0, 0.0, 3.120952
0.0, 0.0, 3.378274
0.0, 0.0, 3.647301
0.0, 0.0, 3.923758
0.0, 0.0, 4.193626
0.0, 0.0, 4.428380
0.0, 0.0, 4.590153
0.0, 0.0, 4.640684
0.0, 0.0, 4.563665
0.0, 0.0, 4.376077
0.0, 0.0, 4.120137
0.0, 0.0, 3.840686
0.0, 0.0, 3.569692
0.0, 0.0, 3.324189
0.0, 0.0, 3.110943
0.0, 0.0, 2.928982
0.0, 0.0, 2.771858
0.0, 0.0, 2.632349
0.0, 0.0, 2.505512
0.0, 0.0, 2.388439
0.0, 0.0, 4.266530
0.0, 0.0, 4.357755
0.0, 0.0, 4.448442
0.0, 0.0, 4.537358
0.0, 0.0, 4.623835
0.0, 0.0, 4.707675
0.0, 0.0, 4.788961
0.0, 0.0, 4.867570
0.0, 0.0, 4.942296
0.0, 0.0, 5.009044
0.0, 0.0, 5.056654
0.0, 0.0, 5.061110
0.0, 0.0, 4.985661
0.0, 0.0, 4.795206
0.0, 0.0, 4.480397
0.0, 0.0, 4.071405
0.0, 0.0, 3.624414
0.0, 0.0, 3.194622
0.0, 0.0, 2.813429
0.0, 0.0, 2.488008
0.0, 0.0, 2.210839
0.0, 0.0, 1.968961
0.0, 0.0, 1.749682
0.0, 0.0, 1.544524
0.0, 0.0, 1.350261
0.0, 0.0, 1.165181
0.0, 0.0, 0.986539
0.0, 0.0, 0.818863
0.0, 0.0, 0.684551
0.0, 0.0, 0.622534
0.0, 0.0, 0.664114
0.0, 0.0, 0.806850
0.0, 0.0, 1.017553
0.0, 0.0, 1.259822
0.0, 0.0, 1.509531
0.0, 0.0, 1.756574
0.0, 0.0, 1.999887
0.0, 0.0, 2.240983
0.0, 0.0, 2.479993
0.0, 0.0, 2.717490
0.0, 0.0, 2.956252
0.0, 0.0, 3.199746
0.0, 0.0, 3.449088
0.0, 0.0, 3.699901
0.0, 0.0, 3.938924
0.0, 0.0, 4.144135
0.0, 0.0, 4.288431
0.0, 0.0, 4.351220
0.0, 0.0, 4.324135
0.0, 0.0, 4.216083
0.0, 0.0, 4.049081
0.0, 0.0, 3.849454
0.0, 0.0, 3.640006
0.0, 0.0, 3.437056
0.0, 0.0, 3.249649
0.0, 0.0, 3.079571
0.0, 0.0, 2.924000
0.0, 0.0, 2.779659
0.0, 0.0, 2.644686
0.0, 0.0, 2.518276
0.0, 0.0, 4.359390
0.0, 0.0, 4.452618
0.0, 0.0, 4.543114
0.0, 0.0, 4.628581
0.0, 0.0, 4.707011
0.0, 0.0, 4.776598
0.0, 0.0, 4.835580
0.0, 0.0, 4.881835
0.0, 0.0, 4.912171
0.0, 0.0, 4.921272
0.0, 0.0, 4.900182
0.0, 0.0, 4.834339
0.0, 0.0, 4.704962
0.0, 0.0, 4.496329
0.0, 0.0, 4.207115
0.0, 0.0, 3.856238
0.0, 0.0, 3.479718
0.0, 0.0, 3.112798
0.0, 0.0, 2.777836
0.0, 0.0, 2.481684
0.0, 0.0, 2.220566
0.0, 0.0, 1.985512
0.0, 0.0, 1.766729
0.0, 0.0, 1.557323
0.0, 0.0, 1.355190
0.0, 0.0, 1.160268
0.0, 0.0, 0.971687
0.0, 0.0, 0.794460
0.0, 0.0, 0.650842
0.0, 0.0, 0.579972
0.0, 0.0, 0.615354
0.0, 0.0, 0.752320
0.0, 0.0, 0.956000
0.0, 0.0, 1.189266
0.0, 0.0, 1.429137
0.0, 0.0, 1.666749
0.0, 0.0, 1.901131
0.0, 0.0, 2.132381
0.0, 0.0, 2.359204
0.0, 0.0, 2.581662
0.0, 0.0, 2.802593
0.0, 0.0, 3.025566
0.0, 0.0, 3.252051
0.0, 0.0, 3.478873
0.0, 0.0, 3.696292
0.0, 0.0, 3.887435
0.0, 0.0, 4.032556
0.0, 0.0, 4.115973
0.0, 0.0, 4.132661
0.0, 0.0, 4.086802
0.0, 0.0, 3.989609
0.0, 0.0, 3.855872
0.0, 0.0, 3.700916
0.0, 0.0, 3.538067
0.0, 0.0, 3.376212
0.0, 0.0, 3.218480
0.0, 0.0, 3.065325
0.0, 0.0, 2.917150
0.0, 0.0, 2.774968
0.0, 0.0, 2.640008
0.0, 0.0, 4.452424
0.0, 0.0, 4.547853
0.0, 0.0, 4.638247
0.0, 0.0, 4.720087
0.0, 0.0, 4.789884
0.0, 0.0, 4.844150
0.0, 0.0, 4.879462
0.0, 0.0, 4.892425
0.0, 0.0, 4.879411
0.0, 0.0, 4.836313
0.0, 0.0, 4.758260
0.0, 0.0, 4.638941
0.0, 0.0, 4.470702
0.0, 0.0, 4.247596
0.0, 0.0, 3.971599
0.0, 0.0, 3.658333
0.0, 0.0, 3.332198
0.0, 0.0, 3.016140
0.0, 0.0, 2.724273
0.0, 0.0, 2.461195
0.0, 0.0, 2.224365
0.0, 0.0, 2.007291
0.0, 0.0, 1.802504
0.0, 0.0, 1.604675
0.0, 0.0, 1.412791
0.0, 0.0, 1.228770
0.0, 0.0, 1.054728
0.0, 0.0, 0.896537
0.0, 0.0, 0.772427
0.0, 0.0, 0.713028
0.0, 0.0, 0.741375
0.0, 0.0, 0.854987
0.0, 0.0, 1.027139
0.0, 0.0, 1.227598
0.0, 0.0, 1.437093
0.0, 0.0, 1.648049
0.0, 0.0, 1.858602
0.0, 0.0, 2.066625
0.0, 0.0, 2.269401
0.0, 0.0, 2.467019
0.0, 0.0, 2.662800
0.0, 0.0, 2.860808
0.0, 0.0, 3.063296
0.0, 0.0, 3.268869
0.0, 0.0, 3.471055
0.0, 0.0, 3.657913
0.0, 0.0, 3.813799
0.0, 0.0, 3.924359
0.0, 0.0, 3.982656
0.0, 0.0, 3.989364
0.0, 0.0, 3.949686
0.0, 0.0, 3.871273
0.0, 0.0, 3.763719
0.0, 0.0, 3.636703
0.0, 0.0, 3.497412
0.0, 0.0, 3.350198
0.0, 0.0, 3.198546
0.0, 0.0, 3.046177
0.0, 0.0, 2.896717
0.0, 0.0, 2.753331
0.0, 0.0, 4.546898
0.0, 0.0, 4.645291
0.0, 0.0, 4.736465
0.0, 0.0, 4.815551
0.0, 0.0, 4.877418
0.0, 0.0, 4.916807
0.0, 0.0, 4.928728
0.0, 0.0, 4.909017
0.0, 0.0, 4.854655
0.0, 0.0, 4.764021
0.0, 0.0, 4.636822
0.0, 0.0, 4.473242
0.0, 0.0, 4.272358
0.0, 0.0, 4.033904
0.0, 0.0, 3.763385
0.0, 0.0, 3.475415
0.0, 0.0, 3.187450
0.0, 0.0, 2.913582
0.0, 0.0, 2.661738
0.0, 0.0, 2.433849
0.0, 0.0, 2.227396
0.0, 0.0, 2.037260
0.0, 0.0, 1.857721
0.0, 0.0, 1.684784
0.0, 0.0, 1.518261
0.0, 0.0, 1.361595
0.0, 0.0, 1.219321
0.0, 0.0, 1.097065
0.0, 0.0, 1.006600
0.0, 0.0, 0.965423
0.0, 0.0, 0.987275
0.0, 0.0, 1.070832
0.0, 0.0, 1.199510
0.0, 0.0, 1.353260
0.0, 0.0, 1.518507
0.0, 0.0, 1.689640
0.0, 0.0, 1.863946
0.0, 0.0, 2.037087
0.0, 0.0, 2.205585
0.0, 0.0, 2.370187
0.0, 0.0, 2.535073
0.0, 0.0, 2.705073
0.0, 0.0, 2.883446
0.0, 0.0, 3.070437
0.0, 0.0, 3.262256
0.0, 0.0, 3.450489
0.0, 0.0, 3.622505
0.0, 0.0, 3.764325
0.0, 0.0, 3.865029
0.0, 0.0, 3.921043
0.0, 0.0, 3.932879
0.0, 0.0, 3.903421
0.0, 0.0, 3.837465
0.0, 0.0, 3.741032
0.0, 0.0, 3.619610
0.0, 0.0, 3.479146
0.0, 0.0, 3.326337
0.0, 0.0, 3.167983
0.0, 0.0, 3.010125
0.0, 0.0, 2.857765
0.0, 0.0, 4.643823
0.0, 0.0, 4.745904
0.0, 0.0, 4.838915
0.0, 0.0, 4.916498
0.0, 0.0, 4.971803
0.0, 0.0, 4.997594
0.0, 0.0, 4.987265
0.0, 0.0, 4.935912
0.0, 0.0, 4.841499
0.0, 0.0, 4.705293
0.0, 0.0, 4.531662
0.0, 0.0, 4.326140
0.0, 0.0, 4.093085
0.0, 0.0, 3.836985
0.0, 0.0, 3.567755
0.0, 0.0, 3.298788
0.0, 0.0, 3.042188
0.0, 0.0, 2.805581
0.0, 0.0, 2.592114
0.0, 0.0, 2.401261
0.0, 0.0, 2.229938
0.0, 0.0, 2.073724
0.0, 0.0, 1.928124
0.0, 0.0, 1.790164
0.0, 0.0, 1.660043
0.0, 0.0, 1.541503
0.0, 0.0, 1.439531
0.0, 0.0, 1.357948
0.0, 0.0, 1.301431
0.0, 0.0, 1.277640
0.0, 0.0, 1.293886
0.0, 0.0, 1.349741
0.0, 0.0, 1.435366
0.0, 0.0, 1.539042
0.0, 0.0, 1.653719
0.0, 0.0, 1.776736
0.0, 0.0, 1.905197
0.0, 0.0, 2.033816
0.0, 0.0, 2.159646
0.0, 0.0, 2.284734
0.0, 0.0, 2.414377
0.0, 0.0, 2.554362
0.0, 0.0, 2.709034
0.0, 0.0, 2.880071
0.0, 0.0, 3.065588
0.0, 0.0, 3.259502
0.0, 0.0, 3.451369
0.0, 0.0, 3.627211
0.0, 0.0, 3.773161
0.0, 0.0, 3.879577
0.0, 0.0, 3.942017
0.0, 0.0, 3.958776
0.0, 0.0, 3.930073
0.0, 0.0, 3.858198
0.0, 0.0, 3.748408
0.0, 0.0, 3.609166
0.0, 0.0, 3.450767
0.0, 0.0, 3.283179
0.0, 0.0, 3.114795
0.0, 0.0, 2.952331
0.0, 0.0, 4.743682
0.0, 0.0, 4.848596
0.0, 0.0, 4.943506
0.0, 0.0, 5.020606
0.0, 0.0, 5.071229
0.0, 0.0, 5.086089
0.0, 0.0, 5.056219
0.0, 0.0, 4.975397
0.0, 0.0, 4.841774
0.0, 0.0, 4.659368
0.0, 0.0, 4.437402
0.0, 0.0, 4.187006
0.0, 0.0, 3.918344
0.0, 0.0, 3.642121
0.0, 0.0, 3.371422
0.0, 0.0, 3.118123
0.0, 0.0, 2.889409
0.0, 0.0, 2.687796
0.0, 0.0, 2.512473
0.0, 0.0, 2.360611
0.0, 0.0, 2.228295
0.0, 0.0, 2.111335
0.0, 0.0, 2.006097
0.0, 0.0, 1.910291
0.0, 0.0, 1.824075
0.0, 0.0, 1.750310
0.0, 0.0, 1.692427
0.0, 0.0, 1.651461
0.0, 0.0, 1.626439
0.0, 0.0, 1.618285
0.0, 0.0, 1.630341
0.0, 0.0, 1.662347
0.0, 0.0, 1.708518
0.0, 0.0, 1.762937
0.0, 0.0, 1.824516
0.0, 0.0, 1.894016
0.0, 0.0, 1.969072
0.0, 0.0, 2.045384
0.0, 0.0, 2.121950
0.0, 0.0, 2.202627
0.0, 0.0, 2.293997
0.0, 0.0, 2.402905
0.0, 0.0, 2.534793
0.0, 0.0, 2.692534
0.0, 0.0, 2.875566
0.0, 0.0, 3.079281
0.0, 0.0, 3.294559
0.0, 0.0, 3.507865
0.0, 0.0, 3.702910
0.0, 0.0, 3.864174
0.0, 0.0, 3.980554
0.0, 0.0, 4.043846
0.0, 0.0, 4.048793
0.0, 0.0, 3.994792
0.0, 0.0, 3.888648
0.0, 0.0, 3.743006
0.0, 0.0, 3.572653
0.0, 0.0, 3.391138
0.0, 0.0, 3.209245
0.0, 0.0, 3.035202
0.0, 0.0, 4.846167
0.0, 0.0, 4.948828
0.0, 0.0, 5.044075
0.0, 0.0, 5.122759
0.0, 0.0, 5.172997
0.0, 0.0, 5.182791
0.0, 0.0, 5.139767
0.0, 0.0, 5.033989
0.0, 0.0, 4.862209
0.0, 0.0, 4.630615
0.0, 0.0, 4.354030
0.0, 0.0, 4.051093
0.0, 0.0, 3.740445
0.0, 0.0, 3.440069
0.0, 0.0, 3.165326
0.0, 0.0, 2.925420
0.0, 0.0, 2.722811
0.0, 0.0, 2.555326
0.0, 0.0, 2.418560
0.0, 0.0, 2.307408
0.0, 0.0, 2.216962
0.0, 0.0, 2.143053
0.0, 0.0, 2.082567
0.0, 0.0, 2.033764
0.0, 0.0, 1.996618
0.0, 0.0, 1.972553
0.0, 0.0, 1.962479
0.0, 0.0, 1.963975
0.0, 0.0, 1.971224
0.0, 0.0, 1.980045
0.0, 0.0, 1.989852
0.0, 0.0, 1.999895
0.0, 0.0, 2.007453
0.0, 0.0, 2.011843
0.0, 0.0, 2.017159
0.0, 0.0, 2.027737
0.0, 0.0, 2.042741
0.0, 0.0, 2.060540
0.0, 0.0, 2.083015
0.0, 0.0, 2.116024
0.0, 0.0, 2.167448
0.0, 0.0, 2.245173
0.0, 0.0, 2.355617
0.0, 0.0, 2.502623
0.0, 0.0, 2.686586
0.0, 0.0, 2.903905
0.0, 0.0, 3.146548
0.0, 0.0, 3.401629
0.0, 0.0, 3.651339
0.0, 0.0, 3.875131
0.0, 0.0, 4.052399
0.0, 0.0, 4.165333
0.0, 0.0, 4.200820
0.0, 0.0, 4.156859
0.0, 0.0, 4.044041
0.0, 0.0, 3.881625
0.0, 0.0, 3.690721
0.0, 0.0, 3.489256
0.0, 0.0, 3.290368
0.0, 0.0, 3.103339
0.0, 0.0, 4.949947
0.0, 0.0, 5.034994
0.0, 0.0, 5.133626
0.0, 0.0, 5.219455
0.0, 0.0, 5.277993
0.0, 0.0, 5.293433
0.0, 0.0, 5.247552
0.0, 0.0, 5.123797
0.0, 0.0, 4.914587
0.0, 0.0, 4.627480
0.0, 0.0, 4.284916
0.0, 0.0, 3.917272
0.0, 0.0, 3.555140
0.0, 0.0, 3.224885
0.0, 0.0, 2.943038
0.0, 0.0, 2.715078
0.0, 0.0, 2.538067
0.0, 0.0, 2.404895
0.0, 0.0, 2.307399
0.0, 0.0, 2.238133
0.0, 0.0, 2.191145
0.0, 0.0, 2.162203
0.0, 0.0, 2.148718
0.0, 0.0, 2.149597
0.0, 0.0, 2.164956
0.0, 0.0, 2.195192
0.0, 0.0, 2.238661
0.0, 0.0, 2.288848
0.0, 0.0, 2.334791
0.0, 0.0, 2.366058
0.0, 0.0, 2.376569
0.0, 0.0, 2.363988
0.0, 0.0, 2.329223
0.0, 0.0, 2.278297
0.0, 0.0, 2.221246
0.0, 0.0, 2.165767
0.0, 0.0, 2.114594
0.0, 0.0, 2.069573
0.0, 0.0, 2.035362
0.0, 0.0, 2.019421
0.0, 0.0, 2.030638
0.0, 0.0, 2.077722
0.0, 0.0, 2.167924
0.0, 0.0, 2.305937
0.0, 0.0, 2.493089
0.0, 0.0, 2.726812
0.0, 0.0, 3.000455
0.0, 0.0, 3.302458
0.0, 0.0, 3.614910
0.0, 0.0, 3.911925
0.0, 0.0, 4.161304
0.0, 0.0, 4.329630
0.0, 0.0, 4.393691
0.0, 0.0, 4.350011
0.0, 0.0, 4.216423
0.0, 0.0, 4.023094
0.0, 0.0, 3.800565
0.0, 0.0, 3.572177
0.0, 0.0, 3.352929
0.0, 0.0, 3.152182
0.0, 0.0, 4.999448
0.0, 0.0, 5.100653
0.0, 0.0, 5.208762
0.0, 0.0, 5.309893
0.0, 0.0, 5.388331
0.0, 0.0, 5.423964
0.0, 0.0, 5.390049
0.0, 0.0, 5.258425
0.0, 0.0, 5.012206
0.0, 0.0, 4.658902
0.0, 0.0, 4.232762
0.0, 0.0, 3.782928
0.0, 0.0, 3.357263
0.0, 0.0, 2.990413
0.0, 0.0, 2.698888
0.0, 0.0, 2.482771
0.0, 0.0, 2.332514
0.0, 0.0, 2.235029
0.0, 0.0, 2.177845
0.0, 0.0, 2.150954
0.0, 0.0, 2.147411
0.0, 0.0, 2.163147
0.0, 0.0, 2.196470
0.0, 0.0, 2.247379
0.0, 0.0, 2.316933
0.0, 0.0, 2.405674
0.0, 0.0, 2.510527
0.0, 0.0, 2.620927
0.0, 0.0, 2.718829
0.0, 0.0, 2.783720
0.0, 0.0, 2.799691
0.0, 0.0, 2.761037
0.0, 0.0, 2.674527
0.0, 0.0, 2.556590
0.0, 0.0, 2.426265
0.0, 0.0, 2.296461
0.0, 0.0, 2.174381
0.0, 0.0, 2.065160
0.0, 0.0, 1.974699
0.0, 0.0, 1.910762
0.0, 0.0, 1.882393
0.0, 0.0, 1.899040
0.0, 0.0, 1.969046
0.0, 0.0, 2.098374
0.0, 0.0, 2.289466
0.0, 0.0, 2.541098
0.0, 0.0, 2.848549
0.0, 0.0, 3.202958
0.0, 0.0, 3.587538
0.0, 0.0, 3.972045
0.0, 0.0, 4.308969
0.0, 0.0, 4.543575
0.0, 0.0, 4.635373
0.0, 0.0, 4.578613
0.0, 0.0, 4.404104
0.0, 0.0, 4.160833
0.0, 0.0, 3.893491
0.0, 0.0, 3.631280
0.0, 0.0, 3.389407
0.0, 0.0, 3.175505
0.0, 0.0, 5.027745
0.0, 0.0, 5.143103
0.0, 0.0, 5.267009
0.0, 0.0, 5.390409
0.0, 0.0, 5.499816
0.0, 0.0, 5.572333
0.0, 0.0, 5.570498
0.0, 0.0, 5.446963
0.0, 0.0, 5.165789
0.0, 0.0, 4.731155
0.0, 0.0, 4.196311
0.0, 0.0, 3.641404
0.0, 0.0, 3.138297
0.0, 0.0, 2.729641
0.0, 0.0, 2.428181
0.0, 0.0, 2.226258
0.0, 0.0, 2.105738
0.0, 0.0, 2.046308
0.0, 0.0, 2.030317
0.0, 0.0, 2.045088
0.0, 0.0, 2.082965
0.0, 0.0, 2.140641
0.0, 0.0, 2.218006
0.0, 0.0, 2.317087
0.0, 0.0, 2.440864
0.0, 0.0, 2.591815
0.0, 0.0, 2.767430
0.0, 0.0, 2.954546
0.0, 0.0, 3.125578
0.0, 0.0, 3.242830
0.0, 0.0, 3.271864
0.0, 0.0, 3.200218
0.0, 0.0, 3.044717
0.0, 0.0, 2.840755
0.0, 0.0, 2.621610
0.0, 0.0, 2.409269
0.0, 0.0, 2.214433
0.0, 0.0, 2.042647
0.0, 0.0, 1.898879
0.0, 0.0, 1.788975
0.0, 0.0, 1.721441
0.0, 0.0, 1.706825
0.0, 0.0, 1.755722
0.0, 0.0, 1.875969
0.0, 0.0, 2.071283
0.0, 0.0, 2.341570
0.0, 0.0, 2.684365
0.0, 0.0, 3.094225
0.0, 0.0, 3.558522
0.0, 0.0, 4.044937
0.0, 0.0, 4.490406
0.0, 0.0, 4.808485
0.0, 0.0, 4.928270
0.0, 0.0, 4.839084
0.0, 0.0, 4.595843
0.0, 0.0, 4.279813
0.0, 0.0, 3.955128
0.0, 0.0, 3.654905
0.0, 0.0, 3.390628
0.0, 0.0, 3.165661
0.0, 0.0, 5.039695
0.0, 0.0, 5.163607
0.0, 0.0, 5.302257
0.0, 0.0, 5.449583
0.0, 0.0, 5.596011
0.0, 0.0, 5.719148
0.0, 0.0, 5.771646
0.0, 0.0, 5.677602
0.0, 0.0, 5.367496
0.0, 0.0, 4.834204
0.0, 0.0, 4.161420
0.0, 0.0, 3.477003
0.0, 0.0, 2.885711
0.0, 0.0, 2.435152
0.0, 0.0, 2.128722
0.0, 0.0, 1.946734
0.0, 0.0, 1.860734
0.0, 0.0, 1.841776
0.0, 0.0, 1.866668
0.0, 0.0, 1.920423
0.0, 0.0, 1.995655
0.0, 0.0, 2.090621
0.0, 0.0, 2.207567
0.0, 0.0, 2.351096
0.0, 0.0, 2.527344
0.0, 0.0, 2.742343
0.0, 0.0, 2.997244
0.0, 0.0, 3.277600
0.0, 0.0, 3.545657
0.0, 0.0, 3.736583
0.0, 0.0, 3.787910
0.0, 0.0, 3.673669
0.0, 0.0, 3.429640
0.0, 0.0, 3.118477
0.0, 0.0, 2.797682
0.0, 0.0, 2.497845
0.0, 0.0, 2.231652
0.0, 0.0, 2.000898
0.0, 0.0, 1.806119
0.0, 0.0, 1.651122
0.0, 0.0, 1.544019
0.0, 0.0, 1.497486
0.0, 0.0, 1.525147
0.0, 0.0, 1.637130
0.0, 0.0, 1.837882
0.0, 0.0, 2.127301
0.0, 0.0, 2.503487
0.0, 0.0, 2.965016
0.0, 0.0, 3.505563
0.0, 0.0, 4.099407
0.0, 0.0, 4.671917
0.0, 0.0, 5.092720
0.0, 0.0, 5.240771
0.0, 0.0, 5.096014
0.0, 0.0, 4.755519
0.0, 0.0, 4.349607
0.0, 0.0, 3.964236
0.0, 0.0, 3.629493
0.0, 0.0, 3.347909
0.0, 0.0, 3.114489
0.0, 0.0, 5.030721
0.0, 0.0, 5.157603
0.0, 0.0, 5.304566
0.0, 0.0, 5.469143
0.0, 0.0, 5.647208
0.0, 0.0, 5.820687
0.0, 0.0, 5.933976
0.0, 0.0, 5.883844
0.0, 0.0, 5.549450
0.0, 0.0, 4.910043
0.0, 0.0, 4.082517
0.0, 0.0, 3.261671
0.0, 0.0, 2.584894
0.0, 0.0, 2.101960
0.0, 0.0, 1.801950
0.0, 0.0, 1.649836
0.0, 0.0, 1.604139
0.0, 0.0, 1.627116
0.0, 0.0, 1.690705
0.0, 0.0, 1.779001
0.0, 0.0, 1.886380
0.0, 0.0, 2.013450
0.0, 0.0, 2.164599
0.0, 0.0, 2.347040
0.0, 0.0, 2.570300
0.0, 0.0, 2.845363
0.0, 0.0, 3.179564
0.0, 0.0, 3.560195
0.0, 0.0, 3.927374
0.0, 0.0, 4.197242
0.0, 0.0, 4.264987
0.0, 0.0, 4.113420
0.0, 0.0, 3.778388
0.0, 0.0, 3.364042
0.0, 0.0, 2.940932
0.0, 0.0, 2.558811
0.0, 0.0, 2.227395
0.0, 0.0, 1.941994
0.0, 0.0, 1.698216
0.0, 0.0, 1.497565
0.0, 0.0, 1.349608
0.0, 0.0, 1.270623
0.0, 0.0, 1.278369
0.0, 0.0, 1.385376
0.0, 0.0, 1.594602
0.0, 0.0, 1.902141
0.0, 0.0, 2.304283
0.0, 0.0, 2.800866
0.0, 0.0, 3.395014
0.0, 0.0, 4.073458
0.0, 0.0, 4.760900
0.0, 0.0, 5.284413
0.0, 0.0, 5.456378
0.0, 0.0, 5.247118
0.0, 0.0, 4.806475
0.0, 0.0, 4.323467
0.0, 0.0, 3.894855
0.0, 0.0, 3.541802
0.0, 0.0, 3.255696
0.0, 0.0, 3.020921
0.0, 0.0, 4.997652
0.0, 0.0, 5.119840
0.0, 0.0, 5.263977
0.0, 0.0, 5.430112
0.0, 0.0, 5.618492
0.0, 0.0, 5.815390
0.0, 0.0, 5.962331
0.0, 0.0, 5.926726
0.0, 0.0, 5.569805
0.0, 0.0, 4.834643
0.0, 0.0, 3.889636
0.0, 0.0, 2.963670
0.0, 0.0, 2.229043
0.0, 0.0, 1.734233
0.0, 0.0, 1.456606
0.0, 0.0, 1.346015
0.0, 0.0, 1.346825
0.0, 0.0, 1.411484
0.0, 0.0, 1.509784
0.0, 0.0, 1.627642
0.0, 0.0, 1.761713
0.0, 0.0, 1.914821
0.0, 0.0, 2.093245
0.0, 0.0, 2.306085
0.0, 0.0, 2.565561
0.0, 0.0, 2.886947
0.0, 0.0, 3.283738
0.0, 0.0, 3.744503
0.0, 0.0, 4.193604
0.0, 0.0, 4.478976
0.0, 0.0, 4.563855
0.0, 0.0, 4.377821
0.0, 0.0, 4.021947
0.0, 0.0, 3.529629
0.0, 0.0, 3.030299
0.0, 0.0, 2.585401
0.0, 0.0, 2.203073
0.0, 0.0, 1.872324
0.0, 0.0, 1.584510
0.0, 0.0, 1.339561
0.0, 0.0, 1.149030
0.0, 0.0, 1.035685
0.0, 0.0, 1.025166
0.0, 0.0, 1.131806
0.0, 0.0, 1.352665
0.0, 0.0, 1.674808
0.0, 0.0, 2.087678
0.0, 0.0, 2.591839
0.0, 0.0, 3.196397
0.0, 0.0, 3.898443
0.0, 0.0, 4.627492
0.0, 0.0, 5.197180
0.0, 0.0, 5.382626
0.0, 0.0, 5.137295
0.0, 0.0, 4.659328
0.0, 0.0, 4.155906
0.0, 0.0, 3.726263
0.0, 0.0, 3.383491
0.0, 0.0, 3.112040
0.0, 0.0, 2.893082
0.0, 0.0, 4.940043
0.0, 0.0, 5.048532
0.0, 0.0, 5.175927
0.0, 0.0, 5.322113
0.0, 0.0, 5.487299
0.0, 0.0, 5.657964
0.0, 0.0, 5.772894
0.0, 0.0, 5.701965
0.0, 0.0, 5.284990
0.0, 0.0, 4.521102
0.0, 0.0, 3.532715
0.0, 0.0, 2.579947
0.0, 0.0, 1.835879
0.0, 0.0, 1.355466
0.0, 0.0, 1.115219
0.0, 0.0, 1.055397
0.0, 0.0, 1.105321
0.0, 0.0, 1.209203
0.0, 0.0, 1.336496
0.0, 0.0, 1.476903
0.0, 0.0, 1.630462
0.0, 0.0, 1.801877
0.0, 0.0, 1.998571
0.0, 0.0, 2.230448
0.0, 0.0, 2.510565
0.0, 0.0, 2.855450
0.0, 0.0, 3.280316
0.0, 0.0, 3.774246
0.0, 0.0, 4.245782
0.0, 0.0, 4.550980
0.0, 0.0, 4.559593
0.0, 0.0, 4.447223
0.0, 0.0, 4.076949
0.0, 0.0, 3.569469
0.0, 0.0, 3.042223
0.0, 0.0, 2.570102
0.0, 0.0, 2.160454
0.0, 0.0, 1.800497
0.0, 0.0, 1.479674
0.0, 0.0, 1.196744
0.0, 0.0, 0.965228
0.0, 0.0, 0.816701
0.0, 0.0, 0.788119
0.0, 0.0, 0.897157
0.0, 0.0, 1.129689
0.0, 0.0, 1.457652
0.0, 0.0, 1.862265
0.0, 0.0, 2.341854
0.0, 0.0, 2.905491
0.0, 0.0, 3.550676
0.0, 0.0, 4.214045
0.0, 0.0, 4.727957
0.0, 0.0, 4.898932
0.0, 0.0, 4.695607
0.0, 0.0, 4.277523
0.0, 0.0, 3.834533
0.0, 0.0, 3.456465
0.0, 0.0, 3.156638
0.0, 0.0, 2.920812
0.0, 0.0, 2.730417
0.0, 0.0, 4.860956
0.0, 0.0, 4.946352
0.0, 0.0, 5.043946
0.0, 0.0, 5.150573
0.0, 0.0, 5.260342
0.0, 0.0, 5.355063
0.0, 0.0, 5.377292
0.0, 0.0, 5.211612
0.0, 0.0, 4.756667
0.0, 0.0, 3.989032
0.0, 0.0, 3.058779
0.0, 0.0, 2.161505
0.0, 0.0, 1.459662
0.0, 0.0, 1.016551
0.0, 0.0, 0.821408
0.0, 0.0, 0.811565
0.0, 0.0, 0.904723
0.0, 0.0, 1.038088
0.0, 0.0, 1.183778
0.0, 0.0, 1.336377
0.0, 0.0, 1.499535
0.0, 0.0, 1.679626
0.0, 0.0, 1.884243
0.0, 0.0, 2.122591
0.0, 0.0, 2.406128
0.0, 0.0, 2.748503
0.0, 0.0, 3.160659
0.0, 0.0, 3.628232
0.0, 0.0, 4.074108
0.0, 0.0, 4.351207
0.0, 0.0, 4.436488
0.0, 0.0, 4.269176
0.0, 0.0, 3.939616
0.0, 0.0, 3.465834
0.0, 0.0, 2.969325
0.0, 0.0, 2.511614
0.0, 0.0, 2.103203
0.0, 0.0, 1.734706
0.0, 0.0, 1.397173
0.0, 0.0, 1.089643
0.0, 0.0, 0.827187
0.0, 0.0, 0.648191
0.0, 0.0, 0.603109
0.0, 0.0, 0.712028
0.0, 0.0, 0.949241
0.0, 0.0, 1.269200
0.0, 0.0, 1.645096
0.0, 0.0, 2.071840
0.0, 0.0, 2.553175
0.0, 0.0, 3.081312
0.0, 0.0, 3.601253
0.0, 0.0, 3.992999
0.0, 0.0, 4.135666
0.0, 0.0, 4.011142
0.0, 0.0, 3.721150
0.0, 0.0, 3.395218
0.0, 0.0, 3.107832
0.0, 0.0, 2.876097
0.0, 0.0, 2.692097
0.0, 0.0, 2.540799
0.0, 0.0, 4.766733
0.0, 0.0, 4.814893
0.0, 0.0, 4.879198
0.0, 0.0, 4.935985
0.0, 0.0, 4.973679
0.0, 0.0, 4.969927
0.0, 0.0, 4.874970
0.0, 0.0, 4.615007
0.0, 0.0, 4.122592
0.0, 0.0, 3.411268
0.0, 0.0, 2.585583
0.0, 0.0, 1.800174
0.0, 0.0, 1.177555
0.0, 0.0, 0.786269
0.0, 0.0, 0.631697
0.0, 0.0, 0.654853
0.0, 0.0, 0.768790
0.0, 0.0, 0.911635
0.0, 0.0, 1.059466
0.0, 0.0, 1.211117
0.0, 0.0, 1.372641
0.0, 0.0, 1.551024
0.0, 0.0, 1.753057
0.0, 0.0, 1.985876
0.0, 0.0, 2.257368
0.0, 0.0, 2.575482
0.0, 0.0, 2.943756
0.0, 0.0, 3.345437
0.0, 0.0, 3.719609
0.0, 0.0, 3.989928
0.0, 0.0, 4.067647
0.0, 0.0, 3.943634
0.0, 0.0, 3.643533
0.0, 0.0, 3.251990
0.0, 0.0, 2.827693
0.0, 0.0, 2.418452
0.0, 0.0, 2.037006
0.0, 0.0, 1.680810
0.0, 0.0, 1.345547
0.0, 0.0, 1.032742
0.0, 0.0, 0.759050
0.0, 0.0, 0.566096
0.0, 0.0, 0.508062
0.0, 0.0, 0.610397
0.0, 0.0, 0.835086
0.0, 0.0, 1.128507
0.0, 0.0, 1.457155
0.0, 0.0, 1.811313
0.0, 0.0, 2.189846
0.0, 0.0, 2.581281
0.0, 0.0, 2.945661
0.0, 0.0, 3.213352
0.0, 0.0, 3.322537
0.0, 0.0, 3.267264
0.0, 0.0, 3.102985
0.0, 0.0, 2.903498
0.0, 0.0, 2.718750
0.0, 0.0, 2.566029
0.0, 0.0, 2.442485
0.0, 0.0, 2.335530
0.0, 0.0, 4.616869
0.0, 0.0, 4.664352
0.0, 0.0, 4.696823
0.0, 0.0, 4.705321
0.0, 0.0, 4.674701
0.0, 0.0, 4.582261
0.0, 0.0, 4.392578
0.0, 0.0, 4.062358
0.0, 0.0, 3.567026
0.0, 0.0, 2.930124
0.0, 0.0, 2.230394
0.0, 0.0, 1.570594
0.0, 0.0, 1.043704
0.0, 0.0, 0.710042
0.0, 0.0, 0.579485
0.0, 0.0, 0.602650
0.0, 0.0, 0.704402
0.0, 0.0, 0.830826
0.0, 0.0, 0.962619
0.0, 0.0, 1.100304
0.0, 0.0, 1.250003
0.0, 0.0, 1.417667
0.0, 0.0, 1.608132
0.0, 0.0, 1.825491
0.0, 0.0, 2.073686
0.0, 0.0, 2.355319
0.0, 0.0, 2.667389
0.0, 0.0, 2.992335
0.0, 0.0, 3.291327
0.0, 0.0, 3.504706
0.0, 0.0, 3.580110
0.0, 0.0, 3.496865
0.0, 0.0, 3.282372
0.0, 0.0, 2.984213
0.0, 0.0, 2.649545
0.0, 0.0, 2.306653
0.0, 0.0, 1.969937
0.0, 0.0, 1.643409
0.0, 0.0, 1.328668
0.0, 0.0, 1.031358
0.0, 0.0, 0.770152
0.0, 0.0, 0.584598
0.0, 0.0, 0.524347
0.0, 0.0, 0.606614
0.0, 0.0, 0.798687
0.0, 0.0, 1.046369
0.0, 0.0, 1.313618
0.0, 0.0, 1.585941
0.0, 0.0, 1.858793
0.0, 0.0, 2.123854
0.0, 0.0, 2.357872
0.0, 0.0, 2.526328
0.0, 0.0, 2.602931
0.0, 0.0, 2.589690
0.0, 0.0, 2.516108
0.0, 0.0, 2.419974
0.0, 0.0, 2.328655
0.0, 0.0, 2.253198
0.0, 0.0, 2.191667
0.0, 0.0, 2.131156
0.0, 0.0, 4.476904
0.0, 0.0, 4.507965
0.0, 0.0, 4.513791
0.0, 0.0, 4.483192
0.0, 0.0, 4.401328
0.0, 0.0, 4.249039
0.0, 0.0, 4.003435
0.0, 0.0, 3.645254
0.0, 0.0, 3.173218
0.0, 0.0, 2.616498
0.0, 0.0, 2.031956
0.0, 0.0, 1.488858
0.0, 0.0, 1.052215
0.0, 0.0, 0.766951
0.0, 0.0, 0.639060
0.0, 0.0, 0.632519
0.0, 0.0, 0.693375
0.0, 0.0, 0.781809
0.0, 0.0, 0.882879
0.0, 0.0, 0.996814
0.0, 0.0, 1.127718
0.0, 0.0, 1.278846
0.0, 0.0, 1.452124
0.0, 0.0, 1.648684
0.0, 0.0, 1.868995
0.0, 0.0, 2.112369
0.0, 0.0, 2.372627
0.0, 0.0, 2.632659
0.0, 0.0, 2.862430
0.0, 0.0, 3.025445
0.0, 0.0, 3.092820
0.0, 0.0, 3.054413
0.0, 0.0, 2.920824
0.0, 0.0, 2.716407
0.0, 0.0, 2.467551
0.0, 0.0, 2.195087
0.0, 0.0, 1.912359
0.0, 0.0, 1.627668
0.0, 0.0, 1.347693
0.0, 0.0, 1.082350
0.0, 0.0, 0.851489
0.0, 0.0, 0.689278
0.0, 0.0, 0.631298
0.0, 0.0, 0.688032
0.0, 0.0, 0.832937
0.0, 0.0, 1.022040
0.0, 0.0, 1.220060
0.0, 0.0, 1.409190
0.0, 0.0, 1.583327
0.0, 0.0, 1.739542
0.0, 0.0, 1.869885
0.0, 0.0, 1.961576
0.0, 0.0, 2.007881
0.0, 0.0, 2.015608
0.0, 0.0, 2.001348
0.0, 0.0, 1.981924
0.0, 0.0, 1.967557
0.0, 0.0, 1.960620
0.0, 0.0, 1.956670
0.0, 0.0, 1.946333
0.0, 0.0, 4.352914
0.0, 0.0, 4.364946
0.0, 0.0, 4.347213
0.0, 0.0, 4.288430
0.0, 0.0, 4.175181
0.0, 0.0, 3.992664
0.0, 0.0, 3.727559
0.0, 0.0, 3.374013
0.0, 0.0, 2.941682
0.0, 0.0, 2.458988
0.0, 0.0, 1.968682
0.0, 0.0, 1.517606
0.0, 0.0, 1.148681
0.0, 0.0, 0.890975
0.0, 0.0, 0.747804
0.0, 0.0, 0.695945
0.0, 0.0, 0.701972
0.0, 0.0, 0.741073
0.0, 0.0, 0.803531
0.0, 0.0, 0.889068
0.0, 0.0, 0.998999
0.0, 0.0, 1.132787
0.0, 0.0, 1.288698
0.0, 0.0, 1.465032
0.0, 0.0, 1.660190
0.0, 0.0, 1.871156
0.0, 0.0, 2.090246
0.0, 0.0, 2.301455
0.0, 0.0, 2.482484
0.0, 0.0, 2.612608
0.0, 0.0, 2.679026
0.0, 0.0, 2.676521
0.0, 0.0, 2.606662
0.0, 0.0, 2.478049
0.0, 0.0, 2.304224
0.0, 0.0, 2.098985
0.0, 0.0, 1.873512
0.0, 0.0, 1.637592
0.0, 0.0, 1.401230
0.0, 0.0, 1.177155
0.0, 0.0, 0.984618
0.0, 0.0, 0.849651
0.0, 0.0, 0.795429
0.0, 0.0, 0.826255
0.0, 0.0, 0.921973
0.0, 0.0, 1.048911
0.0, 0.0, 1.176391
0.0, 0.0, 1.285715
0.0, 0.0, 1.370497
0.0, 0.0, 1.432429
0.0, 0.0, 1.475680
0.0, 0.0, 1.503207
0.0, 0.0, 1.521047
0.0, 0.0, 1.539108
0.0, 0.0, 1.566321
0.0, 0.0, 1.605458
0.0, 0.0, 1.653327
0.0, 0.0, 1.703750
0.0, 0.0, 1.749215
0.0, 0.0, 1.780368
0.0, 0.0, 4.249064
0.0, 0.0, 4.245457
0.0, 0.0, 4.210613
0.0, 0.0, 4.134670
0.0, 0.0, 4.006638
0.0, 0.0, 3.815937
0.0, 0.0, 3.555304
0.0, 0.0, 3.225176
0.0, 0.0, 2.837597
0.0, 0.0, 2.417116
0.0, 0.0, 1.996099
0.0, 0.0, 1.607288
0.0, 0.0, 1.277732
0.0, 0.0, 1.025784
0.0, 0.0, 0.854458
0.0, 0.0, 0.751603
0.0, 0.0, 0.699684
0.0, 0.0, 0.686684
0.0, 0.0, 0.709242
0.0, 0.0, 0.767735
0.0, 0.0, 0.860383
0.0, 0.0, 0.981910
0.0, 0.0, 1.125973
0.0, 0.0, 1.287560
0.0, 0.0, 1.463127
0.0, 0.0, 1.648450
0.0, 0.0, 1.835449
0.0, 0.0, 2.010770
0.0, 0.0, 2.159320
0.0, 0.0, 2.271501
0.0, 0.0, 2.342731
0.0, 0.0, 2.369418
0.0, 0.0, 2.348214
0.0, 0.0, 2.279481
0.0, 0.0, 2.169380
0.0, 0.0, 2.026141
0.0, 0.0, 1.857799
0.0, 0.0, 1.673561
0.0, 0.0, 1.484734
0.0, 0.0, 1.305079
0.0, 0.0, 1.151528
0.0, 0.0, 1.042733
0.0, 0.0, 0.992424
0.0, 0.0, 1.001033
0.0, 0.0, 1.052748
0.0, 0.0, 1.121770
0.0, 0.0, 1.182595
0.0, 0.0, 1.218068
0.0, 0.0, 1.222570
0.0, 0.0, 1.201082
0.0, 0.0, 1.165784
0.0, 0.0, 1.133858
0.0, 0.0, 1.123299
0.0, 0.0, 1.147654
0.0, 0.0, 1.208576
0.0, 0.0, 1.295920
0.0, 0.0, 1.394642
0.0, 0.0, 1.491480
0.0, 0.0, 1.576398
0.0, 0.0, 1.639958
0.0, 0.0, 4.167681
0.0, 0.0, 4.154572
0.0, 0.0, 4.110954
0.0, 0.0, 4.028682
0.0, 0.0, 3.899288
0.0, 0.0, 3.715467
0.0, 0.0, 3.473315
0.0, 0.0, 3.174862
0.0, 0.0, 2.830110
0.0, 0.0, 2.457985
0.0, 0.0, 2.083266
0.0, 0.0, 1.729991
0.0, 0.0, 1.415842
0.0, 0.0, 1.152289
0.0, 0.0, 0.943822
0.0, 0.0, 0.787181
0.0, 0.0, 0.676776
0.0, 0.0, 0.611920
0.0, 0.0, 0.597005
0.0, 0.0, 0.634449
0.0, 0.0, 0.718504
0.0, 0.0, 0.836699
0.0, 0.0, 0.976251
0.0, 0.0, 1.128497
0.0, 0.0, 1.288522
0.0, 0.0, 1.451871
0.0, 0.0, 1.611399
0.0, 0.0, 1.757645
0.0, 0.0, 1.883442
0.0, 0.0, 1.986597
0.0, 0.0, 2.066290
0.0, 0.0, 2.118585
0.0, 0.0, 2.137224
0.0, 0.0, 2.118653
0.0, 0.0, 2.064383
0.0, 0.0, 1.978374
0.0, 0.0, 1.865426
0.0, 0.0, 1.733018
0.0, 0.0, 1.592239
0.0, 0.0, 1.456484
0.0, 0.0, 1.339928
0.0, 0.0, 1.255427
0.0, 0.0, 1.210500
0.0, 0.0, 1.202834
0.0, 0.0, 1.219071
0.0, 0.0, 1.238546
0.0, 0.0, 1.240300
0.0, 0.0, 1.209952
0.0, 0.0, 1.143778
0.0, 0.0, 1.048476
0.0, 0.0, 0.941231
0.0, 0.0, 0.850968
0.0, 0.0, 0.810792
0.0, 0.0, 0.839715
0.0, 0.0, 0.930984
0.0, 0.0, 1.059592
0.0, 0.0, 1.198854
0.0, 0.0, 1.330877
0.0, 0.0, 1.444791
0.0, 0.0, 1.531468
0.0, 0.0, 4.109277
0.0, 0.0, 4.093359
0.0, 0.0, 4.049344
0.0, 0.0, 3.970748
0.0, 0.0, 3.851182
0.0, 0.0, 3.685456
0.0, 0.0, 3.470750
0.0, 0.0, 3.207850
0.0, 0.0, 2.902879
0.0, 0.0, 2.568800
0.0, 0.0, 2.224837
0.0, 0.0, 1.888857
0.0, 0.0, 1.573176
0.0, 0.0, 1.285979
0.0, 0.0, 1.034086
0.0, 0.0, 0.821370
0.0, 0.0, 0.651545
0.0, 0.0, 0.534382
0.0, 0.0, 0.484040
0.0, 0.0, 0.506661
0.0, 0.0, 0.590681
0.0, 0.0, 0.712869
0.0, 0.0, 0.852162
0.0, 0.0, 0.996740
0.0, 0.0, 1.141388
0.0, 0.0, 1.282433
0.0, 0.0, 1.414858
0.0, 0.0, 1.534519
0.0, 0.0, 1.642204
0.0, 0.0, 1.741221
0.0, 0.0, 1.831874
0.0, 0.0, 1.908736
0.0, 0.0, 1.963530
0.0, 0.0, 1.990357
0.0, 0.0, 1.987502
0.0, 0.0, 1.955230
0.0, 0.0, 1.895392
0.0, 0.0, 1.813425
0.0, 0.0, 1.719424
0.0, 0.0, 1.625719
0.0, 0.0, 1.544017
0.0, 0.0, 1.483150
0.0, 0.0, 1.446534
0.0, 0.0, 1.429819
0.0, 0.0, 1.420535
0.0, 0.0, 1.400998
0.0, 0.0, 1.353939
0.0, 0.0, 1.268528
0.0, 0.0, 1.143539
0.0, 0.0, 0.987419
0.0, 0.0, 0.819623
0.0, 0.0, 0.677263
0.0, 0.0, 0.608786
0.0, 0.0, 0.639341
0.0, 0.0, 0.753994
0.0, 0.0, 0.911363
0.0, 0.0, 1.076564
0.0, 0.0, 1.229747
0.0, 0.0, 1.360545
0.0, 0.0, 1.460409
0.0, 0.0, 4.072774
0.0, 0.0, 4.060119
0.0, 0.0, 4.023082
0.0, 0.0, 3.956705
0.0, 0.0, 3.856211
0.0, 0.0, 3.717516
0.0, 0.0, 3.537434
0.0, 0.0, 3.314043
0.0, 0.0, 3.049098
0.0, 0.0, 2.750914
0.0, 0.0, 2.432555
0.0, 0.0, 2.105979
0.0, 0.0, 1.779569
0.0, 0.0, 1.461402
0.0, 0.0, 1.161795
0.0, 0.0, 0.891774
0.0, 0.0, 0.663158
0.0, 0.0, 0.494026
0.0, 0.0, 0.408822
0.0, 0.0, 0.417939
0.0, 0.0, 0.503151
0.0, 0.0, 0.628325
0.0, 0.0, 0.764659
0.0, 0.0, 0.897982
0.0, 0.0, 1.023205
0.0, 0.0, 1.137834
0.0, 0.0, 1.240169
0.0, 0.0, 1.332648
0.0, 0.0, 1.423831
0.0, 0.0, 1.521387
0.0, 0.0, 1.625430
0.0, 0.0, 1.728390
0.0, 0.0, 1.819531
0.0, 0.0, 1.890935
0.0, 0.0, 1.937690
0.0, 0.0, 1.956854
0.0, 0.0, 1.947830
0.0, 0.0, 1.914373
0.0, 0.0, 1.865348
0.0, 0.0, 1.812012
0.0, 0.0, 1.764300
0.0, 0.0, 1.728382
0.0, 0.0, 1.704949
0.0, 0.0, 1.687913
0.0, 0.0, 1.664614
0.0, 0.0, 1.618721
0.0, 0.0, 1.535684
0.0, 0.0, 1.408514
0.0, 0.0, 1.239544
0.0, 0.0, 1.039411
0.0, 0.0, 0.830549
0.0, 0.0, 0.654800
0.0, 0.0, 0.564008
0.0, 0.0, 0.589574
0.0, 0.0, 0.706742
0.0, 0.0, 0.868771
0.0, 0.0, 1.037918
0.0, 0.0, 1.194244
0.0, 0.0, 1.327824
0.0, 0.0, 1.430303
0.0, 0.0, 4.055797
0.0, 0.0, 4.051390
0.0, 0.0, 4.027261
0.0, 0.0, 3.979863
0.0, 0.0, 3.905716
0.0, 0.0, 3.801239
0.0, 0.0, 3.662172
0.0, 0.0, 3.484072
0.0, 0.0, 3.265198
0.0, 0.0, 3.009622
0.0, 0.0, 2.723049
0.0, 0.0, 2.409233
0.0, 0.0, 2.071619
0.0, 0.0, 1.719028
0.0, 0.0, 1.368145
0.0, 0.0, 1.039832
0.0, 0.0, 0.755343
0.0, 0.0, 0.539462
0.0, 0.0, 0.419683
0.0, 0.0, 0.409630
0.0, 0.0, 0.483956
0.0, 0.0, 0.599480
0.0, 0.0, 0.722259
0.0, 0.0, 0.835753
0.0, 0.0, 0.934020
0.0, 0.0, 1.015157
0.0, 0.0, 1.081442
0.0, 0.0, 1.143529
0.0, 0.0, 1.217928
0.0, 0.0, 1.316299
0.0, 0.0, 1.437742
0.0, 0.0, 1.571087
0.0, 0.0, 1.702444
0.0, 0.0, 1.820411
0.0, 0.0, 1.916665
0.0, 0.0, 1.985618
0.0, 0.0, 2.025147
0.0, 0.0, 2.037958
0.0, 0.0, 2.032059
0.0, 0.0, 2.018090
0.0, 0.0, 2.005111
0.0, 0.0, 1.997813
0.0, 0.0, 1.995151
0.0, 0.0, 1.989508
0.0, 0.0, 1.967094
0.0, 0.0, 1.911124
0.0, 0.0, 1.808092
0.0, 0.0, 1.653586
0.0, 0.0, 1.454137
0.0, 0.0, 1.225003
0.0, 0.0, 0.994092
0.0, 0.0, 0.803933
0.0, 0.0, 0.701704
0.0, 0.0, 0.706473
0.0, 0.0, 0.798702
0.0, 0.0, 0.935966
0.0, 0.0, 1.084304
0.0, 0.0, 1.224632
0.0, 0.0, 1.346622
0.0, 0.0, 1.441393
0.0, 0.0, 4.054996
0.0, 0.0, 4.062551
0.0, 0.0, 4.055641
0.0, 0.0, 4.032051
0.0, 0.0, 3.989459
0.0, 0.0, 3.924582
0.0, 0.0, 3.832297
0.0, 0.0, 3.706865
0.0, 0.0, 3.545517
0.0, 0.0, 3.348042
0.0, 0.0, 3.111174
0.0, 0.0, 2.826369
0.0, 0.0, 2.487050
0.0, 0.0, 2.100204
0.0, 0.0, 1.692076
0.0, 0.0, 1.299852
0.0, 0.0, 0.959218
0.0, 0.0, 0.700165
0.0, 0.0, 0.547274
0.0, 0.0, 0.504952
0.0, 0.0, 0.548611
0.0, 0.0, 0.635284
0.0, 0.0, 0.729642
0.0, 0.0, 0.812299
0.0, 0.0, 0.874497
0.0, 0.0, 0.913407
0.0, 0.0, 0.935558
0.0, 0.0, 0.961504
0.0, 0.0, 1.018013
0.0, 0.0, 1.121107
0.0, 0.0, 1.267256
0.0, 0.0, 1.438999
0.0, 0.0, 1.616843
0.0, 0.0, 1.784513
0.0, 0.0, 1.930238
0.0, 0.0, 2.046906
0.0, 0.0, 2.132039
0.0, 0.0, 2.188177
0.0, 0.0, 2.223164
0.0, 0.0, 2.247823
0.0, 0.0, 2.271397
0.0, 0.0, 2.298340
0.0, 0.0, 2.327036
0.0, 0.0, 2.348893
0.0, 0.0, 2.348139
0.0, 0.0, 2.304713
0.0, 0.0, 2.201516
0.0, 0.0, 2.033049
0.0, 0.0, 1.808805
0.0, 0.0, 1.553477
0.0, 0.0, 1.303780
0.0, 0.0, 1.102513
0.0, 0.0, 0.983674
0.0, 0.0, 0.956951
0.0, 0.0, 1.004274
0.0, 0.0, 1.095587
0.0, 0.0, 1.204291
0.0, 0.0, 1.313337
0.0, 0.0, 1.411842
0.0, 0.0, 1.490123
0.0, 0.0, 4.066381
0.0, 0.0, 4.088260
0.0, 0.0, 4.101167
0.0, 0.0, 4.104150
0.0, 0.0, 4.095973
0.0, 0.0, 4.073853
0.0, 0.0, 4.032649
0.0, 0.0, 3.967679
0.0, 0.0, 3.877741
0.0, 0.0, 3.760715
0.0, 0.0, 3.603584
0.0, 0.0, 3.379247
0.0, 0.0, 3.059707
0.0, 0.0, 2.642149
0.0, 0.0, 2.164354
0.0, 0.0, 1.691258
0.0, 0.0, 1.282081
0.0, 0.0, 0.973654
0.0, 0.0, 0.779953
0.0, 0.0, 0.694871
0.0, 0.0, 0.691999
0.0, 0.0, 0.734114
0.0, 0.0, 0.787552
0.0, 0.0, 0.830157
0.0, 0.0, 0.848874
0.0, 0.0, 0.838206
0.0, 0.0, 0.808276
0.0, 0.0, 0.792034
0.0, 0.0, 0.830585
0.0, 0.0, 0.945862
0.0, 0.0, 1.127879
0.0, 0.0, 1.348229
0.0, 0.0, 1.578159
0.0, 0.0, 1.796409
0.0, 0.0, 1.989099
0.0, 0.0, 2.149136
0.0, 0.0, 2.274954
0.0, 0.0, 2.369856
0.0, 0.0, 2.442284
0.0, 0.0, 2.504107
0.0, 0.0, 2.565863
0.0, 0.0, 2.633189
0.0, 0.0, 2.705644
0.0, 0.0, 2.775377
0.0, 0.0, 2.824713
0.0, 0.0, 2.825844
0.0, 0.0, 2.748569
0.0, 0.0, 2.576234
0.0, 0.0, 2.320516
0.0, 0.0, 2.021961
0.0, 0.0, 1.734005
0.0, 0.0, 1.502418
0.0, 0.0, 1.352228
0.0, 0.0, 1.283843
0.0, 0.0, 1.279689
0.0, 0.0, 1.317311
0.0, 0.0, 1.377688
0.0, 0.0, 1.446912
0.0, 0.0, 1.514347
0.0, 0.0, 1.569883
0.0, 0.0, 4.085662
0.0, 0.0, 4.122869
0.0, 0.0, 4.156449
0.0, 0.0, 4.186589
0.0, 0.0, 4.213038
0.0, 0.0, 4.233723
0.0, 0.0, 4.244932
0.0, 0.0, 4.245133
0.0, 0.0, 4.237886
0.0, 0.0, 4.223314
0.0, 0.0, 4.182393
0.0, 0.0, 4.063027
0.0, 0.0, 3.797267
0.0, 0.0, 3.355143
0.0, 0.0, 2.788819
0.0, 0.0, 2.206746
0.0, 0.0, 1.706636
0.0, 0.0, 1.332839
0.0, 0.0, 1.087593
0.0, 0.0, 0.951993
0.0, 0.0, 0.896741
0.0, 0.0, 0.888167
0.0, 0.0, 0.895428
0.0, 0.0, 0.894629
0.0, 0.0, 0.868393
0.0, 0.0, 0.807940
0.0, 0.0, 0.725844
0.0, 0.0, 0.667798
0.0, 0.0, 0.693586
0.0, 0.0, 0.831164
0.0, 0.0, 1.059991
0.0, 0.0, 1.333928
0.0, 0.0, 1.614493
0.0, 0.0, 1.877173
0.0, 0.0, 2.108520
0.0, 0.0, 2.303024
0.0, 0.0, 2.461090
0.0, 0.0, 2.587431
0.0, 0.0, 2.691602
0.0, 0.0, 2.787103
0.0, 0.0, 2.886596
0.0, 0.0, 2.998232
0.0, 0.0, 3.124933
0.0, 0.0, 3.262885
0.0, 0.0, 3.395263
0.0, 0.0, 3.482406
0.0, 0.0, 3.464924
0.0, 0.0, 3.297320
0.0, 0.0, 2.989847
0.0, 0.0, 2.612539
0.0, 0.0, 2.250489
0.0, 0.0, 1.960763
0.0, 0.0, 1.761330
0.0, 0.0, 1.643566
0.0, 0.0, 1.587106
0.0, 0.0, 1.571823
0.0, 0.0, 1.583059
0.0, 0.0, 1.610029
0.0, 0.0, 1.643166
0.0, 0.0, 1.672520
0.0, 0.0, 4.108591
0.0, 0.0, 4.160850
0.0, 0.0, 4.214293
0.0, 0.0, 4.270022
0.0, 0.0, 4.328520
0.0, 0.0, 4.388495
0.0, 0.0, 4.448370
0.0, 0.0, 4.511548
0.0, 0.0, 4.587686
0.0, 0.0, 4.683217
0.0, 0.0, 4.779368
0.0, 0.0, 4.802022
0.0, 0.0, 4.624267
0.0, 0.0, 4.168770
0.0, 0.0, 3.501347
0.0, 0.0, 2.794059
0.0, 0.0, 2.190740
0.0, 0.0, 1.743003
0.0, 0.0, 1.440436
0.0, 0.0, 1.252871
0.0, 0.0, 1.146890
0.0, 0.0, 1.090350
0.0, 0.0, 1.054485
0.0, 0.0, 1.015000
0.0, 0.0, 0.952007
0.0, 0.0, 0.854878
0.0, 0.0, 0.738829
0.0, 0.0, 0.658649
0.0, 0.0, 0.686172
0.0, 0.0, 0.855252
0.0, 0.0, 1.129275
0.0, 0.0, 1.447495
0.0, 0.0, 1.763626
0.0, 0.0, 2.053450
0.0, 0.0, 2.306200
0.0, 0.0, 2.519727
0.0, 0.0, 2.696766
0.0, 0.0, 2.843504
0.0, 0.0, 2.970530
0.0, 0.0, 3.092865
0.0, 0.0, 3.225344
0.0, 0.0, 3.379227
0.0, 0.0, 3.562342
0.0, 0.0, 3.778265
0.0, 0.0, 4.016031
0.0, 0.0, 4.224829
0.0, 0.0, 4.301252
0.0, 0.0, 4.146155
0.0, 0.0, 3.764088
0.0, 0.0, 3.271505
0.0, 0.0, 2.805591
0.0, 0.0, 2.438042
0.0, 0.0, 2.178502
0.0, 0.0, 2.008176
0.0, 0.0, 1.901450
0.0, 0.0, 1.837193
0.0, 0.0, 1.802411
0.0, 0.0, 1.788611
0.0, 0.0, 1.787532
0.0, 0.0, 1.789764
0.0, 0.0, 4.131280
0.0, 0.0, 4.197215
0.0, 0.0, 4.268270
0.0, 0.0, 4.346143
0.0, 0.0, 4.431643
0.0, 0.0, 4.523879
0.0, 0.0, 4.623330
0.0, 0.0, 4.737540
0.0, 0.0, 4.881297
0.0, 0.0, 5.066532
0.0, 0.0, 5.277332
0.0, 0.0, 5.425721
0.0, 0.0, 5.341718
0.0, 0.0, 4.890841
0.0, 0.0, 4.151851
0.0, 0.0, 3.353487
0.0, 0.0, 2.672522
0.0, 0.0, 2.164285
0.0, 0.0, 1.812277
0.0, 0.0, 1.579924
0.0, 0.0, 1.431667
0.0, 0.0, 1.336420
0.0, 0.0, 1.267579
0.0, 0.0, 1.202104
0.0, 0.0, 1.120729
0.0, 0.0, 1.014617
0.0, 0.0, 0.902443
0.0, 0.0, 0.841155
0.0, 0.0, 0.900091
0.0, 0.0, 1.102284
0.0, 0.0, 1.405632
0.0, 0.0, 1.742406
0.0, 0.0, 2.064538
0.0, 0.0, 2.351055
0.0, 0.0, 2.597874
0.0, 0.0, 2.807469
0.0, 0.0, 2.984976
0.0, 0.0, 3.137066
0.0, 0.0, 3.274391
0.0, 0.0, 3.412370
0.0, 0.0, 3.567079
0.0, 0.0, 3.751969
0.0, 0.0, 3.979528
0.0, 0.0, 4.260899
0.0, 0.0, 4.592396
0.0, 0.0, 4.916916
0.0, 0.0, 5.090022
0.0, 0.0, 4.952972
0.0, 0.0, 4.496351
0.0, 0.0, 3.893880
0.0, 0.0, 3.331047
0.0, 0.0, 2.890654
0.0, 0.0, 2.574779
0.0, 0.0, 2.356308
0.0, 0.0, 2.204894
0.0, 0.0, 2.097564
0.0, 0.0, 2.021899
0.0, 0.0, 1.971066
0.0, 0.0, 1.938034
0.0, 0.0, 1.914101
0.0, 0.0, 4.150472
0.0, 0.0, 4.227879
0.0, 0.0, 4.313241
0.0, 0.0, 4.408469
0.0, 0.0, 4.514180
0.0, 0.0, 4.629225
0.0, 0.0, 4.754834
0.0, 0.0, 4.900321
0.0, 0.0, 5.081507
0.0, 0.0, 5.309932
0.0, 0.0, 5.567902
0.0, 0.0, 5.764181
0.0, 0.0, 5.722615
0.0, 0.0, 5.304646
0.0, 0.0, 4.582443
0.0, 0.0, 3.783565
0.0, 0.0, 3.088447
0.0, 0.0, 2.557214
0.0, 0.0, 2.177596
0.0, 0.0, 1.916495
0.0, 0.0, 1.740495
0.0, 0.0, 1.621216
0.0, 0.0, 1.534941
0.0, 0.0, 1.462066
0.0, 0.0, 1.387358
0.0, 0.0, 1.307373
0.0, 0.0, 1.244947
0.0, 0.0, 1.251771
0.0, 0.0, 1.376797
0.0, 0.0, 1.622316
0.0, 0.0, 1.938205
0.0, 0.0, 2.259228
0.0, 0.0, 2.544683
0.0, 0.0, 2.785784
0.0, 0.0, 2.989982
0.0, 0.0, 3.166655
0.0, 0.0, 3.322002
0.0, 0.0, 3.461209
0.0, 0.0, 3.592934
0.0, 0.0, 3.731226
0.0, 0.0, 3.891451
0.0, 0.0, 4.087750
0.0, 0.0, 4.334176
0.0, 0.0, 4.645026
0.0, 0.0, 5.017924
0.0, 0.0, 5.389948
0.0, 0.0, 5.603584
0.0, 0.0, 5.478152
0.0, 0.0, 4.999715
0.0, 0.0, 4.359045
0.0, 0.0, 3.755089
0.0, 0.0, 3.275979
0.0, 0.0, 2.923587
0.0, 0.0, 2.669701
0.0, 0.0, 2.483267
0.0, 0.0, 2.340913
0.0, 0.0, 2.231066
0.0, 0.0, 2.148342
0.0, 0.0, 2.087008
0.0, 0.0, 2.039186
0.0, 0.0, 4.163722
0.0, 0.0, 4.249904
0.0, 0.0, 4.345708
0.0, 0.0, 4.452880
0.0, 0.0, 4.571345
0.0, 0.0, 4.698886
0.0, 0.0, 4.835911
0.0, 0.0, 4.990676
0.0, 0.0, 5.175590
0.0, 0.0, 5.395494
0.0, 0.0, 5.626426
0.0, 0.0, 5.784296
0.0, 0.0, 5.728536
0.0, 0.0, 5.364797
0.0, 0.0, 4.746229
0.0, 0.0, 4.041875
0.0, 0.0, 3.403560
0.0, 0.0, 2.894455
0.0, 0.0, 2.515703
0.0, 0.0, 2.246027
0.0, 0.0, 2.060077
0.0, 0.0, 1.934017
0.0, 0.0, 1.848685
0.0, 0.0, 1.789227
0.0, 0.0, 1.746722
0.0, 0.0, 1.725353
0.0, 0.0, 1.751901
0.0, 0.0, 1.869643
0.0, 0.0, 2.101659
0.0, 0.0, 2.417091
0.0, 0.0, 2.741605
0.0, 0.0, 3.009860
0.0, 0.0, 3.205038
0.0, 0.0, 3.349244
0.0, 0.0, 3.470398
0.0, 0.0, 3.583726
0.0, 0.0, 3.693589
0.0, 0.0, 3.800790
0.0, 0.0, 3.909559
0.0, 0.0, 4.030888
0.0, 0.0, 4.178030
0.0, 0.0, 4.363163
0.0, 0.0, 4.598921
0.0, 0.0, 4.894327
0.0, 0.0, 5.238952
0.0, 0.0, 5.568084
0.0, 0.0, 5.740891
0.0, 0.0, 5.616458
0.0, 0.0, 5.189341
0.0, 0.0, 4.605774
0.0, 0.0, 4.036609
0.0, 0.0, 3.566852
0.0, 0.0, 3.206635
0.0, 0.0, 2.935333
0.0, 0.0, 2.726323
0.0, 0.0, 2.558679
0.0, 0.0, 2.422348
0.0, 0.0, 2.313721
0.0, 0.0, 2.228554
0.0, 0.0, 2.159960
0.0, 0.0, 4.169461
0.0, 0.0, 4.261580
0.0, 0.0, 4.363907
0.0, 0.0, 4.477741
0.0, 0.0, 4.601952
0.0, 0.0, 4.732679
0.0, 0.0, 4.868386
0.0, 0.0, 5.014502
0.0, 0.0, 5.177995
0.0, 0.0, 5.355661
0.0, 0.0, 5.519483
0.0, 0.0, 5.603126
0.0, 0.0, 5.518648
0.0, 0.0, 5.214294
0.0, 0.0, 4.726353
0.0, 0.0, 4.160330
0.0, 0.0, 3.621753
0.0, 0.0, 3.168986
0.0, 0.0, 2.816488
0.0, 0.0, 2.557264
0.0, 0.0, 2.376786
0.0, 0.0, 2.259413
0.0, 0.0, 2.191220
0.0, 0.0, 2.162692
0.0, 0.0, 2.172234
0.0, 0.0, 2.231088
0.0, 0.0, 2.369992
0.0, 0.0, 2.627482
0.0, 0.0, 3.005751
0.0, 0.0, 3.426253
0.0, 0.0, 3.763165
0.0, 0.0, 3.942258
0.0, 0.0, 3.992490
0.0, 0.0, 3.993270
0.0, 0.0, 3.999586
0.0, 0.0, 4.026992
0.0, 0.0, 4.073191
0.0, 0.0, 4.132467
0.0, 0.0, 4.203940
0.0, 0.0, 4.294087
0.0, 0.0, 4.413275
0.0, 0.0, 4.570455
0.0, 0.0, 4.771554
0.0, 0.0, 5.016064
0.0, 0.0, 5.283968
0.0, 0.0, 5.515429
0.0, 0.0, 5.611020
0.0, 0.0, 5.485396
0.0, 0.0, 5.139250
0.0, 0.0, 4.666422
0.0, 0.0, 4.182904
0.0, 0.0, 3.760567
0.0, 0.0, 3.418590
0.0, 0.0, 3.147727
0.0, 0.0, 2.929032
0.0, 0.0, 2.745909
0.0, 0.0, 2.590944
0.0, 0.0, 2.462631
0.0, 0.0, 2.358452
0.0, 0.0, 2.272645
0.0, 0.0, 4.166964
0.0, 0.0, 4.262330
0.0, 0.0, 4.367637
0.0, 0.0, 4.483582
0.0, 0.0, 4.607865
0.0, 0.0, 4.734837
0.0, 0.0, 4.860679
0.0, 0.0, 4.987759
0.0, 0.0, 5.118521
0.0, 0.0, 5.245115
0.0, 0.0, 5.341735
0.0, 0.0, 5.363699
0.0, 0.0, 5.261868
0.0, 0.0, 5.012396
0.0, 0.0, 4.638692
0.0, 0.0, 4.202343
0.0, 0.0, 3.770434
0.0, 0.0, 3.389209
0.0, 0.0, 3.079480
0.0, 0.0, 2.845145
0.0, 0.0, 2.681966
0.0, 0.0, 2.582629
0.0, 0.0, 2.540193
0.0, 0.0, 2.551753
0.0, 0.0, 2.621409
0.0, 0.0, 2.765559
0.0, 0.0, 3.016911
0.0, 0.0, 3.412044
0.0, 0.0, 3.938833
0.0, 0.0, 4.473350
0.0, 0.0, 4.820061
0.0, 0.0, 4.891457
0.0, 0.0, 4.777581
0.0, 0.0, 4.626241
0.0, 0.0, 4.512875
0.0, 0.0, 4.450033
0.0, 0.0, 4.426806
0.0, 0.0, 4.431358
0.0, 0.0, 4.458561
0.0, 0.0, 4.511488
0.0, 0.0, 4.595862
0.0, 0.0, 4.715228
0.0, 0.0, 4.868496
0.0, 0.0, 5.046690
0.0, 0.0, 5.225643
0.0, 0.0, 5.358885
0.0, 0.0, 5.385478
0.0, 0.0, 5.260545
0.0, 0.0, 4.988083
0.0, 0.0, 4.622222
0.0, 0.0, 4.233605
0.0, 0.0, 3.874146
0.0, 0.0, 3.565969
0.0, 0.0, 3.308810
0.0, 0.0, 3.091106
0.0, 0.0, 2.901091
0.0, 0.0, 2.734558
0.0, 0.0, 2.592437
0.0, 0.0, 2.474004
0.0, 0.0, 2.374654
0.0, 0.0, 4.156205
0.0, 0.0, 4.252446
0.0, 0.0, 4.357810
0.0, 0.0, 4.472400
0.0, 0.0, 4.592864
0.0, 0.0, 4.711987
0.0, 0.0, 4.823973
0.0, 0.0, 4.928885
0.0, 0.0, 5.026876
0.0, 0.0, 5.109672
0.0, 0.0, 5.157558
0.0, 0.0, 5.142613
0.0, 0.0, 5.038728
0.0, 0.0, 4.835971
0.0, 0.0, 4.549731
0.0, 0.0, 4.216241
0.0, 0.0, 3.877600
0.0, 0.0, 3.567848
0.0, 0.0, 3.307756
0.0, 0.0, 3.106958
0.0, 0.0, 2.968225
0.0, 0.0, 2.891333
0.0, 0.0, 2.876361
0.0, 0.0, 2.926318
0.0, 0.0, 3.050197
0.0, 0.0, 3.265479
0.0, 0.0, 3.601624
0.0, 0.0, 4.087486
0.0, 0.0, 4.697201
0.0, 0.0, 5.283834
0.0, 0.0, 5.623114
0.0, 0.0, 5.614128
0.0, 0.0, 5.395794
0.0, 0.0, 5.141708
0.0, 0.0, 4.941282
0.0, 0.0, 4.806906
0.0, 0.0, 4.724599
0.0, 0.0, 4.679600
0.0, 0.0, 4.665139
0.0, 0.0, 4.681439
0.0, 0.0, 4.729844
0.0, 0.0, 4.808566
0.0, 0.0, 4.911224
0.0, 0.0, 5.024986
0.0, 0.0, 5.127481
0.0, 0.0, 5.186201
0.0, 0.0, 5.165873
0.0, 0.0, 5.044121
0.0, 0.0, 4.825394
0.0, 0.0, 4.540431
0.0, 0.0, 4.230840
0.0, 0.0, 3.931476
0.0, 0.0, 3.661690
0.0, 0.0, 3.425317
0.0, 0.0, 3.215744
0.0, 0.0, 3.025277
0.0, 0.0, 2.852932
0.0, 0.0, 2.702117
0.0, 0.0, 2.573804
0.0, 0.0, 2.464461
0.0, 0.0, 4.137690
0.0, 0.0, 4.232411
0.0, 0.0, 4.335484
0.0, 0.0, 4.446509
0.0, 0.0, 4.561165
0.0, 0.0, 4.670979
0.0, 0.0, 4.768749
0.0, 0.0, 4.853182
0.0, 0.0, 4.924023
0.0, 0.0, 4.974996
0.0, 0.0, 4.992638
0.0, 0.0, 4.960109
0.0, 0.0, 4.863650
0.0, 0.0, 4.699683
0.0, 0.0, 4.478725
0.0, 0.0, 4.223117
0.0, 0.0, 3.959943
0.0, 0.0, 3.713732
0.0, 0.0, 3.502545
0.0, 0.0, 3.337779
0.0, 0.0, 3.226373
0.0, 0.0, 3.173113
0.0, 0.0, 3.183180
0.0, 0.0, 3.264133
0.0, 0.0, 3.426334
0.0, 0.0, 3.684396
0.0, 0.0, 4.057756
0.0, 0.0, 4.558756
0.0, 0.0, 5.148311
0.0, 0.0, 5.685804
0.0, 0.0, 5.981705
0.0, 0.0, 5.967199
0.0, 0.0, 5.743133
0.0, 0.0, 5.471447
0.0, 0.0, 5.240469
0.0, 0.0, 5.069736
0.0, 0.0, 4.949915
0.0, 0.0, 4.868798
0.0, 0.0, 4.820653
0.0, 0.0, 4.804779
0.0, 0.0, 4.819631
0.0, 0.0, 4.859924
0.0, 0.0, 4.916687
0.0, 0.0, 4.976686
0.0, 0.0, 5.021737
0.0, 0.0, 5.030041
0.0, 0.0, 4.981173
0.0, 0.0, 4.863865
0.0, 0.0, 4.681870
0.0, 0.0, 4.453163
0.0, 0.0, 4.202612
0.0, 0.0, 3.953085
0.0, 0.0, 3.719376
0.0, 0.0, 3.505749
0.0, 0.0, 3.307924
0.0, 0.0, 3.121075
0.0, 0.0, 2.947103
0.0, 0.0, 2.791680
0.0, 0.0, 2.657334
0.0, 0.0, 2.541411
0.0, 0.0, 4.112257
0.0, 0.0, 4.201011
0.0, 0.0, 4.299433
0.0, 0.0, 4.406685
0.0, 0.0, 4.515486
0.0, 0.0, 4.616673
0.0, 0.0, 4.702252
0.0, 0.0, 4.770226
0.0, 0.0, 4.820927
0.0, 0.0, 4.850776
0.0, 0.0, 4.851397
0.0, 0.0, 4.812847
0.0, 0.0, 4.727866
0.0, 0.0, 4.595663
0.0, 0.0, 4.423742
0.0, 0.0, 4.226723
0.0, 0.0, 4.022654
0.0, 0.0, 3.829298
0.0, 0.0, 3.661656
0.0, 0.0, 3.531284
0.0, 0.0, 3.447001
0.0, 0.0, 3.416816
0.0, 0.0, 3.448573
0.0, 0.0, 3.550680
0.0, 0.0, 3.732233
0.0, 0.0, 4.002014
0.0, 0.0, 4.366261
0.0, 0.0, 4.818758
0.0, 0.0, 5.313252
0.0, 0.0, 5.742965
0.0, 0.0, 5.986907
0.0, 0.0, 5.998092
0.0, 0.0, 5.838855
0.0, 0.0, 5.615714
0.0, 0.0, 5.404968
0.0, 0.0, 5.232771
0.0, 0.0, 5.098688
0.0, 0.0, 4.996684
0.0, 0.0, 4.924792
0.0, 0.0, 4.883115
0.0, 0.0, 4.869064
0.0, 0.0, 4.876254
0.0, 0.0, 4.895234
0.0, 0.0, 4.914013
0.0, 0.0, 4.918606
0.0, 0.0, 4.894355
0.0, 0.0, 4.829026
0.0, 0.0, 4.716685
0.0, 0.0, 4.560216
0.0, 0.0, 4.370568
0.0, 0.0, 4.163071
0.0, 0.0, 3.952718
0.0, 0.0, 3.749995
0.0, 0.0, 3.557894
0.0, 0.0, 3.372691
0.0, 0.0, 3.191425
0.0, 0.0, 3.018462
0.0, 0.0, 2.861347
0.0, 0.0, 2.723892
0.0, 0.0, 2.605528
0.0, 0.0, 4.080909
0.0, 0.0, 4.147405
0.0, 0.0, 4.245401
0.0, 0.0, 4.350357
0.0, 0.0, 4.454867
0.0, 0.0, 4.549678
0.0, 0.0, 4.626462
0.0, 0.0, 4.682798
0.0, 0.0, 4.719831
0.0, 0.0, 4.736596
0.0, 0.0, 4.728564
0.0, 0.0, 4.690081
0.0, 0.0, 4.617344
0.0, 0.0, 4.510671
0.0, 0.0, 4.375665
0.0, 0.0, 4.222536
0.0, 0.0, 4.064085
0.0, 0.0, 3.913417
0.0, 0.0, 3.783027
0.0, 0.0, 3.683977
0.0, 0.0, 3.625847
0.0, 0.0, 3.617122
0.0, 0.0, 3.665747
0.0, 0.0, 3.779031
0.0, 0.0, 3.963130
0.0, 0.0, 4.220909
0.0, 0.0, 4.547748
0.0, 0.0, 4.924878
0.0, 0.0, 5.309963
0.0, 0.0, 5.634456
0.0, 0.0, 5.829178
0.0, 0.0, 5.866902
0.0, 0.0, 5.778267
0.0, 0.0, 5.624787
0.0, 0.0, 5.458974
0.0, 0.0, 5.307097
0.0, 0.0, 5.175752
0.0, 0.0, 5.065831
0.0, 0.0, 4.979942
0.0, 0.0, 4.919785
0.0, 0.0, 4.883050
0.0, 0.0, 4.863698
0.0, 0.0, 4.853291
0.0, 0.0, 4.841924
0.0, 0.0, 4.818961
0.0, 0.0, 4.774279
0.0, 0.0, 4.700102
0.0, 0.0, 4.593096
0.0, 0.0, 4.455339
0.0, 0.0, 4.293734
0.0, 0.0, 4.118015
0.0, 0.0, 3.938042
0.0, 0.0, 3.760747
0.0, 0.0, 3.587304
0.0, 0.0, 3.413772
0.0, 0.0, 3.238512
0.0, 0.0, 3.068010
0.0, 0.0, 2.911086
0.0, 0.0, 2.772028
0.0, 0.0, 2.652903
0.0, 0.0, 3.973753
0.0, 0.0, 4.069329
0.0, 0.0, 4.168994
0.0, 0.0, 4.273206
0.0, 0.0, 4.375223
0.0, 0.0, 4.466437
0.0, 0.0, 4.538371
0.0, 0.0, 4.587847
0.0, 0.0, 4.616617
0.0, 0.0, 4.625985
0.0, 0.0, 4.614344
0.0, 0.0, 4.578805
0.0, 0.0, 4.517558
0.0, 0.0, 4.431432
0.0, 0.0, 4.324751
0.0, 0.0, 4.205283
0.0, 0.0, 4.082648
0.0, 0.0, 3.967217
0.0, 0.0, 3.869323
0.0, 0.0, 3.798781
0.0, 0.0, 3.764388
0.0, 0.0, 3.773806
0.0, 0.0, 3.833636
0.0, 0.0, 3.949307
0.0, 0.0, 4.124170
0.0, 0.0, 4.356960
0.0, 0.0, 4.637438
0.0, 0.0, 4.942952
0.0, 0.0, 5.238890
0.0, 0.0, 5.483210
0.0, 0.0, 5.638777
0.0, 0.0, 5.690369
0.0, 0.0, 5.652200
0.0, 0.0, 5.557003
0.0, 0.0, 5.437016
0.0, 0.0, 5.312279
0.0, 0.0, 5.192223
0.0, 0.0, 5.083240
0.0, 0.0, 4.991505
0.0, 0.0, 4.920059
0.0, 0.0, 4.867291
0.0, 0.0, 4.828249
0.0, 0.0, 4.796154
0.0, 0.0, 4.763296
0.0, 0.0, 4.721773
0.0, 0.0, 4.664424
0.0, 0.0, 4.586070
0.0, 0.0, 4.484566
0.0, 0.0, 4.361278
0.0, 0.0, 4.220624
0.0, 0.0, 4.068909
0.0, 0.0, 3.912545
0.0, 0.0, 3.755563
0.0, 0.0, 3.597215
0.0, 0.0, 3.433360
0.0, 0.0, 3.263768
0.0, 0.0, 3.096637
0.0, 0.0, 2.941287
0.0, 0.0, 2.801874
0.0, 0.0, 2.677400
0.0, 0.0, 3.868661
0.0, 0.0, 3.970941
0.0, 0.0, 4.072976
0.0, 0.0, 4.175579
0.0, 0.0, 4.275500
0.0, 0.0, 4.365151
0.0, 0.0, 4.435482
0.0, 0.0, 4.482077
0.0, 0.0, 4.506791
0.0, 0.0, 4.512794
0.0, 0.0, 4.500745
0.0, 0.0, 4.469685
0.0, 0.0, 4.419114
0.0, 0.0, 4.350297
0.0, 0.0, 4.266943
0.0, 0.0, 4.175042
0.0, 0.0, 4.082209
0.0, 0.0, 3.996753
0.0, 0.0, 3.927113
0.0, 0.0, 3.881367
0.0, 0.0, 3.866825
0.0, 0.0, 3.889760
0.0, 0.0, 3.955253
0.0, 0.0, 4.066927
0.0, 0.0, 4.226080
0.0, 0.0, 4.429522
0.0, 0.0, 4.666109
0.0, 0.0, 4.914594
0.0, 0.0, 5.146773
0.0, 0.0, 5.335939
0.0, 0.0, 5.462089
0.0, 0.0, 5.517492
0.0, 0.0, 5.509000
0.0, 0.0, 5.453460
0.0, 0.0, 5.368919
0.0, 0.0, 5.268601
0.0, 0.0, 5.161963
0.0, 0.0, 5.058747
0.0, 0.0, 4.966988
0.0, 0.0, 4.890219
0.0, 0.0, 4.827511
0.0, 0.0, 4.775160
0.0, 0.0, 4.728062
0.0, 0.0, 4.680490
0.0, 0.0, 4.626698
0.0, 0.0, 4.561644
0.0, 0.0, 4.481744
0.0, 0.0, 4.385485
0.0, 0.0, 4.273658
0.0, 0.0, 4.149082
0.0, 0.0, 4.015846
0.0, 0.0, 3.877909
0.0, 0.0, 3.736832
0.0, 0.0, 3.590036
0.0, 0.0, 3.433520
0.0, 0.0, 3.269126
0.0, 0.0, 3.106184
0.0, 0.0, 2.953840
0.0, 0.0, 2.815533
0.0, 0.0, 2.690287
0.0, 0.0, 3.767311
0.0, 0.0, 3.867424
0.0, 0.0, 3.966574
0.0, 0.0, 4.065701
0.0, 0.0, 4.162678
0.0, 0.0, 4.251120
0.0, 0.0, 4.321672
0.0, 0.0, 4.368157
0.0, 0.0, 4.391969
0.0, 0.0, 4.397520
0.0, 0.0, 4.387321
0.0, 0.0, 4.361923
0.0, 0.0, 4.321774
0.0, 0.0, 4.268468
0.0, 0.0, 4.205214
0.0, 0.0, 4.136795
0.0, 0.0, 4.069154
0.0, 0.0, 4.008877
0.0, 0.0, 3.962675
0.0, 0.0, 3.936978
0.0, 0.0, 3.937583
0.0, 0.0, 3.969377
0.0, 0.0, 4.036086
0.0, 0.0, 4.139939
0.0, 0.0, 4.280998
0.0, 0.0, 4.455700
0.0, 0.0, 4.654452
0.0, 0.0, 4.859707
0.0, 0.0, 5.048651
0.0, 0.0, 5.201469
0.0, 0.0, 5.306466
0.0, 0.0, 5.360575
0.0, 0.0, 5.367647
0.0, 0.0, 5.336085
0.0, 0.0, 5.274913
0.0, 0.0, 5.192451
0.0, 0.0, 5.098105
0.0, 0.0, 5.002739
0.0, 0.0, 4.914509
0.0, 0.0, 4.836738
0.0, 0.0, 4.768972
0.0, 0.0, 4.708626
0.0, 0.0, 4.652040
0.0, 0.0, 4.595094
0.0, 0.0, 4.533703
0.0, 0.0, 4.464325
0.0, 0.0, 4.384454
0.0, 0.0, 4.292982
0.0, 0.0, 4.190334
0.0, 0.0, 4.078302
0.0, 0.0, 3.959464
0.0, 0.0, 3.835909
0.0, 0.0, 3.707034
0.0, 0.0, 3.568617
0.0, 0.0, 3.417406
0.0, 0.0, 3.257664
0.0, 0.0, 3.099686
0.0, 0.0, 2.951733
0.0, 0.0, 2.816489
0.0, 0.0, 2.692828
0.0, 0.0, 3.669567
0.0, 0.0, 3.764589
0.0, 0.0, 3.858654
0.0, 0.0, 3.952910
0.0, 0.0, 4.046106
0.0, 0.0, 4.133201
0.0, 0.0, 4.205021
0.0, 0.0, 4.253696
0.0, 0.0, 4.278965
0.0, 0.0, 4.285933
0.0, 0.0, 4.278845
0.0, 0.0, 4.259754
0.0, 0.0, 4.229630
0.0, 0.0, 4.190126
0.0, 0.0, 4.144003
0.0, 0.0, 4.095086
0.0, 0.0, 4.048029
0.0, 0.0, 4.007972
0.0, 0.0, 3.980173
0.0, 0.0, 3.969666
0.0, 0.0, 3.980949
0.0, 0.0, 4.017722
0.0, 0.0, 4.082613
0.0, 0.0, 4.176881
0.0, 0.0, 4.299961
0.0, 0.0, 4.448644
0.0, 0.0, 4.615630
0.0, 0.0, 4.787999
0.0, 0.0, 4.947969
0.0, 0.0, 5.077955
0.0, 0.0, 5.169209
0.0, 0.0, 5.220476
0.0, 0.0, 5.234637
0.0, 0.0, 5.215646
0.0, 0.0, 5.167395
0.0, 0.0, 5.096008
0.0, 0.0, 5.011570
0.0, 0.0, 4.924542
0.0, 0.0, 4.841698
0.0, 0.0, 4.765704
0.0, 0.0, 4.696408
0.0, 0.0, 4.632106
0.0, 0.0, 4.570282
0.0, 0.0, 4.508055
0.0, 0.0, 4.442565
0.0, 0.0, 4.371337
0.0, 0.0, 4.292617
0.0, 0.0, 4.205596
0.0, 0.0, 4.110501
0.0, 0.0, 4.008478
0.0, 0.0, 3.901128
0.0, 0.0, 3.788902
0.0, 0.0, 3.669123
0.0, 0.0, 3.536259
0.0, 0.0, 3.388397
0.0, 0.0, 3.232762
0.0, 0.0, 3.080256
0.0, 0.0, 2.937783
0.0, 0.0, 2.806950
0.0, 0.0, 2.686384
0.0, 0.0, 3.575325
0.0, 0.0, 3.664308
0.0, 0.0, 3.752647
0.0, 0.0, 3.841688
0.0, 0.0, 3.930847
0.0, 0.0, 4.017239
0.0, 0.0, 4.093519
0.0, 0.0, 4.146869
0.0, 0.0, 4.175124
0.0, 0.0, 4.182580
0.0, 0.0, 4.178867
0.0, 0.0, 4.165928
0.0, 0.0, 4.144806
0.0, 0.0, 4.117040
0.0, 0.0, 4.084956
0.0, 0.0, 4.051630
0.0, 0.0, 4.020723
0.0, 0.0, 3.996245
0.0, 0.0, 3.982285
0.0, 0.0, 3.982736
0.0, 0.0, 4.001034
0.0, 0.0, 4.039915
0.0, 0.0, 4.101178
0.0, 0.0, 4.185450
0.0, 0.0, 4.291915
0.0, 0.0, 4.417936
0.0, 0.0, 4.558452
0.0, 0.0, 4.705233
0.0, 0.0, 4.846378
0.0, 0.0, 4.964911
0.0, 0.0, 5.049037
0.0, 0.0, 5.097021
0.0, 0.0, 5.114229
0.0, 0.0, 5.099722
0.0, 0.0, 5.055841
0.0, 0.0, 4.988321
0.0, 0.0, 4.911192
0.0, 0.0, 4.832034
0.0, 0.0, 4.755249
0.0, 0.0, 4.682612
0.0, 0.0, 4.614123
0.0, 0.0, 4.548725
0.0, 0.0, 4.484746
0.0, 0.0, 4.420225
0.0, 0.0, 4.353190
0.0, 0.0, 4.281929
0.0, 0.0, 4.205221
0.0, 0.0, 4.122486
0.0, 0.0, 4.033851
0.0, 0.0, 3.940076
0.0, 0.0, 3.842236
0.0, 0.0, 3.740479
0.0, 0.0, 3.628181
0.0, 0.0, 3.497807
0.0, 0.0, 3.349928
0.0, 0.0, 3.196615
0.0, 0.0, 3.049957
0.0, 0.0, 2.913755
0.0, 0.0, 2.788416
0.0, 0.0, 2.672284
0.0, 0.0, 3.484491
0.0, 0.0, 3.565435
0.0, 0.0, 3.647902
0.0, 0.0, 3.731774
0.0, 0.0, 3.816958
0.0, 0.0, 3.903428
0.0, 0.0, 3.991313
0.0, 0.0, 4.068435
0.0, 0.0, 4.081696
0.0, 0.0, 4.088110
0.0, 0.0, 4.087491
0.0, 0.0, 4.080070
0.0, 0.0, 4.066601
0.0, 0.0, 4.048429
0.0, 0.0, 4.027496
0.0, 0.0, 4.006283
0.0, 0.0, 3.987688
0.0, 0.0, 3.974849
0.0, 0.0, 3.970939
0.0, 0.0, 3.978949
0.0, 0.0, 4.001471
0.0, 0.0, 4.040495
0.0, 0.0, 4.097219
0.0, 0.0, 4.171876
0.0, 0.0, 4.263597
0.0, 0.0, 4.370339
0.0, 0.0, 4.488939
0.0, 0.0, 4.615380
0.0, 0.0, 4.745321
0.0, 0.0, 4.874888
0.0, 0.0, 4.954020
0.0, 0.0, 4.990614
0.0, 0.0, 5.009070
0.0, 0.0, 5.010471
0.0, 0.0, 4.946285
0.0, 0.0, 4.876581
0.0, 0.0, 4.804311
0.0, 0.0, 4.731913
0.0, 0.0, 4.661031
0.0, 0.0, 4.592450
0.0, 0.0, 4.526172
0.0, 0.0, 4.461564
0.0, 0.0, 4.397552
0.0, 0.0, 4.332827
0.0, 0.0, 4.266047
0.0, 0.0, 4.196043
0.0, 0.0, 4.121973
0.0, 0.0, 4.043435
0.0, 0.0, 3.960510
0.0, 0.0, 3.873738
0.0, 0.0, 3.784023
0.0, 0.0, 3.692510
0.0, 0.0, 3.600441
0.0, 0.0, 3.467136
0.0, 0.0, 3.301910
0.0, 0.0, 3.149604
0.0, 0.0, 3.009285
0.0, 0.0, 2.880085
0.0, 0.0, 2.761178
0.0, 0.0, 2.651764
