S
I=43,J=43
0.000000, 0.000000, 2.627269
1.000000, 0.000000, 2.599441
2.000000, 0.000000, 2.567711
3.000000, 0.000000, 2.532174
4.000000, 0.000000, 2.493103
5.000000, 0.000000, 2.450908
6.000000, 0.000000, 2.405997
7.000000, 0.000000, 2.358594
8.000000, 0.000000, 2.308644
9.000000, 0.000000, 2.255854
10.000000, 0.000000, 2.199137
11.000000, 0.000000, 2.139771
12.000000, 0.000000, 2.077199
13.000000, 0.000000, 2.010971
14.000000, 0.000000, 1.940337
15.000000, 0.000000, 1.861820
16.000000, 0.000000, 1.762168
17.000000, 0.000000, 1.643810
18.000000, 0.000000, 1.524100
19.000000, 0.000000, 1.409771
20.000000, 0.000000, 1.304955
21.000000, 0.000000, 1.213798
22.000000, 0.000000, 1.140706
23.000000, 0.000000, 1.089933
24.000000, 0.000000, 1.064790
25.000000, 0.000000, 1.066759
26.000000, 0.000000, 1.095075
27.000000, 0.000000, 1.147090
28.000000, 0.000000, 1.219147
29.000000, 0.000000, 1.307550
30.000000, 0.000000, 1.410648
31.000000, 0.000000, 1.525370
32.000000, 0.000000, 1.647243
33.000000, 0.000000, 1.773872
34.000000, 0.000000, 1.917282
35.000000, 0.000000, 2.067258
36.000000, 0.000000, 2.210486
37.000000, 0.000000, 2.342870
38.000000, 0.000000, 2.460843
39.000000, 0.000000, 2.561718
40.000000, 0.000000, 2.643956
41.000000, 0.000000, 2.723991
42.000000, 0.000000, 2.777948
0.000000, 1.000000, 2.688627
1.000000, 1.000000, 2.661301
2.000000, 1.000000, 2.629028
3.000000, 1.000000, 2.591986
4.000000, 1.000000, 2.550526
5.000000, 1.000000, 2.505265
6.000000, 1.000000, 2.456883
7.000000, 1.000000, 2.405787
8.000000, 1.000000, 2.351810
9.000000, 1.000000, 2.294658
10.000000, 1.000000, 2.234653
11.000000, 1.000000, 2.171100
12.000000, 1.000000, 2.103280
13.000000, 1.000000, 2.030852
14.000000, 1.000000, 1.953744
15.000000, 1.000000, 1.871212
16.000000, 1.000000, 1.760140
17.000000, 1.000000, 1.622889
18.000000, 1.000000, 1.487173
19.000000, 1.000000, 1.357059
20.000000, 1.000000, 1.236479
21.000000, 1.000000, 1.130289
22.000000, 1.000000, 1.044242
23.000000, 1.000000, 0.984407
24.000000, 1.000000, 0.955825
25.000000, 1.000000, 0.960830
26.000000, 1.000000, 0.998158
27.000000, 1.000000, 1.063688
28.000000, 1.000000, 1.152161
29.000000, 1.000000, 1.258765
30.000000, 1.000000, 1.380750
31.000000, 1.000000, 1.514786
32.000000, 1.000000, 1.656839
33.000000, 1.000000, 1.811478
34.000000, 1.000000, 1.986068
35.000000, 1.000000, 2.159520
36.000000, 1.000000, 2.324395
37.000000, 1.000000, 2.475452
38.000000, 1.000000, 2.608043
39.000000, 1.000000, 2.718736
40.000000, 1.000000, 2.805963
41.000000, 1.000000, 2.875865
42.000000, 1.000000, 2.929657
0.000000, 2.000000, 2.759848
1.000000, 2.000000, 2.733446
2.000000, 2.000000, 2.700949
3.000000, 2.000000, 2.662425
4.000000, 2.000000, 2.618261
5.000000, 2.000000, 2.569366
6.000000, 2.000000, 2.516941
7.000000, 2.000000, 2.461833
8.000000, 2.000000, 2.403861
9.000000, 2.000000, 2.343424
10.000000, 2.000000, 2.280030
11.000000, 2.000000, 2.211548
12.000000, 2.000000, 2.136798
13.000000, 2.000000, 2.055025
14.000000, 2.000000, 1.965163
15.000000, 2.000000, 1.863437
16.000000, 2.000000, 1.740087
17.000000, 2.000000, 1.597523
18.000000, 2.000000, 1.449628
19.000000, 2.000000, 1.303908
20.000000, 2.000000, 1.165870
21.000000, 2.000000, 1.041743
22.000000, 2.000000, 0.939257
23.000000, 2.000000, 0.867331
24.000000, 2.000000, 0.834088
25.000000, 2.000000, 0.843454
26.000000, 2.000000, 0.893106
27.000000, 2.000000, 0.976207
28.000000, 2.000000, 1.084998
29.000000, 2.000000, 1.213229
30.000000, 2.000000, 1.356671
31.000000, 2.000000, 1.512017
32.000000, 2.000000, 1.677858
33.000000, 2.000000, 1.869664
34.000000, 2.000000, 2.074242
35.000000, 2.000000, 2.275202
36.000000, 2.000000, 2.465732
37.000000, 2.000000, 2.638843
38.000000, 2.000000, 2.788150
39.000000, 2.000000, 2.909035
40.000000, 2.000000, 2.999503
41.000000, 2.000000, 3.061297
42.000000, 2.000000, 3.105604
0.000000, 3.000000, 2.842134
1.000000, 3.000000, 2.817512
2.000000, 3.000000, 2.785435
3.000000, 3.000000, 2.745690
4.000000, 3.000000, 2.698551
5.000000, 3.000000, 2.645253
6.000000, 3.000000, 2.587920
7.000000, 3.000000, 2.528524
8.000000, 3.000000, 2.467310
9.000000, 3.000000, 2.405146
10.000000, 3.000000, 2.338862
11.000000, 3.000000, 2.265140
12.000000, 3.000000, 2.182339
13.000000, 3.000000, 2.089493
14.000000, 3.000000, 1.985205
15.000000, 3.000000, 1.866534
16.000000, 3.000000, 1.730334
17.000000, 3.000000, 1.578525
18.000000, 3.000000, 1.417930
19.000000, 3.000000, 1.255466
20.000000, 3.000000, 1.097615
21.000000, 3.000000, 0.951863
22.000000, 3.000000, 0.828142
23.000000, 3.000000, 0.739489
24.000000, 3.000000, 0.699579
25.000000, 3.000000, 0.715501
26.000000, 3.000000, 0.782435
27.000000, 3.000000, 0.888222
28.000000, 3.000000, 1.021221
29.000000, 3.000000, 1.173543
30.000000, 3.000000, 1.340581
31.000000, 3.000000, 1.519666
32.000000, 3.000000, 1.717798
33.000000, 3.000000, 1.948494
34.000000, 3.000000, 2.185454
35.000000, 3.000000, 2.419035
36.000000, 3.000000, 2.640639
37.000000, 3.000000, 2.840486
38.000000, 3.000000, 3.009273
39.000000, 3.000000, 3.140378
40.000000, 3.000000, 3.231527
41.000000, 3.000000, 3.285014
42.000000, 3.000000, 3.309953
0.000000, 4.000000, 2.936682
1.000000, 4.000000, 2.915155
2.000000, 4.000000, 2.884679
3.000000, 4.000000, 2.844507
4.000000, 4.000000, 2.794444
5.000000, 4.000000, 2.735755
6.000000, 4.000000, 2.671977
7.000000, 4.000000, 2.607876
8.000000, 4.000000, 2.545378
9.000000, 4.000000, 2.483828
10.000000, 4.000000, 2.415834
11.000000, 4.000000, 2.336993
12.000000, 4.000000, 2.245597
13.000000, 4.000000, 2.141289
14.000000, 4.000000, 2.023594
15.000000, 4.000000, 1.890682
16.000000, 4.000000, 1.740966
17.000000, 4.000000, 1.575814
18.000000, 4.000000, 1.399601
19.000000, 4.000000, 1.218043
20.000000, 4.000000, 1.037514
21.000000, 4.000000, 0.865888
22.000000, 4.000000, 0.714645
23.000000, 4.000000, 0.601968
24.000000, 4.000000, 0.551859
25.000000, 4.000000, 0.578484
26.000000, 4.000000, 0.670567
27.000000, 4.000000, 0.805319
28.000000, 4.000000, 0.966051
29.000000, 4.000000, 1.144159
30.000000, 4.000000, 1.335910
31.000000, 4.000000, 1.540969
32.000000, 4.000000, 1.780449
33.000000, 4.000000, 2.047807
34.000000, 4.000000, 2.322021
35.000000, 4.000000, 2.595066
36.000000, 4.000000, 2.855590
37.000000, 4.000000, 3.089254
38.000000, 4.000000, 3.281582
39.000000, 4.000000, 3.422383
40.000000, 4.000000, 3.509206
41.000000, 4.000000, 3.547395
42.000000, 4.000000, 3.547539
0.000000, 5.000000, 3.044528
1.000000, 5.000000, 3.027962
2.000000, 5.000000, 3.001042
3.000000, 5.000000, 2.962243
4.000000, 5.000000, 2.910323
5.000000, 5.000000, 2.845556
6.000000, 5.000000, 2.772340
7.000000, 5.000000, 2.702173
8.000000, 5.000000, 2.642562
9.000000, 5.000000, 2.585262
10.000000, 5.000000, 2.517053
11.000000, 5.000000, 2.433281
12.000000, 5.000000, 2.332771
13.000000, 5.000000, 2.216591
14.000000, 5.000000, 2.086672
15.000000, 5.000000, 1.941075
16.000000, 5.000000, 1.777257
17.000000, 5.000000, 1.596234
18.000000, 5.000000, 1.401702
19.000000, 5.000000, 1.198714
20.000000, 5.000000, 0.993102
21.000000, 5.000000, 0.792006
22.000000, 5.000000, 0.606422
23.000000, 5.000000, 0.458486
24.000000, 5.000000, 0.391267
25.000000, 5.000000, 0.437509
26.000000, 5.000000, 0.566987
27.000000, 5.000000, 0.736775
28.000000, 5.000000, 0.926777
29.000000, 5.000000, 1.130334
30.000000, 5.000000, 1.346153
31.000000, 5.000000, 1.580923
32.000000, 5.000000, 1.862588
33.000000, 5.000000, 2.167264
34.000000, 5.000000, 2.484597
35.000000, 5.000000, 2.806404
36.000000, 5.000000, 3.117732
37.000000, 5.000000, 3.396698
38.000000, 5.000000, 3.619114
39.000000, 5.000000, 3.767909
40.000000, 5.000000, 3.841053
41.000000, 5.000000, 3.850775
42.000000, 5.000000, 3.815767
0.000000, 6.000000, 3.166281
1.000000, 6.000000, 3.157099
2.000000, 6.000000, 3.136580
3.000000, 6.000000, 3.102393
4.000000, 6.000000, 3.052022
5.000000, 6.000000, 2.983352
6.000000, 6.000000, 2.897003
7.000000, 6.000000, 2.814641
8.000000, 6.000000, 2.767550
9.000000, 6.000000, 2.717272
10.000000, 6.000000, 2.648733
11.000000, 6.000000, 2.560019
12.000000, 6.000000, 2.450368
13.000000, 6.000000, 2.320877
14.000000, 6.000000, 2.180569
15.000000, 6.000000, 2.023762
16.000000, 6.000000, 1.844855
17.000000, 6.000000, 1.645863
18.000000, 6.000000, 1.430845
19.000000, 6.000000, 1.204832
20.000000, 6.000000, 0.973242
21.000000, 6.000000, 0.741856
22.000000, 6.000000, 0.518317
23.000000, 6.000000, 0.320851
24.000000, 6.000000, 0.220949
25.000000, 6.000000, 0.308143
26.000000, 6.000000, 0.489511
27.000000, 6.000000, 0.695172
28.000000, 6.000000, 0.911345
29.000000, 6.000000, 1.136785
30.000000, 6.000000, 1.373796
31.000000, 6.000000, 1.642082
32.000000, 6.000000, 1.959948
33.000000, 6.000000, 2.303453
34.000000, 6.000000, 2.670160
35.000000, 6.000000, 3.053060
36.000000, 6.000000, 3.433625
37.000000, 6.000000, 3.777859
38.000000, 6.000000, 4.042060
39.000000, 6.000000, 4.194389
40.000000, 6.000000, 4.235693
41.000000, 6.000000, 4.194591
42.000000, 6.000000, 4.105824
0.000000, 7.000000, 3.301863
1.000000, 7.000000, 3.302754
2.000000, 7.000000, 3.291564
3.000000, 7.000000, 3.264311
4.000000, 7.000000, 3.217052
5.000000, 7.000000, 3.147206
6.000000, 7.000000, 3.053954
7.000000, 7.000000, 2.958611
8.000000, 7.000000, 2.911563
9.000000, 7.000000, 2.857646
10.000000, 7.000000, 2.785443
11.000000, 7.000000, 2.693578
12.000000, 7.000000, 2.580466
13.000000, 7.000000, 2.445756
14.000000, 7.000000, 2.300190
15.000000, 7.000000, 2.135236
16.000000, 7.000000, 1.944093
17.000000, 7.000000, 1.728410
18.000000, 7.000000, 1.492784
19.000000, 7.000000, 1.243463
20.000000, 7.000000, 0.987055
21.000000, 7.000000, 0.729227
22.000000, 7.000000, 0.474662
23.000000, 7.000000, 0.229570
24.000000, 7.000000, 0.077307
25.000000, 7.000000, 0.236011
26.000000, 7.000000, 0.462821
27.000000, 7.000000, 0.692339
28.000000, 7.000000, 0.925467
29.000000, 7.000000, 1.165802
30.000000, 7.000000, 1.419375
31.000000, 7.000000, 1.719212
32.000000, 7.000000, 2.066037
33.000000, 7.000000, 2.447720
34.000000, 7.000000, 2.868620
35.000000, 7.000000, 3.327075
36.000000, 7.000000, 3.804830
37.000000, 7.000000, 4.251187
38.000000, 7.000000, 4.580794
39.000000, 7.000000, 4.724955
40.000000, 7.000000, 4.697292
41.000000, 7.000000, 4.568237
42.000000, 7.000000, 4.400580
0.000000, 8.000000, 3.450264
1.000000, 8.000000, 3.447356
2.000000, 8.000000, 3.433234
3.000000, 8.000000, 3.403610
4.000000, 8.000000, 3.358971
5.000000, 8.000000, 3.300041
6.000000, 8.000000, 3.225673
7.000000, 8.000000, 3.143121
8.000000, 8.000000, 3.072817
9.000000, 8.000000, 3.006615
10.000000, 8.000000, 2.930270
11.000000, 8.000000, 2.837841
12.000000, 8.000000, 2.725802
13.000000, 8.000000, 2.592934
14.000000, 8.000000, 2.439878
15.000000, 8.000000, 2.263095
16.000000, 8.000000, 2.059184
17.000000, 8.000000, 1.829593
18.000000, 8.000000, 1.579035
19.000000, 8.000000, 1.313690
20.000000, 8.000000, 1.040008
21.000000, 8.000000, 0.765238
22.000000, 8.000000, 0.498966
23.000000, 8.000000, 0.259154
24.000000, 8.000000, 0.142811
25.000000, 8.000000, 0.280623
26.000000, 8.000000, 0.500834
27.000000, 8.000000, 0.732262
28.000000, 8.000000, 0.969537
29.000000, 8.000000, 1.215631
30.000000, 8.000000, 1.480325
31.000000, 8.000000, 1.802426
32.000000, 8.000000, 2.169957
33.000000, 8.000000, 2.584299
34.000000, 8.000000, 3.058269
35.000000, 8.000000, 3.602849
36.000000, 8.000000, 4.213807
37.000000, 8.000000, 4.831808
38.000000, 8.000000, 5.282726
39.000000, 8.000000, 5.384674
40.000000, 8.000000, 5.209157
41.000000, 8.000000, 4.937377
42.000000, 8.000000, 4.666236
0.000000, 9.000000, 3.548576
1.000000, 9.000000, 3.550870
2.000000, 9.000000, 3.546902
3.000000, 9.000000, 3.529919
4.000000, 9.000000, 3.498469
5.000000, 9.000000, 3.459981
6.000000, 9.000000, 3.412574
7.000000, 9.000000, 3.331648
8.000000, 9.000000, 3.251626
9.000000, 9.000000, 3.179245
10.000000, 9.000000, 3.102888
11.000000, 9.000000, 3.014516
12.000000, 9.000000, 2.908207
13.000000, 9.000000, 2.779499
14.000000, 9.000000, 2.624591
15.000000, 9.000000, 2.439620
16.000000, 9.000000, 2.222578
17.000000, 9.000000, 1.975670
18.000000, 9.000000, 1.705395
19.000000, 9.000000, 1.421185
20.000000, 9.000000, 1.133695
21.000000, 9.000000, 0.853956
22.000000, 9.000000, 0.595728
23.000000, 9.000000, 0.390590
24.000000, 9.000000, 0.314934
25.000000, 9.000000, 0.409166
26.000000, 9.000000, 0.593725
27.000000, 9.000000, 0.808698
28.000000, 9.000000, 1.037862
29.000000, 9.000000, 1.280142
30.000000, 9.000000, 1.549342
31.000000, 9.000000, 1.879998
32.000000, 9.000000, 2.256629
33.000000, 9.000000, 2.690436
34.000000, 9.000000, 3.203167
35.000000, 9.000000, 3.824149
36.000000, 9.000000, 4.586362
37.000000, 9.000000, 5.482438
38.000000, 9.000000, 6.186249
39.000000, 9.000000, 6.152930
40.000000, 9.000000, 5.683184
41.000000, 9.000000, 5.223488
42.000000, 9.000000, 4.848032
0.000000, 10.000000, 3.632380
1.000000, 10.000000, 3.646208
2.000000, 10.000000, 3.658375
3.000000, 10.000000, 3.655774
4.000000, 10.000000, 3.630533
5.000000, 10.000000, 3.603853
6.000000, 10.000000, 3.570593
7.000000, 10.000000, 3.501991
8.000000, 10.000000, 3.430121
9.000000, 10.000000, 3.364732
10.000000, 10.000000, 3.297481
11.000000, 10.000000, 3.220790
12.000000, 10.000000, 3.127309
13.000000, 10.000000, 3.009808
14.000000, 10.000000, 2.861147
15.000000, 10.000000, 2.675203
16.000000, 10.000000, 2.449180
17.000000, 10.000000, 2.186094
18.000000, 10.000000, 1.895394
19.000000, 10.000000, 1.591230
20.000000, 10.000000, 1.289730
21.000000, 10.000000, 1.007651
22.000000, 10.000000, 0.764371
23.000000, 10.000000, 0.587982
24.000000, 10.000000, 0.517252
25.000000, 10.000000, 0.572441
26.000000, 10.000000, 0.718917
27.000000, 10.000000, 0.908455
28.000000, 10.000000, 1.120198
29.000000, 10.000000, 1.349883
30.000000, 10.000000, 1.614846
31.000000, 10.000000, 1.939224
32.000000, 10.000000, 2.309395
33.000000, 10.000000, 2.741002
34.000000, 10.000000, 3.260288
35.000000, 10.000000, 3.907691
36.000000, 10.000000, 4.747291
37.000000, 10.000000, 5.854055
38.000000, 10.000000, 5.524607
39.000000, 10.000000, 6.574216
40.000000, 10.000000, 5.881162
41.000000, 10.000000, 5.306173
42.000000, 10.000000, 4.882697
0.000000, 11.000000, 3.710362
1.000000, 11.000000, 3.731513
2.000000, 11.000000, 3.751127
3.000000, 11.000000, 3.757207
4.000000, 11.000000, 3.743312
5.000000, 11.000000, 3.724339
6.000000, 11.000000, 3.696486
7.000000, 11.000000, 3.652479
8.000000, 11.000000, 3.603630
9.000000, 11.000000, 3.557186
10.000000, 11.000000, 3.509136
11.000000, 11.000000, 3.453722
12.000000, 11.000000, 3.383237
13.000000, 11.000000, 3.288227
14.000000, 11.000000, 3.157809
15.000000, 11.000000, 2.981413
16.000000, 11.000000, 2.752687
17.000000, 11.000000, 2.474249
18.000000, 11.000000, 2.159722
19.000000, 11.000000, 1.830672
20.000000, 11.000000, 1.510811
21.000000, 11.000000, 1.222303
22.000000, 11.000000, 0.986098
23.000000, 11.000000, 0.823568
24.000000, 11.000000, 0.752308
25.000000, 11.000000, 0.773085
26.000000, 11.000000, 0.867794
27.000000, 11.000000, 1.017989
28.000000, 11.000000, 1.204343
29.000000, 11.000000, 1.414028
30.000000, 11.000000, 1.664736
31.000000, 11.000000, 1.968371
32.000000, 11.000000, 2.314351
33.000000, 11.000000, 2.717427
34.000000, 11.000000, 3.200440
35.000000, 11.000000, 3.795934
36.000000, 11.000000, 4.545105
37.000000, 11.000000, 5.459246
38.000000, 11.000000, 6.179293
39.000000, 11.000000, 6.112150
40.000000, 11.000000, 5.584777
41.000000, 11.000000, 5.106883
42.000000, 11.000000, 4.734522
0.000000, 12.000000, 3.781819
1.000000, 12.000000, 3.806587
2.000000, 12.000000, 3.827819
3.000000, 12.000000, 3.839949
4.000000, 12.000000, 3.841092
5.000000, 12.000000, 3.834743
6.000000, 12.000000, 3.821083
7.000000, 12.000000, 3.798881
8.000000, 12.000000, 3.774951
9.000000, 12.000000, 3.754065
10.000000, 12.000000, 3.733609
11.000000, 12.000000, 3.709541
12.000000, 12.000000, 3.674634
13.000000, 12.000000, 3.617876
14.000000, 12.000000, 3.523856
15.000000, 12.000000, 3.374099
16.000000, 12.000000, 3.153145
17.000000, 12.000000, 2.859308
18.000000, 12.000000, 2.511870
19.000000, 12.000000, 2.145082
20.000000, 12.000000, 1.794189
21.000000, 12.000000, 1.486793
22.000000, 12.000000, 1.242585
23.000000, 12.000000, 1.075361
24.000000, 12.000000, 0.991515
25.000000, 12.000000, 0.985926
26.000000, 12.000000, 1.042860
27.000000, 12.000000, 1.144341
28.000000, 12.000000, 1.283622
29.000000, 12.000000, 1.463428
30.000000, 12.000000, 1.688973
31.000000, 12.000000, 1.959034
32.000000, 12.000000, 2.264167
33.000000, 12.000000, 2.614960
34.000000, 12.000000, 3.025779
35.000000, 12.000000, 3.511635
36.000000, 12.000000, 4.075686
37.000000, 12.000000, 4.666203
38.000000, 12.000000, 5.097823
39.000000, 12.000000, 5.162705
40.000000, 12.000000, 4.954399
41.000000, 12.000000, 4.676834
42.000000, 12.000000, 4.423010
0.000000, 13.000000, 3.848454
1.000000, 13.000000, 3.876293
2.000000, 13.000000, 3.901047
3.000000, 13.000000, 3.920280
4.000000, 13.000000, 3.933195
5.000000, 13.000000, 3.940812
6.000000, 13.000000, 3.943993
7.000000, 13.000000, 3.943360
8.000000, 13.000000, 3.944396
9.000000, 13.000000, 3.952080
10.000000, 13.000000, 3.965037
11.000000, 13.000000, 3.981307
12.000000, 13.000000, 3.995574
13.000000, 13.000000, 3.997154
14.000000, 13.000000, 3.966684
15.000000, 13.000000, 3.873401
16.000000, 13.000000, 3.680735
17.000000, 13.000000, 3.370525
18.000000, 13.000000, 2.969899
19.000000, 13.000000, 2.539431
20.000000, 13.000000, 2.134976
21.000000, 13.000000, 1.790105
22.000000, 13.000000, 1.520771
23.000000, 13.000000, 1.333085
24.000000, 13.000000, 1.226147
25.000000, 13.000000, 1.191314
26.000000, 13.000000, 1.213996
27.000000, 13.000000, 1.278790
28.000000, 13.000000, 1.375050
29.000000, 13.000000, 1.500193
30.000000, 13.000000, 1.682060
31.000000, 13.000000, 1.907669
32.000000, 13.000000, 2.159944
33.000000, 13.000000, 2.444657
34.000000, 13.000000, 2.768790
35.000000, 13.000000, 3.134567
36.000000, 13.000000, 3.529821
37.000000, 13.000000, 3.909109
38.000000, 13.000000, 4.188036
39.000000, 13.000000, 4.297046
40.000000, 13.000000, 4.255441
41.000000, 13.000000, 4.138967
42.000000, 13.000000, 4.007531
0.000000, 14.000000, 3.912078
1.000000, 14.000000, 3.943419
2.000000, 14.000000, 3.972834
3.000000, 14.000000, 3.999276
4.000000, 14.000000, 4.022575
5.000000, 14.000000, 4.043505
6.000000, 14.000000, 4.063286
7.000000, 14.000000, 4.083377
8.000000, 14.000000, 4.108571
9.000000, 14.000000, 4.145203
10.000000, 14.000000, 4.194108
11.000000, 14.000000, 4.256457
12.000000, 14.000000, 4.331274
13.000000, 14.000000, 4.412637
14.000000, 14.000000, 4.482956
15.000000, 14.000000, 4.499343
16.000000, 14.000000, 4.381442
17.000000, 14.000000, 4.053864
18.000000, 14.000000, 3.554460
19.000000, 14.000000, 3.012089
20.000000, 14.000000, 2.521387
21.000000, 14.000000, 2.117969
22.000000, 14.000000, 1.807909
23.000000, 14.000000, 1.587129
24.000000, 14.000000, 1.449122
25.000000, 14.000000, 1.382295
26.000000, 14.000000, 1.370827
27.000000, 14.000000, 1.399060
28.000000, 14.000000, 1.455544
29.000000, 14.000000, 1.533918
30.000000, 14.000000, 1.656025
31.000000, 14.000000, 1.822031
32.000000, 14.000000, 2.019060
33.000000, 14.000000, 2.238596
34.000000, 14.000000, 2.481334
35.000000, 14.000000, 2.744662
36.000000, 14.000000, 3.016404
37.000000, 14.000000, 3.269876
38.000000, 14.000000, 3.467800
39.000000, 14.000000, 3.582776
40.000000, 14.000000, 3.617836
41.000000, 14.000000, 3.600525
42.000000, 14.000000, 3.561332
0.000000, 15.000000, 3.973753
1.000000, 15.000000, 4.008876
2.000000, 15.000000, 4.043231
3.000000, 15.000000, 4.076504
4.000000, 15.000000, 4.109010
5.000000, 15.000000, 4.141761
6.000000, 15.000000, 4.176375
7.000000, 15.000000, 4.214990
8.000000, 15.000000, 4.261968
9.000000, 15.000000, 4.324983
10.000000, 15.000000, 4.407853
11.000000, 15.000000, 4.515714
12.000000, 15.000000, 4.654203
13.000000, 15.000000, 4.828148
14.000000, 15.000000, 5.035851
15.000000, 15.000000, 5.245715
16.000000, 15.000000, 5.319240
17.000000, 15.000000, 4.978254
18.000000, 15.000000, 4.268121
19.000000, 15.000000, 3.535372
20.000000, 15.000000, 2.924908
21.000000, 15.000000, 2.448228
22.000000, 15.000000, 2.089574
23.000000, 15.000000, 1.830464
24.000000, 15.000000, 1.656918
25.000000, 15.000000, 1.556533
26.000000, 15.000000, 1.510517
27.000000, 15.000000, 1.501266
28.000000, 15.000000, 1.517079
29.000000, 15.000000, 1.551324
30.000000, 15.000000, 1.624828
31.000000, 15.000000, 1.725970
32.000000, 15.000000, 1.854481
33.000000, 15.000000, 2.010459
34.000000, 15.000000, 2.180662
35.000000, 15.000000, 2.361250
36.000000, 15.000000, 2.544989
37.000000, 15.000000, 2.718877
38.000000, 15.000000, 2.866895
39.000000, 15.000000, 2.977272
40.000000, 15.000000, 3.049049
41.000000, 15.000000, 3.091465
42.000000, 15.000000, 3.118789
0.000000, 16.000000, 4.033995
1.000000, 16.000000, 4.072863
2.000000, 16.000000, 4.111900
3.000000, 16.000000, 4.151213
4.000000, 16.000000, 4.191460
5.000000, 16.000000, 4.233919
6.000000, 16.000000, 4.280543
7.000000, 16.000000, 4.334019
8.000000, 16.000000, 4.398549
9.000000, 16.000000, 4.482120
10.000000, 16.000000, 4.591580
11.000000, 16.000000, 4.735483
12.000000, 16.000000, 4.925598
13.000000, 16.000000, 5.178761
14.000000, 16.000000, 5.519179
15.000000, 16.000000, 5.974634
16.000000, 16.000000, 6.175952
17.000000, 16.000000, 5.747289
18.000000, 16.000000, 4.994200
19.000000, 16.000000, 4.018733
20.000000, 16.000000, 3.291110
21.000000, 16.000000, 2.748705
22.000000, 16.000000, 2.347941
23.000000, 16.000000, 2.056840
24.000000, 16.000000, 1.852787
25.000000, 16.000000, 1.718259
26.000000, 16.000000, 1.635068
27.000000, 16.000000, 1.585906
28.000000, 16.000000, 1.559413
29.000000, 16.000000, 1.549392
30.000000, 16.000000, 1.575725
31.000000, 16.000000, 1.625262
32.000000, 16.000000, 1.686056
33.000000, 16.000000, 1.770349
34.000000, 16.000000, 1.877715
35.000000, 16.000000, 1.993229
36.000000, 16.000000, 2.113503
37.000000, 16.000000, 2.234047
38.000000, 16.000000, 2.348891
39.000000, 16.000000, 2.452810
40.000000, 16.000000, 2.543631
41.000000, 16.000000, 2.623663
42.000000, 16.000000, 2.709499
0.000000, 17.000000, 4.093062
1.000000, 17.000000, 4.135386
2.000000, 17.000000, 4.178503
3.000000, 17.000000, 4.222748
4.000000, 17.000000, 4.268950
5.000000, 17.000000, 4.318525
6.000000, 17.000000, 4.373587
7.000000, 17.000000, 4.437083
8.000000, 17.000000, 4.513156
9.000000, 17.000000, 4.608775
10.000000, 17.000000, 4.732680
11.000000, 17.000000, 4.894784
12.000000, 17.000000, 5.108401
13.000000, 17.000000, 5.392934
14.000000, 17.000000, 5.777467
15.000000, 17.000000, 6.299959
16.000000, 17.000000, 6.502912
17.000000, 17.000000, 6.046304
18.000000, 17.000000, 5.349498
19.000000, 17.000000, 4.317167
20.000000, 17.000000, 3.553266
21.000000, 17.000000, 2.986364
22.000000, 17.000000, 2.564670
23.000000, 17.000000, 2.252635
24.000000, 17.000000, 2.024169
25.000000, 17.000000, 1.857971
26.000000, 17.000000, 1.736920
27.000000, 17.000000, 1.648265
28.000000, 17.000000, 1.581855
29.000000, 17.000000, 1.530186
30.000000, 17.000000, 1.511183
31.000000, 17.000000, 1.513329
32.000000, 17.000000, 1.521754
33.000000, 17.000000, 1.538506
34.000000, 17.000000, 1.579712
35.000000, 17.000000, 1.642525
36.000000, 17.000000, 1.715371
37.000000, 17.000000, 1.798423
38.000000, 17.000000, 1.890854
39.000000, 17.000000, 1.990224
40.000000, 17.000000, 2.093795
41.000000, 17.000000, 2.210079
42.000000, 17.000000, 2.346185
0.000000, 18.000000, 4.151164
1.000000, 18.000000, 4.196496
2.000000, 18.000000, 4.242907
3.000000, 18.000000, 4.290782
4.000000, 18.000000, 4.340969
5.000000, 18.000000, 4.394833
6.000000, 18.000000, 4.454382
7.000000, 18.000000, 4.522443
8.000000, 18.000000, 4.602879
9.000000, 18.000000, 4.700805
10.000000, 18.000000, 4.824699
11.000000, 18.000000, 4.983715
12.000000, 18.000000, 5.186725
13.000000, 18.000000, 5.443326
14.000000, 18.000000, 5.758691
15.000000, 18.000000, 6.105591
16.000000, 18.000000, 6.317835
17.000000, 18.000000, 6.007209
18.000000, 18.000000, 5.207925
19.000000, 18.000000, 4.375370
20.000000, 18.000000, 3.685745
21.000000, 18.000000, 3.146170
22.000000, 18.000000, 2.729591
23.000000, 18.000000, 2.407719
24.000000, 18.000000, 2.159238
25.000000, 18.000000, 1.965783
26.000000, 18.000000, 1.812736
27.000000, 18.000000, 1.689660
28.000000, 18.000000, 1.588492
29.000000, 18.000000, 1.499745
30.000000, 18.000000, 1.438292
31.000000, 18.000000, 1.397076
32.000000, 18.000000, 1.358347
33.000000, 18.000000, 1.323612
34.000000, 18.000000, 1.300066
35.000000, 18.000000, 1.308922
36.000000, 18.000000, 1.343950
37.000000, 18.000000, 1.399704
38.000000, 18.000000, 1.478085
39.000000, 18.000000, 1.577447
40.000000, 18.000000, 1.700219
41.000000, 18.000000, 1.857103
42.000000, 18.000000, 2.025032
0.000000, 19.000000, 4.208566
1.000000, 19.000000, 4.256402
2.000000, 19.000000, 4.305256
3.000000, 19.000000, 4.355436
4.000000, 19.000000, 4.407646
5.000000, 19.000000, 4.463007
6.000000, 19.000000, 4.523186
7.000000, 19.000000, 4.590498
8.000000, 19.000000, 4.668059
9.000000, 19.000000, 4.759075
10.000000, 19.000000, 4.869282
11.000000, 19.000000, 5.007229
12.000000, 19.000000, 5.173481
13.000000, 19.000000, 5.364699
14.000000, 19.000000, 5.564833
15.000000, 19.000000, 5.722139
16.000000, 19.000000, 5.721928
17.000000, 19.000000, 5.436530
18.000000, 19.000000, 4.897922
19.000000, 19.000000, 4.280915
20.000000, 19.000000, 3.712674
21.000000, 19.000000, 3.230934
22.000000, 19.000000, 2.833549
23.000000, 19.000000, 2.513562
24.000000, 19.000000, 2.255705
25.000000, 19.000000, 2.044799
26.000000, 19.000000, 1.867781
27.000000, 19.000000, 1.715569
28.000000, 19.000000, 1.587075
29.000000, 19.000000, 1.467293
30.000000, 19.000000, 1.366751
31.000000, 19.000000, 1.286568
32.000000, 19.000000, 1.205048
33.000000, 19.000000, 1.123682
34.000000, 19.000000, 1.049183
35.000000, 19.000000, 0.997662
36.000000, 19.000000, 0.994079
37.000000, 19.000000, 1.029332
38.000000, 19.000000, 1.102047
39.000000, 19.000000, 1.211899
40.000000, 19.000000, 1.371063
41.000000, 19.000000, 1.557745
42.000000, 19.000000, 1.751835
0.000000, 20.000000, 4.265653
1.000000, 20.000000, 4.315517
2.000000, 20.000000, 4.366034
3.000000, 20.000000, 4.417315
4.000000, 20.000000, 4.469775
5.000000, 20.000000, 4.524158
6.000000, 20.000000, 4.581596
7.000000, 20.000000, 4.643678
8.000000, 20.000000, 4.712480
9.000000, 20.000000, 4.789839
10.000000, 20.000000, 4.876611
11.000000, 20.000000, 4.982347
12.000000, 20.000000, 5.098877
13.000000, 20.000000, 5.215931
14.000000, 20.000000, 5.311789
15.000000, 20.000000, 5.344280
16.000000, 20.000000, 5.253541
17.000000, 20.000000, 4.996778
18.000000, 20.000000, 4.597235
19.000000, 20.000000, 4.133409
20.000000, 20.000000, 3.671301
21.000000, 20.000000, 3.246075
22.000000, 20.000000, 2.881666
23.000000, 20.000000, 2.576098
24.000000, 20.000000, 2.319863
25.000000, 20.000000, 2.101925
26.000000, 20.000000, 1.911690
27.000000, 20.000000, 1.741245
28.000000, 20.000000, 1.590192
29.000000, 20.000000, 1.443720
30.000000, 20.000000, 1.307892
31.000000, 20.000000, 1.193920
32.000000, 20.000000, 1.075162
33.000000, 20.000000, 0.951194
34.000000, 20.000000, 0.828243
35.000000, 20.000000, 0.721564
36.000000, 20.000000, 0.664549
37.000000, 20.000000, 0.681994
38.000000, 20.000000, 0.761859
39.000000, 20.000000, 0.907557
40.000000, 20.000000, 1.104313
41.000000, 20.000000, 1.317498
42.000000, 20.000000, 1.533621
0.000000, 21.000000, 4.322927
1.000000, 21.000000, 4.374470
2.000000, 21.000000, 4.426038
3.000000, 21.000000, 4.477452
4.000000, 21.000000, 4.528749
5.000000, 21.000000, 4.580172
6.000000, 21.000000, 4.632231
7.000000, 21.000000, 4.685722
8.000000, 21.000000, 4.741757
9.000000, 21.000000, 4.801601
10.000000, 21.000000, 4.863804
11.000000, 21.000000, 4.929430
12.000000, 21.000000, 4.993430
13.000000, 21.000000, 5.043801
14.000000, 21.000000, 5.061699
15.000000, 21.000000, 5.020151
16.000000, 21.000000, 4.890661
17.000000, 21.000000, 4.659935
18.000000, 21.000000, 4.344486
19.000000, 21.000000, 3.974852
20.000000, 21.000000, 3.582639
21.000000, 21.000000, 3.215503
22.000000, 21.000000, 2.889298
23.000000, 21.000000, 2.605453
24.000000, 21.000000, 2.359220
25.000000, 21.000000, 2.143219
26.000000, 21.000000, 1.949647
27.000000, 21.000000, 1.771894
28.000000, 21.000000, 1.603967
29.000000, 21.000000, 1.436966
30.000000, 21.000000, 1.273025
31.000000, 21.000000, 1.132339
32.000000, 21.000000, 0.985449
33.000000, 21.000000, 0.827383
34.000000, 21.000000, 0.660508
35.000000, 21.000000, 0.495485
36.000000, 21.000000, 0.367376
37.000000, 21.000000, 0.359047
38.000000, 21.000000, 0.480150
39.000000, 21.000000, 0.684145
40.000000, 21.000000, 0.914266
41.000000, 21.000000, 1.148576
42.000000, 21.000000, 1.378488
0.000000, 22.000000, 4.381000
1.000000, 22.000000, 4.434054
2.000000, 22.000000, 4.486316
3.000000, 22.000000, 4.537245
4.000000, 22.000000, 4.586421
5.000000, 22.000000, 4.633521
6.000000, 22.000000, 4.678371
7.000000, 22.000000, 4.720974
8.000000, 22.000000, 4.761537
9.000000, 22.000000, 4.800415
10.000000, 22.000000, 4.835668
11.000000, 22.000000, 4.862742
12.000000, 22.000000, 4.879029
13.000000, 22.000000, 4.875196
14.000000, 22.000000, 4.838191
15.000000, 22.000000, 4.752988
16.000000, 22.000000, 4.607395
17.000000, 22.000000, 4.399268
18.000000, 22.000000, 4.132588
19.000000, 22.000000, 3.808975
20.000000, 22.000000, 3.475925
21.000000, 22.000000, 3.159411
22.000000, 22.000000, 2.870225
23.000000, 22.000000, 2.611343
24.000000, 22.000000, 2.380614
25.000000, 22.000000, 2.173080
26.000000, 22.000000, 1.982681
27.000000, 22.000000, 1.803255
28.000000, 22.000000, 1.628532
29.000000, 22.000000, 1.451783
30.000000, 22.000000, 1.271568
31.000000, 22.000000, 1.113601
32.000000, 22.000000, 0.952889
33.000000, 22.000000, 0.778657
34.000000, 22.000000, 0.589998
35.000000, 22.000000, 0.389063
36.000000, 22.000000, 0.191175
37.000000, 22.000000, 0.154624
38.000000, 22.000000, 0.348857
39.000000, 22.000000, 0.585727
40.000000, 22.000000, 0.827045
41.000000, 22.000000, 1.064577
42.000000, 22.000000, 1.293777
0.000000, 23.000000, 4.440557
1.000000, 23.000000, 4.495193
2.000000, 23.000000, 4.548112
3.000000, 23.000000, 4.598351
4.000000, 23.000000, 4.644982
5.000000, 23.000000, 4.687059
6.000000, 23.000000, 4.723695
7.000000, 23.000000, 4.754103
8.000000, 23.000000, 4.777641
9.000000, 23.000000, 4.793777
10.000000, 23.000000, 4.801222
11.000000, 23.000000, 4.793739
12.000000, 23.000000, 4.769210
13.000000, 23.000000, 4.722811
14.000000, 23.000000, 4.647177
15.000000, 23.000000, 4.535436
16.000000, 23.000000, 4.383977
17.000000, 23.000000, 4.191190
18.000000, 23.000000, 3.937289
19.000000, 23.000000, 3.652193
20.000000, 23.000000, 3.365361
21.000000, 23.000000, 3.090219
22.000000, 23.000000, 2.834660
23.000000, 23.000000, 2.601480
24.000000, 23.000000, 2.389575
25.000000, 23.000000, 2.195311
26.000000, 23.000000, 2.013693
27.000000, 23.000000, 1.839263
28.000000, 23.000000, 1.666626
29.000000, 23.000000, 1.490717
30.000000, 23.000000, 1.308685
31.000000, 23.000000, 1.144061
32.000000, 23.000000, 0.986565
33.000000, 23.000000, 0.820085
34.000000, 23.000000, 0.647078
35.000000, 23.000000, 0.477989
36.000000, 23.000000, 0.346120
37.000000, 23.000000, 0.332993
38.000000, 23.000000, 0.459001
39.000000, 23.000000, 0.645137
40.000000, 23.000000, 0.854896
41.000000, 23.000000, 1.069714
42.000000, 23.000000, 1.280511
0.000000, 24.000000, 4.502299
1.000000, 24.000000, 4.558863
2.000000, 24.000000, 4.612756
3.000000, 24.000000, 4.662568
4.000000, 24.000000, 4.706811
5.000000, 24.000000, 4.743876
6.000000, 24.000000, 4.772121
7.000000, 24.000000, 4.789989
8.000000, 24.000000, 4.796099
9.000000, 24.000000, 4.789332
10.000000, 24.000000, 4.768742
11.000000, 24.000000, 4.730851
12.000000, 24.000000, 4.671741
13.000000, 24.000000, 4.591525
14.000000, 24.000000, 4.487646
15.000000, 24.000000, 4.358646
16.000000, 24.000000, 4.204719
17.000000, 24.000000, 4.005616
18.000000, 24.000000, 3.762188
19.000000, 24.000000, 3.508448
20.000000, 24.000000, 3.256470
21.000000, 24.000000, 3.014907
22.000000, 24.000000, 2.789129
23.000000, 24.000000, 2.581110
24.000000, 24.000000, 2.389960
25.000000, 24.000000, 2.212684
26.000000, 24.000000, 2.044934
27.000000, 24.000000, 1.881888
28.000000, 24.000000, 1.719212
29.000000, 24.000000, 1.553517
30.000000, 24.000000, 1.382606
31.000000, 24.000000, 1.222511
32.000000, 24.000000, 1.081595
33.000000, 24.000000, 0.940142
34.000000, 24.000000, 0.803988
35.000000, 24.000000, 0.687917
36.000000, 24.000000, 0.616639
37.000000, 24.000000, 0.609737
38.000000, 24.000000, 0.687676
39.000000, 24.000000, 0.815932
40.000000, 24.000000, 0.975724
41.000000, 24.000000, 1.151414
42.000000, 24.000000, 1.330466
0.000000, 25.000000, 4.566872
1.000000, 25.000000, 4.625995
2.000000, 25.000000, 4.681570
3.000000, 25.000000, 4.731717
4.000000, 25.000000, 4.774347
5.000000, 25.000000, 4.807140
6.000000, 25.000000, 4.827660
7.000000, 25.000000, 4.833544
8.000000, 25.000000, 4.822742
9.000000, 25.000000, 4.793798
10.000000, 25.000000, 4.746067
11.000000, 25.000000, 4.679293
12.000000, 25.000000, 4.590710
13.000000, 25.000000, 4.482349
14.000000, 25.000000, 4.356213
15.000000, 25.000000, 4.214419
16.000000, 25.000000, 4.049902
17.000000, 25.000000, 3.836411
18.000000, 25.000000, 3.607242
19.000000, 25.000000, 3.376331
20.000000, 25.000000, 3.150964
21.000000, 25.000000, 2.936794
22.000000, 25.000000, 2.737200
23.000000, 25.000000, 2.553213
24.000000, 25.000000, 2.383810
25.000000, 25.000000, 2.226334
26.000000, 25.000000, 2.076832
27.000000, 25.000000, 1.930703
28.000000, 25.000000, 1.784484
29.000000, 25.000000, 1.636719
30.000000, 25.000000, 1.487020
31.000000, 25.000000, 1.342323
32.000000, 25.000000, 1.223176
33.000000, 25.000000, 1.112787
34.000000, 25.000000, 1.014043
35.000000, 25.000000, 0.938319
36.000000, 25.000000, 0.895487
37.000000, 25.000000, 0.888412
38.000000, 25.000000, 0.942466
39.000000, 25.000000, 1.037420
40.000000, 25.000000, 1.153416
41.000000, 25.000000, 1.287537
42.000000, 25.000000, 1.429183
0.000000, 26.000000, 4.634790
1.000000, 26.000000, 4.697386
2.000000, 26.000000, 4.755740
3.000000, 26.000000, 4.807496
4.000000, 26.000000, 4.849940
5.000000, 26.000000, 4.879976
6.000000, 26.000000, 4.894286
7.000000, 26.000000, 4.889596
8.000000, 26.000000, 4.863106
9.000000, 26.000000, 4.812972
10.000000, 26.000000, 4.738869
11.000000, 26.000000, 4.642308
12.000000, 26.000000, 4.525519
13.000000, 26.000000, 4.390929
14.000000, 26.000000, 4.244667
15.000000, 26.000000, 4.089750
16.000000, 26.000000, 3.900003
17.000000, 26.000000, 3.683600
18.000000, 26.000000, 3.465599
19.000000, 26.000000, 3.252193
20.000000, 26.000000, 3.048071
21.000000, 26.000000, 2.856815
22.000000, 26.000000, 2.680396
23.000000, 26.000000, 2.519078
24.000000, 26.000000, 2.371643
25.000000, 26.000000, 2.235761
26.000000, 26.000000, 2.108017
27.000000, 26.000000, 1.983381
28.000000, 26.000000, 1.858367
29.000000, 26.000000, 1.734084
30.000000, 26.000000, 1.611226
31.000000, 26.000000, 1.492189
32.000000, 26.000000, 1.395365
33.000000, 26.000000, 1.316120
34.000000, 26.000000, 1.249751
35.000000, 26.000000, 1.203126
36.000000, 26.000000, 1.173216
37.000000, 26.000000, 1.167915
38.000000, 26.000000, 1.206449
39.000000, 26.000000, 1.279474
40.000000, 26.000000, 1.362288
41.000000, 26.000000, 1.458245
42.000000, 26.000000, 1.561797
0.000000, 27.000000, 4.706351
1.000000, 27.000000, 4.773579
2.000000, 27.000000, 4.836174
3.000000, 27.000000, 4.891322
4.000000, 27.000000, 4.935671
5.000000, 27.000000, 4.965232
6.000000, 27.000000, 4.975226
7.000000, 27.000000, 4.959973
8.000000, 27.000000, 4.914630
9.000000, 27.000000, 4.837619
10.000000, 27.000000, 4.730917
11.000000, 27.000000, 4.599407
12.000000, 27.000000, 4.450258
13.000000, 27.000000, 4.289821
14.000000, 27.000000, 4.124196
15.000000, 27.000000, 3.948533
16.000000, 27.000000, 3.737646
17.000000, 27.000000, 3.523332
18.000000, 27.000000, 3.315484
19.000000, 27.000000, 3.118289
20.000000, 27.000000, 2.934835
21.000000, 27.000000, 2.766892
22.000000, 27.000000, 2.614697
23.000000, 27.000000, 2.477211
24.000000, 27.000000, 2.352724
25.000000, 27.000000, 2.239435
26.000000, 27.000000, 2.135394
27.000000, 27.000000, 2.036129
28.000000, 27.000000, 1.935699
29.000000, 27.000000, 1.839353
30.000000, 27.000000, 1.746989
31.000000, 27.000000, 1.659690
32.000000, 27.000000, 1.586891
33.000000, 27.000000, 1.537052
34.000000, 27.000000, 1.499334
35.000000, 27.000000, 1.475050
36.000000, 27.000000, 1.453189
37.000000, 27.000000, 1.450927
38.000000, 27.000000, 1.478336
39.000000, 27.000000, 1.531546
40.000000, 27.000000, 1.589421
41.000000, 27.000000, 1.650610
42.000000, 27.000000, 1.716700
0.000000, 28.000000, 4.781536
1.000000, 28.000000, 4.854736
2.000000, 28.000000, 4.923330
3.000000, 28.000000, 4.983839
4.000000, 28.000000, 5.030416
5.000000, 28.000000, 5.054671
6.000000, 28.000000, 5.051842
7.000000, 28.000000, 5.020077
8.000000, 28.000000, 4.956198
9.000000, 28.000000, 4.857240
10.000000, 28.000000, 4.723292
11.000000, 28.000000, 4.559772
12.000000, 28.000000, 4.378654
13.000000, 28.000000, 4.192033
14.000000, 28.000000, 4.005620
15.000000, 28.000000, 3.799247
16.000000, 28.000000, 3.575840
17.000000, 28.000000, 3.360922
18.000000, 28.000000, 3.159474
19.000000, 28.000000, 2.974633
20.000000, 28.000000, 2.808362
21.000000, 28.000000, 2.661305
22.000000, 28.000000, 2.532602
23.000000, 28.000000, 2.420083
24.000000, 28.000000, 2.321142
25.000000, 28.000000, 2.233515
26.000000, 28.000000, 2.154917
27.000000, 28.000000, 2.082061
28.000000, 28.000000, 2.012608
29.000000, 28.000000, 1.947982
30.000000, 28.000000, 1.888602
31.000000, 28.000000, 1.835353
32.000000, 28.000000, 1.791780
33.000000, 28.000000, 1.768849
34.000000, 28.000000, 1.758552
35.000000, 28.000000, 1.752751
36.000000, 28.000000, 1.740354
37.000000, 28.000000, 1.741573
38.000000, 28.000000, 1.760106
39.000000, 28.000000, 1.793804
40.000000, 28.000000, 1.829628
41.000000, 28.000000, 1.857728
42.000000, 28.000000, 1.886217
0.000000, 29.000000, 4.859924
1.000000, 29.000000, 4.940111
2.000000, 29.000000, 5.012505
3.000000, 29.000000, 5.067890
4.000000, 29.000000, 5.105800
5.000000, 29.000000, 5.126118
6.000000, 29.000000, 5.123298
7.000000, 29.000000, 5.089721
8.000000, 29.000000, 5.017920
9.000000, 29.000000, 4.902414
10.000000, 29.000000, 4.741890
11.000000, 29.000000, 4.541719
12.000000, 29.000000, 4.321448
13.000000, 29.000000, 4.105890
14.000000, 29.000000, 3.888367
15.000000, 29.000000, 3.649127
16.000000, 29.000000, 3.413602
17.000000, 29.000000, 3.195152
18.000000, 29.000000, 2.997406
19.000000, 29.000000, 2.822353
20.000000, 29.000000, 2.671035
21.000000, 29.000000, 2.543445
22.000000, 29.000000, 2.437860
23.000000, 29.000000, 2.350651
24.000000, 29.000000, 2.277844
25.000000, 29.000000, 2.217090
26.000000, 29.000000, 2.166237
27.000000, 29.000000, 2.123178
28.000000, 29.000000, 2.086647
29.000000, 29.000000, 2.056137
30.000000, 29.000000, 2.031491
31.000000, 29.000000, 2.013638
32.000000, 29.000000, 2.004263
33.000000, 29.000000, 2.008654
34.000000, 29.000000, 2.026562
35.000000, 29.000000, 2.038879
36.000000, 29.000000, 2.039740
37.000000, 29.000000, 2.045335
38.000000, 29.000000, 2.055999
39.000000, 29.000000, 2.070254
40.000000, 29.000000, 2.081934
41.000000, 29.000000, 2.076707
42.000000, 29.000000, 2.066581
0.000000, 30.000000, 4.940628
1.000000, 30.000000, 5.010372
2.000000, 30.000000, 5.072865
3.000000, 30.000000, 5.129011
4.000000, 30.000000, 5.175673
5.000000, 30.000000, 5.206392
6.000000, 30.000000, 5.212636
7.000000, 30.000000, 5.184177
8.000000, 30.000000, 5.110333
9.000000, 30.000000, 4.982421
10.000000, 30.000000, 4.797179
11.000000, 30.000000, 4.560252
12.000000, 30.000000, 4.295317
13.000000, 30.000000, 4.037686
14.000000, 30.000000, 3.772330
15.000000, 30.000000, 3.497560
16.000000, 30.000000, 3.245940
17.000000, 30.000000, 3.021640
18.000000, 30.000000, 2.826001
19.000000, 30.000000, 2.659101
20.000000, 30.000000, 2.521077
21.000000, 30.000000, 2.411969
22.000000, 30.000000, 2.329933
23.000000, 30.000000, 2.269964
24.000000, 30.000000, 2.225316
25.000000, 30.000000, 2.192944
26.000000, 30.000000, 2.171124
27.000000, 30.000000, 2.158244
28.000000, 30.000000, 2.153558
29.000000, 30.000000, 2.157080
30.000000, 30.000000, 2.169218
31.000000, 30.000000, 2.189789
32.000000, 30.000000, 2.218269
33.000000, 30.000000, 2.255901
34.000000, 30.000000, 2.303923
35.000000, 30.000000, 2.338554
36.000000, 30.000000, 2.357539
37.000000, 30.000000, 2.369626
38.000000, 30.000000, 2.372866
39.000000, 30.000000, 2.366272
40.000000, 30.000000, 2.348531
41.000000, 30.000000, 2.307098
42.000000, 30.000000, 2.259763
0.000000, 31.000000, 4.982227
1.000000, 31.000000, 5.051668
2.000000, 31.000000, 5.122059
3.000000, 31.000000, 5.190113
4.000000, 31.000000, 5.251158
5.000000, 31.000000, 5.298127
6.000000, 31.000000, 5.320935
7.000000, 31.000000, 5.306296
8.000000, 31.000000, 5.238868
9.000000, 31.000000, 5.104677
10.000000, 31.000000, 4.897088
11.000000, 31.000000, 4.623592
12.000000, 31.000000, 4.309460
13.000000, 31.000000, 3.985714
14.000000, 31.000000, 3.658335
15.000000, 31.000000, 3.342989
16.000000, 31.000000, 3.067347
17.000000, 31.000000, 2.836107
18.000000, 31.000000, 2.642990
19.000000, 31.000000, 2.483944
20.000000, 31.000000, 2.357703
21.000000, 31.000000, 2.265480
22.000000, 31.000000, 2.206594
23.000000, 31.000000, 2.174927
24.000000, 31.000000, 2.160821
25.000000, 31.000000, 2.158558
26.000000, 31.000000, 2.166653
27.000000, 31.000000, 2.184370
28.000000, 31.000000, 2.211596
29.000000, 31.000000, 2.248813
30.000000, 31.000000, 2.296844
31.000000, 31.000000, 2.356527
32.000000, 31.000000, 2.427829
33.000000, 31.000000, 2.507726
34.000000, 31.000000, 2.591646
35.000000, 31.000000, 2.656826
36.000000, 31.000000, 2.701005
37.000000, 31.000000, 2.723556
38.000000, 31.000000, 2.719570
39.000000, 31.000000, 2.688575
40.000000, 31.000000, 2.633755
41.000000, 31.000000, 2.550587
42.000000, 31.000000, 2.467178
0.000000, 32.000000, 5.008951
1.000000, 32.000000, 5.086130
2.000000, 32.000000, 5.167031
3.000000, 32.000000, 5.249070
4.000000, 32.000000, 5.328202
5.000000, 32.000000, 5.397525
6.000000, 32.000000, 5.445930
7.000000, 32.000000, 5.456820
8.000000, 32.000000, 5.408206
9.000000, 32.000000, 5.276638
10.000000, 32.000000, 5.046992
11.000000, 32.000000, 4.724821
12.000000, 32.000000, 4.340509
13.000000, 32.000000, 3.936542
14.000000, 32.000000, 3.538965
15.000000, 32.000000, 3.179357
16.000000, 32.000000, 2.875497
17.000000, 32.000000, 2.634051
18.000000, 32.000000, 2.447193
19.000000, 32.000000, 2.298219
20.000000, 32.000000, 2.182029
21.000000, 32.000000, 2.103389
22.000000, 32.000000, 2.065207
23.000000, 32.000000, 2.062391
24.000000, 32.000000, 2.080605
25.000000, 32.000000, 2.110352
26.000000, 32.000000, 2.149472
27.000000, 32.000000, 2.198135
28.000000, 32.000000, 2.257236
29.000000, 32.000000, 2.327961
30.000000, 32.000000, 2.411451
31.000000, 32.000000, 2.508797
32.000000, 32.000000, 2.620574
33.000000, 32.000000, 2.745891
34.000000, 32.000000, 2.875621
35.000000, 32.000000, 2.982008
36.000000, 32.000000, 3.061701
37.000000, 32.000000, 3.101121
38.000000, 32.000000, 3.089761
39.000000, 32.000000, 3.028112
40.000000, 32.000000, 2.926694
41.000000, 32.000000, 2.800786
42.000000, 32.000000, 2.670214
0.000000, 33.000000, 5.027917
1.000000, 33.000000, 5.112188
2.000000, 33.000000, 5.203401
3.000000, 33.000000, 5.300157
4.000000, 33.000000, 5.399838
5.000000, 33.000000, 5.496920
6.000000, 33.000000, 5.580766
7.000000, 33.000000, 5.632408
8.000000, 33.000000, 5.621571
9.000000, 33.000000, 5.508451
10.000000, 33.000000, 5.258589
11.000000, 33.000000, 4.870144
12.000000, 33.000000, 4.387742
13.000000, 33.000000, 3.880041
14.000000, 33.000000, 3.402109
15.000000, 33.000000, 2.992386
16.000000, 33.000000, 2.663567
17.000000, 33.000000, 2.414319
18.000000, 33.000000, 2.237454
19.000000, 33.000000, 2.105933
20.000000, 33.000000, 1.997157
21.000000, 33.000000, 1.928459
22.000000, 33.000000, 1.905125
23.000000, 33.000000, 1.933977
24.000000, 33.000000, 1.986979
25.000000, 33.000000, 2.048813
26.000000, 33.000000, 2.118104
27.000000, 33.000000, 2.194643
28.000000, 33.000000, 2.279569
29.000000, 33.000000, 2.376895
30.000000, 33.000000, 2.491191
31.000000, 33.000000, 2.625840
32.000000, 33.000000, 2.782641
33.000000, 33.000000, 2.960638
34.000000, 33.000000, 3.149018
35.000000, 33.000000, 3.319255
36.000000, 33.000000, 3.457156
37.000000, 33.000000, 3.527377
38.000000, 33.000000, 3.507103
39.000000, 33.000000, 3.399090
40.000000, 33.000000, 3.232531
41.000000, 33.000000, 3.048131
42.000000, 33.000000, 2.845206
0.000000, 34.000000, 5.036526
1.000000, 34.000000, 5.126111
2.000000, 34.000000, 5.225852
3.000000, 34.000000, 5.335927
4.000000, 34.000000, 5.455974
5.000000, 34.000000, 5.583456
6.000000, 34.000000, 5.710970
7.000000, 34.000000, 5.820954
8.000000, 34.000000, 5.876672
9.000000, 34.000000, 5.813720
10.000000, 34.000000, 5.554828
11.000000, 34.000000, 5.074440
12.000000, 34.000000, 4.449558
13.000000, 34.000000, 3.804639
14.000000, 34.000000, 3.232236
15.000000, 34.000000, 2.767433
16.000000, 34.000000, 2.414761
17.000000, 34.000000, 2.165940
18.000000, 34.000000, 2.006527
19.000000, 34.000000, 1.903817
20.000000, 34.000000, 1.800534
21.000000, 34.000000, 1.750547
22.000000, 34.000000, 1.750309
23.000000, 34.000000, 1.805342
24.000000, 34.000000, 1.885816
25.000000, 34.000000, 1.970749
26.000000, 34.000000, 2.058834
27.000000, 34.000000, 2.155546
28.000000, 34.000000, 2.265501
29.000000, 34.000000, 2.392795
30.000000, 34.000000, 2.541994
31.000000, 34.000000, 2.717982
32.000000, 34.000000, 2.925138
33.000000, 34.000000, 3.165498
34.000000, 34.000000, 3.428539
35.000000, 34.000000, 3.686600
36.000000, 34.000000, 3.918056
37.000000, 34.000000, 4.048536
38.000000, 34.000000, 4.016889
39.000000, 34.000000, 3.834464
40.000000, 34.000000, 3.577496
41.000000, 34.000000, 3.297796
42.000000, 34.000000, 3.005651
0.000000, 35.000000, 5.032424
1.000000, 35.000000, 5.124294
2.000000, 35.000000, 5.228880
3.000000, 35.000000, 5.347994
4.000000, 35.000000, 5.483961
5.000000, 35.000000, 5.638551
6.000000, 35.000000, 5.811014
7.000000, 35.000000, 5.992587
8.000000, 35.000000, 6.151951
9.000000, 35.000000, 6.202138
10.000000, 35.000000, 5.974579
11.000000, 35.000000, 5.358211
12.000000, 35.000000, 4.513846
13.000000, 35.000000, 3.689396
14.000000, 35.000000, 3.011124
15.000000, 35.000000, 2.491605
16.000000, 35.000000, 2.118099
17.000000, 35.000000, 1.870947
18.000000, 35.000000, 1.724455
19.000000, 35.000000, 1.638062
20.000000, 35.000000, 1.582454
21.000000, 35.000000, 1.573381
22.000000, 35.000000, 1.608737
23.000000, 35.000000, 1.677524
24.000000, 35.000000, 1.765059
25.000000, 35.000000, 1.864723
26.000000, 35.000000, 1.974689
27.000000, 35.000000, 2.095902
28.000000, 35.000000, 2.231520
29.000000, 35.000000, 2.386481
30.000000, 35.000000, 2.567279
31.000000, 35.000000, 2.781721
32.000000, 35.000000, 3.038424
33.000000, 35.000000, 3.345570
34.000000, 35.000000, 3.699733
35.000000, 35.000000, 4.082165
36.000000, 35.000000, 4.463078
37.000000, 35.000000, 4.712826
38.000000, 35.000000, 4.665193
39.000000, 35.000000, 4.351226
40.000000, 35.000000, 3.942162
41.000000, 35.000000, 3.532576
42.000000, 35.000000, 3.144060
0.000000, 36.000000, 5.013941
1.000000, 36.000000, 5.103964
2.000000, 36.000000, 5.207863
3.000000, 36.000000, 5.328647
4.000000, 36.000000, 5.470831
5.000000, 36.000000, 5.640306
6.000000, 36.000000, 5.844258
7.000000, 36.000000, 6.089372
8.000000, 36.000000, 6.372594
9.000000, 36.000000, 6.635223
10.000000, 36.000000, 6.568244
11.000000, 36.000000, 5.723901
12.000000, 36.000000, 4.529664
13.000000, 36.000000, 3.497762
14.000000, 36.000000, 2.721919
15.000000, 36.000000, 2.159510
16.000000, 36.000000, 1.773812
17.000000, 36.000000, 1.534909
18.000000, 36.000000, 1.410838
19.000000, 36.000000, 1.363282
20.000000, 36.000000, 1.361991
21.000000, 36.000000, 1.392395
22.000000, 36.000000, 1.447796
23.000000, 36.000000, 1.529925
24.000000, 36.000000, 1.633654
25.000000, 36.000000, 1.752165
26.000000, 36.000000, 1.882151
27.000000, 36.000000, 2.023900
28.000000, 36.000000, 2.180509
29.000000, 36.000000, 2.357638
30.000000, 36.000000, 2.563558
31.000000, 36.000000, 2.809105
32.000000, 36.000000, 3.107606
33.000000, 36.000000, 3.475096
34.000000, 36.000000, 3.922109
35.000000, 36.000000, 4.457861
36.000000, 36.000000, 5.084903
37.000000, 36.000000, 5.587842
38.000000, 36.000000, 5.501630
39.000000, 36.000000, 4.913607
40.000000, 36.000000, 4.273320
41.000000, 36.000000, 3.724235
42.000000, 36.000000, 3.261323
0.000000, 37.000000, 4.980558
1.000000, 37.000000, 5.063931
2.000000, 37.000000, 5.160392
3.000000, 37.000000, 5.273174
4.000000, 37.000000, 5.407433
5.000000, 37.000000, 5.570654
6.000000, 37.000000, 5.773951
7.000000, 37.000000, 6.034228
8.000000, 37.000000, 6.377542
9.000000, 37.000000, 6.829353
10.000000, 37.000000, 5.975687
11.000000, 37.000000, 5.765970
12.000000, 37.000000, 4.354645
13.000000, 37.000000, 3.187803
14.000000, 37.000000, 2.362717
15.000000, 37.000000, 1.781192
16.000000, 37.000000, 1.394654
17.000000, 37.000000, 1.175042
18.000000, 37.000000, 1.091351
19.000000, 37.000000, 1.096321
20.000000, 37.000000, 1.138069
21.000000, 37.000000, 1.198168
22.000000, 37.000000, 1.280051
23.000000, 37.000000, 1.383535
24.000000, 37.000000, 1.504615
25.000000, 37.000000, 1.638965
26.000000, 37.000000, 1.784883
27.000000, 37.000000, 1.942641
28.000000, 37.000000, 2.114876
29.000000, 37.000000, 2.307243
30.000000, 37.000000, 2.529170
31.000000, 37.000000, 2.794065
32.000000, 37.000000, 3.118837
33.000000, 37.000000, 3.524505
34.000000, 37.000000, 4.033351
35.000000, 37.000000, 4.686684
36.000000, 37.000000, 5.571251
37.000000, 37.000000, 5.257573
38.000000, 37.000000, 5.689327
39.000000, 37.000000, 5.317819
40.000000, 37.000000, 4.471625
41.000000, 37.000000, 3.837601
42.000000, 37.000000, 3.323925
0.000000, 38.000000, 4.933192
1.000000, 38.000000, 5.005150
2.000000, 38.000000, 5.087319
3.000000, 38.000000, 5.182012
4.000000, 38.000000, 5.292971
5.000000, 38.000000, 5.425447
6.000000, 38.000000, 5.586709
7.000000, 38.000000, 5.786151
8.000000, 38.000000, 6.031964
9.000000, 38.000000, 6.300374
10.000000, 38.000000, 6.119049
11.000000, 38.000000, 5.211523
12.000000, 38.000000, 3.865141
13.000000, 38.000000, 2.765840
14.000000, 38.000000, 1.962873
15.000000, 38.000000, 1.385380
16.000000, 38.000000, 1.002251
17.000000, 38.000000, 0.809225
18.000000, 38.000000, 0.780723
19.000000, 38.000000, 0.835443
20.000000, 38.000000, 0.919746
21.000000, 38.000000, 1.016426
22.000000, 38.000000, 1.123264
23.000000, 38.000000, 1.242936
24.000000, 38.000000, 1.377322
25.000000, 38.000000, 1.525679
26.000000, 38.000000, 1.685115
27.000000, 38.000000, 1.855109
28.000000, 38.000000, 2.038083
29.000000, 38.000000, 2.238555
30.000000, 38.000000, 2.465910
31.000000, 38.000000, 2.735497
32.000000, 38.000000, 3.066895
33.000000, 38.000000, 3.476948
34.000000, 38.000000, 3.985410
35.000000, 38.000000, 4.625689
36.000000, 38.000000, 5.461292
37.000000, 38.000000, 5.665122
38.000000, 38.000000, 5.804020
39.000000, 38.000000, 5.218699
40.000000, 38.000000, 4.432923
41.000000, 38.000000, 3.820228
42.000000, 38.000000, 3.309641
0.000000, 39.000000, 4.874234
1.000000, 39.000000, 4.930830
2.000000, 39.000000, 4.993073
3.000000, 39.000000, 5.061468
4.000000, 39.000000, 5.136858
5.000000, 39.000000, 5.219633
6.000000, 39.000000, 5.308343
7.000000, 39.000000, 5.395547
8.000000, 39.000000, 5.455198
9.000000, 39.000000, 5.406345
10.000000, 39.000000, 5.056019
11.000000, 39.000000, 4.255680
12.000000, 39.000000, 3.245907
13.000000, 39.000000, 2.321192
14.000000, 39.000000, 1.583228
15.000000, 39.000000, 1.018741
16.000000, 39.000000, 0.625788
17.000000, 39.000000, 0.453512
18.000000, 39.000000, 0.492685
19.000000, 39.000000, 0.612998
20.000000, 39.000000, 0.740752
21.000000, 39.000000, 0.862488
22.000000, 39.000000, 0.983274
23.000000, 39.000000, 1.110875
24.000000, 39.000000, 1.250950
25.000000, 39.000000, 1.406803
26.000000, 39.000000, 1.577190
27.000000, 39.000000, 1.759287
28.000000, 39.000000, 1.952320
29.000000, 39.000000, 2.157026
30.000000, 39.000000, 2.381423
31.000000, 39.000000, 2.644456
32.000000, 39.000000, 2.961723
33.000000, 39.000000, 3.342969
34.000000, 39.000000, 3.792909
35.000000, 39.000000, 4.301704
36.000000, 39.000000, 4.858949
37.000000, 39.000000, 5.279784
38.000000, 39.000000, 5.207374
39.000000, 39.000000, 4.718513
40.000000, 39.000000, 4.167452
41.000000, 39.000000, 3.675408
42.000000, 39.000000, 3.224577
0.000000, 40.000000, 4.807310
1.000000, 40.000000, 4.845661
2.000000, 40.000000, 4.884922
3.000000, 40.000000, 4.922418
4.000000, 40.000000, 4.956147
5.000000, 40.000000, 4.981603
6.000000, 40.000000, 4.989829
7.000000, 40.000000, 4.962735
8.000000, 40.000000, 4.864382
9.000000, 40.000000, 4.630943
10.000000, 40.000000, 4.184609
11.000000, 40.000000, 3.512571
12.000000, 40.000000, 2.723541
13.000000, 40.000000, 1.955268
14.000000, 40.000000, 1.291396
15.000000, 40.000000, 0.746546
16.000000, 40.000000, 0.328699
17.000000, 40.000000, 0.148885
18.000000, 40.000000, 0.294300
19.000000, 40.000000, 0.470452
20.000000, 40.000000, 0.617685
21.000000, 40.000000, 0.744188
22.000000, 40.000000, 0.864031
23.000000, 40.000000, 0.990048
24.000000, 40.000000, 1.128274
25.000000, 40.000000, 1.286855
26.000000, 40.000000, 1.461855
27.000000, 40.000000, 1.647519
28.000000, 40.000000, 1.844277
29.000000, 40.000000, 2.051690
30.000000, 40.000000, 2.274427
31.000000, 40.000000, 2.527062
32.000000, 40.000000, 2.818072
33.000000, 40.000000, 3.149288
34.000000, 40.000000, 3.508943
35.000000, 40.000000, 3.878447
36.000000, 40.000000, 4.229776
37.000000, 40.000000, 4.450567
38.000000, 40.000000, 4.418976
39.000000, 40.000000, 4.166361
40.000000, 40.000000, 3.816868
41.000000, 40.000000, 3.454500
42.000000, 40.000000, 3.089218
0.000000, 41.000000, 4.697002
1.000000, 41.000000, 4.741941
2.000000, 41.000000, 4.769473
3.000000, 41.000000, 4.777541
4.000000, 41.000000, 4.770160
5.000000, 41.000000, 4.741509
6.000000, 41.000000, 4.679357
7.000000, 41.000000, 4.564130
8.000000, 41.000000, 4.366774
9.000000, 41.000000, 4.051675
10.000000, 41.000000, 3.593884
11.000000, 41.000000, 3.008590
12.000000, 41.000000, 2.358440
13.000000, 41.000000, 1.716585
14.000000, 41.000000, 1.133226
15.000000, 41.000000, 0.647766
16.000000, 41.000000, 0.284704
17.000000, 41.000000, 0.140932
18.000000, 41.000000, 0.271956
19.000000, 41.000000, 0.427063
20.000000, 41.000000, 0.555443
21.000000, 41.000000, 0.663600
22.000000, 41.000000, 0.765848
23.000000, 41.000000, 0.883895
24.000000, 41.000000, 1.019350
25.000000, 41.000000, 1.174566
26.000000, 41.000000, 1.346861
27.000000, 41.000000, 1.529309
28.000000, 41.000000, 1.720569
29.000000, 41.000000, 1.921295
30.000000, 41.000000, 2.136047
31.000000, 41.000000, 2.371356
32.000000, 41.000000, 2.625738
33.000000, 41.000000, 2.898911
34.000000, 41.000000, 3.189650
35.000000, 41.000000, 3.467038
36.000000, 41.000000, 3.704628
37.000000, 41.000000, 3.835843
38.000000, 41.000000, 3.826840
39.000000, 41.000000, 3.690199
40.000000, 41.000000, 3.471964
41.000000, 41.000000, 3.212778
42.000000, 41.000000, 2.927042
0.000000, 42.000000, 4.592783
1.000000, 42.000000, 4.619251
2.000000, 42.000000, 4.634351
3.000000, 42.000000, 4.630163
4.000000, 42.000000, 4.594497
5.000000, 42.000000, 4.522688
6.000000, 42.000000, 4.407952
7.000000, 42.000000, 4.235130
8.000000, 42.000000, 3.985339
9.000000, 42.000000, 3.642156
10.000000, 42.000000, 3.202293
11.000000, 42.000000, 2.686300
12.000000, 42.000000, 2.137696
13.000000, 42.000000, 1.604809
14.000000, 42.000000, 1.113116
15.000000, 42.000000, 0.716252
16.000000, 42.000000, 0.444724
17.000000, 42.000000, 0.337968
18.000000, 42.000000, 0.373999
19.000000, 42.000000, 0.458520
20.000000, 42.000000, 0.543046
21.000000, 42.000000, 0.619637
22.000000, 42.000000, 0.694973
23.000000, 42.000000, 0.800028
24.000000, 42.000000, 0.927464
25.000000, 42.000000, 1.072450
26.000000, 42.000000, 1.236069
27.000000, 42.000000, 1.410541
28.000000, 42.000000, 1.593080
29.000000, 42.000000, 1.783303
30.000000, 42.000000, 1.979329
31.000000, 42.000000, 2.181628
32.000000, 42.000000, 2.399011
33.000000, 42.000000, 2.633223
34.000000, 42.000000, 2.874578
35.000000, 42.000000, 3.092671
36.000000, 42.000000, 3.259204
37.000000, 42.000000, 3.349193
38.000000, 42.000000, 3.358579
39.000000, 42.000000, 3.287678
40.000000, 42.000000, 3.154537
41.000000, 42.000000, 2.972951
42.000000, 42.000000, 2.755288
