S
I=50,J=50
0.000000, 0.000000, 2.265347
1.000000, 0.000000, 2.266668
2.000000, 0.000000, 2.263222
3.000000, 0.000000, 2.254417
4.000000, 0.000000, 2.239632
5.000000, 0.000000, 2.218236
6.000000, 0.000000, 2.189619
7.000000, 0.000000, 2.153233
8.000000, 0.000000, 2.108666
9.000000, 0.000000, 2.055756
10.000000, 0.000000, 1.993905
11.000000, 0.000000, 1.925066
12.000000, 0.000000, 1.849435
13.000000, 0.000000, 1.767437
14.000000, 0.000000, 1.679774
15.000000, 0.000000, 1.587477
16.000000, 0.000000, 1.491959
17.000000, 0.000000, 1.395064
18.000000, 0.000000, 1.299138
19.000000, 0.000000, 1.207085
20.000000, 0.000000, 1.122418
21.000000, 0.000000, 1.049231
22.000000, 0.000000, 0.992003
23.000000, 0.000000, 0.955088
24.000000, 0.000000, 0.941896
25.000000, 0.000000, 0.954009
26.000000, 0.000000, 0.990772
27.000000, 0.000000, 1.049640
28.000000, 0.000000, 1.127048
29.000000, 0.000000, 1.219245
30.000000, 0.000000, 1.322807
31.000000, 0.000000, 1.434797
32.000000, 0.000000, 1.552729
33.000000, 0.000000, 1.674458
34.000000, 0.000000, 1.812100
35.000000, 0.000000, 1.955511
36.000000, 0.000000, 2.091435
37.000000, 0.000000, 2.215827
38.000000, 0.000000, 2.325155
39.000000, 0.000000, 2.416768
40.000000, 0.000000, 2.489150
41.000000, 0.000000, 2.558751
42.000000, 0.000000, 2.601708
43.000000, 0.000000, 2.620538
44.000000, 0.000000, 2.618371
45.000000, 0.000000, 2.598348
46.000000, 0.000000, 2.563352
47.000000, 0.000000, 2.515847
48.000000, 0.000000, 2.457829
49.000000, 0.000000, 2.390843
0.000000, 1.000000, 2.349284
1.000000, 1.000000, 2.352943
2.000000, 1.000000, 2.351358
3.000000, 1.000000, 2.343964
4.000000, 1.000000, 2.330015
5.000000, 1.000000, 2.308732
6.000000, 1.000000, 2.279317
7.000000, 1.000000, 2.241005
8.000000, 1.000000, 2.193134
9.000000, 1.000000, 2.135680
10.000000, 1.000000, 2.069754
11.000000, 1.000000, 1.995574
12.000000, 1.000000, 1.913221
13.000000, 1.000000, 1.823022
14.000000, 1.000000, 1.725619
15.000000, 1.000000, 1.622024
16.000000, 1.000000, 1.513683
17.000000, 1.000000, 1.402551
18.000000, 1.000000, 1.291170
19.000000, 1.000000, 1.182793
20.000000, 1.000000, 1.081514
21.000000, 1.000000, 0.992377
22.000000, 1.000000, 0.921285
23.000000, 1.000000, 0.874424
24.000000, 1.000000, 0.856935
25.000000, 1.000000, 0.871247
26.000000, 1.000000, 0.916197
27.000000, 1.000000, 0.987765
28.000000, 1.000000, 1.080763
29.000000, 1.000000, 1.190243
30.000000, 1.000000, 1.312117
31.000000, 1.000000, 1.443182
32.000000, 1.000000, 1.580966
33.000000, 1.000000, 1.730375
34.000000, 1.000000, 1.898898
35.000000, 1.000000, 2.065523
36.000000, 1.000000, 2.222875
37.000000, 1.000000, 2.365763
38.000000, 1.000000, 2.489580
39.000000, 1.000000, 2.590926
40.000000, 1.000000, 2.668254
41.000000, 1.000000, 2.727719
42.000000, 1.000000, 2.770541
43.000000, 1.000000, 2.786478
44.000000, 1.000000, 2.778867
45.000000, 1.000000, 2.751972
46.000000, 1.000000, 2.709499
47.000000, 1.000000, 2.654452
48.000000, 1.000000, 2.589116
49.000000, 1.000000, 2.515138
0.000000, 2.000000, 2.439941
1.000000, 2.000000, 2.446320
2.000000, 2.000000, 2.447107
3.000000, 2.000000, 2.441651
4.000000, 2.000000, 2.429071
5.000000, 2.000000, 2.408419
6.000000, 2.000000, 2.378694
7.000000, 2.000000, 2.338873
8.000000, 2.000000, 2.288048
9.000000, 2.000000, 2.227280
10.000000, 2.000000, 2.157535
11.000000, 2.000000, 2.078135
12.000000, 2.000000, 1.988987
13.000000, 2.000000, 1.890278
14.000000, 2.000000, 1.782548
15.000000, 2.000000, 1.666755
16.000000, 2.000000, 1.544345
17.000000, 2.000000, 1.417333
18.000000, 2.000000, 1.288404
19.000000, 2.000000, 1.161069
20.000000, 2.000000, 1.039923
21.000000, 2.000000, 0.930978
22.000000, 2.000000, 0.841912
23.000000, 2.000000, 0.781640
24.000000, 2.000000, 0.758306
25.000000, 2.000000, 0.775871
26.000000, 2.000000, 0.832066
27.000000, 2.000000, 0.920102
28.000000, 2.000000, 1.032213
29.000000, 2.000000, 1.161944
30.000000, 2.000000, 1.304663
31.000000, 2.000000, 1.457178
32.000000, 2.000000, 1.618697
33.000000, 2.000000, 1.805106
34.000000, 2.000000, 2.003412
35.000000, 2.000000, 2.197346
36.000000, 2.000000, 2.380182
37.000000, 2.000000, 2.544989
38.000000, 2.000000, 2.685430
39.000000, 2.000000, 2.796916
40.000000, 2.000000, 2.877475
41.000000, 2.000000, 2.928862
42.000000, 2.000000, 2.962267
43.000000, 2.000000, 2.971372
44.000000, 2.000000, 2.954731
45.000000, 2.000000, 2.917920
46.000000, 2.000000, 2.865610
47.000000, 2.000000, 2.801347
48.000000, 2.000000, 2.727634
49.000000, 2.000000, 2.646115
0.000000, 3.000000, 2.537869
1.000000, 3.000000, 2.547529
2.000000, 3.000000, 2.551277
3.000000, 3.000000, 2.548373
4.000000, 3.000000, 2.537798
5.000000, 3.000000, 2.518427
6.000000, 3.000000, 2.489033
7.000000, 3.000000, 2.448309
8.000000, 3.000000, 2.395288
9.000000, 3.000000, 2.332428
10.000000, 3.000000, 2.259371
11.000000, 3.000000, 2.175088
12.000000, 3.000000, 2.079279
13.000000, 3.000000, 1.971945
14.000000, 3.000000, 1.853479
15.000000, 3.000000, 1.724749
16.000000, 3.000000, 1.587172
17.000000, 3.000000, 1.442790
18.000000, 3.000000, 1.294365
19.000000, 3.000000, 1.145543
20.000000, 3.000000, 1.001204
21.000000, 3.000000, 0.868108
22.000000, 3.000000, 0.755827
23.000000, 3.000000, 0.677199
24.000000, 3.000000, 0.645789
25.000000, 3.000000, 0.668628
26.000000, 3.000000, 0.740888
27.000000, 3.000000, 0.850418
28.000000, 3.000000, 0.985555
29.000000, 3.000000, 1.138317
30.000000, 3.000000, 1.304001
31.000000, 3.000000, 1.480036
32.000000, 3.000000, 1.673720
33.000000, 3.000000, 1.898865
34.000000, 3.000000, 2.129381
35.000000, 3.000000, 2.355772
36.000000, 3.000000, 2.569542
37.000000, 3.000000, 2.760981
38.000000, 3.000000, 2.920839
39.000000, 3.000000, 3.042527
40.000000, 3.000000, 3.123791
41.000000, 3.000000, 3.166933
42.000000, 3.000000, 3.181069
43.000000, 3.000000, 3.176058
44.000000, 3.000000, 3.145467
45.000000, 3.000000, 3.094888
46.000000, 3.000000, 3.030002
47.000000, 3.000000, 2.954790
48.000000, 3.000000, 2.871807
49.000000, 3.000000, 2.782506
0.000000, 4.000000, 2.643652
1.000000, 4.000000, 2.657230
2.000000, 4.000000, 2.664612
3.000000, 4.000000, 2.664980
4.000000, 4.000000, 2.657174
5.000000, 4.000000, 2.639889
6.000000, 4.000000, 2.611662
7.000000, 4.000000, 2.570881
8.000000, 4.000000, 2.516903
9.000000, 4.000000, 2.453047
10.000000, 4.000000, 2.377413
11.000000, 4.000000, 2.288845
12.000000, 4.000000, 2.186769
13.000000, 4.000000, 2.070937
14.000000, 4.000000, 1.941541
15.000000, 4.000000, 1.799325
16.000000, 4.000000, 1.645666
17.000000, 4.000000, 1.482634
18.000000, 4.000000, 1.313035
19.000000, 4.000000, 1.140529
20.000000, 4.000000, 0.969963
21.000000, 4.000000, 0.808244
22.000000, 4.000000, 0.666265
23.000000, 4.000000, 0.561831
24.000000, 4.000000, 0.518702
25.000000, 4.000000, 0.550895
26.000000, 4.000000, 0.647063
27.000000, 4.000000, 0.784408
28.000000, 4.000000, 0.946232
29.000000, 4.000000, 1.123900
30.000000, 4.000000, 1.313673
31.000000, 4.000000, 1.515297
32.000000, 4.000000, 1.750068
33.000000, 4.000000, 2.011660
34.000000, 4.000000, 2.279238
35.000000, 4.000000, 2.544927
36.000000, 4.000000, 2.797489
37.000000, 4.000000, 3.022659
38.000000, 4.000000, 3.206020
39.000000, 4.000000, 3.337414
40.000000, 4.000000, 3.414407
41.000000, 4.000000, 3.442347
42.000000, 4.000000, 3.431821
43.000000, 4.000000, 3.400286
44.000000, 4.000000, 3.349097
45.000000, 4.000000, 3.280090
46.000000, 4.000000, 3.199657
47.000000, 4.000000, 3.111905
48.000000, 4.000000, 3.019123
49.000000, 4.000000, 2.922303
0.000000, 5.000000, 2.757909
1.000000, 5.000000, 2.776115
2.000000, 5.000000, 2.787896
3.000000, 5.000000, 2.792360
4.000000, 5.000000, 2.788219
5.000000, 5.000000, 2.773992
6.000000, 5.000000, 2.747979
7.000000, 5.000000, 2.708263
8.000000, 5.000000, 2.654916
9.000000, 5.000000, 2.591190
10.000000, 5.000000, 2.514035
11.000000, 5.000000, 2.422121
12.000000, 5.000000, 2.314515
13.000000, 5.000000, 2.190632
14.000000, 5.000000, 2.050395
15.000000, 5.000000, 1.894388
16.000000, 5.000000, 1.723963
17.000000, 5.000000, 1.541273
18.000000, 5.000000, 1.349246
19.000000, 5.000000, 1.151548
20.000000, 5.000000, 0.952722
21.000000, 5.000000, 0.758924
22.000000, 5.000000, 0.580450
23.000000, 5.000000, 0.438952
24.000000, 5.000000, 0.377167
25.000000, 5.000000, 0.427627
26.000000, 5.000000, 0.560006
27.000000, 5.000000, 0.731366
28.000000, 5.000000, 0.921590
29.000000, 5.000000, 1.123973
30.000000, 5.000000, 1.337217
31.000000, 5.000000, 1.568088
32.000000, 5.000000, 1.844681
33.000000, 5.000000, 2.143293
34.000000, 5.000000, 2.453748
35.000000, 5.000000, 2.768008
36.000000, 5.000000, 3.071235
37.000000, 5.000000, 3.341631
38.000000, 5.000000, 3.555059
39.000000, 5.000000, 3.694479
40.000000, 5.000000, 3.757877
41.000000, 5.000000, 3.757479
42.000000, 5.000000, 3.711968
43.000000, 5.000000, 3.641701
44.000000, 5.000000, 3.560882
45.000000, 5.000000, 3.468341
46.000000, 5.000000, 3.369595
47.000000, 5.000000, 3.268255
48.000000, 5.000000, 3.165851
49.000000, 5.000000, 3.062549
0.000000, 6.000000, 2.881295
1.000000, 6.000000, 2.904917
2.000000, 6.000000, 2.921942
3.000000, 6.000000, 2.931431
4.000000, 6.000000, 2.931976
5.000000, 6.000000, 2.921914
6.000000, 6.000000, 2.899276
7.000000, 6.000000, 2.861825
8.000000, 6.000000, 2.810709
9.000000, 6.000000, 2.748161
10.000000, 6.000000, 2.670787
11.000000, 6.000000, 2.577013
12.000000, 6.000000, 2.465389
13.000000, 6.000000, 2.334579
14.000000, 6.000000, 2.184144
15.000000, 6.000000, 2.014470
16.000000, 6.000000, 1.826864
17.000000, 6.000000, 1.623788
18.000000, 6.000000, 1.408548
19.000000, 6.000000, 1.185089
20.000000, 6.000000, 0.957761
21.000000, 6.000000, 0.731437
22.000000, 6.000000, 0.513048
23.000000, 6.000000, 0.320283
24.000000, 6.000000, 0.224251
25.000000, 6.000000, 0.314271
26.000000, 6.000000, 0.497468
27.000000, 6.000000, 0.703968
28.000000, 6.000000, 0.919739
29.000000, 6.000000, 1.143399
30.000000, 6.000000, 1.377252
31.000000, 6.000000, 1.641103
32.000000, 6.000000, 1.953428
33.000000, 6.000000, 2.290477
34.000000, 6.000000, 2.649990
35.000000, 6.000000, 3.025108
36.000000, 6.000000, 3.397415
37.000000, 6.000000, 3.732998
38.000000, 6.000000, 3.988199
39.000000, 6.000000, 4.131208
40.000000, 6.000000, 4.162876
41.000000, 6.000000, 4.111816
42.000000, 6.000000, 4.012746
43.000000, 6.000000, 3.892809
44.000000, 6.000000, 3.771926
45.000000, 6.000000, 3.651222
46.000000, 6.000000, 3.532413
47.000000, 6.000000, 3.417591
48.000000, 6.000000, 3.306878
49.000000, 6.000000, 3.199224
0.000000, 7.000000, 3.014518
1.000000, 7.000000, 3.044333
2.000000, 7.000000, 3.066957
3.000000, 7.000000, 3.080364
4.000000, 7.000000, 3.082058
5.000000, 7.000000, 3.070682
6.000000, 7.000000, 3.045990
7.000000, 7.000000, 3.006403
8.000000, 7.000000, 2.955380
9.000000, 7.000000, 2.894152
10.000000, 7.000000, 2.818716
11.000000, 7.000000, 2.726860
12.000000, 7.000000, 2.616283
13.000000, 7.000000, 2.484715
14.000000, 7.000000, 2.330813
15.000000, 7.000000, 2.153765
16.000000, 7.000000, 1.954055
17.000000, 7.000000, 1.733573
18.000000, 7.000000, 1.496378
19.000000, 7.000000, 1.247943
20.000000, 7.000000, 0.994047
21.000000, 7.000000, 0.739590
22.000000, 7.000000, 0.488583
23.000000, 7.000000, 0.246689
24.000000, 7.000000, 0.096840
25.000000, 7.000000, 0.256921
26.000000, 7.000000, 0.484666
27.000000, 7.000000, 0.714660
28.000000, 7.000000, 0.946897
29.000000, 7.000000, 1.184832
30.000000, 7.000000, 1.434559
31.000000, 7.000000, 1.729283
32.000000, 7.000000, 2.069952
33.000000, 7.000000, 2.444661
34.000000, 7.000000, 2.857962
35.000000, 7.000000, 3.308341
36.000000, 7.000000, 3.777651
37.000000, 7.000000, 4.215266
38.000000, 7.000000, 4.535872
39.000000, 7.000000, 4.670787
40.000000, 7.000000, 4.633628
41.000000, 7.000000, 4.494806
42.000000, 7.000000, 4.317079
43.000000, 7.000000, 4.135635
44.000000, 7.000000, 3.967838
45.000000, 7.000000, 3.816520
46.000000, 7.000000, 3.678126
47.000000, 7.000000, 3.551842
48.000000, 7.000000, 3.435739
49.000000, 7.000000, 3.327228
0.000000, 8.000000, 3.158344
1.000000, 8.000000, 3.178668
2.000000, 8.000000, 3.192064
3.000000, 8.000000, 3.196981
4.000000, 8.000000, 3.194464
5.000000, 8.000000, 3.183548
6.000000, 8.000000, 3.162276
7.000000, 8.000000, 3.128238
8.000000, 8.000000, 3.084225
9.000000, 8.000000, 3.030421
10.000000, 8.000000, 2.962097
11.000000, 8.000000, 2.876284
12.000000, 8.000000, 2.769842
13.000000, 8.000000, 2.639740
14.000000, 8.000000, 2.483556
15.000000, 8.000000, 2.300135
16.000000, 8.000000, 2.090200
17.000000, 8.000000, 1.856680
18.000000, 8.000000, 1.604434
19.000000, 8.000000, 1.339299
20.000000, 8.000000, 1.067186
21.000000, 8.000000, 0.794753
22.000000, 8.000000, 0.531011
23.000000, 8.000000, 0.293422
24.000000, 8.000000, 0.178634
25.000000, 8.000000, 0.317237
26.000000, 8.000000, 0.537709
27.000000, 8.000000, 0.768707
28.000000, 8.000000, 1.004240
29.000000, 8.000000, 1.247005
30.000000, 8.000000, 1.506869
31.000000, 8.000000, 1.822911
32.000000, 8.000000, 2.183459
33.000000, 8.000000, 2.590155
34.000000, 8.000000, 3.056014
35.000000, 8.000000, 3.592160
36.000000, 8.000000, 4.194454
37.000000, 8.000000, 4.803616
38.000000, 8.000000, 5.245541
39.000000, 8.000000, 5.338338
40.000000, 8.000000, 5.153494
41.000000, 8.000000, 4.872173
42.000000, 8.000000, 4.591231
43.000000, 8.000000, 4.341311
44.000000, 8.000000, 4.128027
45.000000, 8.000000, 3.948539
46.000000, 8.000000, 3.794653
47.000000, 8.000000, 3.661556
48.000000, 8.000000, 3.544923
49.000000, 8.000000, 3.440572
0.000000, 9.000000, 3.252753
1.000000, 9.000000, 3.271465
2.000000, 9.000000, 3.286476
3.000000, 9.000000, 3.296763
4.000000, 9.000000, 3.301099
5.000000, 9.000000, 3.297888
6.000000, 9.000000, 3.285057
7.000000, 9.000000, 3.260190
8.000000, 9.000000, 3.226647
9.000000, 9.000000, 3.183827
10.000000, 9.000000, 3.126686
11.000000, 9.000000, 3.051589
12.000000, 9.000000, 2.954376
13.000000, 9.000000, 2.830652
14.000000, 9.000000, 2.676459
15.000000, 9.000000, 2.489305
16.000000, 9.000000, 2.269346
17.000000, 9.000000, 2.020215
18.000000, 9.000000, 1.748980
19.000000, 9.000000, 1.465103
20.000000, 9.000000, 1.178979
21.000000, 9.000000, 0.901230
22.000000, 9.000000, 0.645154
23.000000, 9.000000, 0.441896
24.000000, 9.000000, 0.367540
25.000000, 9.000000, 0.462343
26.000000, 9.000000, 0.646665
27.000000, 9.000000, 0.860297
28.000000, 9.000000, 1.086538
29.000000, 9.000000, 1.324101
30.000000, 9.000000, 1.587036
31.000000, 9.000000, 1.910329
32.000000, 9.000000, 2.278895
33.000000, 9.000000, 2.704216
34.000000, 9.000000, 3.208223
35.000000, 9.000000, 3.820357
36.000000, 9.000000, 4.573666
37.000000, 9.000000, 5.460807
38.000000, 9.000000, 6.155649
39.000000, 9.000000, 6.113304
40.000000, 9.000000, 5.634433
41.000000, 9.000000, 5.165458
42.000000, 9.000000, 4.780507
43.000000, 9.000000, 4.472923
44.000000, 9.000000, 4.227295
45.000000, 9.000000, 4.029977
46.000000, 9.000000, 3.869251
47.000000, 9.000000, 3.736923
48.000000, 9.000000, 3.626576
49.000000, 9.000000, 3.532828
0.000000, 10.000000, 3.337039
1.000000, 10.000000, 3.361465
2.000000, 10.000000, 3.382833
3.000000, 10.000000, 3.400256
4.000000, 10.000000, 3.412639
5.000000, 10.000000, 3.418539
6.000000, 10.000000, 3.416029
7.000000, 10.000000, 3.402840
8.000000, 10.000000, 3.382612
9.000000, 10.000000, 3.354511
10.000000, 10.000000, 3.313331
11.000000, 10.000000, 3.254861
12.000000, 10.000000, 3.173818
13.000000, 10.000000, 3.064028
14.000000, 10.000000, 2.919165
15.000000, 10.000000, 2.734291
16.000000, 10.000000, 2.508040
17.000000, 10.000000, 2.244588
18.000000, 10.000000, 1.954069
19.000000, 10.000000, 1.650895
20.000000, 10.000000, 1.351153
21.000000, 10.000000, 1.071337
22.000000, 10.000000, 0.830436
23.000000, 10.000000, 0.656119
24.000000, 10.000000, 0.586812
25.000000, 10.000000, 0.642556
26.000000, 10.000000, 0.788508
27.000000, 10.000000, 0.976016
28.000000, 10.000000, 1.183535
29.000000, 10.000000, 1.406616
30.000000, 10.000000, 1.663348
31.000000, 10.000000, 1.978687
32.000000, 10.000000, 2.339488
33.000000, 10.000000, 2.761642
34.000000, 10.000000, 3.271525
35.000000, 10.000000, 3.909642
36.000000, 10.000000, 4.740098
37.000000, 10.000000, 5.837850
38.000000, 10.000000, 5.499489
39.000000, 10.000000, 6.540234
40.000000, 10.000000, 5.838298
41.000000, 10.000000, 5.254334
42.000000, 10.000000, 4.821709
43.000000, 10.000000, 4.494297
44.000000, 10.000000, 4.242340
45.000000, 10.000000, 4.045600
46.000000, 10.000000, 3.890879
47.000000, 10.000000, 3.769345
48.000000, 10.000000, 3.673971
49.000000, 10.000000, 3.602207
0.000000, 11.000000, 3.422923
1.000000, 11.000000, 3.453376
2.000000, 11.000000, 3.481536
3.000000, 11.000000, 3.506688
4.000000, 11.000000, 3.527950
5.000000, 11.000000, 3.544138
6.000000, 11.000000, 3.553633
7.000000, 11.000000, 3.554477
8.000000, 11.000000, 3.550342
9.000000, 11.000000, 3.540875
10.000000, 11.000000, 3.521022
11.000000, 11.000000, 3.486319
12.000000, 11.000000, 3.430524
13.000000, 11.000000, 3.345369
14.000000, 11.000000, 3.221017
15.000000, 11.000000, 3.048002
16.000000, 11.000000, 2.821104
17.000000, 11.000000, 2.543920
18.000000, 11.000000, 2.230778
19.000000, 11.000000, 1.903641
20.000000, 11.000000, 1.586336
21.000000, 11.000000, 1.300870
22.000000, 11.000000, 1.067798
23.000000, 11.000000, 0.907973
24.000000, 11.000000, 0.838518
25.000000, 11.000000, 0.859924
26.000000, 11.000000, 0.953956
27.000000, 11.000000, 1.101815
28.000000, 11.000000, 1.282746
29.000000, 11.000000, 1.483192
30.000000, 11.000000, 1.723161
31.000000, 11.000000, 2.015856
32.000000, 11.000000, 2.351075
33.000000, 11.000000, 2.743706
34.000000, 11.000000, 3.216644
35.000000, 11.000000, 3.802439
36.000000, 11.000000, 4.542262
37.000000, 11.000000, 5.447359
38.000000, 11.000000, 6.158599
39.000000, 11.000000, 6.082804
40.000000, 11.000000, 5.546843
41.000000, 11.000000, 5.060326
42.000000, 11.000000, 4.679208
43.000000, 11.000000, 4.386037
44.000000, 11.000000, 4.160631
45.000000, 11.000000, 3.986614
46.000000, 11.000000, 3.852947
47.000000, 11.000000, 3.755138
48.000000, 11.000000, 3.691867
49.000000, 11.000000, 3.655110
0.000000, 12.000000, 3.509784
1.000000, 12.000000, 3.546434
2.000000, 12.000000, 3.581626
3.000000, 12.000000, 3.614859
4.000000, 12.000000, 3.645535
5.000000, 12.000000, 3.672832
6.000000, 12.000000, 3.695598
7.000000, 12.000000, 3.712384
8.000000, 12.000000, 3.726737
9.000000, 12.000000, 3.739539
10.000000, 12.000000, 3.746460
11.000000, 12.000000, 3.743504
12.000000, 12.000000, 3.724205
13.000000, 12.000000, 3.678486
14.000000, 12.000000, 3.591909
15.000000, 12.000000, 3.446990
16.000000, 12.000000, 3.229238
17.000000, 12.000000, 2.937840
18.000000, 12.000000, 2.592785
19.000000, 12.000000, 2.228832
20.000000, 12.000000, 1.881494
21.000000, 12.000000, 1.578304
22.000000, 12.000000, 1.338490
23.000000, 12.000000, 1.175043
24.000000, 12.000000, 1.093541
25.000000, 12.000000, 1.088469
26.000000, 12.000000, 1.144181
27.000000, 12.000000, 1.242969
28.000000, 12.000000, 1.376273
29.000000, 12.000000, 1.543087
30.000000, 12.000000, 1.755438
31.000000, 12.000000, 2.012849
32.000000, 12.000000, 2.305986
33.000000, 12.000000, 2.645462
34.000000, 12.000000, 3.045633
35.000000, 12.000000, 3.521463
36.000000, 12.000000, 4.076043
37.000000, 12.000000, 4.657558
38.000000, 12.000000, 5.080545
39.000000, 12.000000, 5.137054
40.000000, 12.000000, 4.920514
41.000000, 12.000000, 4.634733
42.000000, 12.000000, 4.372587
43.000000, 12.000000, 4.156344
44.000000, 12.000000, 3.985515
45.000000, 12.000000, 3.853987
46.000000, 12.000000, 3.760065
47.000000, 12.000000, 3.706307
48.000000, 12.000000, 3.680809
49.000000, 12.000000, 3.677510
0.000000, 13.000000, 3.596966
1.000000, 13.000000, 3.639803
2.000000, 13.000000, 3.682032
3.000000, 13.000000, 3.723395
4.000000, 13.000000, 3.763620
5.000000, 13.000000, 3.802331
6.000000, 13.000000, 3.838971
7.000000, 13.000000, 3.872799
8.000000, 13.000000, 3.907201
9.000000, 13.000000, 3.944905
10.000000, 13.000000, 3.983142
11.000000, 13.000000, 4.019585
12.000000, 13.000000, 4.049237
13.000000, 13.000000, 4.062075
14.000000, 13.000000, 4.039549
15.000000, 13.000000, 3.951754
16.000000, 13.000000, 3.762970
17.000000, 13.000000, 3.455826
18.000000, 13.000000, 3.058160
19.000000, 13.000000, 2.631172
20.000000, 13.000000, 2.231202
21.000000, 13.000000, 1.891934
22.000000, 13.000000, 1.628790
23.000000, 13.000000, 1.446570
24.000000, 13.000000, 1.342680
25.000000, 13.000000, 1.307732
26.000000, 13.000000, 1.327476
27.000000, 13.000000, 1.386938
28.000000, 13.000000, 1.474263
29.000000, 13.000000, 1.586091
30.000000, 13.000000, 1.753723
31.000000, 13.000000, 1.965616
32.000000, 13.000000, 2.205022
33.000000, 13.000000, 2.477791
34.000000, 13.000000, 2.790885
35.000000, 13.000000, 3.146456
36.000000, 13.000000, 3.532237
37.000000, 13.000000, 3.902670
38.000000, 13.000000, 4.173229
39.000000, 13.000000, 4.274222
40.000000, 13.000000, 4.224808
41.000000, 13.000000, 4.100586
42.000000, 13.000000, 3.961313
43.000000, 13.000000, 3.836164
44.000000, 13.000000, 3.735170
45.000000, 13.000000, 3.666461
46.000000, 13.000000, 3.630685
47.000000, 13.000000, 3.620861
48.000000, 13.000000, 3.633277
49.000000, 13.000000, 3.666242
0.000000, 14.000000, 3.683808
1.000000, 14.000000, 3.732633
2.000000, 14.000000, 3.781646
3.000000, 14.000000, 3.830835
4.000000, 14.000000, 3.880269
5.000000, 14.000000, 3.930046
6.000000, 14.000000, 3.980281
7.000000, 14.000000, 4.031103
8.000000, 14.000000, 4.085743
9.000000, 14.000000, 4.149018
10.000000, 14.000000, 4.220702
11.000000, 14.000000, 4.301543
12.000000, 14.000000, 4.390690
13.000000, 14.000000, 4.482708
14.000000, 14.000000, 4.560684
15.000000, 14.000000, 4.582473
16.000000, 14.000000, 4.468461
17.000000, 14.000000, 4.143963
18.000000, 14.000000, 3.647504
19.000000, 14.000000, 3.108667
20.000000, 14.000000, 2.622926
21.000000, 14.000000, 2.226410
22.000000, 14.000000, 1.924698
23.000000, 14.000000, 1.712083
24.000000, 14.000000, 1.578249
25.000000, 14.000000, 1.510029
26.000000, 14.000000, 1.492769
27.000000, 14.000000, 1.512439
28.000000, 14.000000, 1.557635
29.000000, 14.000000, 1.622354
30.000000, 14.000000, 1.729920
31.000000, 14.000000, 1.881712
32.000000, 14.000000, 2.065406
33.000000, 14.000000, 2.272675
34.000000, 14.000000, 2.504222
35.000000, 14.000000, 2.757356
36.000000, 14.000000, 3.019782
37.000000, 14.000000, 3.264672
38.000000, 14.000000, 3.454598
39.000000, 14.000000, 3.562002
40.000000, 14.000000, 3.589753
41.000000, 14.000000, 3.565226
42.000000, 14.000000, 3.518732
43.000000, 14.000000, 3.472341
44.000000, 14.000000, 3.447521
45.000000, 14.000000, 3.448318
46.000000, 14.000000, 3.466196
47.000000, 14.000000, 3.501823
48.000000, 14.000000, 3.554112
49.000000, 14.000000, 3.623807
0.000000, 15.000000, 3.769701
1.000000, 15.000000, 3.824124
2.000000, 15.000000, 3.879407
3.000000, 15.000000, 3.935754
4.000000, 15.000000, 3.993543
5.000000, 15.000000, 4.053319
6.000000, 15.000000, 4.115843
7.000000, 15.000000, 4.182156
8.000000, 15.000000, 4.255397
9.000000, 15.000000, 4.342090
10.000000, 15.000000, 4.445202
11.000000, 15.000000, 4.569489
12.000000, 15.000000, 4.720671
13.000000, 15.000000, 4.904010
14.000000, 15.000000, 5.118415
15.000000, 15.000000, 5.332951
16.000000, 15.000000, 5.409773
17.000000, 15.000000, 5.071314
18.000000, 15.000000, 4.363500
19.000000, 15.000000, 3.633490
20.000000, 15.000000, 3.027453
21.000000, 15.000000, 2.558419
22.000000, 15.000000, 2.209367
23.000000, 15.000000, 1.960364
24.000000, 15.000000, 1.792968
25.000000, 15.000000, 1.690066
26.000000, 15.000000, 1.635790
27.000000, 15.000000, 1.616164
28.000000, 15.000000, 1.619471
29.000000, 15.000000, 1.639563
30.000000, 15.000000, 1.698301
31.000000, 15.000000, 1.785040
32.000000, 15.000000, 1.900094
33.000000, 15.000000, 2.043795
34.000000, 15.000000, 2.202923
35.000000, 15.000000, 2.373552
36.000000, 15.000000, 2.548307
37.000000, 15.000000, 2.714028
38.000000, 15.000000, 2.854530
39.000000, 15.000000, 2.957872
40.000000, 15.000000, 3.022918
41.000000, 15.000000, 3.058718
42.000000, 15.000000, 3.079331
43.000000, 15.000000, 3.108330
44.000000, 15.000000, 3.152654
45.000000, 15.000000, 3.205470
46.000000, 15.000000, 3.270555
47.000000, 15.000000, 3.352433
48.000000, 15.000000, 3.448772
49.000000, 15.000000, 3.555862
0.000000, 16.000000, 3.854131
1.000000, 16.000000, 3.913596
2.000000, 16.000000, 3.974399
3.000000, 16.000000, 4.036901
4.000000, 16.000000, 4.101713
5.000000, 16.000000, 4.169724
6.000000, 16.000000, 4.242209
7.000000, 16.000000, 4.320966
8.000000, 16.000000, 4.409198
9.000000, 16.000000, 4.513911
10.000000, 16.000000, 4.641188
11.000000, 16.000000, 4.799240
12.000000, 16.000000, 4.999982
13.000000, 16.000000, 5.260746
14.000000, 16.000000, 5.606361
15.000000, 16.000000, 6.065235
16.000000, 16.000000, 6.268775
17.000000, 16.000000, 5.841657
18.000000, 16.000000, 5.089897
19.000000, 16.000000, 4.115954
20.000000, 16.000000, 3.391043
21.000000, 16.000000, 2.856159
22.000000, 16.000000, 2.463957
23.000000, 16.000000, 2.180779
24.000000, 16.000000, 1.981517
25.000000, 16.000000, 1.846185
26.000000, 16.000000, 1.756969
27.000000, 16.000000, 1.698169
28.000000, 16.000000, 1.659188
29.000000, 16.000000, 1.634845
30.000000, 16.000000, 1.646315
31.000000, 16.000000, 1.681494
32.000000, 16.000000, 1.729018
33.000000, 16.000000, 1.801340
34.000000, 16.000000, 1.898032
35.000000, 16.000000, 2.004055
36.000000, 16.000000, 2.115865
37.000000, 16.000000, 2.228799
38.000000, 16.000000, 2.336716
39.000000, 16.000000, 2.434221
40.000000, 16.000000, 2.518962
41.000000, 16.000000, 2.593047
42.000000, 16.000000, 2.672820
43.000000, 16.000000, 2.764683
44.000000, 16.000000, 2.858087
45.000000, 16.000000, 2.954372
46.000000, 16.000000, 3.059548
47.000000, 16.000000, 3.178171
48.000000, 16.000000, 3.310148
49.000000, 16.000000, 3.456282
0.000000, 17.000000, 3.936724
1.000000, 17.000000, 4.000554
2.000000, 17.000000, 4.065950
3.000000, 17.000000, 4.133344
4.000000, 17.000000, 4.203460
5.000000, 17.000000, 4.277380
6.000000, 17.000000, 4.356662
7.000000, 17.000000, 4.443538
8.000000, 17.000000, 4.541302
9.000000, 17.000000, 4.655990
10.000000, 17.000000, 4.795485
11.000000, 17.000000, 4.969309
12.000000, 17.000000, 5.191106
13.000000, 17.000000, 5.481002
14.000000, 17.000000, 5.868793
15.000000, 17.000000, 6.393041
16.000000, 17.000000, 6.596773
17.000000, 17.000000, 6.140440
18.000000, 17.000000, 5.443854
19.000000, 17.000000, 4.412220
20.000000, 17.000000, 3.650518
21.000000, 17.000000, 3.088295
22.000000, 17.000000, 2.672459
23.000000, 17.000000, 2.365883
24.000000, 17.000000, 2.141016
25.000000, 17.000000, 1.975304
26.000000, 17.000000, 1.850897
27.000000, 17.000000, 1.754579
28.000000, 17.000000, 1.676354
29.000000, 17.000000, 1.610343
30.000000, 17.000000, 1.576513
31.000000, 17.000000, 1.564612
32.000000, 17.000000, 1.560291
33.000000, 17.000000, 1.565715
34.000000, 17.000000, 1.596938
35.000000, 17.000000, 1.650964
36.000000, 17.000000, 1.716044
37.000000, 17.000000, 1.792174
38.000000, 17.000000, 1.878358
39.000000, 17.000000, 1.971992
40.000000, 17.000000, 2.070181
41.000000, 17.000000, 2.181254
42.000000, 17.000000, 2.312032
43.000000, 17.000000, 2.444883
44.000000, 17.000000, 2.576772
45.000000, 17.000000, 2.708497
46.000000, 17.000000, 2.847566
47.000000, 17.000000, 2.996974
48.000000, 17.000000, 3.155896
49.000000, 17.000000, 3.326128
0.000000, 18.000000, 4.017287
1.000000, 18.000000, 4.084744
2.000000, 18.000000, 4.153710
3.000000, 18.000000, 4.224582
4.000000, 18.000000, 4.298067
5.000000, 18.000000, 4.375235
6.000000, 18.000000, 4.457653
7.000000, 18.000000, 4.547576
8.000000, 18.000000, 4.648177
9.000000, 18.000000, 4.763649
10.000000, 18.000000, 4.901232
11.000000, 18.000000, 5.069324
12.000000, 18.000000, 5.277637
13.000000, 18.000000, 5.536999
14.000000, 18.000000, 5.853380
15.000000, 18.000000, 6.200095
16.000000, 18.000000, 6.411409
17.000000, 18.000000, 6.099537
18.000000, 18.000000, 5.299127
19.000000, 18.000000, 4.466067
20.000000, 18.000000, 3.777127
21.000000, 18.000000, 3.239693
22.000000, 18.000000, 2.826243
23.000000, 18.000000, 2.507687
24.000000, 18.000000, 2.261948
25.000000, 18.000000, 2.069959
26.000000, 18.000000, 1.916141
27.000000, 18.000000, 1.787969
28.000000, 18.000000, 1.675497
29.000000, 18.000000, 1.572071
30.000000, 18.000000, 1.495989
31.000000, 18.000000, 1.441436
32.000000, 18.000000, 1.390907
33.000000, 18.000000, 1.345848
34.000000, 18.000000, 1.313298
35.000000, 18.000000, 1.314288
36.000000, 18.000000, 1.342403
37.000000, 18.000000, 1.392024
38.000000, 18.000000, 1.464891
39.000000, 18.000000, 1.559210
40.000000, 18.000000, 1.677280
41.000000, 18.000000, 1.829677
42.000000, 18.000000, 1.993142
43.000000, 18.000000, 2.157482
44.000000, 18.000000, 2.319416
45.000000, 18.000000, 2.478813
46.000000, 18.000000, 2.645284
47.000000, 18.000000, 2.819042
48.000000, 18.000000, 2.998303
49.000000, 18.000000, 3.185141
0.000000, 19.000000, 4.095826
1.000000, 19.000000, 4.166183
2.000000, 19.000000, 4.237697
3.000000, 19.000000, 4.310628
4.000000, 19.000000, 4.385518
5.000000, 19.000000, 4.463226
6.000000, 19.000000, 4.545058
7.000000, 19.000000, 4.632897
8.000000, 19.000000, 4.729370
9.000000, 19.000000, 4.837005
10.000000, 19.000000, 4.959732
11.000000, 19.000000, 5.103570
12.000000, 19.000000, 5.271783
13.000000, 19.000000, 5.463012
14.000000, 19.000000, 5.661818
15.000000, 19.000000, 5.816861
16.000000, 19.000000, 5.813834
17.000000, 19.000000, 5.525452
18.000000, 19.000000, 4.984075
19.000000, 19.000000, 4.364897
20.000000, 19.000000, 3.795407
21.000000, 19.000000, 3.313467
22.000000, 19.000000, 2.916787
23.000000, 19.000000, 2.598116
24.000000, 19.000000, 2.341921
25.000000, 19.000000, 2.132818
26.000000, 19.000000, 1.957392
27.000000, 19.000000, 1.804228
28.000000, 19.000000, 1.663771
29.000000, 19.000000, 1.528694
30.000000, 19.000000, 1.414411
31.000000, 19.000000, 1.322284
32.000000, 19.000000, 1.230424
33.000000, 19.000000, 1.140103
34.000000, 19.000000, 1.057831
35.000000, 19.000000, 0.999536
36.000000, 19.000000, 0.990004
37.000000, 19.000000, 1.019971
38.000000, 19.000000, 1.087914
39.000000, 19.000000, 1.193374
40.000000, 19.000000, 1.348398
41.000000, 19.000000, 1.531057
42.000000, 19.000000, 1.721001
43.000000, 19.000000, 1.910211
44.000000, 19.000000, 2.094640
45.000000, 19.000000, 2.274397
46.000000, 19.000000, 2.461783
47.000000, 19.000000, 2.652966
48.000000, 19.000000, 2.845618
49.000000, 19.000000, 3.042056
0.000000, 20.000000, 4.172552
1.000000, 20.000000, 4.245167
2.000000, 20.000000, 4.318316
3.000000, 20.000000, 4.392021
4.000000, 20.000000, 4.466524
5.000000, 20.000000, 4.542311
6.000000, 20.000000, 4.620193
7.000000, 20.000000, 4.701394
8.000000, 20.000000, 4.787624
9.000000, 20.000000, 4.880344
10.000000, 20.000000, 4.979109
11.000000, 20.000000, 5.087147
12.000000, 20.000000, 5.202805
13.000000, 20.000000, 5.317491
14.000000, 20.000000, 5.409822
15.000000, 20.000000, 5.437975
16.000000, 20.000000, 5.342457
17.000000, 20.000000, 5.080841
18.000000, 20.000000, 4.676707
19.000000, 20.000000, 4.208844
20.000000, 20.000000, 3.743466
21.000000, 20.000000, 3.315835
22.000000, 20.000000, 2.949883
23.000000, 20.000000, 2.643582
24.000000, 20.000000, 2.387396
25.000000, 20.000000, 2.170265
26.000000, 20.000000, 1.981377
27.000000, 20.000000, 1.810800
28.000000, 20.000000, 1.649672
29.000000, 20.000000, 1.490471
30.000000, 20.000000, 1.343453
31.000000, 20.000000, 1.219819
32.000000, 20.000000, 1.092678
33.000000, 20.000000, 0.961409
34.000000, 20.000000, 0.832088
35.000000, 20.000000, 0.719825
36.000000, 20.000000, 0.657871
37.000000, 20.000000, 0.670882
38.000000, 20.000000, 0.746684
39.000000, 20.000000, 0.888561
40.000000, 20.000000, 1.081600
41.000000, 20.000000, 1.291000
42.000000, 20.000000, 1.503003
43.000000, 20.000000, 1.710335
44.000000, 20.000000, 1.909573
45.000000, 20.000000, 2.102456
46.000000, 20.000000, 2.304258
47.000000, 20.000000, 2.505572
48.000000, 20.000000, 2.704576
49.000000, 20.000000, 2.903882
0.000000, 21.000000, 4.247862
1.000000, 21.000000, 4.322252
2.000000, 21.000000, 4.396327
3.000000, 21.000000, 4.469785
4.000000, 21.000000, 4.542466
5.000000, 21.000000, 4.614347
6.000000, 21.000000, 4.685601
7.000000, 21.000000, 4.756638
8.000000, 21.000000, 4.828103
9.000000, 21.000000, 4.900567
10.000000, 21.000000, 4.970989
11.000000, 21.000000, 5.038762
12.000000, 21.000000, 5.100866
13.000000, 21.000000, 5.147158
14.000000, 21.000000, 5.159580
15.000000, 21.000000, 5.111689
16.000000, 21.000000, 4.975451
17.000000, 21.000000, 4.737973
18.000000, 21.000000, 4.416090
19.000000, 21.000000, 4.040574
20.000000, 21.000000, 3.643177
21.000000, 21.000000, 3.271627
22.000000, 21.000000, 2.941809
23.000000, 21.000000, 2.655181
24.000000, 21.000000, 2.407027
25.000000, 21.000000, 2.189892
26.000000, 21.000000, 1.995437
27.000000, 21.000000, 1.815325
28.000000, 21.000000, 1.641627
29.000000, 21.000000, 1.467039
30.000000, 21.000000, 1.295678
31.000000, 21.000000, 1.148189
32.000000, 21.000000, 0.995129
33.000000, 21.000000, 0.831528
34.000000, 21.000000, 0.659727
35.000000, 21.000000, 0.490314
36.000000, 21.000000, 0.358251
37.000000, 21.000000, 0.346291
38.000000, 21.000000, 0.463972
39.000000, 21.000000, 0.664632
40.000000, 21.000000, 0.891369
41.000000, 21.000000, 1.122083
42.000000, 21.000000, 1.347979
43.000000, 21.000000, 1.564493
44.000000, 21.000000, 1.769720
45.000000, 21.000000, 1.968778
46.000000, 21.000000, 2.177664
47.000000, 21.000000, 2.381510
48.000000, 21.000000, 2.579898
49.000000, 21.000000, 2.775780
0.000000, 22.000000, 4.322300
1.000000, 22.000000, 4.398201
2.000000, 22.000000, 4.472779
3.000000, 22.000000, 4.545342
4.000000, 22.000000, 4.615250
5.000000, 22.000000, 4.681891
6.000000, 22.000000, 4.744721
7.000000, 22.000000, 4.803293
8.000000, 22.000000, 4.857242
9.000000, 22.000000, 4.906164
10.000000, 22.000000, 4.947183
11.000000, 22.000000, 4.975312
12.000000, 22.000000, 4.988736
13.000000, 22.000000, 4.979328
14.000000, 22.000000, 4.935001
15.000000, 22.000000, 4.841482
16.000000, 22.000000, 4.687196
17.000000, 22.000000, 4.470476
18.000000, 22.000000, 4.195636
19.000000, 22.000000, 3.864488
20.000000, 22.000000, 3.524611
21.000000, 22.000000, 3.201996
22.000000, 22.000000, 2.907439
23.000000, 22.000000, 2.643954
24.000000, 22.000000, 2.409456
25.000000, 22.000000, 2.198991
26.000000, 22.000000, 2.006236
27.000000, 22.000000, 1.824375
28.000000, 22.000000, 1.646575
29.000000, 22.000000, 1.466252
30.000000, 22.000000, 1.282251
31.000000, 22.000000, 1.120280
32.000000, 22.000000, 0.955492
33.000000, 22.000000, 0.777377
34.000000, 22.000000, 0.585140
35.000000, 22.000000, 0.380919
36.000000, 22.000000, 0.179967
37.000000, 22.000000, 0.140492
38.000000, 22.000000, 0.331847
39.000000, 22.000000, 0.565780
40.000000, 22.000000, 0.803981
41.000000, 22.000000, 1.038080
42.000000, 22.000000, 1.263376
43.000000, 22.000000, 1.477077
44.000000, 22.000000, 1.678121
45.000000, 22.000000, 1.876593
46.000000, 22.000000, 2.084322
47.000000, 22.000000, 2.282990
48.000000, 22.000000, 2.474047
49.000000, 22.000000, 2.660739
0.000000, 23.000000, 4.396509
1.000000, 23.000000, 4.473923
2.000000, 23.000000, 4.548926
3.000000, 23.000000, 4.620390
4.000000, 23.000000, 4.687148
5.000000, 23.000000, 4.747945
6.000000, 23.000000, 4.801497
7.000000, 23.000000, 4.846526
8.000000, 23.000000, 4.881798
9.000000, 23.000000, 4.906103
10.000000, 23.000000, 4.917556
11.000000, 23.000000, 4.909729
12.000000, 23.000000, 4.880954
13.000000, 23.000000, 4.827295
14.000000, 23.000000, 4.742385
15.000000, 23.000000, 4.620296
16.000000, 23.000000, 4.458215
17.000000, 23.000000, 4.255111
18.000000, 23.000000, 3.991553
19.000000, 23.000000, 3.697606
20.000000, 23.000000, 3.402729
21.000000, 23.000000, 3.120276
22.000000, 23.000000, 2.858076
23.000000, 23.000000, 2.618937
24.000000, 23.000000, 2.401871
25.000000, 23.000000, 2.203438
26.000000, 23.000000, 2.018807
27.000000, 23.000000, 1.842495
28.000000, 23.000000, 1.668853
29.000000, 23.000000, 1.492408
30.000000, 23.000000, 1.309676
31.000000, 23.000000, 1.143339
32.000000, 23.000000, 0.983409
33.000000, 23.000000, 0.814423
34.000000, 23.000000, 0.638994
35.000000, 23.000000, 0.467557
36.000000, 23.000000, 0.333366
37.000000, 23.000000, 0.317887
38.000000, 23.000000, 0.441441
39.000000, 23.000000, 0.624939
40.000000, 23.000000, 0.831777
41.000000, 23.000000, 1.043280
42.000000, 23.000000, 1.250251
43.000000, 23.000000, 1.447893
44.000000, 23.000000, 1.634434
45.000000, 23.000000, 1.826310
46.000000, 23.000000, 2.023701
47.000000, 23.000000, 2.209751
48.000000, 23.000000, 2.387228
49.000000, 23.000000, 2.559582
0.000000, 24.000000, 4.471165
1.000000, 24.000000, 4.550385
2.000000, 24.000000, 4.626114
3.000000, 24.000000, 4.696766
4.000000, 24.000000, 4.760609
5.000000, 24.000000, 4.815719
6.000000, 24.000000, 4.860056
7.000000, 24.000000, 4.891561
8.000000, 24.000000, 4.908265
9.000000, 24.000000, 4.908416
10.000000, 24.000000, 4.890529
11.000000, 24.000000, 4.850905
12.000000, 24.000000, 4.785906
13.000000, 24.000000, 4.696436
14.000000, 24.000000, 4.581065
15.000000, 24.000000, 4.439527
16.000000, 24.000000, 4.273038
17.000000, 24.000000, 4.062056
18.000000, 24.000000, 3.807800
19.000000, 24.000000, 3.544356
20.000000, 24.000000, 3.283676
21.000000, 24.000000, 3.034214
22.000000, 24.000000, 2.801169
23.000000, 24.000000, 2.586462
24.000000, 24.000000, 2.389332
25.000000, 24.000000, 2.207137
26.000000, 24.000000, 2.036073
27.000000, 24.000000, 1.871761
28.000000, 24.000000, 1.709705
29.000000, 24.000000, 1.545716
30.000000, 24.000000, 1.376659
31.000000, 24.000000, 1.216405
32.000000, 24.000000, 1.074225
33.000000, 24.000000, 0.931383
34.000000, 24.000000, 0.793732
35.000000, 24.000000, 0.676038
36.000000, 24.000000, 0.602991
37.000000, 24.000000, 0.594143
38.000000, 24.000000, 0.669915
39.000000, 24.000000, 0.795723
40.000000, 24.000000, 0.952708
41.000000, 24.000000, 1.125142
42.000000, 24.000000, 1.300394
43.000000, 24.000000, 1.471032
44.000000, 24.000000, 1.635001
45.000000, 24.000000, 1.814207
46.000000, 24.000000, 1.992589
47.000000, 24.000000, 2.159292
48.000000, 24.000000, 2.317644
49.000000, 24.000000, 2.471196
0.000000, 25.000000, 4.546898
1.000000, 25.000000, 4.628514
2.000000, 25.000000, 4.705667
3.000000, 25.000000, 4.776299
4.000000, 25.000000, 4.838091
5.000000, 25.000000, 4.888422
6.000000, 25.000000, 4.924473
7.000000, 25.000000, 4.943404
8.000000, 25.000000, 4.942584
9.000000, 25.000000, 4.919898
10.000000, 25.000000, 4.874049
11.000000, 25.000000, 4.804344
12.000000, 25.000000, 4.708089
13.000000, 25.000000, 4.588120
14.000000, 25.000000, 4.447873
15.000000, 25.000000, 4.291080
16.000000, 25.000000, 4.112018
17.000000, 25.000000, 3.885287
18.000000, 25.000000, 3.644533
19.000000, 25.000000, 3.403640
20.000000, 25.000000, 3.169595
21.000000, 25.000000, 2.947671
22.000000, 25.000000, 2.740936
23.000000, 25.000000, 2.550269
24.000000, 25.000000, 2.374706
25.000000, 25.000000, 2.211945
26.000000, 25.000000, 2.058844
27.000000, 25.000000, 1.911874
28.000000, 25.000000, 1.767541
29.000000, 25.000000, 1.622837
30.000000, 25.000000, 1.475862
31.000000, 25.000000, 1.332365
32.000000, 25.000000, 1.213238
33.000000, 25.000000, 1.102357
34.000000, 25.000000, 1.002772
35.000000, 25.000000, 0.925905
36.000000, 25.000000, 0.881642
37.000000, 25.000000, 0.872846
38.000000, 25.000000, 0.924873
39.000000, 25.000000, 1.017455
40.000000, 25.000000, 1.130671
41.000000, 25.000000, 1.261524
42.000000, 25.000000, 1.399334
43.000000, 25.000000, 1.536361
44.000000, 25.000000, 1.674288
45.000000, 25.000000, 1.833495
46.000000, 25.000000, 1.985694
47.000000, 25.000000, 2.127364
48.000000, 25.000000, 2.261904
49.000000, 25.000000, 2.392930
0.000000, 26.000000, 4.624208
1.000000, 26.000000, 4.709095
2.000000, 26.000000, 4.788753
3.000000, 26.000000, 4.860661
4.000000, 26.000000, 4.921896
5.000000, 26.000000, 4.969097
6.000000, 26.000000, 4.998607
7.000000, 26.000000, 5.006727
8.000000, 26.000000, 4.990108
9.000000, 26.000000, 4.946202
10.000000, 26.000000, 4.873808
11.000000, 26.000000, 4.773549
12.000000, 26.000000, 4.647267
13.000000, 26.000000, 4.498227
14.000000, 26.000000, 4.334626
15.000000, 26.000000, 4.161842
16.000000, 26.000000, 3.955492
17.000000, 26.000000, 3.724736
18.000000, 26.000000, 3.494900
19.000000, 26.000000, 3.271913
20.000000, 26.000000, 3.059900
21.000000, 26.000000, 2.861822
22.000000, 26.000000, 2.679178
23.000000, 26.000000, 2.511986
24.000000, 26.000000, 2.358975
25.000000, 26.000000, 2.217944
26.000000, 26.000000, 2.086145
27.000000, 26.000000, 1.960652
28.000000, 26.000000, 1.838727
29.000000, 26.000000, 1.718249
30.000000, 26.000000, 1.598283
31.000000, 26.000000, 1.480921
32.000000, 26.000000, 1.384760
33.000000, 26.000000, 1.305493
34.000000, 26.000000, 1.238608
35.000000, 26.000000, 1.191054
36.000000, 26.000000, 1.159835
37.000000, 26.000000, 1.152857
38.000000, 26.000000, 1.189358
39.000000, 26.000000, 1.259978
40.000000, 26.000000, 1.339954
41.000000, 26.000000, 1.432560
42.000000, 26.000000, 1.532177
43.000000, 26.000000, 1.632726
44.000000, 26.000000, 1.745646
45.000000, 26.000000, 1.875893
46.000000, 26.000000, 1.996526
47.000000, 26.000000, 2.108609
48.000000, 26.000000, 2.215533
49.000000, 26.000000, 2.321027
0.000000, 27.000000, 4.703385
1.000000, 27.000000, 4.792657
2.000000, 27.000000, 4.876253
3.000000, 27.000000, 4.951210
4.000000, 27.000000, 5.013999
5.000000, 27.000000, 5.060413
6.000000, 27.000000, 5.085404
7.000000, 27.000000, 5.082955
8.000000, 27.000000, 5.047768
9.000000, 27.000000, 4.977594
10.000000, 27.000000, 4.873334
11.000000, 27.000000, 4.738234
12.000000, 27.000000, 4.577916
13.000000, 27.000000, 4.399393
14.000000, 27.000000, 4.212231
15.000000, 27.000000, 4.015276
16.000000, 27.000000, 3.785661
17.000000, 27.000000, 3.556203
18.000000, 27.000000, 3.336881
19.000000, 27.000000, 3.131294
20.000000, 27.000000, 2.941565
21.000000, 27.000000, 2.768493
22.000000, 27.000000, 2.611670
23.000000, 27.000000, 2.469816
24.000000, 27.000000, 2.341162
25.000000, 27.000000, 2.223799
26.000000, 27.000000, 2.115717
27.000000, 27.000000, 2.014674
28.000000, 27.000000, 1.918505
29.000000, 27.000000, 1.825629
30.000000, 27.000000, 1.735564
31.000000, 27.000000, 1.649599
32.000000, 27.000000, 1.577370
33.000000, 27.000000, 1.527508
34.000000, 27.000000, 1.489282
35.000000, 27.000000, 1.464053
36.000000, 27.000000, 1.440820
37.000000, 27.000000, 1.436764
38.000000, 27.000000, 1.461999
39.000000, 27.000000, 1.512682
40.000000, 27.000000, 1.567587
41.000000, 27.000000, 1.625273
42.000000, 27.000000, 1.687263
43.000000, 27.000000, 1.751401
44.000000, 27.000000, 1.839434
45.000000, 27.000000, 1.933172
46.000000, 27.000000, 2.018241
47.000000, 27.000000, 2.097170
48.000000, 27.000000, 2.173464
49.000000, 27.000000, 2.251058
0.000000, 28.000000, 4.784410
1.000000, 28.000000, 4.879352
2.000000, 28.000000, 4.968590
3.000000, 28.000000, 5.048519
4.000000, 28.000000, 5.113141
5.000000, 28.000000, 5.153895
6.000000, 28.000000, 5.165828
7.000000, 28.000000, 5.146862
8.000000, 28.000000, 5.093534
9.000000, 28.000000, 5.002427
10.000000, 28.000000, 4.872694
11.000000, 28.000000, 4.707441
12.000000, 28.000000, 4.514165
13.000000, 28.000000, 4.304227
14.000000, 28.000000, 4.090601
15.000000, 28.000000, 3.858977
16.000000, 28.000000, 3.614774
17.000000, 28.000000, 3.384352
18.000000, 28.000000, 3.172516
19.000000, 28.000000, 2.981391
20.000000, 28.000000, 2.811373
21.000000, 28.000000, 2.661562
22.000000, 28.000000, 2.530207
23.000000, 28.000000, 2.415085
24.000000, 28.000000, 2.313787
25.000000, 28.000000, 2.223915
26.000000, 28.000000, 2.143187
27.000000, 28.000000, 2.069581
28.000000, 28.000000, 2.001692
29.000000, 28.000000, 1.938734
30.000000, 28.000000, 1.880497
31.000000, 28.000000, 1.827863
32.000000, 28.000000, 1.784433
33.000000, 28.000000, 1.761216
34.000000, 28.000000, 1.750225
35.000000, 28.000000, 1.743315
36.000000, 28.000000, 1.729368
37.000000, 28.000000, 1.728564
38.000000, 28.000000, 1.744660
39.000000, 28.000000, 1.775663
40.000000, 28.000000, 1.808315
41.000000, 28.000000, 1.832687
42.000000, 28.000000, 1.856846
43.000000, 28.000000, 1.888513
44.000000, 28.000000, 1.945124
45.000000, 28.000000, 1.997896
46.000000, 28.000000, 2.044257
47.000000, 28.000000, 2.087187
48.000000, 28.000000, 2.130452
49.000000, 28.000000, 2.178303
0.000000, 29.000000, 4.866882
1.000000, 29.000000, 4.968443
2.000000, 29.000000, 5.061054
3.000000, 29.000000, 5.135386
4.000000, 29.000000, 5.190836
5.000000, 29.000000, 5.227152
6.000000, 29.000000, 5.238643
7.000000, 29.000000, 5.217559
8.000000, 29.000000, 5.156306
9.000000, 29.000000, 5.049271
10.000000, 29.000000, 4.894866
11.000000, 29.000000, 4.697216
12.000000, 29.000000, 4.466647
13.000000, 29.000000, 4.218640
14.000000, 29.000000, 3.967092
15.000000, 29.000000, 3.698819
16.000000, 29.000000, 3.440798
17.000000, 29.000000, 3.206974
18.000000, 29.000000, 3.000702
19.000000, 29.000000, 2.822561
20.000000, 29.000000, 2.671153
21.000000, 29.000000, 2.543876
22.000000, 29.000000, 2.437567
23.000000, 29.000000, 2.348980
24.000000, 29.000000, 2.275094
25.000000, 29.000000, 2.213279
26.000000, 29.000000, 2.161387
27.000000, 29.000000, 2.117796
28.000000, 29.000000, 2.081380
29.000000, 29.000000, 2.051227
30.000000, 29.000000, 2.026843
31.000000, 29.000000, 2.009021
32.000000, 29.000000, 1.999393
33.000000, 29.000000, 2.003212
34.000000, 29.000000, 2.020195
35.000000, 29.000000, 2.031191
36.000000, 29.000000, 2.030289
37.000000, 29.000000, 2.033640
38.000000, 29.000000, 2.041619
39.000000, 29.000000, 2.052868
40.000000, 29.000000, 2.061070
41.000000, 29.000000, 2.051816
42.000000, 29.000000, 2.037072
43.000000, 29.000000, 2.040295
44.000000, 29.000000, 2.054894
45.000000, 29.000000, 2.063633
46.000000, 29.000000, 2.068570
47.000000, 29.000000, 2.073119
48.000000, 29.000000, 2.081399
49.000000, 29.000000, 2.098070
0.000000, 30.000000, 4.949947
1.000000, 30.000000, 5.040633
2.000000, 30.000000, 5.122838
3.000000, 30.000000, 5.197353
4.000000, 30.000000, 5.260904
5.000000, 30.000000, 5.306898
6.000000, 30.000000, 5.326660
7.000000, 30.000000, 5.309836
8.000000, 30.000000, 5.245635
9.000000, 30.000000, 5.125286
10.000000, 30.000000, 4.945389
11.000000, 30.000000, 4.710851
12.000000, 30.000000, 4.435720
13.000000, 30.000000, 4.141068
14.000000, 30.000000, 3.838741
15.000000, 30.000000, 3.532878
16.000000, 30.000000, 3.257670
17.000000, 30.000000, 3.018391
18.000000, 30.000000, 2.816659
19.000000, 30.000000, 2.651119
20.000000, 30.000000, 2.518306
21.000000, 30.000000, 2.413744
22.000000, 30.000000, 2.332776
23.000000, 30.000000, 2.271107
24.000000, 30.000000, 2.225105
25.000000, 30.000000, 2.191894
26.000000, 30.000000, 2.169360
27.000000, 30.000000, 2.156097
28.000000, 30.000000, 2.151346
29.000000, 30.000000, 2.154939
30.000000, 30.000000, 2.167095
31.000000, 30.000000, 2.187505
32.000000, 30.000000, 2.215568
33.000000, 30.000000, 2.252467
34.000000, 30.000000, 2.299389
35.000000, 30.000000, 2.332504
36.000000, 30.000000, 2.349514
37.000000, 30.000000, 2.359141
38.000000, 30.000000, 2.359451
39.000000, 30.000000, 2.349486
40.000000, 30.000000, 2.327897
41.000000, 30.000000, 2.282087
42.000000, 30.000000, 2.229802
43.000000, 30.000000, 2.197443
44.000000, 30.000000, 2.163145
45.000000, 30.000000, 2.124865
46.000000, 30.000000, 2.085855
47.000000, 30.000000, 2.049940
48.000000, 30.000000, 2.021599
49.000000, 30.000000, 2.005961
0.000000, 31.000000, 4.992253
1.000000, 31.000000, 5.082143
2.000000, 31.000000, 5.171669
3.000000, 31.000000, 5.257414
4.000000, 31.000000, 5.334556
5.000000, 31.000000, 5.395860
6.000000, 31.000000, 5.431044
7.000000, 31.000000, 5.426605
8.000000, 31.000000, 5.366936
9.000000, 31.000000, 5.237671
10.000000, 31.000000, 5.031327
11.000000, 31.000000, 4.752986
12.000000, 31.000000, 4.422094
13.000000, 31.000000, 4.067949
14.000000, 31.000000, 3.706129
15.000000, 31.000000, 3.359531
16.000000, 31.000000, 3.059395
17.000000, 31.000000, 2.812978
18.000000, 31.000000, 2.615911
19.000000, 31.000000, 2.463853
20.000000, 31.000000, 2.350765
21.000000, 31.000000, 2.269973
22.000000, 31.000000, 2.215167
23.000000, 31.000000, 2.180973
24.000000, 31.000000, 2.163188
25.000000, 31.000000, 2.158781
26.000000, 31.000000, 2.165776
27.000000, 31.000000, 2.183087
28.000000, 31.000000, 2.210363
29.000000, 31.000000, 2.247819
30.000000, 31.000000, 2.296046
31.000000, 31.000000, 2.355711
32.000000, 31.000000, 2.426673
33.000000, 31.000000, 2.505833
34.000000, 31.000000, 2.588568
35.000000, 31.000000, 2.652076
36.000000, 31.000000, 2.694071
37.000000, 31.000000, 2.713916
38.000000, 31.000000, 2.706712
39.000000, 31.000000, 2.672001
40.000000, 31.000000, 2.612963
41.000000, 31.000000, 2.525047
42.000000, 31.000000, 2.436330
43.000000, 31.000000, 2.352868
44.000000, 31.000000, 2.265131
45.000000, 31.000000, 2.176748
46.000000, 31.000000, 2.091454
47.000000, 31.000000, 2.013276
48.000000, 31.000000, 1.947036
49.000000, 31.000000, 1.899055
0.000000, 32.000000, 5.018114
1.000000, 32.000000, 5.115207
2.000000, 32.000000, 5.214615
3.000000, 32.000000, 5.313605
4.000000, 32.000000, 5.407952
5.000000, 32.000000, 5.490533
6.000000, 32.000000, 5.549960
7.000000, 32.000000, 5.569276
8.000000, 32.000000, 5.526019
9.000000, 32.000000, 5.396054
10.000000, 32.000000, 5.163096
11.000000, 32.000000, 4.830715
12.000000, 32.000000, 4.427050
13.000000, 32.000000, 3.995087
14.000000, 32.000000, 3.565383
15.000000, 32.000000, 3.174640
16.000000, 32.000000, 2.844654
17.000000, 32.000000, 2.585768
18.000000, 32.000000, 2.394622
19.000000, 32.000000, 2.258467
20.000000, 32.000000, 2.167526
21.000000, 32.000000, 2.112480
22.000000, 32.000000, 2.085163
23.000000, 32.000000, 2.079110
24.000000, 32.000000, 2.089657
25.000000, 32.000000, 2.113769
26.000000, 32.000000, 2.149780
27.000000, 32.000000, 2.197113
28.000000, 32.000000, 2.255991
29.000000, 32.000000, 2.327053
30.000000, 32.000000, 2.411007
31.000000, 32.000000, 2.508628
32.000000, 32.000000, 2.620286
33.000000, 32.000000, 2.744968
34.000000, 32.000000, 2.873489
35.000000, 32.000000, 2.978072
36.000000, 32.000000, 3.055369
37.000000, 32.000000, 3.091813
38.000000, 32.000000, 3.076922
39.000000, 32.000000, 3.011207
40.000000, 32.000000, 2.905200
41.000000, 32.000000, 2.774170
42.000000, 32.000000, 2.637923
43.000000, 32.000000, 2.496470
44.000000, 32.000000, 2.353850
45.000000, 32.000000, 2.214185
46.000000, 32.000000, 2.081504
47.000000, 32.000000, 1.962331
48.000000, 32.000000, 1.865911
49.000000, 32.000000, 1.795836
0.000000, 33.000000, 5.034757
1.000000, 33.000000, 5.138390
2.000000, 33.000000, 5.247464
3.000000, 33.000000, 5.360415
4.000000, 33.000000, 5.474419
5.000000, 33.000000, 5.583680
6.000000, 33.000000, 5.677197
7.000000, 33.000000, 5.735518
8.000000, 33.000000, 5.727724
9.000000, 33.000000, 5.613228
10.000000, 33.000000, 5.356606
11.000000, 33.000000, 4.954891
12.000000, 33.000000, 4.451979
13.000000, 33.000000, 3.917297
14.000000, 33.000000, 3.408521
15.000000, 33.000000, 2.967531
16.000000, 33.000000, 2.610301
17.000000, 33.000000, 2.338696
18.000000, 33.000000, 2.150850
19.000000, 33.000000, 2.034170
20.000000, 33.000000, 1.969231
21.000000, 33.000000, 1.942820
22.000000, 33.000000, 1.944715
23.000000, 33.000000, 1.967426
24.000000, 33.000000, 2.006028
25.000000, 33.000000, 2.057687
26.000000, 33.000000, 2.120847
27.000000, 33.000000, 2.194264
28.000000, 33.000000, 2.278112
29.000000, 33.000000, 2.375566
30.000000, 33.000000, 2.490487
31.000000, 33.000000, 2.625704
32.000000, 33.000000, 2.782641
33.000000, 33.000000, 2.960131
34.000000, 33.000000, 3.147281
35.000000, 33.000000, 3.315564
36.000000, 33.000000, 3.450824
37.000000, 33.000000, 3.517766
38.000000, 33.000000, 3.493621
39.000000, 33.000000, 3.381181
40.000000, 33.000000, 3.209658
41.000000, 33.000000, 3.019761
42.000000, 33.000000, 2.810794
43.000000, 33.000000, 2.602206
44.000000, 33.000000, 2.402345
45.000000, 33.000000, 2.217230
46.000000, 33.000000, 2.056153
47.000000, 33.000000, 1.917892
48.000000, 33.000000, 1.796485
49.000000, 33.000000, 1.695173
0.000000, 34.000000, 5.039704
1.000000, 34.000000, 5.148106
2.000000, 34.000000, 5.265084
3.000000, 34.000000, 5.390635
4.000000, 34.000000, 5.524179
5.000000, 34.000000, 5.662886
6.000000, 34.000000, 5.798950
7.000000, 34.000000, 5.914230
8.000000, 34.000000, 5.971205
9.000000, 34.000000, 5.904677
10.000000, 34.000000, 5.636810
11.000000, 34.000000, 5.141637
12.000000, 34.000000, 4.496064
13.000000, 34.000000, 3.825224
14.000000, 34.000000, 3.223328
15.000000, 34.000000, 2.727940
16.000000, 34.000000, 2.346125
17.000000, 34.000000, 2.071543
18.000000, 34.000000, 1.891779
19.000000, 34.000000, 1.793626
20.000000, 34.000000, 1.758862
21.000000, 34.000000, 1.764717
22.000000, 34.000000, 1.797665
23.000000, 34.000000, 1.849329
24.000000, 34.000000, 1.913757
25.000000, 34.000000, 1.985600
26.000000, 34.000000, 2.064746
27.000000, 34.000000, 2.156228
28.000000, 34.000000, 2.263865
29.000000, 34.000000, 2.390813
30.000000, 34.000000, 2.540673
31.000000, 34.000000, 2.717477
32.000000, 34.000000, 2.924990
33.000000, 34.000000, 3.164915
34.000000, 34.000000, 3.426631
35.000000, 34.000000, 3.682511
36.000000, 34.000000, 3.911016
37.000000, 34.000000, 4.037864
38.000000, 34.000000, 4.001974
39.000000, 34.000000, 3.814746
40.000000, 34.000000, 3.552439
41.000000, 34.000000, 3.266874
42.000000, 34.000000, 2.968331
43.000000, 34.000000, 2.684841
44.000000, 34.000000, 2.430919
45.000000, 34.000000, 2.212048
46.000000, 34.000000, 2.018646
47.000000, 34.000000, 1.847353
48.000000, 34.000000, 1.699045
49.000000, 34.000000, 1.575465
0.000000, 35.000000, 5.030721
1.000000, 35.000000, 5.140898
2.000000, 35.000000, 5.262143
3.000000, 35.000000, 5.396091
4.000000, 35.000000, 5.544853
5.000000, 35.000000, 5.709919
6.000000, 35.000000, 5.890164
7.000000, 35.000000, 6.076261
8.000000, 35.000000, 6.235908
9.000000, 35.000000, 6.281098
10.000000, 35.000000, 6.043350
11.000000, 35.000000, 5.411851
12.000000, 35.000000, 4.547601
13.000000, 35.000000, 3.699092
14.000000, 35.000000, 2.993739
15.000000, 35.000000, 2.446445
16.000000, 35.000000, 2.046967
17.000000, 35.000000, 1.778168
18.000000, 35.000000, 1.619930
19.000000, 35.000000, 1.549447
20.000000, 35.000000, 1.544419
21.000000, 35.000000, 1.584529
22.000000, 35.000000, 1.648494
23.000000, 35.000000, 1.720887
24.000000, 35.000000, 1.797819
25.000000, 35.000000, 1.884447
26.000000, 35.000000, 1.983629
27.000000, 35.000000, 2.097621
28.000000, 35.000000, 2.229549
29.000000, 35.000000, 2.383593
30.000000, 35.000000, 2.565079
31.000000, 35.000000, 2.780589
32.000000, 35.000000, 3.037807
33.000000, 35.000000, 3.344455
34.000000, 35.000000, 3.697038
35.000000, 35.000000, 4.076924
36.000000, 35.000000, 4.454478
37.000000, 35.000000, 4.700183
38.000000, 35.000000, 4.647909
39.000000, 35.000000, 4.328758
40.000000, 35.000000, 3.913990
41.000000, 35.000000, 3.498189
42.000000, 35.000000, 3.102939
43.000000, 35.000000, 2.759877
44.000000, 35.000000, 2.464478
45.000000, 35.000000, 2.203283
46.000000, 35.000000, 1.970276
47.000000, 35.000000, 1.762367
48.000000, 35.000000, 1.579227
49.000000, 35.000000, 1.423792
0.000000, 36.000000, 5.006262
1.000000, 36.000000, 5.114131
2.000000, 36.000000, 5.234183
3.000000, 36.000000, 5.369256
4.000000, 36.000000, 5.523665
5.000000, 36.000000, 5.703057
6.000000, 36.000000, 5.914324
7.000000, 36.000000, 6.163778
8.000000, 36.000000, 6.447463
9.000000, 36.000000, 6.704106
10.000000, 36.000000, 6.626613
11.000000, 36.000000, 5.767876
12.000000, 36.000000, 4.555588
13.000000, 36.000000, 3.502582
14.000000, 36.000000, 2.703748
15.000000, 36.000000, 2.118562
16.000000, 36.000000, 1.712992
17.000000, 36.000000, 1.460611
18.000000, 36.000000, 1.335301
19.000000, 36.000000, 1.306038
20.000000, 36.000000, 1.340213
21.000000, 36.000000, 1.406922
22.000000, 36.000000, 1.485361
23.000000, 36.000000, 1.573073
24.000000, 36.000000, 1.669669
25.000000, 36.000000, 1.775837
26.000000, 36.000000, 1.893634
27.000000, 36.000000, 2.026189
28.000000, 36.000000, 2.177645
29.000000, 36.000000, 2.353339
30.000000, 36.000000, 2.560171
31.000000, 36.000000, 2.807169
32.000000, 36.000000, 3.106244
33.000000, 36.000000, 3.472914
34.000000, 36.000000, 3.917832
35.000000, 36.000000, 4.450496
36.000000, 36.000000, 5.073678
37.000000, 36.000000, 5.572128
38.000000, 36.000000, 5.480877
39.000000, 36.000000, 4.887307
40.000000, 36.000000, 4.240981
41.000000, 36.000000, 3.685365
42.000000, 36.000000, 3.215417
43.000000, 36.000000, 2.819618
44.000000, 36.000000, 2.479375
45.000000, 36.000000, 2.180863
46.000000, 36.000000, 1.914593
47.000000, 36.000000, 1.674773
48.000000, 36.000000, 1.459221
49.000000, 36.000000, 1.269873
0.000000, 37.000000, 4.965916
1.000000, 37.000000, 5.066741
2.000000, 37.000000, 5.178934
3.000000, 37.000000, 5.305569
4.000000, 37.000000, 5.451612
5.000000, 37.000000, 5.624328
6.000000, 37.000000, 5.834570
7.000000, 37.000000, 6.098890
8.000000, 37.000000, 6.442438
9.000000, 37.000000, 6.888992
10.000000, 37.000000, 6.025966
11.000000, 37.000000, 5.803703
12.000000, 37.000000, 4.377112
13.000000, 37.000000, 3.193040
14.000000, 37.000000, 2.350016
15.000000, 37.000000, 1.751737
16.000000, 37.000000, 1.352155
17.000000, 37.000000, 1.126397
18.000000, 37.000000, 1.047126
19.000000, 37.000000, 1.069204
20.000000, 37.000000, 1.137309
21.000000, 37.000000, 1.223824
22.000000, 37.000000, 1.323180
23.000000, 37.000000, 1.431278
24.000000, 37.000000, 1.545813
25.000000, 37.000000, 1.667228
26.000000, 37.000000, 1.798855
27.000000, 37.000000, 1.944827
28.000000, 37.000000, 2.110030
29.000000, 37.000000, 2.300519
30.000000, 37.000000, 2.524096
31.000000, 37.000000, 2.791199
32.000000, 37.000000, 3.116328
33.000000, 37.000000, 3.520354
34.000000, 37.000000, 4.026277
35.000000, 37.000000, 4.675855
36.000000, 37.000000, 5.556046
37.000000, 37.000000, 5.237466
38.000000, 37.000000, 5.663837
39.000000, 37.000000, 5.286479
40.000000, 37.000000, 4.433968
41.000000, 37.000000, 3.793149
42.000000, 37.000000, 3.272181
43.000000, 37.000000, 2.839406
44.000000, 37.000000, 2.470535
45.000000, 37.000000, 2.147121
46.000000, 37.000000, 1.856942
47.000000, 37.000000, 1.592243
48.000000, 37.000000, 1.349082
49.000000, 37.000000, 1.127758
0.000000, 38.000000, 4.910694
1.000000, 38.000000, 4.999793
2.000000, 38.000000, 5.097373
3.000000, 38.000000, 5.205597
4.000000, 38.000000, 5.328034
5.000000, 38.000000, 5.469726
6.000000, 38.000000, 5.637677
7.000000, 38.000000, 5.840897
8.000000, 38.000000, 6.086968
9.000000, 38.000000, 6.351679
10.000000, 38.000000, 6.163180
11.000000, 38.000000, 5.245783
12.000000, 38.000000, 3.887558
13.000000, 38.000000, 2.775349
14.000000, 38.000000, 1.959674
15.000000, 38.000000, 1.371366
16.000000, 38.000000, 0.981412
17.000000, 38.000000, 0.787852
18.000000, 38.000000, 0.767002
19.000000, 38.000000, 0.837671
20.000000, 38.000000, 0.943068
21.000000, 38.000000, 1.059947
22.000000, 38.000000, 1.179881
23.000000, 38.000000, 1.302017
24.000000, 38.000000, 1.428361
25.000000, 38.000000, 1.561235
26.000000, 38.000000, 1.702582
27.000000, 38.000000, 1.856672
28.000000, 38.000000, 2.029437
29.000000, 38.000000, 2.227258
30.000000, 38.000000, 2.457871
31.000000, 38.000000, 2.731440
32.000000, 38.000000, 3.061882
33.000000, 38.000000, 3.468889
34.000000, 38.000000, 3.973582
35.000000, 38.000000, 4.609584
36.000000, 38.000000, 5.440456
37.000000, 38.000000, 5.639115
38.000000, 38.000000, 5.772404
39.000000, 38.000000, 5.181027
40.000000, 38.000000, 4.388736
41.000000, 38.000000, 3.769047
42.000000, 38.000000, 3.250969
43.000000, 38.000000, 2.814956
44.000000, 38.000000, 2.439150
45.000000, 38.000000, 2.105977
46.000000, 38.000000, 1.803328
47.000000, 38.000000, 1.522961
48.000000, 38.000000, 1.259751
49.000000, 38.000000, 1.011859
0.000000, 39.000000, 4.843072
1.000000, 39.000000, 4.916583
2.000000, 39.000000, 4.994023
3.000000, 39.000000, 5.075761
4.000000, 39.000000, 5.162481
5.000000, 39.000000, 5.254388
6.000000, 39.000000, 5.349804
7.000000, 39.000000, 5.441012
8.000000, 39.000000, 5.501678
9.000000, 39.000000, 5.450783
10.000000, 39.000000, 5.095692
11.000000, 39.000000, 4.288491
12.000000, 39.000000, 3.270530
13.000000, 39.000000, 2.337245
14.000000, 39.000000, 1.591526
15.000000, 39.000000, 1.021548
16.000000, 39.000000, 0.626987
17.000000, 39.000000, 0.458506
18.000000, 39.000000, 0.507755
19.000000, 39.000000, 0.643853
20.000000, 39.000000, 0.790434
21.000000, 39.000000, 0.929468
22.000000, 39.000000, 1.060894
23.000000, 39.000000, 1.188959
24.000000, 39.000000, 1.318578
25.000000, 39.000000, 1.454395
26.000000, 39.000000, 1.600615
27.000000, 39.000000, 1.760730
28.000000, 39.000000, 1.937847
29.000000, 39.000000, 2.136990
30.000000, 39.000000, 2.365725
31.000000, 39.000000, 2.632970
32.000000, 39.000000, 2.949335
33.000000, 39.000000, 3.327547
34.000000, 39.000000, 3.773716
35.000000, 39.000000, 4.278219
36.000000, 39.000000, 4.830700
37.000000, 39.000000, 5.246313
38.000000, 39.000000, 5.168221
39.000000, 39.000000, 4.673211
40.000000, 39.000000, 4.115522
41.000000, 39.000000, 3.616354
42.000000, 39.000000, 3.157885
43.000000, 39.000000, 2.751313
44.000000, 39.000000, 2.389857
45.000000, 39.000000, 2.062250
46.000000, 39.000000, 1.759287
47.000000, 39.000000, 1.473834
48.000000, 39.000000, 1.200312
49.000000, 39.000000, 0.934715
0.000000, 40.000000, 4.766733
1.000000, 40.000000, 4.821867
2.000000, 40.000000, 4.876225
3.000000, 40.000000, 4.927013
4.000000, 40.000000, 4.972097
5.000000, 40.000000, 5.006822
6.000000, 40.000000, 5.022076
7.000000, 40.000000, 4.999613
8.000000, 40.000000, 4.903406
9.000000, 40.000000, 4.669711
10.000000, 40.000000, 4.221046
11.000000, 40.000000, 3.545160
12.000000, 40.000000, 2.751495
13.000000, 40.000000, 1.978698
14.000000, 40.000000, 1.311480
15.000000, 40.000000, 0.765658
16.000000, 40.000000, 0.350433
17.000000, 40.000000, 0.177837
18.000000, 40.000000, 0.335476
19.000000, 40.000000, 0.528221
20.000000, 40.000000, 0.694366
21.000000, 40.000000, 0.838398
22.000000, 40.000000, 0.968901
23.000000, 40.000000, 1.093764
24.000000, 40.000000, 1.219562
25.000000, 40.000000, 1.351630
26.000000, 40.000000, 1.494361
27.000000, 40.000000, 1.651614
28.000000, 40.000000, 1.827116
29.000000, 40.000000, 2.024723
30.000000, 40.000000, 2.248490
31.000000, 40.000000, 2.503143
32.000000, 40.000000, 2.794212
33.000000, 40.000000, 3.123567
34.000000, 40.000000, 3.480141
35.000000, 40.000000, 3.845746
36.000000, 40.000000, 4.192535
37.000000, 40.000000, 4.408221
38.000000, 40.000000, 4.370993
39.000000, 40.000000, 4.112221
40.000000, 40.000000, 3.756052
41.000000, 40.000000, 3.386480
42.000000, 40.000000, 3.013456
43.000000, 40.000000, 2.659651
44.000000, 40.000000, 2.328996
45.000000, 40.000000, 2.018864
46.000000, 40.000000, 1.724528
47.000000, 40.000000, 1.441177
48.000000, 40.000000, 1.165346
49.000000, 40.000000, 0.894645
0.000000, 41.000000, 4.646300
1.000000, 41.000000, 4.707982
2.000000, 41.000000, 4.750619
3.000000, 41.000000, 4.772062
4.000000, 41.000000, 4.776222
5.000000, 41.000000, 4.757179
6.000000, 41.000000, 4.702611
7.000000, 41.000000, 4.592895
8.000000, 41.000000, 4.398997
9.000000, 41.000000, 4.085469
10.000000, 41.000000, 3.627697
11.000000, 41.000000, 3.041384
12.000000, 41.000000, 2.389841
13.000000, 41.000000, 1.747024
14.000000, 41.000000, 1.164045
15.000000, 41.000000, 0.681271
16.000000, 41.000000, 0.324116
17.000000, 41.000000, 0.190156
18.000000, 41.000000, 0.335135
19.000000, 41.000000, 0.507903
20.000000, 41.000000, 0.656395
21.000000, 41.000000, 0.784777
22.000000, 41.000000, 0.901542
23.000000, 41.000000, 1.014605
24.000000, 41.000000, 1.130445
25.000000, 41.000000, 1.254072
26.000000, 41.000000, 1.389306
27.000000, 41.000000, 1.539191
28.000000, 41.000000, 1.706421
29.000000, 41.000000, 1.893657
30.000000, 41.000000, 2.103592
31.000000, 41.000000, 2.337600
32.000000, 41.000000, 2.590967
33.000000, 41.000000, 2.862316
34.000000, 41.000000, 3.150281
35.000000, 41.000000, 3.424055
36.000000, 41.000000, 3.657310
37.000000, 41.000000, 3.783548
38.000000, 41.000000, 3.768973
39.000000, 41.000000, 3.626189
40.000000, 41.000000, 3.401250
41.000000, 41.000000, 3.134801
42.000000, 41.000000, 2.841235
43.000000, 41.000000, 2.542290
44.000000, 41.000000, 2.250304
45.000000, 41.000000, 1.966473
46.000000, 41.000000, 1.689838
47.000000, 41.000000, 1.419823
48.000000, 41.000000, 1.155125
49.000000, 41.000000, 0.894996
0.000000, 42.000000, 4.531263
1.000000, 42.000000, 4.574518
2.000000, 42.000000, 4.604832
3.000000, 42.000000, 4.614213
4.000000, 42.000000, 4.590407
5.000000, 42.000000, 4.528694
6.000000, 42.000000, 4.422256
7.000000, 42.000000, 4.255949
8.000000, 42.000000, 4.010987
9.000000, 42.000000, 3.671147
10.000000, 42.000000, 3.233480
11.000000, 42.000000, 2.719001
12.000000, 42.000000, 2.171820
13.000000, 42.000000, 1.640951
14.000000, 42.000000, 1.152625
15.000000, 42.000000, 0.761233
16.000000, 42.000000, 0.497949
17.000000, 42.000000, 0.402675
18.000000, 42.000000, 0.453550
19.000000, 42.000000, 0.555953
20.000000, 42.000000, 0.660594
21.000000, 42.000000, 0.758189
22.000000, 42.000000, 0.851703
23.000000, 42.000000, 0.946695
24.000000, 42.000000, 1.048329
25.000000, 42.000000, 1.160522
26.000000, 42.000000, 1.285963
27.000000, 42.000000, 1.426466
28.000000, 42.000000, 1.583342
29.000000, 42.000000, 1.756908
30.000000, 42.000000, 1.943680
31.000000, 42.000000, 2.141071
32.000000, 42.000000, 2.355298
33.000000, 42.000000, 2.586650
34.000000, 42.000000, 2.824803
35.000000, 42.000000, 3.039130
36.000000, 42.000000, 3.201281
37.000000, 42.000000, 3.286275
38.000000, 42.000000, 3.290066
39.000000, 42.000000, 3.212983
40.000000, 42.000000, 3.073079
41.000000, 42.000000, 2.884150
42.000000, 42.000000, 2.658560
43.000000, 42.000000, 2.417659
44.000000, 42.000000, 2.166355
45.000000, 42.000000, 1.914915
46.000000, 42.000000, 1.664887
47.000000, 42.000000, 1.416561
48.000000, 42.000000, 1.171605
49.000000, 42.000000, 0.932839
0.000000, 43.000000, 4.425118
1.000000, 43.000000, 4.450461
2.000000, 43.000000, 4.459909
3.000000, 43.000000, 4.448005
4.000000, 43.000000, 4.407416
5.000000, 43.000000, 4.327151
6.000000, 43.000000, 4.193679
7.000000, 43.000000, 3.997570
8.000000, 43.000000, 3.731953
9.000000, 43.000000, 3.392747
10.000000, 43.000000, 2.986064
11.000000, 43.000000, 2.533170
12.000000, 43.000000, 2.069025
13.000000, 43.000000, 1.632897
14.000000, 43.000000, 1.232138
15.000000, 43.000000, 0.907553
16.000000, 43.000000, 0.692860
17.000000, 43.000000, 0.594417
18.000000, 43.000000, 0.587316
19.000000, 43.000000, 0.627152
20.000000, 43.000000, 0.683069
21.000000, 43.000000, 0.744011
22.000000, 43.000000, 0.809694
23.000000, 43.000000, 0.883537
24.000000, 43.000000, 0.969147
25.000000, 43.000000, 1.068957
26.000000, 43.000000, 1.183938
27.000000, 43.000000, 1.313063
28.000000, 43.000000, 1.452473
29.000000, 43.000000, 1.600236
30.000000, 43.000000, 1.761043
31.000000, 43.000000, 1.937574
32.000000, 43.000000, 2.128640
33.000000, 43.000000, 2.329977
34.000000, 43.000000, 2.532512
35.000000, 43.000000, 2.705887
36.000000, 43.000000, 2.820343
37.000000, 43.000000, 2.890099
38.000000, 43.000000, 2.908790
39.000000, 43.000000, 2.873979
40.000000, 43.000000, 2.791884
41.000000, 43.000000, 2.660157
42.000000, 43.000000, 2.490549
43.000000, 43.000000, 2.303155
44.000000, 43.000000, 2.095345
45.000000, 43.000000, 1.877837
46.000000, 43.000000, 1.656703
47.000000, 43.000000, 1.434498
48.000000, 43.000000, 1.214107
49.000000, 43.000000, 1.001135
0.000000, 44.000000, 4.330431
1.000000, 44.000000, 4.341235
2.000000, 44.000000, 4.334098
3.000000, 44.000000, 4.303639
4.000000, 44.000000, 4.243296
5.000000, 44.000000, 4.145357
6.000000, 44.000000, 4.001313
7.000000, 44.000000, 3.802560
8.000000, 44.000000, 3.542479
9.000000, 44.000000, 3.221455
10.000000, 44.000000, 2.850649
11.000000, 44.000000, 2.451739
12.000000, 44.000000, 2.053772
13.000000, 44.000000, 1.684662
14.000000, 44.000000, 1.350267
15.000000, 44.000000, 1.065698
16.000000, 44.000000, 0.867568
17.000000, 44.000000, 0.753069
18.000000, 44.000000, 0.703328
19.000000, 44.000000, 0.693291
20.000000, 44.000000, 0.704405
21.000000, 44.000000, 0.728743
22.000000, 44.000000, 0.765823
23.000000, 44.000000, 0.817946
24.000000, 44.000000, 0.886594
25.000000, 44.000000, 0.970636
26.000000, 44.000000, 1.067448
27.000000, 44.000000, 1.176750
28.000000, 44.000000, 1.299791
29.000000, 44.000000, 1.436647
30.000000, 44.000000, 1.586604
31.000000, 44.000000, 1.748594
32.000000, 44.000000, 1.920658
33.000000, 44.000000, 2.098993
34.000000, 44.000000, 2.275402
35.000000, 44.000000, 2.411803
36.000000, 44.000000, 2.503231
37.000000, 44.000000, 2.567943
38.000000, 44.000000, 2.599779
39.000000, 44.000000, 2.595505
40.000000, 44.000000, 2.555093
41.000000, 44.000000, 2.466484
42.000000, 44.000000, 2.344165
43.000000, 44.000000, 2.202300
44.000000, 44.000000, 2.039433
45.000000, 44.000000, 1.857849
46.000000, 44.000000, 1.668732
47.000000, 44.000000, 1.476554
48.000000, 44.000000, 1.285990
49.000000, 44.000000, 1.103472
0.000000, 45.000000, 4.249064
1.000000, 45.000000, 4.249061
2.000000, 45.000000, 4.230174
3.000000, 45.000000, 4.187399
4.000000, 45.000000, 4.114944
5.000000, 45.000000, 4.006481
6.000000, 45.000000, 3.855751
7.000000, 45.000000, 3.657734
8.000000, 45.000000, 3.410440
9.000000, 45.000000, 3.117081
10.000000, 45.000000, 2.787949
11.000000, 45.000000, 2.440724
12.000000, 45.000000, 2.091329
13.000000, 45.000000, 1.765767
14.000000, 45.000000, 1.479361
15.000000, 45.000000, 1.217260
16.000000, 45.000000, 1.018278
17.000000, 45.000000, 0.881568
18.000000, 45.000000, 0.793899
19.000000, 45.000000, 0.739728
20.000000, 45.000000, 0.708193
21.000000, 45.000000, 0.694146
22.000000, 45.000000, 0.698358
23.000000, 45.000000, 0.723169
24.000000, 45.000000, 0.770708
25.000000, 45.000000, 0.840628
26.000000, 45.000000, 0.930458
27.000000, 45.000000, 1.036832
28.000000, 45.000000, 1.156696
29.000000, 45.000000, 1.287796
30.000000, 45.000000, 1.428596
31.000000, 45.000000, 1.577861
32.000000, 45.000000, 1.734036
33.000000, 45.000000, 1.894402
34.000000, 45.000000, 2.044328
35.000000, 45.000000, 2.153765
36.000000, 45.000000, 2.235326
37.000000, 45.000000, 2.299709
38.000000, 45.000000, 2.343809
39.000000, 45.000000, 2.363954
40.000000, 45.000000, 2.354973
41.000000, 45.000000, 2.301219
42.000000, 45.000000, 2.219857
43.000000, 45.000000, 2.118325
44.000000, 45.000000, 1.997733
45.000000, 45.000000, 1.853404
46.000000, 45.000000, 1.697619
47.000000, 45.000000, 1.537321
48.000000, 45.000000, 1.378264
49.000000, 45.000000, 1.227702
0.000000, 46.000000, 4.182111
1.000000, 46.000000, 4.175093
2.000000, 46.000000, 4.149214
3.000000, 46.000000, 4.099998
4.000000, 46.000000, 4.022507
5.000000, 46.000000, 3.911656
6.000000, 46.000000, 3.762852
7.000000, 46.000000, 3.573010
8.000000, 46.000000, 3.341939
9.000000, 46.000000, 3.073872
10.000000, 46.000000, 2.778623
11.000000, 46.000000, 2.466187
12.000000, 46.000000, 2.143909
13.000000, 46.000000, 1.844999
14.000000, 46.000000, 1.584242
15.000000, 46.000000, 1.335274
16.000000, 46.000000, 1.124226
17.000000, 46.000000, 0.960355
18.000000, 46.000000, 0.834901
19.000000, 46.000000, 0.738280
20.000000, 46.000000, 0.664513
21.000000, 46.000000, 0.613303
22.000000, 46.000000, 0.589118
23.000000, 46.000000, 0.597221
24.000000, 46.000000, 0.638812
25.000000, 46.000000, 0.709601
26.000000, 46.000000, 0.802529
27.000000, 46.000000, 0.910929
28.000000, 46.000000, 1.029923
29.000000, 46.000000, 1.156477
30.000000, 46.000000, 1.288958
31.000000, 46.000000, 1.426568
32.000000, 46.000000, 1.568708
33.000000, 46.000000, 1.712969
34.000000, 46.000000, 1.831787
35.000000, 46.000000, 1.926442
36.000000, 46.000000, 2.004311
37.000000, 46.000000, 2.070963
38.000000, 46.000000, 2.127037
39.000000, 46.000000, 2.168431
40.000000, 46.000000, 2.183518
41.000000, 46.000000, 2.160761
42.000000, 46.000000, 2.116017
43.000000, 46.000000, 2.051667
44.000000, 46.000000, 1.969009
45.000000, 46.000000, 1.862963
46.000000, 46.000000, 1.740428
47.000000, 46.000000, 1.612078
48.000000, 46.000000, 1.483995
49.000000, 46.000000, 1.363243
0.000000, 47.000000, 4.129918
1.000000, 47.000000, 4.119526
2.000000, 47.000000, 4.091087
3.000000, 47.000000, 4.040729
4.000000, 47.000000, 3.964329
5.000000, 47.000000, 3.857850
6.000000, 47.000000, 3.717900
7.000000, 47.000000, 3.542557
8.000000, 47.000000, 3.332402
9.000000, 47.000000, 3.091587
10.000000, 47.000000, 2.826969
11.000000, 47.000000, 2.533296
12.000000, 47.000000, 2.231857
13.000000, 47.000000, 1.946796
14.000000, 47.000000, 1.690145
15.000000, 47.000000, 1.447620
16.000000, 47.000000, 1.217827
17.000000, 47.000000, 1.023557
18.000000, 47.000000, 0.860470
19.000000, 47.000000, 0.722787
20.000000, 47.000000, 0.607874
21.000000, 47.000000, 0.519139
22.000000, 47.000000, 0.466722
23.000000, 47.000000, 0.461947
24.000000, 47.000000, 0.505677
25.000000, 47.000000, 0.585986
26.000000, 47.000000, 0.688374
27.000000, 47.000000, 0.802444
28.000000, 47.000000, 0.922176
29.000000, 47.000000, 1.044585
30.000000, 47.000000, 1.168637
31.000000, 47.000000, 1.294520
32.000000, 47.000000, 1.423007
33.000000, 47.000000, 1.547049
34.000000, 47.000000, 1.638509
35.000000, 47.000000, 1.722630
36.000000, 47.000000, 1.800048
37.000000, 47.000000, 1.870811
38.000000, 47.000000, 1.939141
39.000000, 47.000000, 2.000107
40.000000, 47.000000, 2.034413
41.000000, 47.000000, 2.041442
42.000000, 47.000000, 2.030629
43.000000, 47.000000, 2.001325
44.000000, 47.000000, 1.953779
45.000000, 47.000000, 1.885275
46.000000, 47.000000, 1.795487
47.000000, 47.000000, 1.698222
48.000000, 47.000000, 1.599844
49.000000, 47.000000, 1.506702
0.000000, 48.000000, 4.092155
1.000000, 48.000000, 4.081723
2.000000, 48.000000, 4.054696
3.000000, 48.000000, 4.007818
4.000000, 48.000000, 3.937725
5.000000, 48.000000, 3.841238
6.000000, 48.000000, 3.715815
7.000000, 48.000000, 3.560174
8.000000, 48.000000, 3.375035
9.000000, 48.000000, 3.163700
10.000000, 48.000000, 2.922208
11.000000, 48.000000, 2.645927
12.000000, 48.000000, 2.363431
13.000000, 48.000000, 2.087056
14.000000, 48.000000, 1.825541
15.000000, 48.000000, 1.578570
16.000000, 48.000000, 1.329573
17.000000, 48.000000, 1.102248
18.000000, 48.000000, 0.899730
19.000000, 48.000000, 0.718898
20.000000, 48.000000, 0.558735
21.000000, 48.000000, 0.424399
22.000000, 48.000000, 0.333649
23.000000, 48.000000, 0.315763
24.000000, 48.000000, 0.374319
25.000000, 48.000000, 0.476227
26.000000, 48.000000, 0.594358
27.000000, 48.000000, 0.716199
28.000000, 48.000000, 0.836570
29.000000, 48.000000, 0.953724
30.000000, 48.000000, 1.067885
31.000000, 48.000000, 1.180628
32.000000, 48.000000, 1.294058
33.000000, 48.000000, 1.390322
34.000000, 48.000000, 1.461866
35.000000, 48.000000, 1.536083
36.000000, 48.000000, 1.613531
37.000000, 48.000000, 1.690603
38.000000, 48.000000, 1.772202
39.000000, 48.000000, 1.850918
40.000000, 48.000000, 1.903669
41.000000, 48.000000, 1.940349
42.000000, 48.000000, 1.962138
43.000000, 48.000000, 1.966545
44.000000, 48.000000, 1.952686
45.000000, 48.000000, 1.919583
46.000000, 48.000000, 1.862421
47.000000, 48.000000, 1.795018
48.000000, 48.000000, 1.725016
49.000000, 48.000000, 1.657881
0.000000, 49.000000, 4.067912
1.000000, 49.000000, 4.060367
2.000000, 49.000000, 4.038173
3.000000, 49.000000, 3.998690
4.000000, 49.000000, 3.939255
5.000000, 49.000000, 3.857415
6.000000, 49.000000, 3.751257
7.000000, 49.000000, 3.619842
8.000000, 49.000000, 3.463675
9.000000, 49.000000, 3.283022
10.000000, 49.000000, 3.059229
11.000000, 49.000000, 2.807445
12.000000, 49.000000, 2.544393
13.000000, 49.000000, 2.276459
14.000000, 49.000000, 2.008997
15.000000, 49.000000, 1.745025
16.000000, 49.000000, 1.477149
17.000000, 49.000000, 1.215151
18.000000, 49.000000, 0.972213
19.000000, 49.000000, 0.748093
20.000000, 49.000000, 0.542054
21.000000, 49.000000, 0.356000
22.000000, 49.000000, 0.204969
23.000000, 49.000000, 0.161895
24.000000, 49.000000, 0.260740
25.000000, 49.000000, 0.396045
26.000000, 49.000000, 0.530977
27.000000, 49.000000, 0.658309
28.000000, 49.000000, 0.776265
29.000000, 49.000000, 0.885067
30.000000, 49.000000, 0.986368
31.000000, 49.000000, 1.083187
32.000000, 49.000000, 1.177356
33.000000, 49.000000, 1.242162
34.000000, 49.000000, 1.296554
35.000000, 49.000000, 1.360579
36.000000, 49.000000, 1.437009
37.000000, 49.000000, 1.523141
38.000000, 49.000000, 1.619991
39.000000, 49.000000, 1.713529
40.000000, 49.000000, 1.788843
41.000000, 49.000000, 1.855875
42.000000, 49.000000, 1.910030
43.000000, 49.000000, 1.947466
44.000000, 49.000000, 1.966409
45.000000, 49.000000, 1.966489
46.000000, 49.000000, 1.941965
47.000000, 49.000000, 1.903163
48.000000, 49.000000, 1.860412
49.000000, 49.000000, 1.818376
