S
I=43,J=43
0.000000, 0.000000, 2.224974
1.000000, 0.000000, 2.206991
2.000000, 0.000000, 2.185065
3.000000, 0.000000, 2.159729
4.000000, 0.000000, 2.131155
5.000000, 0.000000, 2.099071
6.000000, 0.000000, 2.062886
7.000000, 0.000000, 2.021934
8.000000, 0.000000, 1.975774
9.000000, 0.000000, 1.924695
10.000000, 0.000000, 1.869753
11.000000, 0.000000, 1.816742
12.000000, 0.000000, 1.769175
13.000000, 0.000000, 1.723611
14.000000, 0.000000, 1.673756
15.000000, 0.000000, 1.615478
16.000000, 0.000000, 1.546285
17.000000, 0.000000, 1.465926
18.000000, 0.000000, 1.377985
19.000000, 0.000000, 1.288506
20.000000, 0.000000, 1.203636
21.000000, 0.000000, 1.129026
22.000000, 0.000000, 1.069975
23.000000, 0.000000, 1.031234
24.000000, 0.000000, 1.016381
25.000000, 0.000000, 1.027043
26.000000, 0.000000, 1.062591
27.000000, 0.000000, 1.120832
28.000000, 0.000000, 1.202342
29.000000, 0.000000, 1.303433
30.000000, 0.000000, 1.416159
31.000000, 0.000000, 1.537118
32.000000, 0.000000, 1.663765
33.000000, 0.000000, 1.793951
34.000000, 0.000000, 1.939808
35.000000, 0.000000, 2.091209
36.000000, 0.000000, 2.234928
37.000000, 0.000000, 2.366951
38.000000, 0.000000, 2.483781
39.000000, 0.000000, 2.582805
40.000000, 0.000000, 2.662545
41.000000, 0.000000, 2.739490
42.000000, 0.000000, 2.789819
0.000000, 1.000000, 2.300035
1.000000, 1.000000, 2.281955
2.000000, 1.000000, 2.259468
3.000000, 1.000000, 2.233729
4.000000, 1.000000, 2.205030
5.000000, 1.000000, 2.172843
6.000000, 1.000000, 2.136073
7.000000, 1.000000, 2.093439
8.000000, 1.000000, 2.043788
9.000000, 1.000000, 1.986881
10.000000, 1.000000, 1.924586
11.000000, 1.000000, 1.862686
12.000000, 1.000000, 1.814658
13.000000, 1.000000, 1.770507
14.000000, 1.000000, 1.718705
15.000000, 1.000000, 1.655754
16.000000, 1.000000, 1.577972
17.000000, 1.000000, 1.482512
18.000000, 1.000000, 1.375211
19.000000, 1.000000, 1.265808
20.000000, 1.000000, 1.161819
21.000000, 1.000000, 1.069669
22.000000, 1.000000, 0.995823
23.000000, 1.000000, 0.946669
24.000000, 1.000000, 0.927373
25.000000, 1.000000, 0.940313
26.000000, 1.000000, 0.984307
27.000000, 1.000000, 1.055768
28.000000, 1.000000, 1.152876
29.000000, 1.000000, 1.270668
30.000000, 1.000000, 1.401326
31.000000, 1.000000, 1.541028
32.000000, 1.000000, 1.687202
33.000000, 1.000000, 1.844733
34.000000, 1.000000, 2.021119
35.000000, 1.000000, 2.195367
36.000000, 1.000000, 2.360131
37.000000, 1.000000, 2.510255
38.000000, 1.000000, 2.641168
39.000000, 1.000000, 2.749512
40.000000, 1.000000, 2.833783
41.000000, 1.000000, 2.900177
42.000000, 1.000000, 2.949959
0.000000, 2.000000, 2.383435
1.000000, 2.000000, 2.364644
2.000000, 2.000000, 2.341223
3.000000, 2.000000, 2.315346
4.000000, 2.000000, 2.287453
5.000000, 2.000000, 2.256512
6.000000, 2.000000, 2.220721
7.000000, 2.000000, 2.178097
8.000000, 2.000000, 2.126892
9.000000, 2.000000, 2.067537
10.000000, 2.000000, 2.000716
11.000000, 2.000000, 1.928280
12.000000, 2.000000, 1.880639
13.000000, 2.000000, 1.834351
14.000000, 2.000000, 1.776920
15.000000, 2.000000, 1.707715
16.000000, 2.000000, 1.622714
17.000000, 2.000000, 1.507645
18.000000, 2.000000, 1.375994
19.000000, 2.000000, 1.243778
20.000000, 2.000000, 1.117873
21.000000, 2.000000, 1.004876
22.000000, 2.000000, 0.912655
23.000000, 2.000000, 0.850141
24.000000, 2.000000, 0.825399
25.000000, 2.000000, 0.842327
26.000000, 2.000000, 0.898753
27.000000, 2.000000, 0.988465
28.000000, 2.000000, 1.104804
29.000000, 2.000000, 1.241184
30.000000, 2.000000, 1.391593
31.000000, 2.000000, 1.552018
32.000000, 2.000000, 1.721359
33.000000, 2.000000, 1.915390
34.000000, 2.000000, 2.121087
35.000000, 2.000000, 2.322180
36.000000, 2.000000, 2.511966
37.000000, 2.000000, 2.683546
38.000000, 2.000000, 2.830620
39.000000, 2.000000, 2.948643
40.000000, 2.000000, 3.035686
41.000000, 2.000000, 3.093551
42.000000, 2.000000, 3.133471
0.000000, 3.000000, 2.475941
1.000000, 3.000000, 2.455123
2.000000, 3.000000, 2.429828
3.000000, 3.000000, 2.404229
4.000000, 3.000000, 2.378639
5.000000, 3.000000, 2.350890
6.000000, 3.000000, 2.318112
7.000000, 3.000000, 2.277609
8.000000, 3.000000, 2.227520
9.000000, 3.000000, 2.170040
10.000000, 3.000000, 2.105868
11.000000, 3.000000, 2.039303
12.000000, 3.000000, 1.979181
13.000000, 3.000000, 1.918549
14.000000, 3.000000, 1.848323
15.000000, 3.000000, 1.766173
16.000000, 3.000000, 1.669505
17.000000, 3.000000, 1.533248
18.000000, 3.000000, 1.378947
19.000000, 3.000000, 1.224056
20.000000, 3.000000, 1.074460
21.000000, 3.000000, 0.937240
22.000000, 3.000000, 0.822090
23.000000, 3.000000, 0.741809
24.000000, 3.000000, 0.709827
25.000000, 3.000000, 0.733077
26.000000, 3.000000, 0.806797
27.000000, 3.000000, 0.919115
28.000000, 3.000000, 1.058672
29.000000, 3.000000, 1.217336
30.000000, 3.000000, 1.389815
31.000000, 3.000000, 1.572990
32.000000, 3.000000, 1.773837
33.000000, 3.000000, 2.006011
34.000000, 3.000000, 2.243356
35.000000, 3.000000, 2.476363
36.000000, 3.000000, 2.696551
37.000000, 3.000000, 2.894238
38.000000, 3.000000, 3.060212
39.000000, 3.000000, 3.187927
40.000000, 3.000000, 3.275177
41.000000, 3.000000, 3.324308
42.000000, 3.000000, 3.344486
0.000000, 4.000000, 2.578590
1.000000, 4.000000, 2.552468
2.000000, 4.000000, 2.523399
3.000000, 4.000000, 2.499309
4.000000, 4.000000, 2.478681
5.000000, 4.000000, 2.456821
6.000000, 4.000000, 2.429417
7.000000, 4.000000, 2.393138
8.000000, 4.000000, 2.346586
9.000000, 4.000000, 2.293265
10.000000, 4.000000, 2.232728
11.000000, 4.000000, 2.166872
12.000000, 4.000000, 2.097393
13.000000, 4.000000, 2.021317
14.000000, 4.000000, 1.933648
15.000000, 4.000000, 1.830535
16.000000, 4.000000, 1.706811
17.000000, 4.000000, 1.556269
18.000000, 4.000000, 1.386820
19.000000, 4.000000, 1.210738
20.000000, 4.000000, 1.036153
21.000000, 4.000000, 0.871207
22.000000, 4.000000, 0.727300
23.000000, 4.000000, 0.622284
24.000000, 4.000000, 0.579720
25.000000, 4.000000, 0.613461
26.000000, 4.000000, 0.712170
27.000000, 4.000000, 0.853148
28.000000, 4.000000, 1.019710
29.000000, 4.000000, 1.203041
30.000000, 4.000000, 1.399066
31.000000, 4.000000, 1.607195
32.000000, 4.000000, 1.848484
33.000000, 4.000000, 2.116471
34.000000, 4.000000, 2.390258
35.000000, 4.000000, 2.661956
36.000000, 4.000000, 2.920341
37.000000, 4.000000, 3.151178
38.000000, 4.000000, 3.340088
39.000000, 4.000000, 3.476955
40.000000, 4.000000, 3.559396
41.000000, 4.000000, 3.592804
42.000000, 4.000000, 3.587820
0.000000, 5.000000, 2.693014
1.000000, 5.000000, 2.652703
2.000000, 5.000000, 2.617539
3.000000, 5.000000, 2.599316
4.000000, 5.000000, 2.588374
5.000000, 5.000000, 2.575783
6.000000, 5.000000, 2.556106
7.000000, 5.000000, 2.525816
8.000000, 5.000000, 2.484529
9.000000, 5.000000, 2.435849
10.000000, 5.000000, 2.377770
11.000000, 5.000000, 2.310301
12.000000, 5.000000, 2.232887
13.000000, 5.000000, 2.143196
14.000000, 5.000000, 2.037807
15.000000, 5.000000, 1.913328
16.000000, 5.000000, 1.766731
17.000000, 5.000000, 1.597259
18.000000, 5.000000, 1.409542
19.000000, 5.000000, 1.211359
20.000000, 5.000000, 1.010395
21.000000, 5.000000, 0.814744
22.000000, 5.000000, 0.635742
23.000000, 5.000000, 0.495158
24.000000, 5.000000, 0.435286
25.000000, 5.000000, 0.488377
26.000000, 5.000000, 0.624252
27.000000, 5.000000, 0.800080
28.000000, 5.000000, 0.995527
29.000000, 5.000000, 1.203608
30.000000, 5.000000, 1.422788
31.000000, 5.000000, 1.659642
32.000000, 5.000000, 1.942129
33.000000, 5.000000, 2.246472
34.000000, 5.000000, 2.562463
35.000000, 5.000000, 2.882065
36.000000, 5.000000, 3.190463
37.000000, 5.000000, 3.465890
38.000000, 5.000000, 3.684250
39.000000, 5.000000, 3.828549
40.000000, 5.000000, 3.896821
41.000000, 5.000000, 3.901344
42.000000, 5.000000, 3.860851
0.000000, 6.000000, 2.817887
1.000000, 6.000000, 2.739943
2.000000, 6.000000, 2.705710
3.000000, 6.000000, 2.705708
4.000000, 6.000000, 2.710815
5.000000, 6.000000, 2.710469
6.000000, 6.000000, 2.700139
7.000000, 6.000000, 2.676868
8.000000, 6.000000, 2.641814
9.000000, 6.000000, 2.597636
10.000000, 6.000000, 2.541583
11.000000, 6.000000, 2.472577
12.000000, 6.000000, 2.388947
13.000000, 6.000000, 2.287997
14.000000, 6.000000, 2.166959
15.000000, 6.000000, 2.023407
16.000000, 6.000000, 1.856003
17.000000, 6.000000, 1.665792
18.000000, 6.000000, 1.456726
19.000000, 6.000000, 1.234825
20.000000, 6.000000, 1.006794
21.000000, 6.000000, 0.779786
22.000000, 6.000000, 0.562526
23.000000, 6.000000, 0.372710
24.000000, 6.000000, 0.280174
25.000000, 6.000000, 0.373608
26.000000, 6.000000, 0.561104
27.000000, 6.000000, 0.773167
28.000000, 6.000000, 0.994793
29.000000, 6.000000, 1.224252
30.000000, 6.000000, 1.463751
31.000000, 6.000000, 1.733050
32.000000, 6.000000, 2.050601
33.000000, 6.000000, 2.392654
34.000000, 6.000000, 2.756961
35.000000, 6.000000, 3.136688
36.000000, 6.000000, 3.513453
37.000000, 6.000000, 3.853380
38.000000, 6.000000, 4.112854
39.000000, 6.000000, 4.260110
40.000000, 6.000000, 4.296051
41.000000, 6.000000, 4.249338
42.000000, 6.000000, 4.154744
0.000000, 7.000000, 2.876894
1.000000, 7.000000, 2.791790
2.000000, 7.000000, 2.797512
3.000000, 7.000000, 2.826681
4.000000, 7.000000, 2.845088
5.000000, 7.000000, 2.850574
6.000000, 7.000000, 2.843098
7.000000, 7.000000, 2.821410
8.000000, 7.000000, 2.789365
9.000000, 7.000000, 2.748635
10.000000, 7.000000, 2.695600
11.000000, 7.000000, 2.628167
12.000000, 7.000000, 2.543631
13.000000, 7.000000, 2.438650
14.000000, 7.000000, 2.310237
15.000000, 7.000000, 2.155696
16.000000, 7.000000, 1.973857
17.000000, 7.000000, 1.765724
18.000000, 7.000000, 1.535536
19.000000, 7.000000, 1.289793
20.000000, 7.000000, 1.035796
21.000000, 7.000000, 0.780826
22.000000, 7.000000, 0.532740
23.000000, 7.000000, 0.296894
24.000000, 7.000000, 0.152725
25.000000, 7.000000, 0.317048
26.000000, 7.000000, 0.549772
27.000000, 7.000000, 0.786269
28.000000, 7.000000, 1.024601
29.000000, 7.000000, 1.268116
30.000000, 7.000000, 1.522966
31.000000, 7.000000, 1.822426
32.000000, 7.000000, 2.167514
33.000000, 7.000000, 2.546384
34.000000, 7.000000, 2.963643
35.000000, 7.000000, 3.417824
36.000000, 7.000000, 3.890821
37.000000, 7.000000, 4.332047
38.000000, 7.000000, 4.656229
39.000000, 7.000000, 4.794730
40.000000, 7.000000, 4.761216
41.000000, 7.000000, 4.626151
42.000000, 7.000000, 4.452345
0.000000, 8.000000, 2.965616
1.000000, 8.000000, 2.915237
2.000000, 8.000000, 2.914163
3.000000, 8.000000, 2.935508
4.000000, 8.000000, 2.952764
5.000000, 8.000000, 2.961627
6.000000, 8.000000, 2.960072
7.000000, 8.000000, 2.946017
8.000000, 8.000000, 2.922614
9.000000, 8.000000, 2.890360
10.000000, 8.000000, 2.844710
11.000000, 8.000000, 2.782632
12.000000, 8.000000, 2.700557
13.000000, 8.000000, 2.594615
14.000000, 8.000000, 2.461224
15.000000, 8.000000, 2.297958
16.000000, 8.000000, 2.104450
17.000000, 8.000000, 1.883001
18.000000, 8.000000, 1.638421
19.000000, 8.000000, 1.376983
20.000000, 8.000000, 1.105309
21.000000, 8.000000, 0.831211
22.000000, 8.000000, 0.572174
23.000000, 8.000000, 0.344883
24.000000, 8.000000, 0.238208
25.000000, 8.000000, 0.383039
26.000000, 8.000000, 0.609139
27.000000, 8.000000, 0.845829
28.000000, 8.000000, 1.086700
29.000000, 8.000000, 1.334213
30.000000, 8.000000, 1.598261
31.000000, 8.000000, 1.918032
32.000000, 8.000000, 2.281977
33.000000, 8.000000, 2.691840
34.000000, 8.000000, 3.160716
35.000000, 8.000000, 3.699782
36.000000, 8.000000, 4.304940
37.000000, 8.000000, 4.916944
38.000000, 8.000000, 5.361722
39.000000, 8.000000, 5.457425
40.000000, 8.000000, 5.275585
41.000000, 8.000000, 4.997419
42.000000, 8.000000, 4.719839
0.000000, 9.000000, 3.049440
1.000000, 9.000000, 3.028705
2.000000, 9.000000, 3.028776
3.000000, 9.000000, 3.045699
4.000000, 9.000000, 3.065669
5.000000, 9.000000, 3.081085
6.000000, 9.000000, 3.088005
7.000000, 9.000000, 3.083548
8.000000, 9.000000, 3.071037
9.000000, 9.000000, 3.049923
10.000000, 9.000000, 3.015157
11.000000, 9.000000, 2.962922
12.000000, 9.000000, 2.888653
13.000000, 9.000000, 2.787301
14.000000, 9.000000, 2.654077
15.000000, 9.000000, 2.485618
16.000000, 9.000000, 2.281336
17.000000, 9.000000, 2.044408
18.000000, 9.000000, 1.781803
19.000000, 9.000000, 1.503232
20.000000, 9.000000, 1.219710
21.000000, 9.000000, 0.943548
22.000000, 9.000000, 0.693475
23.000000, 9.000000, 0.500190
24.000000, 9.000000, 0.434687
25.000000, 9.000000, 0.536563
26.000000, 9.000000, 0.726654
27.000000, 9.000000, 0.945183
28.000000, 9.000000, 1.175565
29.000000, 9.000000, 1.416550
30.000000, 9.000000, 1.682310
31.000000, 9.000000, 2.008003
32.000000, 9.000000, 2.378716
33.000000, 9.000000, 2.806059
34.000000, 9.000000, 3.312047
35.000000, 9.000000, 3.926167
36.000000, 9.000000, 4.681489
37.000000, 9.000000, 5.570687
38.000000, 9.000000, 6.267652
39.000000, 9.000000, 6.227524
40.000000, 9.000000, 5.751012
41.000000, 9.000000, 5.284592
42.000000, 9.000000, 4.902447
0.000000, 10.000000, 3.137282
1.000000, 10.000000, 3.136691
2.000000, 10.000000, 3.146599
3.000000, 10.000000, 3.166357
4.000000, 10.000000, 3.190011
5.000000, 10.000000, 3.211858
6.000000, 10.000000, 3.227671
7.000000, 10.000000, 3.234139
8.000000, 10.000000, 3.234450
9.000000, 10.000000, 3.227551
10.000000, 10.000000, 3.208047
11.000000, 10.000000, 3.171471
12.000000, 10.000000, 3.112155
13.000000, 10.000000, 3.023410
14.000000, 10.000000, 2.898303
15.000000, 10.000000, 2.731291
16.000000, 10.000000, 2.520497
17.000000, 10.000000, 2.269783
18.000000, 10.000000, 1.989230
19.000000, 10.000000, 1.693514
20.000000, 10.000000, 1.399449
21.000000, 10.000000, 1.125061
22.000000, 10.000000, 0.891333
23.000000, 10.000000, 0.725768
24.000000, 10.000000, 0.664832
25.000000, 10.000000, 0.727498
26.000000, 10.000000, 0.878765
27.000000, 10.000000, 1.070144
28.000000, 10.000000, 1.280323
29.000000, 10.000000, 1.505127
30.000000, 10.000000, 1.762964
31.000000, 10.000000, 2.079090
32.000000, 10.000000, 2.440596
33.000000, 10.000000, 2.863517
34.000000, 10.000000, 3.374297
35.000000, 10.000000, 4.013456
36.000000, 10.000000, 4.845087
37.000000, 10.000000, 5.944129
38.000000, 10.000000, 5.607174
39.000000, 10.000000, 6.649463
40.000000, 10.000000, 5.949250
41.000000, 10.000000, 5.367249
42.000000, 10.000000, 4.936888
0.000000, 11.000000, 3.231100
1.000000, 11.000000, 3.244552
2.000000, 11.000000, 3.264512
3.000000, 11.000000, 3.290814
4.000000, 11.000000, 3.320615
5.000000, 11.000000, 3.350241
6.000000, 11.000000, 3.376192
7.000000, 11.000000, 3.395350
8.000000, 11.000000, 3.410719
9.000000, 11.000000, 3.421532
10.000000, 11.000000, 3.422418
11.000000, 11.000000, 3.408599
12.000000, 11.000000, 3.373473
13.000000, 11.000000, 3.308355
14.000000, 11.000000, 3.202961
15.000000, 11.000000, 3.047398
16.000000, 11.000000, 2.836099
17.000000, 11.000000, 2.572460
18.000000, 11.000000, 2.270805
19.000000, 11.000000, 1.953344
20.000000, 11.000000, 1.644470
21.000000, 11.000000, 1.367063
22.000000, 11.000000, 1.142419
23.000000, 11.000000, 0.991236
24.000000, 11.000000, 0.929704
25.000000, 11.000000, 0.957463
26.000000, 11.000000, 1.055888
27.000000, 11.000000, 1.206183
28.000000, 11.000000, 1.387886
29.000000, 11.000000, 1.587947
30.000000, 11.000000, 1.826953
31.000000, 11.000000, 2.118589
32.000000, 11.000000, 2.452954
33.000000, 11.000000, 2.845073
34.000000, 11.000000, 3.317859
35.000000, 11.000000, 3.903816
36.000000, 11.000000, 4.644044
37.000000, 11.000000, 5.549726
38.000000, 11.000000, 6.261703
39.000000, 11.000000, 6.186807
40.000000, 11.000000, 5.651954
41.000000, 11.000000, 5.166825
42.000000, 11.000000, 4.787452
0.000000, 12.000000, 3.327374
1.000000, 12.000000, 3.352069
2.000000, 12.000000, 3.381640
3.000000, 12.000000, 3.416025
4.000000, 12.000000, 3.453768
5.000000, 12.000000, 3.492620
6.000000, 12.000000, 3.530086
7.000000, 12.000000, 3.563696
8.000000, 12.000000, 3.596287
9.000000, 12.000000, 3.628242
10.000000, 12.000000, 3.654845
11.000000, 12.000000, 3.671762
12.000000, 12.000000, 3.672191
13.000000, 12.000000, 3.645714
14.000000, 12.000000, 3.577556
15.000000, 12.000000, 3.449933
16.000000, 12.000000, 3.248123
17.000000, 12.000000, 2.971189
18.000000, 12.000000, 2.639133
19.000000, 12.000000, 2.286886
20.000000, 12.000000, 1.950290
21.000000, 12.000000, 1.657267
22.000000, 12.000000, 1.427249
23.000000, 12.000000, 1.272952
24.000000, 12.000000, 1.199244
25.000000, 12.000000, 1.199845
26.000000, 12.000000, 1.258674
27.000000, 12.000000, 1.357996
28.000000, 12.000000, 1.489642
29.000000, 12.000000, 1.653450
30.000000, 12.000000, 1.862426
31.000000, 12.000000, 2.116786
32.000000, 12.000000, 2.407518
33.000000, 12.000000, 2.745304
34.000000, 12.000000, 3.144421
35.000000, 12.000000, 3.619690
36.000000, 12.000000, 4.174050
37.000000, 12.000000, 4.755558
38.000000, 12.000000, 5.178689
39.000000, 12.000000, 5.235498
40.000000, 12.000000, 5.019480
41.000000, 12.000000, 4.734540
42.000000, 12.000000, 4.473650
0.000000, 13.000000, 3.424350
1.000000, 13.000000, 3.458664
2.000000, 13.000000, 3.497251
3.000000, 13.000000, 3.540157
4.000000, 13.000000, 3.586694
5.000000, 13.000000, 3.635642
6.000000, 13.000000, 3.685515
7.000000, 13.000000, 3.734755
8.000000, 13.000000, 3.786098
9.000000, 13.000000, 3.841770
10.000000, 13.000000, 3.898602
11.000000, 13.000000, 3.953927
12.000000, 13.000000, 4.002444
13.000000, 13.000000, 4.033849
14.000000, 13.000000, 4.029339
15.000000, 13.000000, 3.958798
16.000000, 13.000000, 3.786356
17.000000, 13.000000, 3.494569
18.000000, 13.000000, 3.111283
19.000000, 13.000000, 2.697781
20.000000, 13.000000, 2.310533
21.000000, 13.000000, 1.983314
22.000000, 13.000000, 1.731455
23.000000, 13.000000, 1.559318
24.000000, 13.000000, 1.463412
25.000000, 13.000000, 1.433331
26.000000, 13.000000, 1.454501
27.000000, 13.000000, 1.512127
28.000000, 13.000000, 1.594714
29.000000, 13.000000, 1.700303
30.000000, 13.000000, 1.861882
31.000000, 13.000000, 2.068770
32.000000, 13.000000, 2.304427
33.000000, 13.000000, 2.574599
34.000000, 13.000000, 2.886022
35.000000, 13.000000, 3.240578
36.000000, 13.000000, 3.625740
37.000000, 13.000000, 3.995742
38.000000, 13.000000, 4.265956
39.000000, 13.000000, 4.366704
40.000000, 13.000000, 4.317256
41.000000, 13.000000, 4.193352
42.000000, 13.000000, 4.054884
0.000000, 14.000000, 3.520867
1.000000, 14.000000, 3.563617
2.000000, 14.000000, 3.610495
3.000000, 14.000000, 3.661693
4.000000, 14.000000, 3.717052
5.000000, 14.000000, 3.776141
6.000000, 14.000000, 3.838429
7.000000, 14.000000, 3.903411
8.000000, 14.000000, 3.973763
9.000000, 14.000000, 4.053845
10.000000, 14.000000, 4.143050
11.000000, 14.000000, 4.241809
12.000000, 14.000000, 4.348997
13.000000, 14.000000, 4.458952
14.000000, 14.000000, 4.554572
15.000000, 14.000000, 4.593567
16.000000, 14.000000, 4.496233
17.000000, 14.000000, 4.187844
18.000000, 14.000000, 3.706923
19.000000, 14.000000, 3.183066
20.000000, 14.000000, 2.711721
21.000000, 14.000000, 2.328907
22.000000, 14.000000, 2.039952
23.000000, 14.000000, 1.838666
24.000000, 14.000000, 1.713495
25.000000, 14.000000, 1.648749
26.000000, 14.000000, 1.630275
27.000000, 14.000000, 1.645673
28.000000, 14.000000, 1.682401
29.000000, 14.000000, 1.737012
30.000000, 14.000000, 1.835940
31.000000, 14.000000, 1.981188
32.000000, 14.000000, 2.160270
33.000000, 14.000000, 2.364502
34.000000, 14.000000, 2.594187
35.000000, 14.000000, 2.846230
36.000000, 14.000000, 3.107950
37.000000, 14.000000, 3.352207
38.000000, 14.000000, 3.541417
39.000000, 14.000000, 3.648078
40.000000, 14.000000, 3.675254
41.000000, 14.000000, 3.650548
42.000000, 14.000000, 3.604451
0.000000, 15.000000, 3.616053
1.000000, 15.000000, 3.666194
2.000000, 15.000000, 3.720486
3.000000, 15.000000, 3.779265
4.000000, 15.000000, 3.842761
5.000000, 15.000000, 3.911170
6.000000, 15.000000, 3.984788
7.000000, 15.000000, 4.064170
8.000000, 15.000000, 4.151997
9.000000, 15.000000, 4.254392
10.000000, 15.000000, 4.373980
11.000000, 15.000000, 4.515234
12.000000, 15.000000, 4.683636
13.000000, 15.000000, 4.884262
14.000000, 15.000000, 5.115882
15.000000, 15.000000, 5.347468
16.000000, 15.000000, 5.441128
17.000000, 15.000000, 5.119285
18.000000, 15.000000, 4.427858
19.000000, 15.000000, 3.713961
20.000000, 15.000000, 3.123605
21.000000, 15.000000, 2.669490
22.000000, 15.000000, 2.334084
23.000000, 15.000000, 2.096911
24.000000, 15.000000, 1.938879
25.000000, 15.000000, 1.836272
26.000000, 15.000000, 1.776671
27.000000, 15.000000, 1.751526
28.000000, 15.000000, 1.742363
29.000000, 15.000000, 1.748976
30.000000, 15.000000, 1.797599
31.000000, 15.000000, 1.877218
32.000000, 15.000000, 1.987567
33.000000, 15.000000, 2.128412
34.000000, 15.000000, 2.286008
35.000000, 15.000000, 2.455928
36.000000, 15.000000, 2.630285
37.000000, 15.000000, 2.795445
38.000000, 15.000000, 2.934978
39.000000, 15.000000, 3.037089
40.000000, 15.000000, 3.101014
41.000000, 15.000000, 3.136153
42.000000, 15.000000, 3.156807
0.000000, 16.000000, 3.709252
1.000000, 16.000000, 3.765764
2.000000, 16.000000, 3.826434
3.000000, 16.000000, 3.891698
4.000000, 16.000000, 3.962065
5.000000, 16.000000, 4.038170
6.000000, 16.000000, 4.120945
7.000000, 16.000000, 4.211811
8.000000, 16.000000, 4.313595
9.000000, 16.000000, 4.432962
10.000000, 16.000000, 4.575697
11.000000, 16.000000, 4.749761
12.000000, 16.000000, 4.966865
13.000000, 16.000000, 5.244190
14.000000, 16.000000, 5.606462
15.000000, 16.000000, 6.082034
16.000000, 16.000000, 6.302303
17.000000, 16.000000, 5.891960
18.000000, 16.000000, 5.157025
19.000000, 16.000000, 4.199881
20.000000, 16.000000, 3.491468
21.000000, 16.000000, 2.972151
22.000000, 16.000000, 2.593450
23.000000, 16.000000, 2.320103
24.000000, 16.000000, 2.125009
25.000000, 16.000000, 1.986371
26.000000, 16.000000, 1.888921
27.000000, 16.000000, 1.820254
28.000000, 16.000000, 1.768646
29.000000, 16.000000, 1.731782
30.000000, 16.000000, 1.733785
31.000000, 16.000000, 1.762568
32.000000, 16.000000, 1.806184
33.000000, 16.000000, 1.876476
34.000000, 16.000000, 1.972476
35.000000, 16.000000, 2.078637
36.000000, 16.000000, 2.190824
37.000000, 16.000000, 2.303627
38.000000, 16.000000, 2.410401
39.000000, 16.000000, 2.506129
40.000000, 16.000000, 2.589182
41.000000, 16.000000, 2.662150
42.000000, 16.000000, 2.741667
0.000000, 17.000000, 3.800009
1.000000, 17.000000, 3.861873
2.000000, 17.000000, 3.927761
3.000000, 17.000000, 3.998145
4.000000, 17.000000, 4.073666
5.000000, 17.000000, 4.155213
6.000000, 17.000000, 4.244079
7.000000, 17.000000, 4.342196
8.000000, 17.000000, 4.452551
9.000000, 17.000000, 4.580888
10.000000, 17.000000, 4.734833
11.000000, 17.000000, 4.923688
12.000000, 17.000000, 5.160923
13.000000, 17.000000, 5.466536
14.000000, 17.000000, 5.870243
15.000000, 17.000000, 6.410575
16.000000, 17.000000, 6.630577
17.000000, 17.000000, 6.190738
18.000000, 17.000000, 5.510902
19.000000, 17.000000, 4.496216
20.000000, 17.000000, 3.751355
21.000000, 17.000000, 3.205016
22.000000, 17.000000, 2.802288
23.000000, 17.000000, 2.503103
24.000000, 17.000000, 2.277247
25.000000, 17.000000, 2.102677
26.000000, 17.000000, 1.965437
27.000000, 17.000000, 1.855846
28.000000, 17.000000, 1.765310
29.000000, 17.000000, 1.689049
30.000000, 17.000000, 1.647852
31.000000, 17.000000, 1.631348
32.000000, 17.000000, 1.624649
33.000000, 17.000000, 1.629362
34.000000, 17.000000, 1.661076
35.000000, 17.000000, 1.716400
36.000000, 17.000000, 1.783104
37.000000, 17.000000, 1.860094
38.000000, 17.000000, 1.944904
39.000000, 17.000000, 2.036080
40.000000, 17.000000, 2.132090
41.000000, 17.000000, 2.241678
42.000000, 17.000000, 2.371940
0.000000, 18.000000, 3.888089
1.000000, 18.000000, 3.954301
2.000000, 18.000000, 4.024194
3.000000, 18.000000, 4.098182
4.000000, 18.000000, 4.176895
5.000000, 18.000000, 4.261250
6.000000, 18.000000, 4.352601
7.000000, 18.000000, 4.452956
8.000000, 18.000000, 4.565233
9.000000, 18.000000, 4.693374
10.000000, 18.000000, 4.844396
11.000000, 18.000000, 5.026500
12.000000, 18.000000, 5.249242
13.000000, 18.000000, 5.523335
14.000000, 18.000000, 5.854678
15.000000, 18.000000, 6.216567
16.000000, 18.000000, 6.443287
17.000000, 18.000000, 6.147113
18.000000, 18.000000, 5.362760
19.000000, 18.000000, 4.546126
20.000000, 18.000000, 3.873805
21.000000, 18.000000, 3.352469
22.000000, 18.000000, 2.952575
23.000000, 18.000000, 2.640524
24.000000, 18.000000, 2.388999
25.000000, 18.000000, 2.180945
26.000000, 18.000000, 2.008659
27.000000, 18.000000, 1.864722
28.000000, 18.000000, 1.740564
29.000000, 18.000000, 1.629289
30.000000, 18.000000, 1.548543
31.000000, 18.000000, 1.491775
32.000000, 18.000000, 1.440812
33.000000, 18.000000, 1.396582
34.000000, 18.000000, 1.365758
35.000000, 18.000000, 1.369127
36.000000, 18.000000, 1.400088
37.000000, 18.000000, 1.452414
38.000000, 18.000000, 1.523293
39.000000, 18.000000, 1.614746
40.000000, 18.000000, 1.730617
41.000000, 18.000000, 1.881479
42.000000, 18.000000, 2.044142
0.000000, 19.000000, 3.973486
1.000000, 19.000000, 4.043106
2.000000, 19.000000, 4.115824
3.000000, 19.000000, 4.191899
4.000000, 19.000000, 4.271800
5.000000, 19.000000, 4.356253
6.000000, 19.000000, 4.446390
7.000000, 19.000000, 4.543885
8.000000, 19.000000, 4.651146
9.000000, 19.000000, 4.770483
10.000000, 19.000000, 4.905625
11.000000, 19.000000, 5.062412
12.000000, 19.000000, 5.243957
13.000000, 19.000000, 5.448790
14.000000, 19.000000, 5.661396
15.000000, 19.000000, 5.830402
16.000000, 19.000000, 5.841514
17.000000, 19.000000, 5.567492
18.000000, 19.000000, 5.040776
19.000000, 19.000000, 4.436641
20.000000, 19.000000, 3.882603
21.000000, 19.000000, 3.416321
22.000000, 19.000000, 3.034448
23.000000, 19.000000, 2.724863
24.000000, 19.000000, 2.458099
25.000000, 19.000000, 2.222974
26.000000, 19.000000, 2.023473
27.000000, 19.000000, 1.853420
28.000000, 19.000000, 1.703064
29.000000, 19.000000, 1.563190
30.000000, 19.000000, 1.447358
31.000000, 19.000000, 1.355645
32.000000, 19.000000, 1.265382
33.000000, 19.000000, 1.177379
34.000000, 19.000000, 1.097870
35.000000, 19.000000, 1.042595
36.000000, 19.000000, 1.036104
37.000000, 19.000000, 1.068262
38.000000, 19.000000, 1.135733
39.000000, 19.000000, 1.239586
40.000000, 19.000000, 1.393240
41.000000, 19.000000, 1.575026
42.000000, 19.000000, 1.764797
0.000000, 20.000000, 4.056410
1.000000, 20.000000, 4.128627
2.000000, 20.000000, 4.203125
3.000000, 20.000000, 4.279912
4.000000, 20.000000, 4.359158
5.000000, 20.000000, 4.441236
6.000000, 20.000000, 4.526800
7.000000, 20.000000, 4.616896
8.000000, 20.000000, 4.713041
9.000000, 20.000000, 4.816501
10.000000, 20.000000, 4.926644
11.000000, 20.000000, 5.046529
12.000000, 20.000000, 5.174351
13.000000, 20.000000, 5.301397
14.000000, 20.000000, 5.406192
15.000000, 20.000000, 5.446852
16.000000, 20.000000, 5.363855
17.000000, 20.000000, 5.114780
18.000000, 20.000000, 4.723238
19.000000, 20.000000, 4.268073
20.000000, 20.000000, 3.815569
21.000000, 20.000000, 3.401059
22.000000, 20.000000, 3.048486
23.000000, 20.000000, 2.754872
24.000000, 20.000000, 2.483543
25.000000, 20.000000, 2.231030
26.000000, 20.000000, 2.015853
27.000000, 20.000000, 1.830129
28.000000, 20.000000, 1.662916
29.000000, 20.000000, 1.502980
30.000000, 20.000000, 1.357816
31.000000, 20.000000, 1.237166
32.000000, 20.000000, 1.113453
33.000000, 20.000000, 0.985739
34.000000, 20.000000, 0.859935
35.000000, 20.000000, 0.751012
36.000000, 20.000000, 0.691982
37.000000, 20.000000, 0.707024
38.000000, 20.000000, 0.783587
39.000000, 20.000000, 0.925414
40.000000, 20.000000, 1.118297
41.000000, 20.000000, 1.327848
42.000000, 20.000000, 1.540603
0.000000, 21.000000, 4.137282
1.000000, 21.000000, 4.211469
2.000000, 21.000000, 4.286927
3.000000, 21.000000, 4.363324
4.000000, 21.000000, 4.440433
5.000000, 21.000000, 4.518124
6.000000, 21.000000, 4.596434
7.000000, 21.000000, 4.675611
8.000000, 21.000000, 4.756127
9.000000, 21.000000, 4.838374
10.000000, 21.000000, 4.919133
11.000000, 21.000000, 4.997630
12.000000, 21.000000, 5.070689
13.000000, 21.000000, 5.128030
14.000000, 21.000000, 5.151475
15.000000, 21.000000, 5.114481
16.000000, 21.000000, 4.988931
17.000000, 21.000000, 4.761863
18.000000, 21.000000, 4.450043
19.000000, 21.000000, 4.084162
20.000000, 21.000000, 3.695826
21.000000, 21.000000, 3.332434
22.000000, 21.000000, 3.008884
23.000000, 21.000000, 2.722664
24.000000, 21.000000, 2.457969
25.000000, 21.000000, 2.212329
26.000000, 21.000000, 1.994793
27.000000, 21.000000, 1.804690
28.000000, 21.000000, 1.631094
29.000000, 21.000000, 1.460572
30.000000, 21.000000, 1.294294
31.000000, 21.000000, 1.151898
32.000000, 21.000000, 1.003626
33.000000, 21.000000, 0.844421
34.000000, 21.000000, 0.676601
35.000000, 21.000000, 0.510716
36.000000, 21.000000, 0.381627
37.000000, 21.000000, 0.371941
38.000000, 21.000000, 0.491158
39.000000, 21.000000, 0.692838
40.000000, 21.000000, 0.920441
41.000000, 21.000000, 1.152181
42.000000, 21.000000, 1.379500
0.000000, 22.000000, 4.216675
1.000000, 22.000000, 4.292451
2.000000, 22.000000, 4.368348
3.000000, 22.000000, 4.443637
4.000000, 22.000000, 4.517612
5.000000, 22.000000, 4.589558
6.000000, 22.000000, 4.658808
7.000000, 22.000000, 4.724769
8.000000, 22.000000, 4.786914
9.000000, 22.000000, 4.844673
10.000000, 22.000000, 4.894998
11.000000, 22.000000, 4.932734
12.000000, 22.000000, 4.955904
13.000000, 22.000000, 4.956225
14.000000, 22.000000, 4.921464
15.000000, 22.000000, 4.837207
16.000000, 22.000000, 4.691738
17.000000, 22.000000, 4.483244
18.000000, 22.000000, 4.215866
19.000000, 22.000000, 3.891177
20.000000, 22.000000, 3.556372
21.000000, 22.000000, 3.236717
22.000000, 22.000000, 2.941514
23.000000, 22.000000, 2.670909
24.000000, 22.000000, 2.419976
25.000000, 22.000000, 2.186292
26.000000, 22.000000, 1.972605
27.000000, 22.000000, 1.788357
28.000000, 22.000000, 1.618400
29.000000, 22.000000, 1.446220
30.000000, 22.000000, 1.269451
31.000000, 22.000000, 1.113763
32.000000, 22.000000, 0.954424
33.000000, 22.000000, 0.781049
34.000000, 22.000000, 0.592940
35.000000, 22.000000, 0.392289
36.000000, 22.000000, 0.194365
37.000000, 22.000000, 0.157382
38.000000, 22.000000, 0.350749
39.000000, 22.000000, 0.586363
40.000000, 22.000000, 0.826122
41.000000, 22.000000, 1.061866
42.000000, 22.000000, 1.289068
0.000000, 23.000000, 4.295269
1.000000, 23.000000, 4.372540
2.000000, 23.000000, 4.448718
3.000000, 23.000000, 4.522635
4.000000, 23.000000, 4.593055
5.000000, 23.000000, 4.658629
6.000000, 23.000000, 4.717958
7.000000, 23.000000, 4.769628
8.000000, 23.000000, 4.812254
9.000000, 23.000000, 4.844470
10.000000, 23.000000, 4.864224
11.000000, 23.000000, 4.864922
12.000000, 23.000000, 4.844727
13.000000, 23.000000, 4.799533
14.000000, 23.000000, 4.722807
15.000000, 23.000000, 4.608449
16.000000, 23.000000, 4.453463
17.000000, 23.000000, 4.256622
18.000000, 23.000000, 3.998259
19.000000, 23.000000, 3.708132
20.000000, 23.000000, 3.415259
21.000000, 23.000000, 3.132321
22.000000, 23.000000, 2.866138
23.000000, 23.000000, 2.618328
24.000000, 23.000000, 2.387430
25.000000, 23.000000, 2.171442
26.000000, 23.000000, 1.970021
27.000000, 23.000000, 1.796313
28.000000, 23.000000, 1.633102
29.000000, 23.000000, 1.465664
30.000000, 23.000000, 1.290443
31.000000, 23.000000, 1.130409
32.000000, 23.000000, 0.975821
33.000000, 23.000000, 0.811406
34.000000, 23.000000, 0.639915
35.000000, 23.000000, 0.471884
36.000000, 23.000000, 0.340639
37.000000, 23.000000, 0.327708
38.000000, 23.000000, 0.453493
39.000000, 23.000000, 0.639015
40.000000, 23.000000, 0.847806
41.000000, 23.000000, 1.061334
42.000000, 23.000000, 1.270527
0.000000, 24.000000, 4.373786
1.000000, 24.000000, 4.452763
2.000000, 24.000000, 4.529456
3.000000, 24.000000, 4.602236
4.000000, 24.000000, 4.669303
5.000000, 24.000000, 4.728642
6.000000, 24.000000, 4.778106
7.000000, 24.000000, 4.815510
8.000000, 24.000000, 4.838745
9.000000, 24.000000, 4.845911
10.000000, 24.000000, 4.835364
11.000000, 24.000000, 4.803241
12.000000, 24.000000, 4.745736
13.000000, 24.000000, 4.663579
14.000000, 24.000000, 4.555161
15.000000, 24.000000, 4.420033
16.000000, 24.000000, 4.259213
17.000000, 24.000000, 4.052954
18.000000, 24.000000, 3.802239
19.000000, 24.000000, 3.540885
20.000000, 24.000000, 3.280521
21.000000, 24.000000, 3.029225
22.000000, 24.000000, 2.791819
23.000000, 24.000000, 2.570060
24.000000, 24.000000, 2.363667
25.000000, 24.000000, 2.171679
26.000000, 24.000000, 1.994089
27.000000, 24.000000, 1.831073
28.000000, 24.000000, 1.675342
29.000000, 24.000000, 1.518275
30.000000, 24.000000, 1.355451
31.000000, 24.000000, 1.200577
32.000000, 24.000000, 1.063013
33.000000, 24.000000, 0.924148
34.000000, 24.000000, 0.789949
35.000000, 24.000000, 0.675283
36.000000, 24.000000, 0.604919
37.000000, 24.000000, 0.598486
38.000000, 24.000000, 0.676481
39.000000, 24.000000, 0.804408
40.000000, 24.000000, 0.963504
41.000000, 24.000000, 1.138138
42.000000, 24.000000, 1.315775
0.000000, 25.000000, 4.452909
1.000000, 25.000000, 4.534114
2.000000, 25.000000, 4.611966
3.000000, 25.000000, 4.684358
4.000000, 25.000000, 4.748905
5.000000, 25.000000, 4.802901
6.000000, 25.000000, 4.843426
7.000000, 25.000000, 4.867524
8.000000, 25.000000, 4.872434
9.000000, 25.000000, 4.855904
10.000000, 25.000000, 4.816488
11.000000, 25.000000, 4.753337
12.000000, 25.000000, 4.663596
13.000000, 25.000000, 4.549932
14.000000, 25.000000, 4.415608
15.000000, 25.000000, 4.264178
16.000000, 25.000000, 4.089737
17.000000, 25.000000, 3.866703
18.000000, 25.000000, 3.628542
19.000000, 25.000000, 3.388968
20.000000, 25.000000, 3.154824
21.000000, 25.000000, 2.931302
22.000000, 25.000000, 2.721513
23.000000, 25.000000, 2.526617
24.000000, 25.000000, 2.346311
25.000000, 25.000000, 2.179470
26.000000, 25.000000, 2.024545
27.000000, 25.000000, 1.878995
28.000000, 25.000000, 1.738456
29.000000, 25.000000, 1.598341
30.000000, 25.000000, 1.455835
31.000000, 25.000000, 1.316375
32.000000, 25.000000, 1.200807
33.000000, 25.000000, 1.093050
34.000000, 25.000000, 0.996227
35.000000, 25.000000, 0.921834
36.000000, 25.000000, 0.879830
37.000000, 25.000000, 0.873146
38.000000, 25.000000, 0.927204
39.000000, 25.000000, 1.021806
40.000000, 25.000000, 1.137102
41.000000, 25.000000, 1.270167
42.000000, 25.000000, 1.410392
0.000000, 26.000000, 4.533194
1.000000, 26.000000, 4.617445
2.000000, 26.000000, 4.697491
3.000000, 26.000000, 4.770756
4.000000, 26.000000, 4.834255
5.000000, 26.000000, 4.884546
6.000000, 26.000000, 4.917876
7.000000, 26.000000, 4.930441
8.000000, 26.000000, 4.918776
9.000000, 26.000000, 4.880205
10.000000, 26.000000, 4.813396
11.000000, 26.000000, 4.718827
12.000000, 26.000000, 4.598195
13.000000, 26.000000, 4.454610
14.000000, 26.000000, 4.296116
15.000000, 26.000000, 4.127936
16.000000, 26.000000, 3.925541
17.000000, 26.000000, 3.697961
18.000000, 26.000000, 3.470419
19.000000, 26.000000, 3.248787
20.000000, 26.000000, 3.037201
21.000000, 26.000000, 2.838728
22.000000, 26.000000, 2.655074
23.000000, 26.000000, 2.486567
24.000000, 26.000000, 2.332336
25.000000, 26.000000, 2.190654
26.000000, 26.000000, 2.059233
27.000000, 26.000000, 1.935326
28.000000, 26.000000, 1.815903
29.000000, 26.000000, 1.698327
30.000000, 26.000000, 1.581263
31.000000, 26.000000, 1.466603
32.000000, 26.000000, 1.372880
33.000000, 26.000000, 1.295797
34.000000, 26.000000, 1.230885
35.000000, 26.000000, 1.185146
36.000000, 26.000000, 1.155646
37.000000, 26.000000, 1.150348
38.000000, 26.000000, 1.188549
39.000000, 26.000000, 1.260944
40.000000, 26.000000, 1.342828
41.000000, 26.000000, 1.437529
42.000000, 26.000000, 1.539483
0.000000, 27.000000, 4.614984
1.000000, 27.000000, 4.703353
2.000000, 27.000000, 4.786989
3.000000, 27.000000, 4.862875
4.000000, 27.000000, 4.927419
5.000000, 27.000000, 4.976338
6.000000, 27.000000, 5.004497
7.000000, 27.000000, 5.005783
8.000000, 27.000000, 4.974795
9.000000, 27.000000, 4.909174
10.000000, 27.000000, 4.809704
11.000000, 27.000000, 4.679509
12.000000, 27.000000, 4.524083
13.000000, 27.000000, 4.350312
14.000000, 27.000000, 4.167636
15.000000, 27.000000, 3.974784
16.000000, 27.000000, 3.748791
17.000000, 27.000000, 3.522403
18.000000, 27.000000, 3.305581
19.000000, 27.000000, 3.101964
20.000000, 27.000000, 2.913795
21.000000, 27.000000, 2.742056
22.000000, 27.000000, 2.586526
23.000000, 27.000000, 2.446023
24.000000, 27.000000, 2.318737
25.000000, 27.000000, 2.202700
26.000000, 27.000000, 2.095969
27.000000, 27.000000, 1.996418
28.000000, 27.000000, 1.901903
29.000000, 27.000000, 1.810756
30.000000, 27.000000, 1.722381
31.000000, 27.000000, 1.637990
32.000000, 27.000000, 1.567186
33.000000, 27.000000, 1.518610
34.000000, 27.000000, 1.481564
35.000000, 27.000000, 1.457456
36.000000, 27.000000, 1.435339
37.000000, 27.000000, 1.432451
38.000000, 27.000000, 1.458959
39.000000, 27.000000, 1.511070
40.000000, 27.000000, 1.567608
41.000000, 27.000000, 1.627177
42.000000, 27.000000, 1.691344
0.000000, 28.000000, 4.698321
1.000000, 28.000000, 4.792058
2.000000, 28.000000, 4.880960
3.000000, 28.000000, 4.961371
4.000000, 28.000000, 5.027227
5.000000, 28.000000, 5.069896
6.000000, 28.000000, 5.084347
7.000000, 28.000000, 5.068414
8.000000, 28.000000, 5.018548
9.000000, 28.000000, 4.931241
10.000000, 28.000000, 4.805546
11.000000, 28.000000, 4.644474
12.000000, 28.000000, 4.455419
13.000000, 28.000000, 4.249646
14.000000, 28.000000, 4.040038
15.000000, 28.000000, 3.812210
16.000000, 28.000000, 3.571533
17.000000, 28.000000, 3.344362
18.000000, 28.000000, 3.135553
19.000000, 28.000000, 2.947352
20.000000, 28.000000, 2.780349
21.000000, 28.000000, 2.633860
22.000000, 28.000000, 2.506242
23.000000, 28.000000, 2.395015
24.000000, 28.000000, 2.297055
25.000000, 28.000000, 2.209466
26.000000, 28.000000, 2.130203
27.000000, 28.000000, 2.057685
28.000000, 28.000000, 1.990755
29.000000, 28.000000, 1.928694
30.000000, 28.000000, 1.871279
31.000000, 28.000000, 1.819365
32.000000, 28.000000, 1.776543
33.000000, 28.000000, 1.753837
34.000000, 28.000000, 1.743298
35.000000, 28.000000, 1.736835
36.000000, 28.000000, 1.723389
37.000000, 28.000000, 1.723202
38.000000, 28.000000, 1.740090
39.000000, 28.000000, 1.772112
40.000000, 28.000000, 1.806057
41.000000, 28.000000, 1.832037
42.000000, 28.000000, 1.858156
0.000000, 29.000000, 4.782861
1.000000, 29.000000, 4.882889
2.000000, 29.000000, 4.974771
3.000000, 29.000000, 5.049123
4.000000, 29.000000, 5.105281
5.000000, 29.000000, 5.142920
6.000000, 29.000000, 5.156279
7.000000, 29.000000, 5.137533
8.000000, 29.000000, 5.079016
9.000000, 29.000000, 4.975043
10.000000, 29.000000, 4.823953
11.000000, 29.000000, 4.629797
12.000000, 29.000000, 4.402833
13.000000, 29.000000, 4.158475
14.000000, 29.000000, 3.910569
15.000000, 29.000000, 3.645899
16.000000, 29.000000, 3.391439
17.000000, 29.000000, 3.161180
18.000000, 29.000000, 2.958585
19.000000, 29.000000, 2.784409
20.000000, 29.000000, 2.637504
21.000000, 29.000000, 2.515545
22.000000, 29.000000, 2.415528
23.000000, 29.000000, 2.333723
24.000000, 29.000000, 2.264882
25.000000, 29.000000, 2.205112
26.000000, 29.000000, 2.154033
27.000000, 29.000000, 2.110968
28.000000, 29.000000, 2.075012
29.000000, 29.000000, 2.045264
30.000000, 29.000000, 2.021186
31.000000, 29.000000, 2.003537
32.000000, 29.000000, 1.993937
33.000000, 29.000000, 1.997663
34.000000, 29.000000, 2.014482
35.000000, 29.000000, 2.025312
36.000000, 29.000000, 2.024319
37.000000, 29.000000, 2.027735
38.000000, 29.000000, 2.036006
39.000000, 29.000000, 2.047835
40.000000, 29.000000, 2.056956
41.000000, 29.000000, 2.049002
42.000000, 29.000000, 2.035971
0.000000, 30.000000, 4.867805
1.000000, 30.000000, 4.956613
2.000000, 30.000000, 5.037684
3.000000, 30.000000, 5.111755
4.000000, 30.000000, 5.175485
5.000000, 30.000000, 5.222213
6.000000, 30.000000, 5.243195
7.000000, 30.000000, 5.228013
8.000000, 30.000000, 5.165825
9.000000, 30.000000, 5.047805
10.000000, 30.000000, 4.870505
11.000000, 30.000000, 4.638788
12.000000, 30.000000, 4.366662
13.000000, 30.000000, 4.075169
14.000000, 30.000000, 3.776139
15.000000, 30.000000, 3.473715
16.000000, 30.000000, 3.202126
17.000000, 30.000000, 2.966720
18.000000, 30.000000, 2.769250
19.000000, 30.000000, 2.608554
20.000000, 30.000000, 2.481427
21.000000, 30.000000, 2.383686
22.000000, 30.000000, 2.310945
23.000000, 30.000000, 2.258907
24.000000, 30.000000, 2.219653
25.000000, 30.000000, 2.187135
26.000000, 30.000000, 2.164976
27.000000, 30.000000, 2.152154
28.000000, 30.000000, 2.147860
29.000000, 30.000000, 2.151825
30.000000, 30.000000, 2.164178
31.000000, 30.000000, 2.184550
32.000000, 30.000000, 2.212327
33.000000, 30.000000, 2.248723
34.000000, 30.000000, 2.294997
35.000000, 30.000000, 2.327417
36.000000, 30.000000, 2.343793
37.000000, 30.000000, 2.352955
38.000000, 30.000000, 2.353063
39.000000, 30.000000, 2.343237
40.000000, 30.000000, 2.322190
41.000000, 30.000000, 2.277366
42.000000, 30.000000, 2.226543
0.000000, 31.000000, 4.911853
1.000000, 31.000000, 4.999508
2.000000, 31.000000, 5.087494
3.000000, 31.000000, 5.172333
4.000000, 31.000000, 5.249135
5.000000, 31.000000, 5.310589
6.000000, 31.000000, 5.346347
7.000000, 31.000000, 5.342854
8.000000, 31.000000, 5.284466
9.000000, 31.000000, 5.156788
10.000000, 31.000000, 4.952313
11.000000, 31.000000, 4.676105
12.000000, 31.000000, 4.347600
13.000000, 31.000000, 3.996099
14.000000, 31.000000, 3.637205
15.000000, 31.000000, 3.293849
16.000000, 31.000000, 2.997329
17.000000, 31.000000, 2.754986
18.000000, 31.000000, 2.562570
19.000000, 31.000000, 2.415903
20.000000, 31.000000, 2.309132
21.000000, 31.000000, 2.235734
22.000000, 31.000000, 2.189355
23.000000, 31.000000, 2.163865
24.000000, 31.000000, 2.152672
25.000000, 31.000000, 2.151594
26.000000, 31.000000, 2.160478
27.000000, 31.000000, 2.179221
28.000000, 31.000000, 2.207673
29.000000, 31.000000, 2.246020
30.000000, 31.000000, 2.294772
31.000000, 31.000000, 2.354536
32.000000, 31.000000, 2.425165
33.000000, 31.000000, 2.503608
34.000000, 31.000000, 2.585346
35.000000, 31.000000, 2.647718
36.000000, 31.000000, 2.688590
37.000000, 31.000000, 2.707476
38.000000, 31.000000, 2.699603
39.000000, 31.000000, 2.664615
40.000000, 31.000000, 2.605762
41.000000, 31.000000, 2.518539
42.000000, 31.000000, 2.431053
0.000000, 32.000000, 4.939369
1.000000, 32.000000, 5.033864
2.000000, 32.000000, 5.131327
3.000000, 32.000000, 5.228962
4.000000, 32.000000, 5.322467
5.000000, 32.000000, 5.404632
6.000000, 32.000000, 5.463995
7.000000, 32.000000, 5.483552
8.000000, 32.000000, 5.440831
9.000000, 32.000000, 5.311693
10.000000, 32.000000, 5.079852
11.000000, 32.000000, 4.748879
12.000000, 32.000000, 4.346931
13.000000, 32.000000, 3.917034
14.000000, 32.000000, 3.489811
15.000000, 32.000000, 3.102037
16.000000, 32.000000, 2.775568
17.000000, 32.000000, 2.520806
18.000000, 32.000000, 2.334466
19.000000, 32.000000, 2.203894
20.000000, 32.000000, 2.119397
21.000000, 32.000000, 2.071644
22.000000, 32.000000, 2.052220
23.000000, 32.000000, 2.053981
24.000000, 32.000000, 2.071256
25.000000, 32.000000, 2.100487
26.000000, 32.000000, 2.140335
27.000000, 32.000000, 2.190700
28.000000, 32.000000, 2.252027
29.000000, 32.000000, 2.324972
30.000000, 32.000000, 2.410177
31.000000, 32.000000, 2.508356
32.000000, 32.000000, 2.619875
33.000000, 32.000000, 2.743796
34.000000, 32.000000, 2.871083
35.000000, 32.000000, 2.974159
36.000000, 32.000000, 3.049893
37.000000, 32.000000, 3.084925
38.000000, 32.000000, 3.068940
39.000000, 32.000000, 3.002576
40.000000, 32.000000, 2.896444
41.000000, 32.000000, 2.765861
42.000000, 32.000000, 2.630658
0.000000, 33.000000, 4.957616
1.000000, 33.000000, 5.058286
2.000000, 33.000000, 5.165020
3.000000, 33.000000, 5.276188
4.000000, 33.000000, 5.388881
5.000000, 33.000000, 5.497190
6.000000, 33.000000, 5.590015
7.000000, 33.000000, 5.647863
8.000000, 33.000000, 5.639842
9.000000, 33.000000, 5.525393
10.000000, 33.000000, 5.269112
11.000000, 33.000000, 4.868038
12.000000, 33.000000, 4.366098
13.000000, 33.000000, 3.832797
14.000000, 33.000000, 3.325949
15.000000, 33.000000, 2.887569
16.000000, 33.000000, 2.533672
17.000000, 33.000000, 2.266107
18.000000, 33.000000, 2.083015
19.000000, 33.000000, 1.971837
20.000000, 33.000000, 1.913160
21.000000, 33.000000, 1.893701
22.000000, 33.000000, 1.903008
23.000000, 33.000000, 1.933171
24.000000, 33.000000, 1.978770
25.000000, 33.000000, 2.036649
26.000000, 33.000000, 2.105211
27.000000, 33.000000, 2.183298
28.000000, 33.000000, 2.271115
29.000000, 33.000000, 2.371762
30.000000, 33.000000, 2.488971
31.000000, 33.000000, 2.625463
32.000000, 33.000000, 2.782641
33.000000, 33.000000, 2.959440
34.000000, 33.000000, 3.145177
35.000000, 33.000000, 3.311614
36.000000, 33.000000, 3.444899
37.000000, 33.000000, 3.510017
38.000000, 33.000000, 3.484412
39.000000, 33.000000, 3.371019
40.000000, 33.000000, 3.199136
41.000000, 33.000000, 3.009514
42.000000, 33.000000, 2.801474
0.000000, 34.000000, 4.964153
1.000000, 34.000000, 5.069221
2.000000, 34.000000, 5.183467
3.000000, 34.000000, 5.306830
4.000000, 34.000000, 5.438641
5.000000, 34.000000, 5.575926
6.000000, 34.000000, 5.710694
7.000000, 34.000000, 5.824759
8.000000, 34.000000, 5.880722
9.000000, 34.000000, 5.813460
10.000000, 34.000000, 5.545156
11.000000, 34.000000, 5.049837
12.000000, 34.000000, 4.404424
13.000000, 34.000000, 3.734131
14.000000, 34.000000, 3.133439
15.000000, 34.000000, 2.640260
16.000000, 34.000000, 2.261581
17.000000, 34.000000, 1.990858
18.000000, 34.000000, 1.815624
19.000000, 34.000000, 1.722684
20.000000, 34.000000, 1.693819
21.000000, 34.000000, 1.706202
22.000000, 34.000000, 1.746165
23.000000, 34.000000, 1.805099
24.000000, 34.000000, 1.876789
25.000000, 34.000000, 1.955671
26.000000, 34.000000, 2.041497
27.000000, 34.000000, 2.139191
28.000000, 34.000000, 2.252414
29.000000, 34.000000, 2.384083
30.000000, 34.000000, 2.537514
31.000000, 34.000000, 2.716506
32.000000, 34.000000, 2.924746
33.000000, 34.000000, 3.164070
34.000000, 34.000000, 3.424169
35.000000, 34.000000, 3.677835
36.000000, 34.000000, 3.903958
37.000000, 34.000000, 4.028618
38.000000, 34.000000, 3.990984
39.000000, 34.000000, 3.802603
40.000000, 34.000000, 3.539809
41.000000, 34.000000, 3.254449
42.000000, 34.000000, 2.956808
0.000000, 35.000000, 4.956778
1.000000, 35.000000, 5.063238
2.000000, 35.000000, 5.181351
3.000000, 35.000000, 5.312708
4.000000, 35.000000, 5.459355
5.000000, 35.000000, 5.622645
6.000000, 35.000000, 5.801036
7.000000, 35.000000, 5.985102
8.000000, 35.000000, 6.142952
9.000000, 35.000000, 6.186668
10.000000, 35.000000, 5.947757
11.000000, 35.000000, 5.315376
12.000000, 35.000000, 4.450503
13.000000, 35.000000, 3.601633
14.000000, 35.000000, 2.896426
15.000000, 35.000000, 2.351095
16.000000, 35.000000, 1.954560
17.000000, 35.000000, 1.689276
18.000000, 35.000000, 1.535141
19.000000, 35.000000, 1.469385
20.000000, 35.000000, 1.469732
21.000000, 35.000000, 1.515853
22.000000, 35.000000, 1.586411
23.000000, 35.000000, 1.665881
24.000000, 35.000000, 1.750253
25.000000, 35.000000, 1.844557
26.000000, 35.000000, 1.951514
27.000000, 35.000000, 2.073191
28.000000, 35.000000, 2.212418
29.000000, 35.000000, 2.372939
30.000000, 35.000000, 2.559541
31.000000, 35.000000, 2.778316
32.000000, 35.000000, 3.036745
33.000000, 35.000000, 3.342757
34.000000, 35.000000, 3.693362
35.000000, 35.000000, 4.070564
36.000000, 35.000000, 4.445325
37.000000, 35.000000, 4.688566
38.000000, 35.000000, 4.634401
39.000000, 35.000000, 4.314048
40.000000, 35.000000, 3.898809
41.000000, 35.000000, 3.483274
42.000000, 35.000000, 3.089014
0.000000, 36.000000, 4.933975
1.000000, 36.000000, 5.037722
2.000000, 36.000000, 5.154215
3.000000, 36.000000, 5.286255
4.000000, 36.000000, 5.438113
5.000000, 36.000000, 5.615364
6.000000, 36.000000, 5.824281
7.000000, 36.000000, 6.070927
8.000000, 36.000000, 6.352152
9.000000, 36.000000, 6.606688
10.000000, 36.000000, 6.527412
11.000000, 36.000000, 5.667187
12.000000, 36.000000, 4.453697
13.000000, 36.000000, 3.399828
14.000000, 36.000000, 2.600795
15.000000, 36.000000, 2.016749
16.000000, 36.000000, 1.613345
17.000000, 36.000000, 1.363779
18.000000, 36.000000, 1.241880
19.000000, 36.000000, 1.216642
20.000000, 36.000000, 1.255489
21.000000, 36.000000, 1.327545
22.000000, 36.000000, 1.412026
23.000000, 36.000000, 1.506484
24.000000, 36.000000, 1.610524
25.000000, 36.000000, 1.724804
26.000000, 36.000000, 1.851298
27.000000, 36.000000, 1.992951
28.000000, 36.000000, 2.153546
29.000000, 36.000000, 2.337809
30.000000, 36.000000, 2.551716
31.000000, 36.000000, 2.803259
32.000000, 36.000000, 3.103854
33.000000, 36.000000, 3.469472
34.000000, 36.000000, 3.911717
35.000000, 36.000000, 4.441075
36.000000, 36.000000, 5.061126
37.000000, 36.000000, 5.557033
38.000000, 36.000000, 5.463969
39.000000, 36.000000, 4.869359
40.000000, 36.000000, 4.222761
41.000000, 36.000000, 3.667622
42.000000, 36.000000, 3.198877
0.000000, 37.000000, 4.895374
1.000000, 37.000000, 4.991650
2.000000, 37.000000, 5.099824
3.000000, 37.000000, 5.222922
4.000000, 37.000000, 5.365840
5.000000, 37.000000, 5.535697
6.000000, 37.000000, 5.743006
7.000000, 37.000000, 6.004250
8.000000, 37.000000, 6.344902
9.000000, 37.000000, 6.788857
10.000000, 37.000000, 5.923543
11.000000, 37.000000, 5.699310
12.000000, 37.000000, 4.271097
13.000000, 37.000000, 3.085847
14.000000, 37.000000, 2.242294
15.000000, 37.000000, 1.644343
16.000000, 37.000000, 1.245930
17.000000, 37.000000, 1.022049
18.000000, 37.000000, 0.945286
19.000000, 37.000000, 0.970492
20.000000, 37.000000, 1.042378
21.000000, 37.000000, 1.133384
22.000000, 37.000000, 1.238024
23.000000, 37.000000, 1.352298
24.000000, 37.000000, 1.474009
25.000000, 37.000000, 1.603682
26.000000, 37.000000, 1.744664
27.000000, 37.000000, 1.900979
28.000000, 37.000000, 2.077211
29.000000, 37.000000, 2.278781
30.000000, 37.000000, 2.512189
31.000000, 37.000000, 2.785565
32.000000, 37.000000, 3.111935
33.000000, 37.000000, 3.513690
34.000000, 37.000000, 4.015765
35.000000, 37.000000, 4.661358
36.000000, 37.000000, 5.538459
37.000000, 37.000000, 5.217652
38.000000, 37.000000, 5.642614
39.000000, 37.000000, 5.264631
40.000000, 37.000000, 4.412247
41.000000, 37.000000, 3.772275
42.000000, 37.000000, 3.252846
0.000000, 38.000000, 4.842034
1.000000, 38.000000, 4.926143
2.000000, 38.000000, 5.019223
3.000000, 38.000000, 5.123376
4.000000, 38.000000, 5.242091
5.000000, 38.000000, 5.380280
6.000000, 38.000000, 5.544794
7.000000, 38.000000, 5.744617
8.000000, 38.000000, 5.987441
9.000000, 38.000000, 6.249151
10.000000, 38.000000, 6.057942
11.000000, 38.000000, 5.138156
12.000000, 38.000000, 3.777911
13.000000, 38.000000, 2.664124
14.000000, 38.000000, 1.847424
15.000000, 38.000000, 1.258734
16.000000, 38.000000, 0.869065
17.000000, 38.000000, 0.676421
18.000000, 38.000000, 0.657081
19.000000, 38.000000, 0.729851
20.000000, 38.000000, 0.837974
21.000000, 38.000000, 0.958283
22.000000, 38.000000, 1.082482
23.000000, 38.000000, 1.209906
24.000000, 38.000000, 1.342783
25.000000, 38.000000, 1.483651
26.000000, 38.000000, 1.634583
27.000000, 38.000000, 1.799834
28.000000, 38.000000, 1.985139
29.000000, 38.000000, 2.196472
30.000000, 38.000000, 2.440702
31.000000, 38.000000, 2.723821
32.000000, 38.000000, 3.053278
33.000000, 38.000000, 3.456024
34.000000, 38.000000, 3.955866
35.000000, 38.000000, 4.587747
36.000000, 38.000000, 5.416272
37.000000, 38.000000, 5.613484
38.000000, 38.000000, 5.746100
39.000000, 38.000000, 5.154760
40.000000, 38.000000, 4.363174
41.000000, 38.000000, 3.744835
42.000000, 38.000000, 3.228737
0.000000, 39.000000, 4.776494
1.000000, 39.000000, 4.844572
2.000000, 39.000000, 4.917029
3.000000, 39.000000, 4.994178
4.000000, 39.000000, 5.076626
5.000000, 39.000000, 5.164489
6.000000, 39.000000, 5.256009
7.000000, 39.000000, 5.343450
8.000000, 39.000000, 5.400521
9.000000, 39.000000, 5.346256
10.000000, 39.000000, 4.988071
11.000000, 39.000000, 4.178084
12.000000, 39.000000, 3.157689
13.000000, 39.000000, 2.222375
14.000000, 39.000000, 1.475089
15.000000, 39.000000, 0.904056
16.000000, 39.000000, 0.508970
17.000000, 39.000000, 0.340485
18.000000, 39.000000, 0.390239
19.000000, 39.000000, 0.527351
20.000000, 39.000000, 0.675487
21.000000, 39.000000, 0.816704
22.000000, 39.000000, 0.951100
23.000000, 39.000000, 1.083187
24.000000, 39.000000, 1.218240
25.000000, 39.000000, 1.361287
26.000000, 39.000000, 1.516779
27.000000, 39.000000, 1.688196
28.000000, 39.000000, 1.878378
29.000000, 39.000000, 2.091760
30.000000, 39.000000, 2.334803
31.000000, 39.000000, 2.612216
32.000000, 39.000000, 2.928616
33.000000, 39.000000, 3.303589
34.000000, 39.000000, 3.746167
35.000000, 39.000000, 4.247894
36.000000, 39.000000, 4.798993
37.000000, 39.000000, 5.214215
38.000000, 39.000000, 5.136419
39.000000, 39.000000, 4.642273
40.000000, 39.000000, 4.085981
41.000000, 39.000000, 3.588748
42.000000, 39.000000, 3.132766
0.000000, 40.000000, 4.702496
1.000000, 40.000000, 4.751761
2.000000, 40.000000, 4.800673
3.000000, 40.000000, 4.846387
4.000000, 40.000000, 4.886703
5.000000, 40.000000, 4.916908
6.000000, 40.000000, 4.927836
7.000000, 40.000000, 4.901227
8.000000, 40.000000, 4.801069
9.000000, 40.000000, 4.563649
10.000000, 40.000000, 4.111519
11.000000, 40.000000, 3.432461
12.000000, 40.000000, 2.635946
13.000000, 40.000000, 1.860656
14.000000, 40.000000, 1.191334
15.000000, 40.000000, 0.643822
16.000000, 40.000000, 0.227327
17.000000, 40.000000, 0.053876
18.000000, 40.000000, 0.211062
19.000000, 40.000000, 0.403747
20.000000, 40.000000, 0.570240
21.000000, 40.000000, 0.715092
22.000000, 40.000000, 0.847034
23.000000, 40.000000, 0.974258
24.000000, 40.000000, 1.103871
25.000000, 40.000000, 1.241895
26.000000, 40.000000, 1.393159
27.000000, 40.000000, 1.561313
28.000000, 40.000000, 1.749537
29.000000, 40.000000, 1.960656
30.000000, 40.000000, 2.196715
31.000000, 40.000000, 2.460077
32.000000, 40.000000, 2.754980
33.000000, 40.000000, 3.084879
34.000000, 40.000000, 3.440799
35.000000, 40.000000, 3.805901
36.000000, 40.000000, 4.152935
37.000000, 40.000000, 4.369563
38.000000, 40.000000, 4.333732
39.000000, 40.000000, 4.076695
40.000000, 40.000000, 3.722631
41.000000, 40.000000, 3.355597
42.000000, 40.000000, 2.985589
0.000000, 41.000000, 4.584720
1.000000, 41.000000, 4.640113
2.000000, 41.000000, 4.676867
3.000000, 41.000000, 4.692787
4.000000, 41.000000, 4.691730
5.000000, 41.000000, 4.667731
6.000000, 41.000000, 4.608435
7.000000, 41.000000, 4.494201
8.000000, 41.000000, 4.295998
9.000000, 41.000000, 3.978396
10.000000, 41.000000, 3.516804
11.000000, 41.000000, 2.926941
12.000000, 41.000000, 2.272144
13.000000, 41.000000, 1.626389
14.000000, 41.000000, 1.040801
15.000000, 41.000000, 0.555758
16.000000, 41.000000, 0.196670
17.000000, 41.000000, 0.061100
18.000000, 41.000000, 0.204769
19.000000, 41.000000, 0.376504
20.000000, 41.000000, 0.524222
21.000000, 41.000000, 0.652098
22.000000, 41.000000, 0.768692
23.000000, 41.000000, 0.882146
24.000000, 41.000000, 0.999570
25.000000, 41.000000, 1.127348
26.000000, 41.000000, 1.270472
27.000000, 41.000000, 1.431086
28.000000, 41.000000, 1.610610
29.000000, 41.000000, 1.810753
30.000000, 41.000000, 2.032052
31.000000, 41.000000, 2.274816
32.000000, 41.000000, 2.533983
33.000000, 41.000000, 2.808784
34.000000, 41.000000, 3.098946
35.000000, 41.000000, 3.374635
36.000000, 41.000000, 3.610072
37.000000, 41.000000, 3.738811
38.000000, 41.000000, 3.726758
39.000000, 41.000000, 3.586470
40.000000, 41.000000, 3.364255
41.000000, 41.000000, 3.100905
42.000000, 41.000000, 2.810874
0.000000, 42.000000, 4.472708
1.000000, 42.000000, 4.509278
2.000000, 42.000000, 4.533298
3.000000, 42.000000, 4.536738
4.000000, 42.000000, 4.507302
5.000000, 42.000000, 4.440235
6.000000, 42.000000, 4.328689
7.000000, 42.000000, 4.157506
8.000000, 42.000000, 3.907898
9.000000, 42.000000, 3.563647
10.000000, 42.000000, 3.121816
11.000000, 42.000000, 2.603433
12.000000, 42.000000, 2.052621
13.000000, 42.000000, 1.518403
14.000000, 42.000000, 1.027017
15.000000, 42.000000, 0.632852
16.000000, 42.000000, 0.367072
17.000000, 42.000000, 0.269560
18.000000, 42.000000, 0.318426
19.000000, 42.000000, 0.419012
20.000000, 42.000000, 0.521987
21.000000, 42.000000, 0.618021
22.000000, 42.000000, 0.710045
23.000000, 42.000000, 0.803624
24.000000, 42.000000, 0.904150
25.000000, 42.000000, 1.017579
26.000000, 42.000000, 1.151530
27.000000, 42.000000, 1.303595
28.000000, 42.000000, 1.472665
29.000000, 42.000000, 1.658249
30.000000, 42.000000, 1.855827
31.000000, 42.000000, 2.062186
32.000000, 42.000000, 2.283419
33.000000, 42.000000, 2.520146
34.000000, 42.000000, 2.762658
35.000000, 42.000000, 2.980959
36.000000, 42.000000, 3.147157
37.000000, 42.000000, 3.236394
38.000000, 42.000000, 3.243705
39.000000, 42.000000, 3.169574
40.000000, 42.000000, 3.032902
41.000000, 42.000000, 2.847594
42.000000, 42.000000, 2.626044
