S
I=43,J=43
0.000000, 0.000000, 2.517265
1.000000, 0.000000, 2.497836
2.000000, 0.000000, 2.474058
3.000000, 0.000000, 2.445239
4.000000, 0.000000, 2.410630
5.000000, 0.000000, 2.369442
6.000000, 0.000000, 2.320889
7.000000, 0.000000, 2.264247
8.000000, 0.000000, 2.198972
9.000000, 0.000000, 2.124851
10.000000, 0.000000, 2.041351
11.000000, 0.000000, 1.950620
12.000000, 0.000000, 1.853154
13.000000, 0.000000, 1.749746
14.000000, 0.000000, 1.641478
15.000000, 0.000000, 1.529740
16.000000, 0.000000, 1.416257
17.000000, 0.000000, 1.303127
18.000000, 0.000000, 1.192878
19.000000, 0.000000, 1.088524
20.000000, 0.000000, 0.993592
21.000000, 0.000000, 0.912087
22.000000, 0.000000, 0.848298
23.000000, 0.000000, 0.806312
24.000000, 0.000000, 0.789226
25.000000, 0.000000, 0.798308
26.000000, 0.000000, 0.832626
27.000000, 0.000000, 0.889419
28.000000, 0.000000, 0.964979
29.000000, 0.000000, 1.055477
30.000000, 0.000000, 1.157479
31.000000, 0.000000, 1.268091
32.000000, 0.000000, 1.384899
33.000000, 0.000000, 1.505861
34.000000, 0.000000, 1.643181
35.000000, 0.000000, 1.786773
36.000000, 0.000000, 1.923383
37.000000, 0.000000, 2.048914
38.000000, 0.000000, 2.159751
39.000000, 0.000000, 2.253165
40.000000, 0.000000, 2.327652
41.000000, 0.000000, 2.400596
42.000000, 0.000000, 2.451278
0.000000, 1.000000, 2.595170
1.000000, 1.000000, 2.578521
2.000000, 1.000000, 2.557120
3.000000, 1.000000, 2.530305
4.000000, 1.000000, 2.497187
5.000000, 1.000000, 2.456793
6.000000, 1.000000, 2.408091
7.000000, 1.000000, 2.350057
8.000000, 1.000000, 2.281805
9.000000, 1.000000, 2.203187
10.000000, 1.000000, 2.115356
11.000000, 1.000000, 2.018766
12.000000, 1.000000, 1.913888
13.000000, 1.000000, 1.801526
14.000000, 1.000000, 1.682798
15.000000, 1.000000, 1.559149
16.000000, 1.000000, 1.432388
17.000000, 1.000000, 1.304761
18.000000, 1.000000, 1.179034
19.000000, 1.000000, 1.058595
20.000000, 1.000000, 0.947568
21.000000, 1.000000, 0.850895
22.000000, 1.000000, 0.774233
23.000000, 1.000000, 0.723409
24.000000, 1.000000, 0.703147
25.000000, 1.000000, 0.715466
26.000000, 1.000000, 0.758855
27.000000, 1.000000, 0.829043
28.000000, 1.000000, 0.920690
29.000000, 1.000000, 1.028795
30.000000, 1.000000, 1.149289
31.000000, 1.000000, 1.279049
32.000000, 1.000000, 1.415729
33.000000, 1.000000, 1.564392
34.000000, 1.000000, 1.732680
35.000000, 1.000000, 1.899686
36.000000, 1.000000, 2.058049
37.000000, 1.000000, 2.202513
38.000000, 1.000000, 2.328379
39.000000, 1.000000, 2.432220
40.000000, 1.000000, 2.512692
41.000000, 1.000000, 2.576697
42.000000, 1.000000, 2.626231
0.000000, 2.000000, 2.679820
1.000000, 2.000000, 2.666306
2.000000, 2.000000, 2.647796
3.000000, 2.000000, 2.623552
4.000000, 2.000000, 2.592546
5.000000, 2.000000, 2.553611
6.000000, 2.000000, 2.505442
7.000000, 2.000000, 2.446646
8.000000, 2.000000, 2.375945
9.000000, 2.000000, 2.294149
10.000000, 2.000000, 2.202216
11.000000, 2.000000, 2.099760
12.000000, 2.000000, 1.987226
13.000000, 2.000000, 1.865433
14.000000, 2.000000, 1.735526
15.000000, 2.000000, 1.598969
16.000000, 2.000000, 1.457613
17.000000, 2.000000, 1.313795
18.000000, 2.000000, 1.170460
19.000000, 2.000000, 1.031307
20.000000, 2.000000, 0.901003
21.000000, 2.000000, 0.785455
22.000000, 2.000000, 0.692028
23.000000, 2.000000, 0.629152
24.000000, 2.000000, 0.604400
25.000000, 2.000000, 0.621186
26.000000, 2.000000, 0.676803
27.000000, 2.000000, 0.764175
28.000000, 2.000000, 0.875402
29.000000, 2.000000, 1.004016
30.000000, 2.000000, 1.145454
31.000000, 2.000000, 1.296650
32.000000, 2.000000, 1.456993
33.000000, 2.000000, 1.642596
34.000000, 2.000000, 1.840716
35.000000, 2.000000, 2.035267
36.000000, 2.000000, 2.219550
37.000000, 2.000000, 2.386520
38.000000, 2.000000, 2.529705
39.000000, 2.000000, 2.644481
40.000000, 2.000000, 2.729035
41.000000, 2.000000, 2.785471
42.000000, 2.000000, 2.825212
0.000000, 3.000000, 2.771617
1.000000, 3.000000, 2.761742
2.000000, 3.000000, 2.746669
3.000000, 3.000000, 2.725607
4.000000, 3.000000, 2.697412
5.000000, 3.000000, 2.660733
6.000000, 3.000000, 2.613976
7.000000, 3.000000, 2.555324
8.000000, 3.000000, 2.483213
9.000000, 3.000000, 2.399613
10.000000, 3.000000, 2.304047
11.000000, 3.000000, 2.195873
12.000000, 3.000000, 2.075577
13.000000, 3.000000, 1.944046
14.000000, 3.000000, 1.802431
15.000000, 3.000000, 1.652164
16.000000, 3.000000, 1.495075
17.000000, 3.000000, 1.333527
18.000000, 3.000000, 1.170581
19.000000, 3.000000, 1.010150
20.000000, 3.000000, 0.857286
21.000000, 3.000000, 0.718685
22.000000, 3.000000, 0.603529
23.000000, 3.000000, 0.523980
24.000000, 3.000000, 0.492807
25.000000, 3.000000, 0.516294
26.000000, 3.000000, 0.589047
27.000000, 3.000000, 0.698605
28.000000, 3.000000, 0.833236
29.000000, 3.000000, 0.985034
30.000000, 3.000000, 1.149438
31.000000, 3.000000, 1.324049
32.000000, 3.000000, 1.516378
33.000000, 3.000000, 1.740539
34.000000, 3.000000, 1.970834
35.000000, 3.000000, 2.198105
36.000000, 3.000000, 2.413883
37.000000, 3.000000, 2.608197
38.000000, 3.000000, 2.771540
39.000000, 3.000000, 2.897227
40.000000, 3.000000, 2.983069
41.000000, 3.000000, 3.031521
42.000000, 3.000000, 3.051795
0.000000, 4.000000, 2.871005
1.000000, 4.000000, 2.865285
2.000000, 4.000000, 2.854219
3.000000, 4.000000, 2.836987
4.000000, 4.000000, 2.812364
5.000000, 4.000000, 2.778854
6.000000, 4.000000, 2.734610
7.000000, 4.000000, 2.677357
8.000000, 4.000000, 2.605523
9.000000, 4.000000, 2.521485
10.000000, 4.000000, 2.422954
11.000000, 4.000000, 2.309349
12.000000, 4.000000, 2.181354
13.000000, 4.000000, 2.040006
14.000000, 4.000000, 1.886427
15.000000, 4.000000, 1.721929
16.000000, 4.000000, 1.548225
17.000000, 4.000000, 1.367651
18.000000, 4.000000, 1.183322
19.000000, 4.000000, 0.999296
20.000000, 4.000000, 0.820802
21.000000, 4.000000, 0.654836
22.000000, 4.000000, 0.511812
23.000000, 4.000000, 0.408569
24.000000, 4.000000, 0.367729
25.000000, 4.000000, 0.402260
26.000000, 4.000000, 0.500049
27.000000, 4.000000, 0.637993
28.000000, 4.000000, 0.799506
29.000000, 4.000000, 0.976219
30.000000, 4.000000, 1.164629
31.000000, 4.000000, 1.364673
32.000000, 4.000000, 1.597843
33.000000, 4.000000, 1.858126
34.000000, 4.000000, 2.125276
35.000000, 4.000000, 2.392143
36.000000, 4.000000, 2.647481
37.000000, 4.000000, 2.876371
38.000000, 4.000000, 3.063947
39.000000, 4.000000, 3.199917
40.000000, 4.000000, 3.281875
41.000000, 4.000000, 3.315257
42.000000, 4.000000, 3.310708
0.000000, 5.000000, 2.978476
1.000000, 5.000000, 2.977446
2.000000, 5.000000, 2.970956
3.000000, 5.000000, 2.958195
4.000000, 5.000000, 2.937903
5.000000, 5.000000, 2.908524
6.000000, 5.000000, 2.868049
7.000000, 5.000000, 2.813837
8.000000, 5.000000, 2.744601
9.000000, 5.000000, 2.661765
10.000000, 5.000000, 2.561188
11.000000, 5.000000, 2.442515
12.000000, 5.000000, 2.307088
13.000000, 5.000000, 2.156220
14.000000, 5.000000, 1.990870
15.000000, 5.000000, 1.812041
16.000000, 5.000000, 1.621227
17.000000, 5.000000, 1.420685
18.000000, 5.000000, 1.213601
19.000000, 5.000000, 1.004193
20.000000, 5.000000, 0.797811
21.000000, 5.000000, 0.601129
22.000000, 5.000000, 0.423867
23.000000, 5.000000, 0.286190
24.000000, 5.000000, 0.229253
25.000000, 5.000000, 0.284128
26.000000, 5.000000, 0.419248
27.000000, 5.000000, 0.591430
28.000000, 5.000000, 0.781220
29.000000, 5.000000, 0.982512
30.000000, 5.000000, 1.194312
31.000000, 5.000000, 1.423530
32.000000, 5.000000, 1.698357
33.000000, 5.000000, 1.995263
34.000000, 5.000000, 2.304718
35.000000, 5.000000, 2.620530
36.000000, 5.000000, 2.927708
37.000000, 5.000000, 3.202742
38.000000, 5.000000, 3.421006
39.000000, 5.000000, 3.565407
40.000000, 5.000000, 3.633987
41.000000, 5.000000, 3.639049
42.000000, 5.000000, 3.599333
0.000000, 6.000000, 3.094604
1.000000, 6.000000, 3.098805
2.000000, 6.000000, 3.097448
3.000000, 6.000000, 3.089751
4.000000, 6.000000, 3.074473
5.000000, 6.000000, 3.050058
6.000000, 6.000000, 3.014472
7.000000, 6.000000, 2.964957
8.000000, 6.000000, 2.901070
9.000000, 6.000000, 2.821610
10.000000, 6.000000, 2.719924
11.000000, 6.000000, 2.596535
12.000000, 6.000000, 2.454638
13.000000, 6.000000, 2.295487
14.000000, 6.000000, 2.119445
15.000000, 6.000000, 1.926930
16.000000, 6.000000, 1.719043
17.000000, 6.000000, 1.498069
18.000000, 6.000000, 1.267384
19.000000, 6.000000, 1.031527
20.000000, 6.000000, 0.796350
21.000000, 6.000000, 0.568496
22.000000, 6.000000, 0.354122
23.000000, 6.000000, 0.168227
24.000000, 6.000000, 0.080001
25.000000, 6.000000, 0.177215
26.000000, 6.000000, 0.364160
27.000000, 6.000000, 0.570850
28.000000, 6.000000, 0.785741
29.000000, 6.000000, 1.008224
30.000000, 6.000000, 1.240759
31.000000, 6.000000, 1.503175
32.000000, 6.000000, 1.813944
33.000000, 6.000000, 2.149312
34.000000, 6.000000, 2.507175
35.000000, 6.000000, 2.884350
36.000000, 6.000000, 3.261850
37.000000, 6.000000, 3.602646
38.000000, 6.000000, 3.863003
39.000000, 6.000000, 4.011166
40.000000, 6.000000, 4.048057
41.000000, 6.000000, 4.002361
42.000000, 6.000000, 3.908856
0.000000, 7.000000, 3.220089
1.000000, 7.000000, 3.230006
2.000000, 7.000000, 3.233745
3.000000, 7.000000, 3.229517
4.000000, 7.000000, 3.215113
5.000000, 7.000000, 3.189497
6.000000, 7.000000, 3.152710
7.000000, 7.000000, 3.103250
8.000000, 7.000000, 3.043759
9.000000, 7.000000, 2.970649
10.000000, 7.000000, 2.868809
11.000000, 7.000000, 2.742425
12.000000, 7.000000, 2.599128
13.000000, 7.000000, 2.438701
14.000000, 7.000000, 2.259704
15.000000, 7.000000, 2.060744
16.000000, 7.000000, 1.841674
17.000000, 7.000000, 1.603875
18.000000, 7.000000, 1.351143
19.000000, 7.000000, 1.089166
20.000000, 7.000000, 0.825528
21.000000, 7.000000, 0.570761
22.000000, 7.000000, 0.327453
23.000000, 7.000000, 0.095158
24.000000, 7.000000, -0.044857
25.000000, 7.000000, 0.124652
26.000000, 7.000000, 0.356916
27.000000, 7.000000, 0.586610
28.000000, 7.000000, 0.818183
29.000000, 7.000000, 1.055414
30.000000, 7.000000, 1.304414
31.000000, 7.000000, 1.598374
32.000000, 7.000000, 1.938253
33.000000, 7.000000, 2.312261
34.000000, 7.000000, 2.725515
35.000000, 7.000000, 3.178203
36.000000, 7.000000, 3.651993
37.000000, 7.000000, 4.094624
38.000000, 7.000000, 4.420313
39.000000, 7.000000, 4.560307
40.000000, 7.000000, 4.528246
41.000000, 7.000000, 4.394587
42.000000, 7.000000, 4.222137
0.000000, 8.000000, 3.355788
1.000000, 8.000000, 3.355421
2.000000, 8.000000, 3.348991
3.000000, 8.000000, 3.335216
4.000000, 8.000000, 3.315499
5.000000, 8.000000, 3.289330
6.000000, 8.000000, 3.255279
7.000000, 8.000000, 3.211498
8.000000, 8.000000, 3.161212
9.000000, 8.000000, 3.103142
10.000000, 8.000000, 3.004205
11.000000, 8.000000, 2.880024
12.000000, 8.000000, 2.740937
13.000000, 8.000000, 2.583549
14.000000, 8.000000, 2.404447
15.000000, 8.000000, 2.201409
16.000000, 8.000000, 1.974204
17.000000, 8.000000, 1.725020
18.000000, 8.000000, 1.458225
19.000000, 8.000000, 1.179451
20.000000, 8.000000, 0.895094
21.000000, 8.000000, 0.623219
22.000000, 8.000000, 0.370167
23.000000, 8.000000, 0.142939
24.000000, 8.000000, 0.037664
25.000000, 8.000000, 0.184230
26.000000, 8.000000, 0.409721
27.000000, 8.000000, 0.642913
28.000000, 8.000000, 0.879396
29.000000, 8.000000, 1.122681
30.000000, 8.000000, 1.382902
31.000000, 8.000000, 1.699248
32.000000, 8.000000, 2.060152
33.000000, 8.000000, 2.467473
34.000000, 8.000000, 2.934693
35.000000, 8.000000, 3.473514
36.000000, 8.000000, 4.079735
37.000000, 8.000000, 4.693463
38.000000, 8.000000, 5.140172
39.000000, 8.000000, 5.237803
40.000000, 8.000000, 5.057807
41.000000, 8.000000, 4.781362
42.000000, 8.000000, 4.505358
0.000000, 9.000000, 3.441886
1.000000, 9.000000, 3.438830
2.000000, 9.000000, 3.432650
3.000000, 9.000000, 3.422565
4.000000, 9.000000, 3.407706
5.000000, 9.000000, 3.386926
6.000000, 9.000000, 3.358646
7.000000, 9.000000, 3.320828
8.000000, 9.000000, 3.276438
9.000000, 9.000000, 3.220668
10.000000, 9.000000, 3.138402
11.000000, 9.000000, 3.032219
12.000000, 9.000000, 2.907278
13.000000, 9.000000, 2.760695
14.000000, 9.000000, 2.587781
15.000000, 9.000000, 2.384880
16.000000, 9.000000, 2.151075
17.000000, 9.000000, 1.889220
18.000000, 9.000000, 1.605995
19.000000, 9.000000, 1.311098
20.000000, 9.000000, 1.016832
21.000000, 9.000000, 0.738961
22.000000, 9.000000, 0.489714
23.000000, 9.000000, 0.294739
24.000000, 9.000000, 0.228257
25.000000, 9.000000, 0.329793
26.000000, 9.000000, 0.519246
27.000000, 9.000000, 0.736453
28.000000, 9.000000, 0.965210
29.000000, 9.000000, 1.204709
30.000000, 9.000000, 1.469292
31.000000, 9.000000, 1.794118
32.000000, 9.000000, 2.164257
33.000000, 9.000000, 2.591395
34.000000, 9.000000, 3.097736
35.000000, 9.000000, 3.712945
36.000000, 9.000000, 4.470041
37.000000, 9.000000, 5.361429
38.000000, 9.000000, 6.060729
39.000000, 9.000000, 6.022904
40.000000, 9.000000, 5.548562
41.000000, 9.000000, 5.084120
42.000000, 9.000000, 4.703731
0.000000, 10.000000, 3.517980
1.000000, 10.000000, 3.519370
2.000000, 10.000000, 3.517853
3.000000, 10.000000, 3.512722
4.000000, 10.000000, 3.503177
5.000000, 10.000000, 3.488139
6.000000, 10.000000, 3.466018
7.000000, 10.000000, 3.434633
8.000000, 10.000000, 3.396952
9.000000, 10.000000, 3.349994
10.000000, 10.000000, 3.286565
11.000000, 10.000000, 3.204862
12.000000, 10.000000, 3.103471
13.000000, 10.000000, 2.977480
14.000000, 10.000000, 2.819917
15.000000, 10.000000, 2.624633
16.000000, 10.000000, 2.389165
17.000000, 10.000000, 2.116981
18.000000, 10.000000, 1.818039
19.000000, 10.000000, 1.507308
20.000000, 10.000000, 1.202449
21.000000, 10.000000, 0.921860
22.000000, 10.000000, 0.684254
23.000000, 10.000000, 0.515221
24.000000, 10.000000, 0.451668
25.000000, 10.000000, 0.512897
26.000000, 10.000000, 0.663715
27.000000, 10.000000, 0.855385
28.000000, 10.000000, 1.066460
29.000000, 10.000000, 1.292663
30.000000, 10.000000, 1.552235
31.000000, 10.000000, 1.870263
32.000000, 10.000000, 2.233729
33.000000, 10.000000, 2.658670
34.000000, 10.000000, 3.171614
35.000000, 10.000000, 3.813168
36.000000, 10.000000, 4.647423
37.000000, 10.000000, 5.749226
38.000000, 10.000000, 5.415035
39.000000, 10.000000, 6.459978
40.000000, 10.000000, 5.762220
41.000000, 10.000000, 5.182416
42.000000, 10.000000, 4.753953
0.000000, 11.000000, 3.596174
1.000000, 11.000000, 3.602269
2.000000, 11.000000, 3.605690
3.000000, 11.000000, 3.605810
4.000000, 11.000000, 3.601986
5.000000, 11.000000, 3.593332
6.000000, 11.000000, 3.578473
7.000000, 11.000000, 3.555537
8.000000, 11.000000, 3.528114
9.000000, 11.000000, 3.495937
10.000000, 11.000000, 3.455002
11.000000, 11.000000, 3.402830
12.000000, 11.000000, 3.334383
13.000000, 11.000000, 3.240957
14.000000, 11.000000, 3.111275
15.000000, 11.000000, 2.934308
16.000000, 11.000000, 2.703674
17.000000, 11.000000, 2.422340
18.000000, 11.000000, 2.104571
19.000000, 11.000000, 1.772862
20.000000, 11.000000, 1.452088
21.000000, 11.000000, 1.165257
22.000000, 11.000000, 0.933099
23.000000, 11.000000, 0.775862
24.000000, 11.000000, 0.709988
25.000000, 11.000000, 0.735507
26.000000, 11.000000, 0.833875
27.000000, 11.000000, 0.986069
28.000000, 11.000000, 1.171194
29.000000, 11.000000, 1.375634
30.000000, 11.000000, 1.619399
31.000000, 11.000000, 1.915729
32.000000, 11.000000, 2.254487
33.000000, 11.000000, 2.650642
34.000000, 11.000000, 3.127170
35.000000, 11.000000, 3.716673
36.000000, 11.000000, 4.460322
37.000000, 11.000000, 5.369318
38.000000, 11.000000, 6.084469
39.000000, 11.000000, 6.012550
40.000000, 11.000000, 5.480409
41.000000, 11.000000, 4.997663
42.000000, 11.000000, 4.620296
0.000000, 12.000000, 3.676236
1.000000, 12.000000, 3.687334
2.000000, 12.000000, 3.695971
3.000000, 12.000000, 3.701641
4.000000, 12.000000, 3.703989
5.000000, 12.000000, 3.702531
6.000000, 12.000000, 3.696368
7.000000, 12.000000, 3.684205
8.000000, 12.000000, 3.669957
9.000000, 12.000000, 3.656000
10.000000, 12.000000, 3.641592
11.000000, 12.000000, 3.626038
12.000000, 12.000000, 3.602051
13.000000, 12.000000, 3.556871
14.000000, 12.000000, 3.473233
15.000000, 12.000000, 3.331466
16.000000, 12.000000, 3.115858
17.000000, 12.000000, 2.825047
18.000000, 12.000000, 2.478987
19.000000, 12.000000, 2.112885
20.000000, 12.000000, 1.763055
21.000000, 12.000000, 1.457851
22.000000, 12.000000, 1.217028
23.000000, 12.000000, 1.053766
24.000000, 12.000000, 0.973706
25.000000, 12.000000, 0.971310
26.000000, 12.000000, 1.030711
27.000000, 12.000000, 1.133817
28.000000, 12.000000, 1.271696
29.000000, 12.000000, 1.443098
30.000000, 12.000000, 1.659926
31.000000, 12.000000, 1.921656
32.000000, 12.000000, 2.218953
33.000000, 12.000000, 2.562451
34.000000, 12.000000, 2.966544
35.000000, 12.000000, 3.446227
36.000000, 12.000000, 4.004606
37.000000, 12.000000, 4.589853
38.000000, 12.000000, 5.016488
39.000000, 12.000000, 5.076546
40.000000, 12.000000, 4.863459
41.000000, 12.000000, 4.581053
42.000000, 12.000000, 4.322241
0.000000, 13.000000, 3.757823
1.000000, 13.000000, 3.774260
2.000000, 13.000000, 3.788363
3.000000, 13.000000, 3.799756
4.000000, 13.000000, 3.808584
5.000000, 13.000000, 3.815043
6.000000, 13.000000, 3.818934
7.000000, 13.000000, 3.819641
8.000000, 13.000000, 3.820766
9.000000, 13.000000, 3.826485
10.000000, 13.000000, 3.840622
11.000000, 13.000000, 3.870045
12.000000, 13.000000, 3.903512
13.000000, 13.000000, 3.926364
14.000000, 13.000000, 3.915361
15.000000, 13.000000, 3.837783
16.000000, 13.000000, 3.656917
17.000000, 13.000000, 3.354915
18.000000, 13.000000, 2.959520
19.000000, 13.000000, 2.532298
20.000000, 13.000000, 2.130351
21.000000, 13.000000, 1.788265
22.000000, 13.000000, 1.522269
23.000000, 13.000000, 1.337854
24.000000, 13.000000, 1.233166
25.000000, 13.000000, 1.199444
26.000000, 13.000000, 1.222304
27.000000, 13.000000, 1.286034
28.000000, 13.000000, 1.378141
29.000000, 13.000000, 1.494894
30.000000, 13.000000, 1.667402
31.000000, 13.000000, 1.884020
32.000000, 13.000000, 2.127949
33.000000, 13.000000, 2.405005
34.000000, 13.000000, 2.722154
35.000000, 13.000000, 3.081580
36.000000, 13.000000, 3.471040
37.000000, 13.000000, 3.844987
38.000000, 13.000000, 4.118901
39.000000, 13.000000, 4.223100
40.000000, 13.000000, 4.176761
41.000000, 13.000000, 4.055514
42.000000, 13.000000, 3.919160
0.000000, 14.000000, 3.840374
1.000000, 14.000000, 3.862573
2.000000, 14.000000, 3.882345
3.000000, 14.000000, 3.899310
4.000000, 14.000000, 3.914524
5.000000, 14.000000, 3.929250
6.000000, 14.000000, 3.944187
7.000000, 14.000000, 3.959588
8.000000, 14.000000, 3.978630
9.000000, 14.000000, 4.006277
10.000000, 14.000000, 4.046926
11.000000, 14.000000, 4.130211
12.000000, 14.000000, 4.228743
13.000000, 14.000000, 4.339815
14.000000, 14.000000, 4.436420
15.000000, 14.000000, 4.474402
16.000000, 14.000000, 4.373498
17.000000, 14.000000, 4.058318
18.000000, 14.000000, 3.566964
19.000000, 14.000000, 3.029260
20.000000, 14.000000, 2.541584
21.000000, 14.000000, 2.141231
22.000000, 14.000000, 1.834828
23.000000, 14.000000, 1.617542
24.000000, 14.000000, 1.480272
25.000000, 14.000000, 1.411913
26.000000, 14.000000, 1.397555
27.000000, 14.000000, 1.421441
28.000000, 14.000000, 1.471392
29.000000, 14.000000, 1.541072
30.000000, 14.000000, 1.653613
31.000000, 14.000000, 1.810268
32.000000, 14.000000, 1.998614
33.000000, 14.000000, 2.210225
34.000000, 14.000000, 2.445768
35.000000, 14.000000, 2.702613
36.000000, 14.000000, 2.968500
37.000000, 14.000000, 3.216619
38.000000, 14.000000, 3.409565
39.000000, 14.000000, 3.519806
40.000000, 14.000000, 3.550244
41.000000, 14.000000, 3.528290
42.000000, 14.000000, 3.484305
0.000000, 15.000000, 3.922900
1.000000, 15.000000, 3.951478
2.000000, 15.000000, 3.977192
3.000000, 15.000000, 3.998878
4.000000, 15.000000, 4.019752
5.000000, 15.000000, 4.042558
6.000000, 15.000000, 4.068790
7.000000, 15.000000, 4.099771
8.000000, 15.000000, 4.139060
9.000000, 15.000000, 4.194721
10.000000, 15.000000, 4.276536
11.000000, 15.000000, 4.399648
12.000000, 15.000000, 4.561980
13.000000, 15.000000, 4.764420
14.000000, 15.000000, 5.000199
15.000000, 15.000000, 5.235075
16.000000, 15.000000, 5.329508
17.000000, 15.000000, 5.004244
18.000000, 15.000000, 4.303915
19.000000, 15.000000, 3.575684
20.000000, 15.000000, 2.967089
21.000000, 15.000000, 2.492936
22.000000, 15.000000, 2.137591
23.000000, 15.000000, 1.881995
24.000000, 15.000000, 1.708466
25.000000, 15.000000, 1.604353
26.000000, 15.000000, 1.552692
27.000000, 15.000000, 1.536710
28.000000, 15.000000, 1.544291
29.000000, 15.000000, 1.569021
30.000000, 15.000000, 1.632545
31.000000, 15.000000, 1.724039
32.000000, 15.000000, 1.843683
33.000000, 15.000000, 1.991623
34.000000, 15.000000, 2.154524
35.000000, 15.000000, 2.328609
36.000000, 15.000000, 2.506518
37.000000, 15.000000, 2.675117
38.000000, 15.000000, 2.818256
39.000000, 15.000000, 2.924039
40.000000, 15.000000, 2.991372
41.000000, 15.000000, 3.029348
42.000000, 15.000000, 3.052072
0.000000, 16.000000, 4.003603
1.000000, 16.000000, 4.038909
2.000000, 16.000000, 4.071646
3.000000, 16.000000, 4.095718
4.000000, 16.000000, 4.121360
5.000000, 16.000000, 4.151676
6.000000, 16.000000, 4.188362
7.000000, 16.000000, 4.233689
8.000000, 16.000000, 4.291862
9.000000, 16.000000, 4.372139
10.000000, 16.000000, 4.484785
11.000000, 16.000000, 4.641278
12.000000, 16.000000, 4.851824
13.000000, 16.000000, 5.130280
14.000000, 16.000000, 5.497908
15.000000, 16.000000, 5.980110
16.000000, 16.000000, 6.205616
17.000000, 16.000000, 5.795837
18.000000, 16.000000, 5.053595
19.000000, 16.000000, 4.080941
20.000000, 16.000000, 3.351798
21.000000, 16.000000, 2.810107
22.000000, 16.000000, 2.410349
23.000000, 16.000000, 2.119931
24.000000, 16.000000, 1.914838
25.000000, 16.000000, 1.776721
26.000000, 16.000000, 1.687825
27.000000, 16.000000, 1.631233
28.000000, 16.000000, 1.595610
29.000000, 16.000000, 1.575318
30.000000, 16.000000, 1.591192
31.000000, 16.000000, 1.630853
32.000000, 16.000000, 1.682718
33.000000, 16.000000, 1.759034
34.000000, 16.000000, 1.859270
35.000000, 16.000000, 1.968440
36.000000, 16.000000, 2.083035
37.000000, 16.000000, 2.198436
38.000000, 16.000000, 2.308561
39.000000, 16.000000, 2.408080
40.000000, 16.000000, 2.494699
41.000000, 16.000000, 2.570575
42.000000, 16.000000, 2.652085
0.000000, 17.000000, 4.080316
1.000000, 17.000000, 4.119102
2.000000, 17.000000, 4.155541
3.000000, 17.000000, 4.184949
4.000000, 17.000000, 4.216365
5.000000, 17.000000, 4.253485
6.000000, 17.000000, 4.298596
7.000000, 17.000000, 4.354695
8.000000, 17.000000, 4.426262
9.000000, 17.000000, 4.521189
10.000000, 17.000000, 4.649637
11.000000, 17.000000, 4.822558
12.000000, 17.000000, 5.053102
13.000000, 17.000000, 5.359608
14.000000, 17.000000, 5.769734
15.000000, 17.000000, 6.319902
16.000000, 17.000000, 6.550511
17.000000, 17.000000, 6.117182
18.000000, 17.000000, 5.432143
19.000000, 17.000000, 4.399228
20.000000, 17.000000, 3.630196
21.000000, 17.000000, 3.059165
22.000000, 17.000000, 2.634747
23.000000, 17.000000, 2.320594
24.000000, 17.000000, 2.089828
25.000000, 17.000000, 1.920535
26.000000, 17.000000, 1.795023
27.000000, 17.000000, 1.699680
28.000000, 17.000000, 1.623940
29.000000, 17.000000, 1.561400
30.000000, 17.000000, 1.531583
31.000000, 17.000000, 1.523868
32.000000, 17.000000, 1.523614
33.000000, 17.000000, 1.532764
34.000000, 17.000000, 1.567257
35.000000, 17.000000, 1.624080
36.000000, 17.000000, 1.691527
37.000000, 17.000000, 1.769662
38.000000, 17.000000, 1.857580
39.000000, 17.000000, 1.952768
40.000000, 17.000000, 2.052413
41.000000, 17.000000, 2.164907
42.000000, 17.000000, 2.297092
0.000000, 18.000000, 4.153177
1.000000, 18.000000, 4.192693
2.000000, 18.000000, 4.230562
3.000000, 18.000000, 4.266406
4.000000, 18.000000, 4.303732
5.000000, 18.000000, 4.346142
6.000000, 18.000000, 4.396578
7.000000, 18.000000, 4.458355
8.000000, 18.000000, 4.535802
9.000000, 18.000000, 4.634470
10.000000, 18.000000, 4.762925
11.000000, 18.000000, 4.930359
12.000000, 18.000000, 5.146406
13.000000, 18.000000, 5.421144
14.000000, 18.000000, 5.759536
15.000000, 18.000000, 6.133810
16.000000, 18.000000, 6.376762
17.000000, 18.000000, 6.096756
18.000000, 18.000000, 5.311006
19.000000, 18.000000, 4.470051
20.000000, 18.000000, 3.770298
21.000000, 18.000000, 3.222832
22.000000, 18.000000, 2.800473
23.000000, 18.000000, 2.474324
24.000000, 18.000000, 2.222655
25.000000, 18.000000, 2.026777
26.000000, 18.000000, 1.871271
27.000000, 18.000000, 1.743447
28.000000, 18.000000, 1.632956
29.000000, 18.000000, 1.532650
30.000000, 18.000000, 1.460341
31.000000, 18.000000, 1.409787
32.000000, 18.000000, 1.363136
33.000000, 18.000000, 1.321580
34.000000, 18.000000, 1.292014
35.000000, 18.000000, 1.295430
36.000000, 18.000000, 1.325461
37.000000, 18.000000, 1.376590
38.000000, 18.000000, 1.450680
39.000000, 18.000000, 1.546058
40.000000, 18.000000, 1.665131
41.000000, 18.000000, 1.818568
42.000000, 18.000000, 1.983166
0.000000, 19.000000, 4.224274
1.000000, 19.000000, 4.264693
2.000000, 19.000000, 4.304310
3.000000, 19.000000, 4.343550
4.000000, 19.000000, 4.384396
5.000000, 19.000000, 4.429455
6.000000, 19.000000, 4.481436
7.000000, 19.000000, 4.543346
8.000000, 19.000000, 4.618831
9.000000, 19.000000, 4.711385
10.000000, 19.000000, 4.825757
11.000000, 19.000000, 4.968457
12.000000, 19.000000, 5.142854
13.000000, 19.000000, 5.347425
14.000000, 19.000000, 5.566480
15.000000, 19.000000, 5.748311
16.000000, 19.000000, 5.777730
17.000000, 19.000000, 5.524753
18.000000, 19.000000, 5.000916
19.000000, 19.000000, 4.372874
20.000000, 19.000000, 3.793841
21.000000, 19.000000, 3.303229
22.000000, 19.000000, 2.898623
23.000000, 19.000000, 2.572944
24.000000, 19.000000, 2.311091
25.000000, 19.000000, 2.098135
26.000000, 19.000000, 1.920910
27.000000, 19.000000, 1.767942
28.000000, 19.000000, 1.629351
29.000000, 19.000000, 1.497334
30.000000, 19.000000, 1.386802
31.000000, 19.000000, 1.298654
32.000000, 19.000000, 1.210616
33.000000, 19.000000, 1.123666
34.000000, 19.000000, 1.044136
35.000000, 19.000000, 0.987904
36.000000, 19.000000, 0.979828
37.000000, 19.000000, 1.010792
38.000000, 19.000000, 1.079435
39.000000, 19.000000, 1.185445
40.000000, 19.000000, 1.340993
41.000000, 19.000000, 1.524254
42.000000, 19.000000, 1.714951
0.000000, 20.000000, 4.295217
1.000000, 20.000000, 4.336609
2.000000, 20.000000, 4.377370
3.000000, 20.000000, 4.417993
4.000000, 20.000000, 4.459777
5.000000, 20.000000, 4.504521
6.000000, 20.000000, 4.554250
7.000000, 20.000000, 4.611190
8.000000, 20.000000, 4.677862
9.000000, 20.000000, 4.756374
10.000000, 20.000000, 4.846742
11.000000, 20.000000, 4.952458
12.000000, 20.000000, 5.071986
13.000000, 20.000000, 5.196856
14.000000, 20.000000, 5.305923
15.000000, 20.000000, 5.357434
16.000000, 20.000000, 5.290575
17.000000, 20.000000, 5.057704
18.000000, 20.000000, 4.671545
19.000000, 20.000000, 4.207646
20.000000, 20.000000, 3.739953
21.000000, 20.000000, 3.307592
22.000000, 20.000000, 2.935795
23.000000, 20.000000, 2.623491
24.000000, 20.000000, 2.362095
25.000000, 20.000000, 2.141325
26.000000, 20.000000, 1.950793
27.000000, 20.000000, 1.780579
28.000000, 20.000000, 1.621506
29.000000, 20.000000, 1.465561
30.000000, 20.000000, 1.322473
31.000000, 20.000000, 1.202962
32.000000, 20.000000, 1.079727
33.000000, 20.000000, 0.951816
34.000000, 20.000000, 0.825076
35.000000, 20.000000, 0.714549
36.000000, 20.000000, 0.653601
37.000000, 20.000000, 0.667108
38.000000, 20.000000, 0.743116
39.000000, 20.000000, 0.885074
40.000000, 20.000000, 1.078194
41.000000, 20.000000, 1.287788
42.000000, 20.000000, 1.500216
0.000000, 21.000000, 4.367064
1.000000, 21.000000, 4.409266
2.000000, 21.000000, 4.450448
3.000000, 21.000000, 4.490928
4.000000, 21.000000, 4.531525
5.000000, 21.000000, 4.573344
6.000000, 21.000000, 4.617604
7.000000, 21.000000, 4.665539
8.000000, 21.000000, 4.718360
9.000000, 21.000000, 4.776979
10.000000, 21.000000, 4.838501
11.000000, 21.000000, 4.902319
12.000000, 21.000000, 4.965382
13.000000, 21.000000, 5.017698
14.000000, 21.000000, 5.041852
15.000000, 21.000000, 5.012467
16.000000, 21.000000, 4.901248
17.000000, 21.000000, 4.690752
18.000000, 21.000000, 4.390509
19.000000, 21.000000, 4.027650
20.000000, 21.000000, 3.635235
21.000000, 21.000000, 3.263323
22.000000, 21.000000, 2.929804
23.000000, 21.000000, 2.638026
24.000000, 21.000000, 2.384969
25.000000, 21.000000, 2.164399
26.000000, 21.000000, 1.968585
27.000000, 21.000000, 1.789215
28.000000, 21.000000, 1.617981
29.000000, 21.000000, 1.447023
30.000000, 21.000000, 1.279901
31.000000, 21.000000, 1.136783
32.000000, 21.000000, 0.987827
33.000000, 21.000000, 0.827701
34.000000, 21.000000, 0.658430
35.000000, 21.000000, 0.490467
36.000000, 21.000000, 0.358969
37.000000, 21.000000, 0.347044
38.000000, 21.000000, 0.464513
39.000000, 21.000000, 0.664883
40.000000, 21.000000, 0.891358
41.000000, 21.000000, 1.121939
42.000000, 21.000000, 1.348005
0.000000, 22.000000, 4.440733
1.000000, 22.000000, 4.483596
2.000000, 22.000000, 4.524602
3.000000, 22.000000, 4.563819
4.000000, 22.000000, 4.601643
5.000000, 22.000000, 4.638591
6.000000, 22.000000, 4.675091
7.000000, 22.000000, 4.711351
8.000000, 22.000000, 4.747311
9.000000, 22.000000, 4.782593
10.000000, 22.000000, 4.814156
11.000000, 22.000000, 4.836720
12.000000, 22.000000, 4.848143
13.000000, 22.000000, 4.840167
14.000000, 22.000000, 4.801389
15.000000, 22.000000, 4.720360
16.000000, 22.000000, 4.589411
17.000000, 22.000000, 4.402883
18.000000, 22.000000, 4.155325
19.000000, 22.000000, 3.843408
20.000000, 22.000000, 3.513965
21.000000, 22.000000, 3.194156
22.000000, 22.000000, 2.897045
23.000000, 22.000000, 2.628499
24.000000, 22.000000, 2.388959
25.000000, 22.000000, 2.175121
26.000000, 22.000000, 1.981365
27.000000, 22.000000, 1.800797
28.000000, 22.000000, 1.626028
29.000000, 22.000000, 1.449794
30.000000, 22.000000, 1.270358
31.000000, 22.000000, 1.112999
32.000000, 22.000000, 0.952543
33.000000, 22.000000, 0.778146
34.000000, 22.000000, 0.588542
35.000000, 22.000000, 0.385511
36.000000, 22.000000, 0.184664
37.000000, 22.000000, 0.144826
38.000000, 22.000000, 0.335684
39.000000, 22.000000, 0.569116
40.000000, 22.000000, 0.806862
41.000000, 22.000000, 1.040601
42.000000, 22.000000, 1.265800
0.000000, 23.000000, 4.517196
1.000000, 23.000000, 4.560749
2.000000, 23.000000, 4.601248
3.000000, 23.000000, 4.638466
4.000000, 23.000000, 4.672476
5.000000, 23.000000, 4.703341
6.000000, 23.000000, 4.730819
7.000000, 23.000000, 4.754146
8.000000, 23.000000, 4.772093
9.000000, 23.000000, 4.783137
10.000000, 23.000000, 4.784935
11.000000, 23.000000, 4.770531
12.000000, 23.000000, 4.737642
13.000000, 23.000000, 4.681694
14.000000, 23.000000, 4.596049
15.000000, 23.000000, 4.477474
16.000000, 23.000000, 4.338530
17.000000, 23.000000, 4.173804
18.000000, 23.000000, 3.943703
19.000000, 23.000000, 3.673972
20.000000, 23.000000, 3.393221
21.000000, 23.000000, 3.114999
22.000000, 23.000000, 2.849710
23.000000, 23.000000, 2.604460
24.000000, 23.000000, 2.381687
25.000000, 23.000000, 2.179816
26.000000, 23.000000, 1.994657
27.000000, 23.000000, 1.820379
28.000000, 23.000000, 1.650447
29.000000, 23.000000, 1.478533
30.000000, 23.000000, 1.300574
31.000000, 23.000000, 1.138924
32.000000, 23.000000, 0.983417
33.000000, 23.000000, 0.818423
34.000000, 23.000000, 0.646016
35.000000, 23.000000, 0.475442
36.000000, 23.000000, 0.340841
37.000000, 23.000000, 0.324756
38.000000, 23.000000, 0.447738
39.000000, 23.000000, 0.630736
40.000000, 23.000000, 0.837144
41.000000, 23.000000, 1.048280
42.000000, 23.000000, 1.254972
0.000000, 24.000000, 4.597512
1.000000, 24.000000, 4.642096
2.000000, 24.000000, 4.682095
3.000000, 24.000000, 4.716966
4.000000, 24.000000, 4.746583
5.000000, 24.000000, 4.770833
6.000000, 24.000000, 4.789021
7.000000, 24.000000, 4.799472
8.000000, 24.000000, 4.799785
9.000000, 24.000000, 4.787470
10.000000, 24.000000, 4.760361
11.000000, 24.000000, 4.714168
12.000000, 24.000000, 4.644644
13.000000, 24.000000, 4.551967
14.000000, 24.000000, 4.433959
15.000000, 24.000000, 4.290963
16.000000, 24.000000, 4.147376
17.000000, 24.000000, 3.979060
18.000000, 24.000000, 3.760192
19.000000, 24.000000, 3.523377
20.000000, 24.000000, 3.279358
21.000000, 24.000000, 3.033925
22.000000, 24.000000, 2.795079
23.000000, 24.000000, 2.572213
24.000000, 24.000000, 2.368517
25.000000, 24.000000, 2.182876
26.000000, 24.000000, 2.011985
27.000000, 24.000000, 1.850702
28.000000, 24.000000, 1.693083
29.000000, 24.000000, 1.533914
30.000000, 24.000000, 1.369582
31.000000, 24.000000, 1.213783
32.000000, 24.000000, 1.075752
33.000000, 24.000000, 0.936778
34.000000, 24.000000, 0.802581
35.000000, 24.000000, 0.685378
36.000000, 24.000000, 0.611768
37.000000, 24.000000, 0.602440
38.000000, 24.000000, 0.677841
39.000000, 24.000000, 0.803381
40.000000, 24.000000, 0.960197
41.000000, 24.000000, 1.132583
42.000000, 24.000000, 1.308052
0.000000, 25.000000, 4.682778
1.000000, 25.000000, 4.729199
2.000000, 25.000000, 4.769169
3.000000, 25.000000, 4.801703
4.000000, 25.000000, 4.826648
5.000000, 25.000000, 4.844236
6.000000, 25.000000, 4.853794
7.000000, 25.000000, 4.852649
8.000000, 25.000000, 4.836882
9.000000, 25.000000, 4.803025
10.000000, 25.000000, 4.748976
11.000000, 25.000000, 4.673673
12.000000, 25.000000, 4.574227
13.000000, 25.000000, 4.453327
14.000000, 25.000000, 4.314781
15.000000, 25.000000, 4.165491
16.000000, 25.000000, 4.007682
17.000000, 25.000000, 3.812548
18.000000, 25.000000, 3.602242
19.000000, 25.000000, 3.386844
20.000000, 25.000000, 3.171968
21.000000, 25.000000, 2.953194
22.000000, 25.000000, 2.735499
23.000000, 25.000000, 2.535102
24.000000, 25.000000, 2.352863
25.000000, 25.000000, 2.186888
26.000000, 25.000000, 2.034966
27.000000, 25.000000, 1.892326
28.000000, 25.000000, 1.753011
29.000000, 25.000000, 1.613075
30.000000, 25.000000, 1.470423
31.000000, 25.000000, 1.330807
32.000000, 25.000000, 1.215168
33.000000, 25.000000, 1.107382
34.000000, 25.000000, 1.010213
35.000000, 25.000000, 0.934420
36.000000, 25.000000, 0.890367
37.000000, 25.000000, 0.881608
38.000000, 25.000000, 0.933694
39.000000, 25.000000, 1.026413
40.000000, 25.000000, 1.139880
41.000000, 25.000000, 1.271154
42.000000, 25.000000, 1.409689
0.000000, 26.000000, 4.773992
1.000000, 26.000000, 4.823743
2.000000, 26.000000, 4.864851
3.000000, 26.000000, 4.895504
4.000000, 26.000000, 4.915513
5.000000, 26.000000, 4.926456
6.000000, 26.000000, 4.928976
7.000000, 26.000000, 4.918870
8.000000, 26.000000, 4.889477
9.000000, 26.000000, 4.836009
10.000000, 26.000000, 4.756582
11.000000, 26.000000, 4.652006
12.000000, 26.000000, 4.524634
13.000000, 26.000000, 4.378223
14.000000, 26.000000, 4.221482
15.000000, 26.000000, 4.060903
16.000000, 26.000000, 3.873144
17.000000, 26.000000, 3.665101
18.000000, 26.000000, 3.457804
19.000000, 26.000000, 3.254693
20.000000, 26.000000, 3.058259
21.000000, 26.000000, 2.862098
22.000000, 26.000000, 2.669721
23.000000, 26.000000, 2.494956
24.000000, 26.000000, 2.337145
25.000000, 26.000000, 2.193491
26.000000, 26.000000, 2.063998
27.000000, 26.000000, 1.944095
28.000000, 26.000000, 1.827093
29.000000, 26.000000, 1.710783
30.000000, 26.000000, 1.594373
31.000000, 26.000000, 1.480085
32.000000, 26.000000, 1.386604
33.000000, 26.000000, 1.309642
34.000000, 26.000000, 1.244590
35.000000, 26.000000, 1.198283
36.000000, 26.000000, 1.167854
37.000000, 26.000000, 1.161467
38.000000, 26.000000, 1.198529
39.000000, 26.000000, 1.269767
40.000000, 26.000000, 1.350477
41.000000, 26.000000, 1.443997
42.000000, 26.000000, 1.544805
0.000000, 27.000000, 4.871754
1.000000, 27.000000, 4.927303
2.000000, 27.000000, 4.971938
3.000000, 27.000000, 5.002125
4.000000, 27.000000, 5.016775
5.000000, 27.000000, 5.019987
6.000000, 27.000000, 5.017831
7.000000, 27.000000, 5.001014
8.000000, 27.000000, 4.955860
9.000000, 27.000000, 4.877415
10.000000, 27.000000, 4.766609
11.000000, 27.000000, 4.627735
12.000000, 27.000000, 4.467858
13.000000, 27.000000, 4.295130
14.000000, 27.000000, 4.118950
15.000000, 27.000000, 3.936340
16.000000, 27.000000, 3.722168
17.000000, 27.000000, 3.507753
18.000000, 27.000000, 3.302224
19.000000, 27.000000, 3.108367
20.000000, 27.000000, 2.926585
21.000000, 27.000000, 2.755126
22.000000, 27.000000, 2.595684
23.000000, 27.000000, 2.451561
24.000000, 27.000000, 2.322041
25.000000, 27.000000, 2.204980
26.000000, 27.000000, 2.099673
27.000000, 27.000000, 2.002903
28.000000, 27.000000, 1.910440
29.000000, 27.000000, 1.820626
30.000000, 27.000000, 1.733124
31.000000, 27.000000, 1.649350
32.000000, 27.000000, 1.579036
33.000000, 27.000000, 1.530863
34.000000, 27.000000, 1.494108
35.000000, 27.000000, 1.470132
36.000000, 27.000000, 1.447982
37.000000, 27.000000, 1.444934
38.000000, 27.000000, 1.471187
39.000000, 27.000000, 1.522967
40.000000, 27.000000, 1.579098
41.000000, 27.000000, 1.638196
42.000000, 27.000000, 1.701845
0.000000, 28.000000, 4.975678
1.000000, 28.000000, 5.040658
2.000000, 28.000000, 5.093204
3.000000, 28.000000, 5.126513
4.000000, 28.000000, 5.134724
5.000000, 28.000000, 5.117848
6.000000, 28.000000, 5.105095
7.000000, 28.000000, 5.077851
8.000000, 28.000000, 5.016274
9.000000, 28.000000, 4.916639
10.000000, 28.000000, 4.779166
11.000000, 28.000000, 4.608769
12.000000, 28.000000, 4.415525
13.000000, 28.000000, 4.213369
14.000000, 28.000000, 4.015059
15.000000, 28.000000, 3.800509
16.000000, 28.000000, 3.568483
17.000000, 28.000000, 3.345053
18.000000, 28.000000, 3.138052
19.000000, 28.000000, 2.951226
20.000000, 28.000000, 2.784979
21.000000, 28.000000, 2.638149
22.000000, 28.000000, 2.509584
23.000000, 28.000000, 2.397633
24.000000, 28.000000, 2.299428
25.000000, 28.000000, 2.212147
26.000000, 28.000000, 2.133881
27.000000, 28.000000, 2.062730
28.000000, 28.000000, 1.997041
29.000000, 28.000000, 1.935954
30.000000, 28.000000, 1.879308
31.000000, 28.000000, 1.828065
32.000000, 28.000000, 1.785905
33.000000, 28.000000, 1.763901
34.000000, 28.000000, 1.754108
35.000000, 28.000000, 1.748406
36.000000, 28.000000, 1.735701
37.000000, 28.000000, 1.736205
38.000000, 28.000000, 1.753711
39.000000, 28.000000, 1.786259
40.000000, 28.000000, 1.820622
41.000000, 28.000000, 1.846904
42.000000, 28.000000, 1.873206
0.000000, 29.000000, 5.083529
1.000000, 29.000000, 5.161872
2.000000, 29.000000, 5.225033
3.000000, 29.000000, 5.255970
4.000000, 29.000000, 5.251824
5.000000, 29.000000, 5.227054
6.000000, 29.000000, 5.207995
7.000000, 29.000000, 5.174162
8.000000, 29.000000, 5.101715
9.000000, 29.000000, 4.983319
10.000000, 29.000000, 4.817754
11.000000, 29.000000, 4.610765
12.000000, 29.000000, 4.376120
13.000000, 29.000000, 4.135016
14.000000, 29.000000, 3.905252
15.000000, 29.000000, 3.661836
16.000000, 29.000000, 3.412419
17.000000, 29.000000, 3.175493
18.000000, 29.000000, 2.964848
19.000000, 29.000000, 2.784687
20.000000, 29.000000, 2.634697
21.000000, 29.000000, 2.512697
22.000000, 29.000000, 2.414498
23.000000, 29.000000, 2.334378
24.000000, 29.000000, 2.266341
25.000000, 29.000000, 2.207167
26.000000, 29.000000, 2.156800
27.000000, 29.000000, 2.114486
28.000000, 29.000000, 2.079207
29.000000, 29.000000, 2.050037
30.000000, 29.000000, 2.026503
31.000000, 29.000000, 2.009456
32.000000, 29.000000, 2.000609
33.000000, 29.000000, 2.005288
34.000000, 29.000000, 2.023268
35.000000, 29.000000, 2.035430
36.000000, 29.000000, 2.035883
37.000000, 29.000000, 2.040785
38.000000, 29.000000, 2.050519
39.000000, 29.000000, 2.063736
40.000000, 29.000000, 2.074127
41.000000, 29.000000, 2.067289
42.000000, 29.000000, 2.055192
0.000000, 30.000000, 5.190541
1.000000, 30.000000, 5.266290
2.000000, 30.000000, 5.332219
3.000000, 30.000000, 5.374507
4.000000, 30.000000, 5.375555
5.000000, 30.000000, 5.362621
6.000000, 30.000000, 5.343106
7.000000, 30.000000, 5.302737
8.000000, 30.000000, 5.221277
9.000000, 30.000000, 5.085163
10.000000, 30.000000, 4.889253
11.000000, 30.000000, 4.638649
12.000000, 30.000000, 4.350084
13.000000, 30.000000, 4.052844
14.000000, 30.000000, 3.779182
15.000000, 30.000000, 3.522321
16.000000, 30.000000, 3.247524
17.000000, 30.000000, 2.991936
18.000000, 30.000000, 2.777522
19.000000, 30.000000, 2.604616
20.000000, 30.000000, 2.470896
21.000000, 30.000000, 2.373861
22.000000, 30.000000, 2.306616
23.000000, 30.000000, 2.258714
24.000000, 30.000000, 2.220515
25.000000, 30.000000, 2.188647
26.000000, 30.000000, 2.167034
27.000000, 30.000000, 2.154583
28.000000, 30.000000, 2.150499
29.000000, 30.000000, 2.154599
30.000000, 30.000000, 2.167150
31.000000, 30.000000, 2.187930
32.000000, 30.000000, 2.216441
33.000000, 30.000000, 2.253961
34.000000, 30.000000, 2.301752
35.000000, 30.000000, 2.336027
36.000000, 30.000000, 2.354507
37.000000, 30.000000, 2.365914
38.000000, 30.000000, 2.368309
39.000000, 30.000000, 2.360727
40.000000, 30.000000, 2.341809
41.000000, 30.000000, 2.298938
42.000000, 30.000000, 2.249827
0.000000, 31.000000, 5.250450
1.000000, 31.000000, 5.330185
2.000000, 31.000000, 5.411476
3.000000, 31.000000, 5.476017
4.000000, 31.000000, 5.491099
5.000000, 31.000000, 5.496730
6.000000, 31.000000, 5.491170
7.000000, 31.000000, 5.458483
8.000000, 31.000000, 5.377541
9.000000, 31.000000, 5.229208
10.000000, 31.000000, 5.002783
11.000000, 31.000000, 4.701728
12.000000, 31.000000, 4.346243
13.000000, 31.000000, 3.969484
14.000000, 31.000000, 3.624560
15.000000, 31.000000, 3.348758
16.000000, 31.000000, 3.049990
17.000000, 31.000000, 2.784436
18.000000, 31.000000, 2.571458
19.000000, 31.000000, 2.408673
20.000000, 31.000000, 2.291059
21.000000, 31.000000, 2.217471
22.000000, 31.000000, 2.182127
23.000000, 31.000000, 2.163568
24.000000, 31.000000, 2.154848
25.000000, 31.000000, 2.154472
26.000000, 31.000000, 2.163510
27.000000, 31.000000, 2.182032
28.000000, 31.000000, 2.210003
29.000000, 31.000000, 2.247803
30.000000, 31.000000, 2.296180
31.000000, 31.000000, 2.355962
32.000000, 31.000000, 2.427158
33.000000, 31.000000, 2.506794
34.000000, 31.000000, 2.590342
35.000000, 31.000000, 2.655054
36.000000, 31.000000, 2.698665
37.000000, 31.000000, 2.720537
38.000000, 31.000000, 2.715757
39.000000, 31.000000, 2.683854
40.000000, 31.000000, 2.627985
41.000000, 31.000000, 2.543561
42.000000, 31.000000, 2.458578
0.000000, 32.000000, 5.285109
1.000000, 32.000000, 5.371019
2.000000, 32.000000, 5.457095
3.000000, 32.000000, 5.530697
4.000000, 32.000000, 5.582907
5.000000, 32.000000, 5.621725
6.000000, 32.000000, 5.645365
7.000000, 32.000000, 5.637637
8.000000, 32.000000, 5.573167
9.000000, 32.000000, 5.423995
10.000000, 32.000000, 5.170074
11.000000, 32.000000, 4.811632
12.000000, 32.000000, 4.377747
13.000000, 32.000000, 3.921446
14.000000, 32.000000, 3.498431
15.000000, 32.000000, 3.139652
16.000000, 32.000000, 2.818280
17.000000, 32.000000, 2.549171
18.000000, 32.000000, 2.344672
19.000000, 32.000000, 2.198086
20.000000, 32.000000, 2.102354
21.000000, 32.000000, 2.054207
22.000000, 32.000000, 2.045810
23.000000, 32.000000, 2.055681
24.000000, 32.000000, 2.076806
25.000000, 32.000000, 2.107233
26.000000, 32.000000, 2.146858
27.000000, 32.000000, 2.196154
28.000000, 32.000000, 2.255934
29.000000, 32.000000, 2.327258
30.000000, 32.000000, 2.411169
31.000000, 32.000000, 2.508706
32.000000, 32.000000, 2.620440
33.000000, 32.000000, 2.745517
34.000000, 32.000000, 2.874858
35.000000, 32.000000, 2.980749
36.000000, 32.000000, 3.059858
37.000000, 32.000000, 3.098614
38.000000, 32.000000, 3.086513
39.000000, 32.000000, 3.024049
40.000000, 32.000000, 2.921731
41.000000, 32.000000, 2.794788
42.000000, 32.000000, 2.662890
0.000000, 33.000000, 5.303161
1.000000, 33.000000, 5.392671
2.000000, 33.000000, 5.484664
3.000000, 33.000000, 5.573677
4.000000, 33.000000, 5.656672
5.000000, 33.000000, 5.733649
6.000000, 33.000000, 5.799145
7.000000, 33.000000, 5.835353
8.000000, 33.000000, 5.809893
9.000000, 33.000000, 5.679290
10.000000, 33.000000, 5.405138
11.000000, 33.000000, 4.978134
12.000000, 33.000000, 4.440105
13.000000, 33.000000, 3.878669
14.000000, 33.000000, 3.363245
15.000000, 33.000000, 2.928737
16.000000, 33.000000, 2.573524
17.000000, 33.000000, 2.295390
18.000000, 33.000000, 2.097954
19.000000, 33.000000, 1.973755
20.000000, 33.000000, 1.907115
21.000000, 33.000000, 1.887872
22.000000, 33.000000, 1.903826
23.000000, 33.000000, 1.940838
24.000000, 33.000000, 1.990641
25.000000, 33.000000, 2.050048
26.000000, 33.000000, 2.118076
27.000000, 33.000000, 2.194111
28.000000, 33.000000, 2.278917
29.000000, 33.000000, 2.376362
30.000000, 33.000000, 2.490919
31.000000, 33.000000, 2.625790
32.000000, 33.000000, 2.782641
33.000000, 33.000000, 2.960479
34.000000, 33.000000, 3.148520
35.000000, 33.000000, 3.318285
36.000000, 33.000000, 3.455622
37.000000, 33.000000, 3.525215
38.000000, 33.000000, 3.504263
39.000000, 33.000000, 3.395534
40.000000, 33.000000, 3.228223
41.000000, 33.000000, 3.043029
42.000000, 33.000000, 2.839139
0.000000, 34.000000, 5.304797
1.000000, 34.000000, 5.396573
2.000000, 34.000000, 5.495066
3.000000, 34.000000, 5.599039
4.000000, 34.000000, 5.708532
5.000000, 34.000000, 5.823523
6.000000, 34.000000, 5.939191
7.000000, 34.000000, 6.038701
8.000000, 34.000000, 6.083431
9.000000, 34.000000, 6.004531
10.000000, 34.000000, 5.722445
11.000000, 34.000000, 5.206852
12.000000, 34.000000, 4.516047
13.000000, 34.000000, 3.812831
14.000000, 34.000000, 3.194550
15.000000, 34.000000, 2.693094
16.000000, 34.000000, 2.307096
17.000000, 34.000000, 2.026326
18.000000, 34.000000, 1.839650
19.000000, 34.000000, 1.736832
20.000000, 34.000000, 1.702340
21.000000, 34.000000, 1.714694
22.000000, 34.000000, 1.758863
23.000000, 34.000000, 1.822997
24.000000, 34.000000, 1.898467
25.000000, 34.000000, 1.978821
26.000000, 34.000000, 2.063761
27.000000, 34.000000, 2.158420
28.000000, 34.000000, 2.266743
29.000000, 34.000000, 2.392939
30.000000, 34.000000, 2.541830
31.000000, 34.000000, 2.717882
32.000000, 34.000000, 2.925105
33.000000, 34.000000, 3.165366
34.000000, 34.000000, 3.428123
35.000000, 34.000000, 3.685757
36.000000, 34.000000, 3.916692
37.000000, 34.000000, 4.046597
38.000000, 34.000000, 4.014339
39.000000, 34.000000, 3.831285
40.000000, 34.000000, 3.573670
41.000000, 34.000000, 3.293300
42.000000, 34.000000, 3.000338
0.000000, 35.000000, 5.289750
1.000000, 35.000000, 5.381287
2.000000, 35.000000, 5.483389
3.000000, 35.000000, 5.597655
4.000000, 35.000000, 5.726985
5.000000, 35.000000, 5.874392
6.000000, 35.000000, 6.040307
7.000000, 35.000000, 6.216297
8.000000, 35.000000, 6.369568
9.000000, 35.000000, 6.405069
10.000000, 35.000000, 6.143704
11.000000, 35.000000, 5.481826
12.000000, 35.000000, 4.580087
13.000000, 35.000000, 3.701030
14.000000, 35.000000, 2.976195
15.000000, 35.000000, 2.417676
16.000000, 35.000000, 2.010751
17.000000, 35.000000, 1.735569
18.000000, 35.000000, 1.572026
19.000000, 35.000000, 1.498763
20.000000, 35.000000, 1.494992
21.000000, 35.000000, 1.540943
22.000000, 35.000000, 1.614340
23.000000, 35.000000, 1.697690
24.000000, 35.000000, 1.785109
25.000000, 35.000000, 1.880463
26.000000, 35.000000, 1.985972
27.000000, 35.000000, 2.103640
28.000000, 35.000000, 2.235812
29.000000, 35.000000, 2.387824
30.000000, 35.000000, 2.567457
31.000000, 35.000000, 2.781651
32.000000, 35.000000, 3.038348
33.000000, 35.000000, 3.345405
34.000000, 35.000000, 3.699317
35.000000, 35.000000, 4.081365
36.000000, 35.000000, 4.461809
37.000000, 35.000000, 4.711044
38.000000, 35.000000, 4.662870
39.000000, 35.000000, 4.348340
40.000000, 35.000000, 3.938671
41.000000, 35.000000, 3.528381
42.000000, 35.000000, 3.138873
0.000000, 36.000000, 5.257724
1.000000, 36.000000, 5.344947
2.000000, 36.000000, 5.444973
3.000000, 36.000000, 5.561340
4.000000, 36.000000, 5.699246
5.000000, 36.000000, 5.865016
6.000000, 36.000000, 6.065837
7.000000, 36.000000, 6.307947
8.000000, 36.000000, 6.586503
9.000000, 36.000000, 6.832285
10.000000, 36.000000, 6.723361
11.000000, 36.000000, 5.829798
12.000000, 36.000000, 4.586003
13.000000, 36.000000, 3.509088
14.000000, 36.000000, 2.693305
15.000000, 36.000000, 2.096446
16.000000, 36.000000, 1.682599
17.000000, 36.000000, 1.424002
18.000000, 36.000000, 1.294401
19.000000, 36.000000, 1.263451
20.000000, 36.000000, 1.299310
21.000000, 36.000000, 1.371276
22.000000, 36.000000, 1.457869
23.000000, 36.000000, 1.555272
24.000000, 36.000000, 1.661571
25.000000, 36.000000, 1.776165
26.000000, 36.000000, 1.900151
27.000000, 36.000000, 2.035907
28.000000, 36.000000, 2.187040
29.000000, 36.000000, 2.360143
30.000000, 36.000000, 2.564160
31.000000, 36.000000, 2.809142
32.000000, 36.000000, 3.107535
33.000000, 36.000000, 3.474911
34.000000, 36.000000, 3.921685
35.000000, 36.000000, 4.457096
36.000000, 36.000000, 5.083732
37.000000, 36.000000, 5.586228
38.000000, 36.000000, 5.499541
39.000000, 36.000000, 4.910999
40.000000, 36.000000, 4.270109
41.000000, 36.000000, 3.720258
42.000000, 36.000000, 3.256262
0.000000, 37.000000, 5.209353
1.000000, 37.000000, 5.287141
2.000000, 37.000000, 5.377609
3.000000, 37.000000, 5.485345
4.000000, 37.000000, 5.616613
5.000000, 37.000000, 5.778483
6.000000, 37.000000, 5.980450
7.000000, 37.000000, 6.237379
8.000000, 37.000000, 6.571640
9.000000, 37.000000, 7.001118
10.000000, 37.000000, 6.109096
11.000000, 37.000000, 5.851592
12.000000, 37.000000, 4.398781
13.000000, 37.000000, 3.200007
14.000000, 37.000000, 2.344847
15.000000, 37.000000, 1.736739
16.000000, 37.000000, 1.329544
17.000000, 37.000000, 1.098175
18.000000, 37.000000, 1.015380
19.000000, 37.000000, 1.036412
20.000000, 37.000000, 1.106337
21.000000, 37.000000, 1.197579
22.000000, 37.000000, 1.304071
23.000000, 37.000000, 1.420742
24.000000, 37.000000, 1.544064
25.000000, 37.000000, 1.673238
26.000000, 37.000000, 1.810463
27.000000, 37.000000, 1.958969
28.000000, 37.000000, 2.123348
29.000000, 37.000000, 2.310557
30.000000, 37.000000, 2.530071
31.000000, 37.000000, 2.794218
32.000000, 37.000000, 3.118825
33.000000, 37.000000, 3.524360
34.000000, 37.000000, 4.032992
35.000000, 37.000000, 4.686042
36.000000, 37.000000, 5.570281
37.000000, 37.000000, 5.256234
38.000000, 37.000000, 5.687570
39.000000, 37.000000, 5.315568
40.000000, 37.000000, 4.468755
41.000000, 37.000000, 3.833904
42.000000, 37.000000, 3.319080
0.000000, 38.000000, 5.146904
1.000000, 38.000000, 5.210083
2.000000, 38.000000, 5.282981
3.000000, 38.000000, 5.370529
4.000000, 38.000000, 5.479370
5.000000, 38.000000, 5.613009
6.000000, 38.000000, 5.774489
7.000000, 38.000000, 5.970007
8.000000, 38.000000, 6.204558
9.000000, 38.000000, 6.451014
10.000000, 38.000000, 6.236352
11.000000, 38.000000, 5.288076
12.000000, 38.000000, 3.908364
13.000000, 38.000000, 2.785810
14.000000, 38.000000, 1.961061
15.000000, 38.000000, 1.364747
16.000000, 38.000000, 0.968257
17.000000, 38.000000, 0.769873
18.000000, 38.000000, 0.746153
19.000000, 38.000000, 0.816194
20.000000, 38.000000, 0.923419
21.000000, 38.000000, 1.044553
22.000000, 38.000000, 1.170782
23.000000, 38.000000, 1.300507
24.000000, 38.000000, 1.434715
25.000000, 38.000000, 1.574566
26.000000, 38.000000, 1.720858
27.000000, 38.000000, 1.876959
28.000000, 38.000000, 2.048475
29.000000, 38.000000, 2.242226
30.000000, 38.000000, 2.466977
31.000000, 38.000000, 2.735763
32.000000, 38.000000, 3.067050
33.000000, 38.000000, 3.477023
34.000000, 38.000000, 3.985343
35.000000, 38.000000, 4.625426
36.000000, 38.000000, 5.460781
37.000000, 38.000000, 5.664302
38.000000, 38.000000, 5.802815
39.000000, 38.000000, 5.216996
40.000000, 38.000000, 4.430561
41.000000, 38.000000, 3.816970
42.000000, 38.000000, 3.305168
0.000000, 39.000000, 5.074497
1.000000, 39.000000, 5.119253
2.000000, 39.000000, 5.167956
3.000000, 39.000000, 5.224320
4.000000, 39.000000, 5.299273
5.000000, 39.000000, 5.387379
6.000000, 39.000000, 5.478340
7.000000, 39.000000, 5.562212
8.000000, 39.000000, 5.611313
9.000000, 39.000000, 5.543652
10.000000, 39.000000, 5.167111
11.000000, 39.000000, 4.337256
12.000000, 39.000000, 3.301525
13.000000, 39.000000, 2.356683
14.000000, 39.000000, 1.602340
15.000000, 39.000000, 1.025265
16.000000, 39.000000, 0.625015
17.000000, 39.000000, 0.452417
18.000000, 39.000000, 0.499342
19.000000, 39.000000, 0.635118
20.000000, 39.000000, 0.783504
21.000000, 39.000000, 0.926413
22.000000, 39.000000, 1.063468
23.000000, 39.000000, 1.198321
24.000000, 39.000000, 1.335016
25.000000, 39.000000, 1.477128
26.000000, 39.000000, 1.627760
27.000000, 39.000000, 1.789560
28.000000, 39.000000, 1.965326
29.000000, 39.000000, 2.160379
30.000000, 39.000000, 2.383163
31.000000, 39.000000, 2.645525
32.000000, 39.000000, 2.962654
33.000000, 39.000000, 3.343858
34.000000, 39.000000, 3.793710
35.000000, 39.000000, 4.302355
36.000000, 39.000000, 4.859379
37.000000, 39.000000, 5.279909
38.000000, 39.000000, 5.207088
39.000000, 39.000000, 4.717674
40.000000, 39.000000, 4.165872
41.000000, 39.000000, 3.672836
42.000000, 39.000000, 3.220696
0.000000, 40.000000, 4.997513
1.000000, 40.000000, 5.022473
2.000000, 40.000000, 5.046002
3.000000, 40.000000, 5.066974
4.000000, 40.000000, 5.102170
5.000000, 40.000000, 5.135367
6.000000, 40.000000, 5.146758
7.000000, 40.000000, 5.117187
8.000000, 40.000000, 5.010165
9.000000, 40.000000, 4.761941
10.000000, 40.000000, 4.296065
11.000000, 40.000000, 3.602705
12.000000, 40.000000, 2.794136
13.000000, 40.000000, 2.010026
14.000000, 40.000000, 1.334237
15.000000, 40.000000, 0.781717
16.000000, 40.000000, 0.361351
17.000000, 40.000000, 0.185178
18.000000, 40.000000, 0.340926
19.000000, 40.000000, 0.533596
20.000000, 40.000000, 0.701547
21.000000, 40.000000, 0.849196
22.000000, 40.000000, 0.984874
23.000000, 40.000000, 1.115984
24.000000, 40.000000, 1.248343
25.000000, 40.000000, 1.386254
26.000000, 40.000000, 1.533016
27.000000, 40.000000, 1.691753
28.000000, 40.000000, 1.866083
29.000000, 40.000000, 2.060376
30.000000, 40.000000, 2.279857
31.000000, 40.000000, 2.531199
32.000000, 40.000000, 2.821522
33.000000, 40.000000, 3.152349
34.000000, 40.000000, 3.511707
35.000000, 40.000000, 3.880911
36.000000, 40.000000, 4.231894
37.000000, 40.000000, 4.452260
38.000000, 40.000000, 4.420131
39.000000, 40.000000, 4.166826
40.000000, 40.000000, 3.816447
41.000000, 40.000000, 3.452942
42.000000, 40.000000, 3.086218
0.000000, 41.000000, 4.881415
1.000000, 41.000000, 4.913604
2.000000, 41.000000, 4.927669
3.000000, 41.000000, 4.924968
4.000000, 41.000000, 4.915537
5.000000, 41.000000, 4.890043
6.000000, 41.000000, 4.829571
7.000000, 41.000000, 4.712111
8.000000, 41.000000, 4.507942
9.000000, 41.000000, 4.181738
10.000000, 41.000000, 3.709757
11.000000, 41.000000, 3.109214
12.000000, 41.000000, 2.444957
13.000000, 41.000000, 1.791713
14.000000, 41.000000, 1.200511
15.000000, 41.000000, 0.711365
16.000000, 41.000000, 0.349464
17.000000, 41.000000, 0.212333
18.000000, 41.000000, 0.355760
19.000000, 41.000000, 0.528662
20.000000, 41.000000, 0.678998
21.000000, 41.000000, 0.810871
22.000000, 41.000000, 0.932582
23.000000, 41.000000, 1.051677
24.000000, 41.000000, 1.173982
25.000000, 41.000000, 1.303356
26.000000, 41.000000, 1.442248
27.000000, 41.000000, 1.593226
28.000000, 41.000000, 1.759338
29.000000, 41.000000, 1.943931
30.000000, 41.000000, 2.150672
31.000000, 41.000000, 2.382081
32.000000, 41.000000, 2.634299
33.000000, 41.000000, 2.906123
34.000000, 41.000000, 3.195914
35.000000, 41.000000, 3.472534
36.000000, 41.000000, 3.709415
37.000000, 41.000000, 3.839903
38.000000, 41.000000, 3.830096
39.000000, 41.000000, 3.692521
40.000000, 41.000000, 3.473171
41.000000, 41.000000, 3.212638
42.000000, 41.000000, 2.925271
0.000000, 42.000000, 4.775240
1.000000, 42.000000, 4.790709
2.000000, 42.000000, 4.795290
3.000000, 42.000000, 4.783235
4.000000, 42.000000, 4.744161
5.000000, 42.000000, 4.672054
6.000000, 42.000000, 4.557005
7.000000, 42.000000, 4.381746
8.000000, 42.000000, 4.126593
9.000000, 42.000000, 3.775256
10.000000, 42.000000, 3.325324
11.000000, 42.000000, 2.798718
12.000000, 42.000000, 2.240461
13.000000, 42.000000, 1.700135
14.000000, 42.000000, 1.204120
15.000000, 42.000000, 0.806731
16.000000, 42.000000, 0.539041
17.000000, 42.000000, 0.440914
18.000000, 42.000000, 0.490498
19.000000, 42.000000, 0.593200
20.000000, 42.000000, 0.699731
21.000000, 42.000000, 0.800758
22.000000, 42.000000, 0.899118
23.000000, 42.000000, 1.000157
24.000000, 42.000000, 1.108660
25.000000, 42.000000, 1.227240
26.000000, 42.000000, 1.355390
27.000000, 42.000000, 1.496036
28.000000, 42.000000, 1.651586
29.000000, 42.000000, 1.822890
30.000000, 42.000000, 2.007108
31.000000, 42.000000, 2.202348
32.000000, 42.000000, 2.415376
33.000000, 42.000000, 2.646723
34.000000, 42.000000, 2.886045
35.000000, 42.000000, 3.102565
36.000000, 42.000000, 3.267767
37.000000, 42.000000, 3.356527
38.000000, 42.000000, 3.364686
39.000000, 42.000000, 3.292486
40.000000, 42.000000, 3.157906
41.000000, 42.000000, 2.974686
42.000000, 42.000000, 2.755142
