S
I=43,J=43
0.000000, 0.000000, 2.492258
1.000000, 0.000000, 2.470706
2.000000, 0.000000, 2.445157
3.000000, 0.000000, 2.415149
4.000000, 0.000000, 2.380247
5.000000, 0.000000, 2.340027
6.000000, 0.000000, 2.294111
7.000000, 0.000000, 2.242154
8.000000, 0.000000, 2.183890
9.000000, 0.000000, 2.119195
10.000000, 0.000000, 2.047383
11.000000, 0.000000, 1.970171
12.000000, 0.000000, 1.887423
13.000000, 0.000000, 1.799205
14.000000, 0.000000, 1.705948
15.000000, 0.000000, 1.608558
16.000000, 0.000000, 1.508450
17.000000, 0.000000, 1.407527
18.000000, 0.000000, 1.308190
19.000000, 0.000000, 1.213371
20.000000, 0.000000, 1.126585
21.000000, 0.000000, 1.051917
22.000000, 0.000000, 0.993847
23.000000, 0.000000, 0.956731
24.000000, 0.000000, 0.943992
25.000000, 0.000000, 0.957226
26.000000, 0.000000, 0.995784
27.000000, 0.000000, 1.057103
28.000000, 0.000000, 1.137566
29.000000, 0.000000, 1.233334
30.000000, 0.000000, 1.340869
31.000000, 0.000000, 1.457106
32.000000, 0.000000, 1.579443
33.000000, 0.000000, 1.705656
34.000000, 0.000000, 1.847840
35.000000, 0.000000, 1.995877
36.000000, 0.000000, 2.136579
37.000000, 0.000000, 2.265992
38.000000, 0.000000, 2.380681
39.000000, 0.000000, 2.478086
40.000000, 0.000000, 2.556767
41.000000, 0.000000, 2.633237
42.000000, 0.000000, 2.683684
0.000000, 1.000000, 2.562779
1.000000, 1.000000, 2.543212
2.000000, 1.000000, 2.519039
3.000000, 1.000000, 2.489852
4.000000, 1.000000, 2.455117
5.000000, 1.000000, 2.414333
6.000000, 1.000000, 2.367016
7.000000, 1.000000, 2.312703
8.000000, 1.000000, 2.250982
9.000000, 1.000000, 2.181928
10.000000, 1.000000, 2.106575
11.000000, 1.000000, 2.024841
12.000000, 1.000000, 1.936314
13.000000, 1.000000, 1.840763
14.000000, 1.000000, 1.738424
15.000000, 1.000000, 1.630185
16.000000, 1.000000, 1.517586
17.000000, 1.000000, 1.402732
18.000000, 1.000000, 1.288255
19.000000, 1.000000, 1.177435
20.000000, 1.000000, 1.074349
21.000000, 1.000000, 0.984013
22.000000, 1.000000, 0.912318
23.000000, 1.000000, 0.865457
24.000000, 1.000000, 0.848596
25.000000, 1.000000, 0.864200
26.000000, 1.000000, 0.911132
27.000000, 1.000000, 0.985376
28.000000, 1.000000, 1.081699
29.000000, 1.000000, 1.195053
30.000000, 1.000000, 1.321196
31.000000, 1.000000, 1.456750
32.000000, 1.000000, 1.599083
33.000000, 1.000000, 1.752992
34.000000, 1.000000, 1.925942
35.000000, 1.000000, 2.096970
36.000000, 1.000000, 2.258805
37.000000, 1.000000, 2.406383
38.000000, 1.000000, 2.535224
39.000000, 1.000000, 2.642037
40.000000, 1.000000, 2.725367
41.000000, 1.000000, 2.791436
42.000000, 1.000000, 2.841511
0.000000, 2.000000, 2.641272
1.000000, 2.000000, 2.624052
2.000000, 2.000000, 2.601703
3.000000, 2.000000, 2.573727
4.000000, 2.000000, 2.539490
5.000000, 2.000000, 2.498399
6.000000, 2.000000, 2.449876
7.000000, 2.000000, 2.393351
8.000000, 2.000000, 2.328303
9.000000, 2.000000, 2.256020
10.000000, 2.000000, 2.177450
11.000000, 2.000000, 2.091551
12.000000, 2.000000, 1.997513
13.000000, 2.000000, 1.894605
14.000000, 2.000000, 1.782690
15.000000, 2.000000, 1.662654
16.000000, 2.000000, 1.536275
17.000000, 2.000000, 1.405863
18.000000, 2.000000, 1.274223
19.000000, 2.000000, 1.144856
20.000000, 2.000000, 1.022293
21.000000, 2.000000, 0.912490
22.000000, 2.000000, 0.823093
23.000000, 2.000000, 0.763026
24.000000, 2.000000, 0.740473
25.000000, 2.000000, 0.759465
26.000000, 2.000000, 0.817796
27.000000, 2.000000, 0.908718
28.000000, 2.000000, 1.024439
29.000000, 2.000000, 1.158392
30.000000, 2.000000, 1.305749
31.000000, 2.000000, 1.463067
32.000000, 2.000000, 1.629317
33.000000, 2.000000, 1.820233
34.000000, 2.000000, 2.022799
35.000000, 2.000000, 2.220835
36.000000, 2.000000, 2.407780
37.000000, 2.000000, 2.576879
38.000000, 2.000000, 2.721957
39.000000, 2.000000, 2.838553
40.000000, 2.000000, 2.924797
41.000000, 2.000000, 2.982514
42.000000, 2.000000, 3.022941
0.000000, 3.000000, 2.728411
1.000000, 3.000000, 2.714124
2.000000, 3.000000, 2.694141
3.000000, 3.000000, 2.667857
4.000000, 3.000000, 2.634521
5.000000, 3.000000, 2.593441
6.000000, 3.000000, 2.543952
7.000000, 3.000000, 2.485401
8.000000, 3.000000, 2.417425
9.000000, 3.000000, 2.342915
10.000000, 3.000000, 2.261628
11.000000, 3.000000, 2.172180
12.000000, 3.000000, 2.073304
13.000000, 3.000000, 1.963410
14.000000, 3.000000, 1.841563
15.000000, 3.000000, 1.708814
16.000000, 3.000000, 1.567484
17.000000, 3.000000, 1.420101
18.000000, 3.000000, 1.269494
19.000000, 3.000000, 1.119201
20.000000, 3.000000, 0.973963
21.000000, 3.000000, 0.840433
22.000000, 3.000000, 0.728138
23.000000, 3.000000, 0.649923
24.000000, 3.000000, 0.619421
25.000000, 3.000000, 0.643764
26.000000, 3.000000, 0.718247
27.000000, 3.000000, 0.830821
28.000000, 3.000000, 0.969849
29.000000, 3.000000, 1.127240
30.000000, 3.000000, 1.298032
31.000000, 3.000000, 1.479291
32.000000, 3.000000, 1.677950
33.000000, 3.000000, 1.907593
34.000000, 3.000000, 2.142118
35.000000, 3.000000, 2.372204
36.000000, 3.000000, 2.589607
37.000000, 3.000000, 2.784865
38.000000, 3.000000, 2.948922
39.000000, 3.000000, 3.075339
40.000000, 3.000000, 3.161963
41.000000, 3.000000, 3.211168
42.000000, 3.000000, 3.232107
0.000000, 4.000000, 2.824920
1.000000, 4.000000, 2.814285
2.000000, 4.000000, 2.797356
3.000000, 4.000000, 2.773378
4.000000, 4.000000, 2.741458
5.000000, 4.000000, 2.700782
6.000000, 4.000000, 2.650630
7.000000, 4.000000, 2.590299
8.000000, 4.000000, 2.520070
9.000000, 4.000000, 2.443995
10.000000, 4.000000, 2.360523
11.000000, 4.000000, 2.268297
12.000000, 4.000000, 2.165739
13.000000, 4.000000, 2.049985
14.000000, 4.000000, 1.917864
15.000000, 4.000000, 1.771420
16.000000, 4.000000, 1.614259
17.000000, 4.000000, 1.448883
18.000000, 4.000000, 1.277914
19.000000, 4.000000, 1.104736
20.000000, 4.000000, 0.933960
21.000000, 4.000000, 0.772344
22.000000, 4.000000, 0.630720
23.000000, 4.000000, 0.526917
24.000000, 4.000000, 0.484785
25.000000, 4.000000, 0.518479
26.000000, 4.000000, 0.616836
27.000000, 4.000000, 0.757270
28.000000, 4.000000, 0.923223
29.000000, 4.000000, 1.105987
30.000000, 4.000000, 1.301488
31.000000, 4.000000, 1.508932
32.000000, 4.000000, 1.749026
33.000000, 4.000000, 2.015073
34.000000, 4.000000, 2.286273
35.000000, 4.000000, 2.555092
36.000000, 4.000000, 2.810692
37.000000, 4.000000, 3.039134
38.000000, 4.000000, 3.226225
39.000000, 4.000000, 3.361958
40.000000, 4.000000, 3.443998
41.000000, 4.000000, 3.477751
42.000000, 4.000000, 3.473836
0.000000, 5.000000, 2.931557
1.000000, 5.000000, 2.925471
2.000000, 5.000000, 2.912466
3.000000, 5.000000, 2.891596
4.000000, 5.000000, 2.861752
5.000000, 5.000000, 2.821984
6.000000, 5.000000, 2.771518
7.000000, 5.000000, 2.709701
8.000000, 5.000000, 2.637974
9.000000, 5.000000, 2.560747
10.000000, 5.000000, 2.475606
11.000000, 5.000000, 2.381208
12.000000, 5.000000, 2.275958
13.000000, 5.000000, 2.156942
14.000000, 5.000000, 2.013651
15.000000, 5.000000, 1.853113
16.000000, 5.000000, 1.680111
17.000000, 5.000000, 1.496351
18.000000, 5.000000, 1.304227
19.000000, 5.000000, 1.106971
20.000000, 5.000000, 0.908830
21.000000, 5.000000, 0.715786
22.000000, 5.000000, 0.538085
23.000000, 5.000000, 0.397438
24.000000, 5.000000, 0.336715
25.000000, 5.000000, 0.388594
26.000000, 5.000000, 0.522930
27.000000, 5.000000, 0.697179
28.000000, 5.000000, 0.891649
29.000000, 5.000000, 1.099660
30.000000, 5.000000, 1.319472
31.000000, 5.000000, 1.557052
32.000000, 5.000000, 1.839507
33.000000, 5.000000, 2.142452
34.000000, 5.000000, 2.455895
35.000000, 5.000000, 2.772507
36.000000, 5.000000, 3.078059
37.000000, 5.000000, 3.351136
38.000000, 5.000000, 3.567822
39.000000, 5.000000, 3.711213
40.000000, 5.000000, 3.779375
41.000000, 5.000000, 3.784579
42.000000, 5.000000, 3.745527
0.000000, 6.000000, 3.049086
1.000000, 6.000000, 3.048658
2.000000, 6.000000, 3.040701
3.000000, 6.000000, 3.023990
4.000000, 6.000000, 2.997108
5.000000, 6.000000, 2.958857
6.000000, 6.000000, 2.908376
7.000000, 6.000000, 2.845156
8.000000, 6.000000, 2.772386
9.000000, 6.000000, 2.694070
10.000000, 6.000000, 2.607753
11.000000, 6.000000, 2.511715
12.000000, 6.000000, 2.403334
13.000000, 6.000000, 2.278007
14.000000, 6.000000, 2.128000
15.000000, 6.000000, 1.957054
16.000000, 6.000000, 1.769481
17.000000, 6.000000, 1.567536
18.000000, 6.000000, 1.354026
19.000000, 6.000000, 1.132470
20.000000, 6.000000, 0.906924
21.000000, 6.000000, 0.682095
22.000000, 6.000000, 0.464895
23.000000, 6.000000, 0.273141
24.000000, 6.000000, 0.178192
25.000000, 6.000000, 0.269576
26.000000, 6.000000, 0.454182
27.000000, 6.000000, 0.662827
28.000000, 6.000000, 0.882773
29.000000, 6.000000, 1.112708
30.000000, 6.000000, 1.354258
31.000000, 6.000000, 1.626171
32.000000, 6.000000, 1.945295
33.000000, 6.000000, 2.286332
34.000000, 6.000000, 2.647754
35.000000, 6.000000, 3.024220
36.000000, 6.000000, 3.398091
37.000000, 6.000000, 3.735789
38.000000, 6.000000, 3.993826
39.000000, 6.000000, 4.140493
40.000000, 6.000000, 4.176702
41.000000, 6.000000, 4.131091
42.000000, 6.000000, 4.038384
0.000000, 7.000000, 3.178231
1.000000, 7.000000, 3.184746
2.000000, 7.000000, 3.182710
3.000000, 7.000000, 3.169459
4.000000, 7.000000, 3.142092
5.000000, 7.000000, 3.099461
6.000000, 7.000000, 3.042504
7.000000, 7.000000, 2.971987
8.000000, 7.000000, 2.894483
9.000000, 7.000000, 2.814050
10.000000, 7.000000, 2.728028
11.000000, 7.000000, 2.633608
12.000000, 7.000000, 2.526322
13.000000, 7.000000, 2.400492
14.000000, 7.000000, 2.251493
15.000000, 7.000000, 2.078357
16.000000, 7.000000, 1.882566
17.000000, 7.000000, 1.666180
18.000000, 7.000000, 1.433008
19.000000, 7.000000, 1.188224
20.000000, 7.000000, 0.937364
21.000000, 7.000000, 0.685185
22.000000, 7.000000, 0.435693
23.000000, 7.000000, 0.194715
24.000000, 7.000000, 0.045543
25.000000, 7.000000, 0.206555
26.000000, 7.000000, 0.434642
27.000000, 7.000000, 0.665582
28.000000, 7.000000, 0.902080
29.000000, 7.000000, 1.147267
30.000000, 7.000000, 1.406044
31.000000, 7.000000, 1.710570
32.000000, 7.000000, 2.059949
33.000000, 7.000000, 2.437566
34.000000, 7.000000, 2.851123
35.000000, 7.000000, 3.301870
36.000000, 7.000000, 3.772124
37.000000, 7.000000, 4.211425
38.000000, 7.000000, 4.534559
39.000000, 7.000000, 4.672914
40.000000, 7.000000, 4.640151
41.000000, 7.000000, 4.506700
42.000000, 7.000000, 4.335308
0.000000, 8.000000, 3.319599
1.000000, 8.000000, 3.318082
2.000000, 8.000000, 3.308001
3.000000, 8.000000, 3.286652
4.000000, 8.000000, 3.254004
5.000000, 8.000000, 3.208638
6.000000, 8.000000, 3.149556
7.000000, 8.000000, 3.077393
8.000000, 8.000000, 2.999860
9.000000, 8.000000, 2.922044
10.000000, 8.000000, 2.841323
11.000000, 8.000000, 2.753255
12.000000, 8.000000, 2.651410
13.000000, 8.000000, 2.529357
14.000000, 8.000000, 2.382063
15.000000, 8.000000, 2.207184
16.000000, 8.000000, 2.005212
17.000000, 8.000000, 1.779018
18.000000, 8.000000, 1.533317
19.000000, 8.000000, 1.273751
20.000000, 8.000000, 1.006037
21.000000, 8.000000, 0.736693
22.000000, 8.000000, 0.474686
23.000000, 8.000000, 0.237577
24.000000, 8.000000, 0.122252
25.000000, 8.000000, 0.259554
26.000000, 8.000000, 0.478314
27.000000, 8.000000, 0.709480
28.000000, 8.000000, 0.950265
29.000000, 8.000000, 1.201951
30.000000, 8.000000, 1.472029
31.000000, 8.000000, 1.798595
32.000000, 8.000000, 2.168661
33.000000, 8.000000, 2.577638
34.000000, 8.000000, 3.043255
35.000000, 8.000000, 3.579478
36.000000, 8.000000, 4.182484
37.000000, 8.000000, 4.793135
38.000000, 8.000000, 5.237432
39.000000, 8.000000, 5.333563
40.000000, 8.000000, 5.153065
41.000000, 8.000000, 4.877119
42.000000, 8.000000, 4.602565
0.000000, 9.000000, 3.412705
1.000000, 9.000000, 3.411925
2.000000, 9.000000, 3.405892
3.000000, 9.000000, 3.391815
4.000000, 9.000000, 3.366356
5.000000, 9.000000, 3.326141
6.000000, 9.000000, 3.269027
7.000000, 9.000000, 3.196051
8.000000, 9.000000, 3.118427
9.000000, 9.000000, 3.044989
10.000000, 9.000000, 2.974395
11.000000, 9.000000, 2.898965
12.000000, 9.000000, 2.809088
13.000000, 9.000000, 2.696756
14.000000, 9.000000, 2.555465
15.000000, 9.000000, 2.380987
16.000000, 9.000000, 2.172691
17.000000, 9.000000, 1.933961
18.000000, 9.000000, 1.671757
19.000000, 9.000000, 1.395412
20.000000, 9.000000, 1.115146
21.000000, 9.000000, 0.841393
22.000000, 9.000000, 0.587321
23.000000, 9.000000, 0.384073
24.000000, 9.000000, 0.307885
25.000000, 9.000000, 0.399244
26.000000, 9.000000, 0.578907
27.000000, 9.000000, 0.789401
28.000000, 9.000000, 1.023520
29.000000, 9.000000, 1.272145
30.000000, 9.000000, 1.545646
31.000000, 9.000000, 1.878450
32.000000, 9.000000, 2.254285
33.000000, 9.000000, 2.683108
34.000000, 9.000000, 3.188189
35.000000, 9.000000, 3.800892
36.000000, 9.000000, 4.555067
37.000000, 9.000000, 5.443719
38.000000, 9.000000, 6.140917
39.000000, 9.000000, 6.101902
40.000000, 9.000000, 5.627415
41.000000, 9.000000, 5.163906
42.000000, 9.000000, 4.785477
0.000000, 10.000000, 3.495966
1.000000, 10.000000, 3.504160
2.000000, 10.000000, 3.508479
3.000000, 10.000000, 3.505733
4.000000, 10.000000, 3.491415
5.000000, 10.000000, 3.460033
6.000000, 10.000000, 3.406969
7.000000, 10.000000, 3.332339
8.000000, 10.000000, 3.251228
9.000000, 10.000000, 3.182998
10.000000, 10.000000, 3.130338
11.000000, 10.000000, 3.075979
12.000000, 10.000000, 3.005576
13.000000, 10.000000, 2.910749
14.000000, 10.000000, 2.782734
15.000000, 10.000000, 2.614110
16.000000, 10.000000, 2.402580
17.000000, 10.000000, 2.152136
18.000000, 10.000000, 1.872884
19.000000, 10.000000, 1.579155
20.000000, 10.000000, 1.286843
21.000000, 10.000000, 1.012156
22.000000, 10.000000, 0.773801
23.000000, 10.000000, 0.599342
24.000000, 10.000000, 0.527416
25.000000, 10.000000, 0.578590
26.000000, 10.000000, 0.718886
27.000000, 10.000000, 0.902842
28.000000, 10.000000, 1.117404
29.000000, 10.000000, 1.350678
30.000000, 10.000000, 1.616792
31.000000, 10.000000, 1.940057
32.000000, 10.000000, 2.306754
33.000000, 10.000000, 2.732465
34.000000, 10.000000, 3.244169
35.000000, 10.000000, 3.883388
36.000000, 10.000000, 4.714980
37.000000, 10.000000, 5.814360
38.000000, 10.000000, 5.478410
39.000000, 10.000000, 6.522547
40.000000, 10.000000, 5.825102
41.000000, 10.000000, 5.246770
42.000000, 10.000000, 4.820889
0.000000, 11.000000, 3.579705
1.000000, 11.000000, 3.597807
2.000000, 11.000000, 3.614426
3.000000, 11.000000, 3.626478
4.000000, 11.000000, 3.628604
5.000000, 11.000000, 3.612438
6.000000, 11.000000, 3.568455
7.000000, 11.000000, 3.493117
8.000000, 11.000000, 3.401633
9.000000, 11.000000, 3.335903
10.000000, 11.000000, 3.315780
11.000000, 11.000000, 3.290952
12.000000, 11.000000, 3.246475
13.000000, 11.000000, 3.179142
14.000000, 11.000000, 3.075029
15.000000, 11.000000, 2.920668
16.000000, 11.000000, 2.710488
17.000000, 11.000000, 2.448165
18.000000, 11.000000, 2.148095
19.000000, 11.000000, 1.832186
20.000000, 11.000000, 1.524030
21.000000, 11.000000, 1.245194
22.000000, 11.000000, 1.015672
23.000000, 11.000000, 0.855980
24.000000, 11.000000, 0.783595
25.000000, 11.000000, 0.800187
26.000000, 11.000000, 0.889417
27.000000, 11.000000, 1.035437
28.000000, 11.000000, 1.219813
29.000000, 11.000000, 1.426829
30.000000, 11.000000, 1.673714
31.000000, 11.000000, 1.972443
32.000000, 11.000000, 2.312283
33.000000, 11.000000, 2.708019
34.000000, 11.000000, 3.182880
35.000000, 11.000000, 3.769999
36.000000, 11.000000, 4.511110
37.000000, 11.000000, 5.417907
38.000000, 11.000000, 6.131601
39.000000, 11.000000, 6.059271
40.000000, 11.000000, 5.527948
41.000000, 11.000000, 5.047300
42.000000, 11.000000, 4.673234
0.000000, 12.000000, 3.661481
1.000000, 12.000000, 3.689505
2.000000, 12.000000, 3.719347
3.000000, 12.000000, 3.748965
4.000000, 12.000000, 3.773628
5.000000, 12.000000, 3.782744
6.000000, 12.000000, 3.757757
7.000000, 12.000000, 3.688826
8.000000, 12.000000, 3.597934
9.000000, 12.000000, 3.539738
10.000000, 12.000000, 3.546513
11.000000, 12.000000, 3.550653
12.000000, 12.000000, 3.539706
13.000000, 12.000000, 3.510818
14.000000, 12.000000, 3.444182
15.000000, 12.000000, 3.317986
16.000000, 12.000000, 3.117461
17.000000, 12.000000, 2.841815
18.000000, 12.000000, 2.511065
19.000000, 12.000000, 2.159904
20.000000, 12.000000, 1.823587
21.000000, 12.000000, 1.529044
22.000000, 12.000000, 1.294452
23.000000, 12.000000, 1.131770
24.000000, 12.000000, 1.046941
25.000000, 12.000000, 1.036534
26.000000, 12.000000, 1.087413
27.000000, 12.000000, 1.183915
28.000000, 12.000000, 1.318277
29.000000, 12.000000, 1.488538
30.000000, 12.000000, 1.705182
31.000000, 12.000000, 1.966658
32.000000, 12.000000, 2.263095
33.000000, 12.000000, 2.604966
34.000000, 12.000000, 3.006785
35.000000, 12.000000, 3.483857
36.000000, 12.000000, 4.039678
37.000000, 12.000000, 4.622833
38.000000, 12.000000, 5.048228
39.000000, 12.000000, 5.108228
40.000000, 12.000000, 4.896479
41.000000, 12.000000, 4.616866
42.000000, 12.000000, 4.362180
0.000000, 13.000000, 3.738745
1.000000, 13.000000, 3.775278
2.000000, 13.000000, 3.817154
3.000000, 13.000000, 3.864162
4.000000, 13.000000, 3.914502
5.000000, 13.000000, 3.961000
6.000000, 13.000000, 3.971199
7.000000, 13.000000, 3.910161
8.000000, 13.000000, 3.840126
9.000000, 13.000000, 3.807132
10.000000, 13.000000, 3.817523
11.000000, 13.000000, 3.847690
12.000000, 13.000000, 3.880857
13.000000, 13.000000, 3.904673
14.000000, 13.000000, 3.897485
15.000000, 13.000000, 3.826170
16.000000, 13.000000, 3.653695
17.000000, 13.000000, 3.362235
18.000000, 13.000000, 2.979459
19.000000, 13.000000, 2.566460
20.000000, 13.000000, 2.179391
21.000000, 13.000000, 1.851381
22.000000, 13.000000, 1.596247
23.000000, 13.000000, 1.415787
24.000000, 13.000000, 1.307228
25.000000, 13.000000, 1.265395
26.000000, 13.000000, 1.279288
27.000000, 13.000000, 1.335293
28.000000, 13.000000, 1.421721
29.000000, 13.000000, 1.534577
30.000000, 13.000000, 1.704236
31.000000, 13.000000, 1.918387
32.000000, 13.000000, 2.159817
33.000000, 13.000000, 2.434179
34.000000, 13.000000, 2.748456
35.000000, 13.000000, 3.104979
36.000000, 13.000000, 3.491761
37.000000, 13.000000, 3.863598
38.000000, 13.000000, 4.136365
39.000000, 13.000000, 4.240768
40.000000, 13.000000, 4.196273
41.000000, 13.000000, 4.078583
42.000000, 13.000000, 3.947302
0.000000, 14.000000, 3.809517
1.000000, 14.000000, 3.851637
2.000000, 14.000000, 3.901778
3.000000, 14.000000, 3.961146
4.000000, 14.000000, 4.030120
5.000000, 14.000000, 4.107207
6.000000, 14.000000, 4.162786
7.000000, 14.000000, 4.107692
8.000000, 14.000000, 4.063875
9.000000, 14.000000, 4.058484
10.000000, 14.000000, 4.091938
11.000000, 14.000000, 4.156294
12.000000, 14.000000, 4.242328
13.000000, 14.000000, 4.339822
14.000000, 14.000000, 4.428557
15.000000, 14.000000, 4.463807
16.000000, 14.000000, 4.364374
17.000000, 14.000000, 4.054766
18.000000, 14.000000, 3.573127
19.000000, 14.000000, 3.048879
20.000000, 14.000000, 2.577436
21.000000, 14.000000, 2.194800
22.000000, 14.000000, 1.905578
23.000000, 14.000000, 1.696660
24.000000, 14.000000, 1.554540
25.000000, 14.000000, 1.477195
26.000000, 14.000000, 1.452998
27.000000, 14.000000, 1.468106
28.000000, 14.000000, 1.510826
29.000000, 14.000000, 1.574671
30.000000, 14.000000, 1.682411
31.000000, 14.000000, 1.834926
32.000000, 14.000000, 2.019517
33.000000, 14.000000, 2.227618
34.000000, 14.000000, 2.459837
35.000000, 14.000000, 2.713523
36.000000, 14.000000, 2.976560
37.000000, 14.000000, 3.222428
38.000000, 14.000000, 3.414145
39.000000, 14.000000, 3.524695
40.000000, 14.000000, 3.557425
41.000000, 14.000000, 3.539881
42.000000, 14.000000, 3.502094
0.000000, 15.000000, 3.873169
1.000000, 15.000000, 3.916962
2.000000, 15.000000, 3.970043
3.000000, 15.000000, 4.034078
4.000000, 15.000000, 4.108152
5.000000, 15.000000, 4.184335
6.000000, 15.000000, 4.236022
7.000000, 15.000000, 4.243189
8.000000, 15.000000, 4.245866
9.000000, 15.000000, 4.276152
10.000000, 15.000000, 4.342456
11.000000, 15.000000, 4.447030
12.000000, 15.000000, 4.591063
13.000000, 15.000000, 4.775933
14.000000, 15.000000, 4.997579
15.000000, 15.000000, 5.222837
16.000000, 15.000000, 5.312332
17.000000, 15.000000, 4.987558
18.000000, 15.000000, 4.293912
19.000000, 15.000000, 3.578290
20.000000, 15.000000, 2.986752
21.000000, 15.000000, 2.532263
22.000000, 15.000000, 2.197239
23.000000, 15.000000, 1.953324
24.000000, 15.000000, 1.776942
25.000000, 15.000000, 1.664940
26.000000, 15.000000, 1.603767
27.000000, 15.000000, 1.578986
28.000000, 15.000000, 1.578637
29.000000, 15.000000, 1.596344
30.000000, 15.000000, 1.653752
31.000000, 15.000000, 1.739971
32.000000, 15.000000, 1.855025
33.000000, 15.000000, 1.998951
34.000000, 15.000000, 2.158313
35.000000, 15.000000, 2.329097
36.000000, 15.000000, 2.503992
37.000000, 15.000000, 2.670086
38.000000, 15.000000, 2.811684
39.000000, 15.000000, 2.917604
40.000000, 15.000000, 2.987547
41.000000, 15.000000, 3.030925
42.000000, 15.000000, 3.061260
0.000000, 16.000000, 3.930968
1.000000, 16.000000, 3.972354
2.000000, 16.000000, 4.023110
3.000000, 16.000000, 4.085984
4.000000, 16.000000, 4.159680
5.000000, 16.000000, 4.235187
6.000000, 16.000000, 4.298360
7.000000, 16.000000, 4.344726
8.000000, 16.000000, 4.389587
9.000000, 16.000000, 4.454456
10.000000, 16.000000, 4.552346
11.000000, 16.000000, 4.692528
12.000000, 16.000000, 4.885288
13.000000, 16.000000, 5.145656
14.000000, 16.000000, 5.496296
15.000000, 16.000000, 5.963840
16.000000, 16.000000, 6.178357
17.000000, 16.000000, 5.763590
18.000000, 16.000000, 5.024943
19.000000, 16.000000, 4.064459
20.000000, 16.000000, 3.352998
21.000000, 16.000000, 2.830958
22.000000, 16.000000, 2.449290
23.000000, 16.000000, 2.170359
24.000000, 16.000000, 1.968029
25.000000, 16.000000, 1.826882
26.000000, 16.000000, 1.731903
27.000000, 16.000000, 1.667979
28.000000, 16.000000, 1.624567
29.000000, 16.000000, 1.596607
30.000000, 16.000000, 1.605499
31.000000, 16.000000, 1.639209
32.000000, 16.000000, 1.686138
33.000000, 16.000000, 1.758335
34.000000, 16.000000, 1.855012
35.000000, 16.000000, 1.960911
36.000000, 16.000000, 2.072428
37.000000, 16.000000, 2.185036
38.000000, 16.000000, 2.293044
39.000000, 16.000000, 2.392059
40.000000, 16.000000, 2.481297
41.000000, 16.000000, 2.563841
42.000000, 16.000000, 2.654902
0.000000, 17.000000, 3.986272
1.000000, 17.000000, 4.021699
2.000000, 17.000000, 4.065266
3.000000, 17.000000, 4.123440
4.000000, 17.000000, 4.198306
5.000000, 17.000000, 4.280240
6.000000, 17.000000, 4.357986
7.000000, 17.000000, 4.429551
8.000000, 17.000000, 4.503150
9.000000, 17.000000, 4.592691
10.000000, 17.000000, 4.711647
11.000000, 17.000000, 4.871848
12.000000, 17.000000, 5.087005
13.000000, 17.000000, 5.376240
14.000000, 17.000000, 5.768024
15.000000, 17.000000, 6.299636
16.000000, 17.000000, 6.513022
17.000000, 17.000000, 6.067788
18.000000, 17.000000, 5.383103
19.000000, 17.000000, 4.363646
20.000000, 17.000000, 3.613850
21.000000, 17.000000, 3.062460
22.000000, 17.000000, 2.655052
23.000000, 17.000000, 2.352920
24.000000, 17.000000, 2.128276
25.000000, 17.000000, 1.960070
26.000000, 17.000000, 1.831921
27.000000, 17.000000, 1.731225
28.000000, 17.000000, 1.648196
29.000000, 17.000000, 1.577463
30.000000, 17.000000, 1.539926
31.000000, 17.000000, 1.525908
32.000000, 17.000000, 1.520789
33.000000, 17.000000, 1.526088
34.000000, 17.000000, 1.557326
35.000000, 17.000000, 1.611187
36.000000, 17.000000, 1.675756
37.000000, 17.000000, 1.750996
38.000000, 17.000000, 1.836121
39.000000, 17.000000, 1.929465
40.000000, 17.000000, 2.030915
41.000000, 17.000000, 2.151983
42.000000, 17.000000, 2.296654
0.000000, 18.000000, 4.044449
1.000000, 18.000000, 4.072076
2.000000, 18.000000, 4.103461
3.000000, 18.000000, 4.151896
4.000000, 18.000000, 4.232734
5.000000, 18.000000, 4.325765
6.000000, 18.000000, 4.415668
7.000000, 18.000000, 4.502049
8.000000, 18.000000, 4.591297
9.000000, 18.000000, 4.692611
10.000000, 18.000000, 4.817426
11.000000, 18.000000, 4.976552
12.000000, 18.000000, 5.180522
13.000000, 18.000000, 5.439966
14.000000, 18.000000, 5.760157
15.000000, 18.000000, 6.113557
16.000000, 18.000000, 6.333604
17.000000, 18.000000, 6.031788
18.000000, 18.000000, 5.242141
19.000000, 18.000000, 4.419994
20.000000, 18.000000, 3.741544
21.000000, 18.000000, 3.213484
22.000000, 18.000000, 2.807476
23.000000, 18.000000, 2.493748
24.000000, 18.000000, 2.250144
25.000000, 18.000000, 2.058143
26.000000, 18.000000, 1.902746
27.000000, 18.000000, 1.771520
28.000000, 18.000000, 1.654236
29.000000, 18.000000, 1.544781
30.000000, 18.000000, 1.463706
31.000000, 18.000000, 1.406778
32.000000, 18.000000, 1.355777
33.000000, 18.000000, 1.310979
34.000000, 18.000000, 1.278767
35.000000, 18.000000, 1.279851
36.000000, 18.000000, 1.307633
37.000000, 18.000000, 1.356342
38.000000, 18.000000, 1.427567
39.000000, 18.000000, 1.519570
40.000000, 18.000000, 1.637338
41.000000, 18.000000, 1.803071
42.000000, 18.000000, 1.984404
0.000000, 19.000000, 4.111849
1.000000, 19.000000, 4.134370
2.000000, 19.000000, 4.154324
3.000000, 19.000000, 4.182190
4.000000, 19.000000, 4.278335
5.000000, 19.000000, 4.379714
6.000000, 19.000000, 4.474290
7.000000, 19.000000, 4.565082
8.000000, 19.000000, 4.657735
9.000000, 19.000000, 4.758382
10.000000, 19.000000, 4.874078
11.000000, 19.000000, 5.012917
12.000000, 19.000000, 5.179157
13.000000, 19.000000, 5.371617
14.000000, 19.000000, 5.574540
15.000000, 19.000000, 5.736034
16.000000, 19.000000, 5.741171
17.000000, 19.000000, 5.462061
18.000000, 19.000000, 4.930511
19.000000, 19.000000, 4.321196
20.000000, 19.000000, 3.761100
21.000000, 19.000000, 3.287567
22.000000, 19.000000, 2.897825
23.000000, 19.000000, 2.584300
24.000000, 19.000000, 2.331445
25.000000, 19.000000, 2.124125
26.000000, 19.000000, 1.949169
27.000000, 19.000000, 1.794913
28.000000, 19.000000, 1.650355
29.000000, 19.000000, 1.507184
30.000000, 19.000000, 1.385885
31.000000, 19.000000, 1.291951
32.000000, 19.000000, 1.200576
33.000000, 19.000000, 1.111152
34.000000, 19.000000, 1.029701
35.000000, 19.000000, 0.971994
36.000000, 19.000000, 0.962738
37.000000, 19.000000, 0.992596
38.000000, 19.000000, 1.059947
39.000000, 19.000000, 1.164223
40.000000, 19.000000, 1.318884
41.000000, 19.000000, 1.517613
42.000000, 19.000000, 1.725391
0.000000, 20.000000, 4.192688
1.000000, 20.000000, 4.217184
2.000000, 20.000000, 4.241935
3.000000, 20.000000, 4.281718
4.000000, 20.000000, 4.358747
5.000000, 20.000000, 4.448745
6.000000, 20.000000, 4.536515
7.000000, 20.000000, 4.621490
8.000000, 20.000000, 4.706855
9.000000, 20.000000, 4.796347
10.000000, 20.000000, 4.891649
11.000000, 20.000000, 4.997534
12.000000, 20.000000, 5.113184
13.000000, 20.000000, 5.230260
14.000000, 20.000000, 5.327223
15.000000, 20.000000, 5.361865
16.000000, 20.000000, 5.274209
17.000000, 20.000000, 5.021330
18.000000, 20.000000, 4.626323
19.000000, 20.000000, 4.167530
20.000000, 20.000000, 3.710745
21.000000, 20.000000, 3.290858
22.000000, 20.000000, 2.931507
23.000000, 20.000000, 2.630502
24.000000, 20.000000, 2.378329
25.000000, 20.000000, 2.164100
26.000000, 20.000000, 1.977229
27.000000, 20.000000, 1.807848
28.000000, 20.000000, 1.645557
29.000000, 20.000000, 1.475425
30.000000, 20.000000, 1.318097
31.000000, 20.000000, 1.194907
32.000000, 20.000000, 1.069154
33.000000, 20.000000, 0.939212
34.000000, 20.000000, 0.811106
35.000000, 20.000000, 0.699963
36.000000, 20.000000, 0.639098
37.000000, 20.000000, 0.653310
38.000000, 20.000000, 0.730783
39.000000, 20.000000, 0.875814
40.000000, 20.000000, 1.076580
41.000000, 20.000000, 1.301951
42.000000, 20.000000, 1.525986
0.000000, 21.000000, 4.286398
1.000000, 21.000000, 4.317071
2.000000, 21.000000, 4.350569
3.000000, 21.000000, 4.395403
4.000000, 21.000000, 4.457230
5.000000, 21.000000, 4.529050
6.000000, 21.000000, 4.602214
7.000000, 21.000000, 4.673627
8.000000, 21.000000, 4.743699
9.000000, 21.000000, 4.813991
10.000000, 21.000000, 4.882649
11.000000, 21.000000, 4.949988
12.000000, 21.000000, 5.013494
13.000000, 21.000000, 5.063153
14.000000, 21.000000, 5.080752
15.000000, 21.000000, 5.039527
16.000000, 21.000000, 4.911040
17.000000, 21.000000, 4.681967
18.000000, 21.000000, 4.368728
19.000000, 21.000000, 4.001708
20.000000, 21.000000, 3.612323
21.000000, 21.000000, 3.248023
22.000000, 21.000000, 2.924498
23.000000, 21.000000, 2.643115
24.000000, 21.000000, 2.399179
25.000000, 21.000000, 2.185342
26.000000, 21.000000, 1.993397
27.000000, 21.000000, 1.814994
28.000000, 21.000000, 1.640775
29.000000, 21.000000, 1.458308
30.000000, 21.000000, 1.279747
31.000000, 21.000000, 1.130999
32.000000, 21.000000, 0.978742
33.000000, 21.000000, 0.816355
34.000000, 21.000000, 0.645905
35.000000, 21.000000, 0.477983
36.000000, 21.000000, 0.347676
37.000000, 21.000000, 0.338017
38.000000, 21.000000, 0.459111
39.000000, 21.000000, 0.665427
40.000000, 21.000000, 0.901921
41.000000, 21.000000, 1.147262
42.000000, 21.000000, 1.381697
0.000000, 22.000000, 4.389593
1.000000, 22.000000, 4.426261
2.000000, 22.000000, 4.464127
3.000000, 22.000000, 4.507397
4.000000, 22.000000, 4.558163
5.000000, 22.000000, 4.613830
6.000000, 22.000000, 4.669960
7.000000, 22.000000, 4.723559
8.000000, 22.000000, 4.773462
9.000000, 22.000000, 4.819432
10.000000, 22.000000, 4.859019
11.000000, 22.000000, 4.887545
12.000000, 22.000000, 4.903278
13.000000, 22.000000, 4.897985
14.000000, 22.000000, 4.859333
15.000000, 22.000000, 4.772717
16.000000, 22.000000, 4.626188
17.000000, 22.000000, 4.417697
18.000000, 22.000000, 4.151188
19.000000, 22.000000, 3.828139
20.000000, 22.000000, 3.495846
21.000000, 22.000000, 3.180081
22.000000, 22.000000, 2.891495
23.000000, 22.000000, 2.633037
24.000000, 22.000000, 2.402626
25.000000, 22.000000, 2.195339
26.000000, 22.000000, 2.004833
27.000000, 22.000000, 1.824018
28.000000, 22.000000, 1.645196
29.000000, 22.000000, 1.461370
30.000000, 22.000000, 1.273895
31.000000, 22.000000, 1.110528
32.000000, 22.000000, 0.945911
33.000000, 22.000000, 0.768698
34.000000, 22.000000, 0.577753
35.000000, 22.000000, 0.375161
36.000000, 22.000000, 0.176290
37.000000, 22.000000, 0.139615
38.000000, 22.000000, 0.334945
39.000000, 22.000000, 0.574677
40.000000, 22.000000, 0.820998
41.000000, 22.000000, 1.064502
42.000000, 22.000000, 1.296741
0.000000, 23.000000, 4.499297
1.000000, 23.000000, 4.540728
2.000000, 23.000000, 4.579606
3.000000, 23.000000, 4.618620
4.000000, 23.000000, 4.659309
5.000000, 23.000000, 4.700515
6.000000, 23.000000, 4.739521
7.000000, 23.000000, 4.773711
8.000000, 23.000000, 4.801242
9.000000, 23.000000, 4.820775
10.000000, 23.000000, 4.830317
11.000000, 23.000000, 4.823166
12.000000, 23.000000, 4.797268
13.000000, 23.000000, 4.748289
14.000000, 23.000000, 4.669480
15.000000, 23.000000, 4.554543
16.000000, 23.000000, 4.400296
17.000000, 23.000000, 4.205352
18.000000, 23.000000, 3.949940
19.000000, 23.000000, 3.663826
20.000000, 23.000000, 3.376216
21.000000, 23.000000, 3.100278
22.000000, 23.000000, 2.843720
23.000000, 23.000000, 2.609300
24.000000, 23.000000, 2.396025
25.000000, 23.000000, 2.200465
26.000000, 23.000000, 2.017756
27.000000, 23.000000, 1.842282
28.000000, 23.000000, 1.668231
29.000000, 23.000000, 1.490384
30.000000, 23.000000, 1.306187
31.000000, 23.000000, 1.139128
32.000000, 23.000000, 0.979313
33.000000, 23.000000, 0.811052
34.000000, 23.000000, 0.636793
35.000000, 23.000000, 0.466943
36.000000, 23.000000, 0.334846
37.000000, 23.000000, 0.322161
38.000000, 23.000000, 0.449483
39.000000, 23.000000, 0.637994
40.000000, 23.000000, 0.851079
41.000000, 23.000000, 1.069326
42.000000, 23.000000, 1.282231
0.000000, 24.000000, 4.613724
1.000000, 24.000000, 4.659353
2.000000, 24.000000, 4.696945
3.000000, 24.000000, 4.730245
4.000000, 24.000000, 4.761424
5.000000, 24.000000, 4.789584
6.000000, 24.000000, 4.812331
7.000000, 24.000000, 4.827139
8.000000, 24.000000, 4.831962
9.000000, 24.000000, 4.825065
10.000000, 24.000000, 4.804503
11.000000, 24.000000, 4.765650
12.000000, 24.000000, 4.703942
13.000000, 24.000000, 4.619595
14.000000, 24.000000, 4.510676
15.000000, 24.000000, 4.376516
16.000000, 24.000000, 4.217967
17.000000, 24.000000, 4.015144
18.000000, 24.000000, 3.768943
19.000000, 24.000000, 3.513166
20.000000, 24.000000, 3.259526
21.000000, 24.000000, 3.016301
22.000000, 24.000000, 2.788584
23.000000, 24.000000, 2.578258
24.000000, 24.000000, 2.384578
25.000000, 24.000000, 2.204941
26.000000, 24.000000, 2.035582
27.000000, 24.000000, 1.872150
28.000000, 24.000000, 1.710230
29.000000, 24.000000, 1.545882
30.000000, 24.000000, 1.376382
31.000000, 24.000000, 1.215962
32.000000, 24.000000, 1.074035
33.000000, 24.000000, 0.931860
34.000000, 24.000000, 0.795260
35.000000, 24.000000, 0.679021
36.000000, 24.000000, 0.607910
37.000000, 24.000000, 0.601612
38.000000, 24.000000, 0.680703
39.000000, 24.000000, 0.810707
40.000000, 24.000000, 0.972689
41.000000, 24.000000, 1.150550
42.000000, 24.000000, 1.331130
0.000000, 25.000000, 4.731066
1.000000, 25.000000, 4.781879
2.000000, 25.000000, 4.815456
3.000000, 25.000000, 4.842601
4.000000, 25.000000, 4.865735
5.000000, 25.000000, 4.882874
6.000000, 25.000000, 4.891047
7.000000, 25.000000, 4.887484
8.000000, 25.000000, 4.870307
9.000000, 25.000000, 4.838222
10.000000, 25.000000, 4.789172
11.000000, 25.000000, 4.720485
12.000000, 25.000000, 4.627908
13.000000, 25.000000, 4.513396
14.000000, 25.000000, 4.379852
15.000000, 25.000000, 4.230607
16.000000, 25.000000, 4.059582
17.000000, 25.000000, 3.841043
18.000000, 25.000000, 3.608320
19.000000, 25.000000, 3.375010
20.000000, 25.000000, 3.147855
21.000000, 25.000000, 2.931950
22.000000, 25.000000, 2.730257
23.000000, 25.000000, 2.543633
24.000000, 25.000000, 2.371166
25.000000, 25.000000, 2.210653
26.000000, 25.000000, 2.059067
27.000000, 25.000000, 1.912998
28.000000, 25.000000, 1.769090
29.000000, 25.000000, 1.624517
30.000000, 25.000000, 1.477593
31.000000, 25.000000, 1.334252
32.000000, 25.000000, 1.215498
33.000000, 25.000000, 1.105263
34.000000, 25.000000, 1.006630
35.000000, 25.000000, 0.931071
36.000000, 25.000000, 0.888549
37.000000, 25.000000, 0.882027
38.000000, 25.000000, 0.936964
39.000000, 25.000000, 1.033152
40.000000, 25.000000, 1.150631
41.000000, 25.000000, 1.286229
42.000000, 25.000000, 1.429027
0.000000, 26.000000, 4.843037
1.000000, 26.000000, 4.901674
2.000000, 26.000000, 4.930461
3.000000, 26.000000, 4.954904
4.000000, 26.000000, 4.973590
5.000000, 26.000000, 4.982989
6.000000, 26.000000, 4.979288
7.000000, 26.000000, 4.959117
8.000000, 26.000000, 4.920860
9.000000, 26.000000, 4.865362
10.000000, 26.000000, 4.790161
11.000000, 26.000000, 4.691474
12.000000, 26.000000, 4.569156
13.000000, 26.000000, 4.425712
14.000000, 26.000000, 4.268895
15.000000, 26.000000, 4.103719
16.000000, 26.000000, 3.905458
17.000000, 26.000000, 3.682935
18.000000, 26.000000, 3.461151
19.000000, 26.000000, 3.245732
20.000000, 26.000000, 3.040537
21.000000, 26.000000, 2.848322
22.000000, 26.000000, 2.670467
23.000000, 26.000000, 2.506980
24.000000, 26.000000, 2.356686
25.000000, 26.000000, 2.217557
26.000000, 26.000000, 2.087032
27.000000, 26.000000, 1.962352
28.000000, 26.000000, 1.840924
29.000000, 26.000000, 1.720758
30.000000, 26.000000, 1.601044
31.000000, 26.000000, 1.483982
32.000000, 26.000000, 1.388252
33.000000, 26.000000, 1.309612
34.000000, 26.000000, 1.243605
35.000000, 26.000000, 1.197246
36.000000, 26.000000, 1.167615
37.000000, 26.000000, 1.162707
38.000000, 26.000000, 1.201844
39.000000, 26.000000, 1.275721
40.000000, 26.000000, 1.359568
41.000000, 26.000000, 1.456585
42.000000, 26.000000, 1.561033
0.000000, 27.000000, 4.935956
1.000000, 27.000000, 4.996417
2.000000, 27.000000, 5.037507
3.000000, 27.000000, 5.067356
4.000000, 27.000000, 5.086961
5.000000, 27.000000, 5.093058
6.000000, 27.000000, 5.080968
7.000000, 27.000000, 5.045115
8.000000, 27.000000, 4.981440
9.000000, 27.000000, 4.897827
10.000000, 27.000000, 4.792434
11.000000, 27.000000, 4.659073
12.000000, 27.000000, 4.502476
13.000000, 27.000000, 4.329291
14.000000, 27.000000, 4.148736
15.000000, 27.000000, 3.959295
16.000000, 27.000000, 3.737741
17.000000, 27.000000, 3.516536
18.000000, 27.000000, 3.305312
19.000000, 27.000000, 3.107337
20.000000, 27.000000, 2.924430
21.000000, 27.000000, 2.757138
22.000000, 27.000000, 2.604892
23.000000, 27.000000, 2.466392
24.000000, 27.000000, 2.340022
25.000000, 27.000000, 2.224144
26.000000, 27.000000, 2.117021
27.000000, 27.000000, 2.016609
28.000000, 27.000000, 1.920873
29.000000, 27.000000, 1.828323
30.000000, 27.000000, 1.738556
31.000000, 27.000000, 1.652930
32.000000, 27.000000, 1.581145
33.000000, 27.000000, 1.531893
34.000000, 27.000000, 1.494503
35.000000, 27.000000, 1.470409
36.000000, 27.000000, 1.448686
37.000000, 27.000000, 1.446600
38.000000, 27.000000, 1.474342
39.000000, 27.000000, 1.528125
40.000000, 27.000000, 1.586739
41.000000, 27.000000, 1.648715
42.000000, 27.000000, 1.715514
0.000000, 28.000000, 5.024214
1.000000, 28.000000, 5.090488
2.000000, 28.000000, 5.143358
3.000000, 28.000000, 5.182780
4.000000, 28.000000, 5.205839
5.000000, 28.000000, 5.205597
6.000000, 28.000000, 5.178386
7.000000, 28.000000, 5.123558
8.000000, 28.000000, 5.040130
9.000000, 28.000000, 4.932675
10.000000, 28.000000, 4.798464
11.000000, 28.000000, 4.632974
12.000000, 28.000000, 4.442158
13.000000, 28.000000, 4.236762
14.000000, 28.000000, 4.029255
15.000000, 28.000000, 3.804868
16.000000, 28.000000, 3.568594
17.000000, 28.000000, 3.346399
18.000000, 28.000000, 3.142710
19.000000, 28.000000, 2.959285
20.000000, 28.000000, 2.796168
21.000000, 28.000000, 2.652137
22.000000, 28.000000, 2.525203
23.000000, 28.000000, 2.413070
24.000000, 28.000000, 2.313539
25.000000, 28.000000, 2.224662
26.000000, 28.000000, 2.144543
27.000000, 28.000000, 2.071355
28.000000, 28.000000, 2.003780
29.000000, 28.000000, 1.941090
30.000000, 28.000000, 1.883123
31.000000, 28.000000, 1.830814
32.000000, 28.000000, 1.787818
33.000000, 28.000000, 1.765201
34.000000, 28.000000, 1.755040
35.000000, 28.000000, 1.749261
36.000000, 28.000000, 1.736824
37.000000, 28.000000, 1.737990
38.000000, 28.000000, 1.756588
39.000000, 28.000000, 1.790682
40.000000, 28.000000, 1.827040
41.000000, 28.000000, 1.855726
42.000000, 28.000000, 1.884773
0.000000, 29.000000, 5.113850
1.000000, 29.000000, 5.188220
2.000000, 29.000000, 5.248734
3.000000, 29.000000, 5.286975
4.000000, 29.000000, 5.303380
5.000000, 29.000000, 5.298937
6.000000, 29.000000, 5.270233
7.000000, 29.000000, 5.212458
8.000000, 29.000000, 5.121376
9.000000, 29.000000, 4.994660
10.000000, 29.000000, 4.830167
11.000000, 29.000000, 4.628750
12.000000, 29.000000, 4.398576
13.000000, 29.000000, 4.153887
14.000000, 29.000000, 3.907719
15.000000, 29.000000, 3.646238
16.000000, 29.000000, 3.395900
17.000000, 29.000000, 3.170205
18.000000, 29.000000, 2.972101
19.000000, 29.000000, 2.801765
20.000000, 29.000000, 2.657393
21.000000, 29.000000, 2.535982
22.000000, 29.000000, 2.434022
23.000000, 29.000000, 2.348069
24.000000, 29.000000, 2.275337
25.000000, 29.000000, 2.214027
26.000000, 29.000000, 2.162470
27.000000, 29.000000, 2.119130
28.000000, 29.000000, 2.082911
29.000000, 29.000000, 2.052935
30.000000, 29.000000, 2.028754
31.000000, 29.000000, 2.011209
32.000000, 29.000000, 2.001989
33.000000, 29.000000, 2.006405
34.000000, 29.000000, 2.024240
35.000000, 29.000000, 2.036414
36.000000, 29.000000, 2.037090
37.000000, 29.000000, 2.042496
38.000000, 29.000000, 2.053073
39.000000, 29.000000, 2.067515
40.000000, 29.000000, 2.079534
41.000000, 29.000000, 2.074722
42.000000, 29.000000, 2.065025
0.000000, 30.000000, 5.204321
1.000000, 30.000000, 5.269832
2.000000, 30.000000, 5.323870
3.000000, 30.000000, 5.366937
4.000000, 30.000000, 5.394551
5.000000, 30.000000, 5.399802
6.000000, 30.000000, 5.377804
7.000000, 30.000000, 5.322841
8.000000, 30.000000, 5.227276
9.000000, 30.000000, 5.084129
10.000000, 30.000000, 4.890001
11.000000, 30.000000, 4.648382
12.000000, 30.000000, 4.371515
13.000000, 30.000000, 4.078859
14.000000, 30.000000, 3.781058
15.000000, 30.000000, 3.481420
16.000000, 30.000000, 3.213537
17.000000, 30.000000, 2.982197
18.000000, 30.000000, 2.788593
19.000000, 30.000000, 2.630944
20.000000, 30.000000, 2.505333
21.000000, 30.000000, 2.406789
22.000000, 30.000000, 2.330183
23.000000, 30.000000, 2.270877
24.000000, 30.000000, 2.225465
25.000000, 30.000000, 2.192543
26.000000, 30.000000, 2.170213
27.000000, 30.000000, 2.157061
28.000000, 30.000000, 2.152359
29.000000, 30.000000, 2.155987
30.000000, 30.000000, 2.168222
31.000000, 30.000000, 2.188818
32.000000, 30.000000, 2.217237
33.000000, 30.000000, 2.254725
34.000000, 30.000000, 2.302540
35.000000, 30.000000, 2.336918
36.000000, 30.000000, 2.355631
37.000000, 30.000000, 2.367467
38.000000, 30.000000, 2.370551
39.000000, 30.000000, 2.363967
40.000000, 30.000000, 2.346391
41.000000, 30.000000, 2.305230
42.000000, 30.000000, 2.258214
0.000000, 31.000000, 5.253510
1.000000, 31.000000, 5.320159
2.000000, 31.000000, 5.385183
3.000000, 31.000000, 5.444936
4.000000, 31.000000, 5.490960
5.000000, 31.000000, 5.509749
6.000000, 31.000000, 5.500114
7.000000, 31.000000, 5.455447
8.000000, 31.000000, 5.362311
9.000000, 31.000000, 5.207333
10.000000, 31.000000, 4.983429
11.000000, 31.000000, 4.695425
12.000000, 31.000000, 4.361199
13.000000, 31.000000, 4.007953
14.000000, 31.000000, 3.649818
15.000000, 31.000000, 3.308800
16.000000, 31.000000, 3.015520
17.000000, 31.000000, 2.776740
18.000000, 31.000000, 2.587666
19.000000, 31.000000, 2.443544
20.000000, 31.000000, 2.337860
21.000000, 31.000000, 2.263359
22.000000, 31.000000, 2.213114
23.000000, 31.000000, 2.181386
24.000000, 31.000000, 2.164378
25.000000, 31.000000, 2.160122
26.000000, 31.000000, 2.167081
27.000000, 31.000000, 2.184233
28.000000, 31.000000, 2.211281
29.000000, 31.000000, 2.248512
30.000000, 31.000000, 2.296596
31.000000, 31.000000, 2.356280
32.000000, 31.000000, 2.427499
33.000000, 31.000000, 2.507224
34.000000, 31.000000, 2.590901
35.000000, 31.000000, 2.655788
36.000000, 31.000000, 2.699659
37.000000, 31.000000, 2.721927
38.000000, 31.000000, 2.717738
39.000000, 31.000000, 2.686665
40.000000, 31.000000, 2.631904
41.000000, 31.000000, 2.548905
42.000000, 31.000000, 2.465730
0.000000, 32.000000, 5.284816
1.000000, 32.000000, 5.359746
2.000000, 32.000000, 5.436755
3.000000, 32.000000, 5.513503
4.000000, 32.000000, 5.583350
5.000000, 32.000000, 5.619646
6.000000, 32.000000, 5.632369
7.000000, 32.000000, 5.610449
8.000000, 32.000000, 5.532245
9.000000, 32.000000, 5.374067
10.000000, 32.000000, 5.120349
11.000000, 32.000000, 4.776547
12.000000, 32.000000, 4.368923
13.000000, 32.000000, 3.937077
14.000000, 32.000000, 3.510222
15.000000, 32.000000, 3.124333
16.000000, 32.000000, 2.800626
17.000000, 32.000000, 2.548947
18.000000, 32.000000, 2.365528
19.000000, 32.000000, 2.237282
20.000000, 32.000000, 2.154034
21.000000, 32.000000, 2.105853
22.000000, 32.000000, 2.083799
23.000000, 32.000000, 2.080904
24.000000, 32.000000, 2.092737
25.000000, 32.000000, 2.117008
26.000000, 32.000000, 2.152647
27.000000, 32.000000, 2.199367
28.000000, 32.000000, 2.257548
29.000000, 32.000000, 2.327952
30.000000, 32.000000, 2.411400
31.000000, 32.000000, 2.508769
32.000000, 32.000000, 2.620522
33.000000, 32.000000, 2.745721
34.000000, 32.000000, 2.875242
35.000000, 32.000000, 2.981354
36.000000, 32.000000, 3.060748
37.000000, 32.000000, 3.099887
38.000000, 32.000000, 3.088312
39.000000, 32.000000, 3.026551
40.000000, 32.000000, 2.925138
41.000000, 32.000000, 2.799340
42.000000, 32.000000, 2.668945
0.000000, 33.000000, 5.304986
1.000000, 33.000000, 5.386270
2.000000, 33.000000, 5.472532
3.000000, 33.000000, 5.561415
4.000000, 33.000000, 5.646148
5.000000, 33.000000, 5.715932
6.000000, 33.000000, 5.766765
7.000000, 33.000000, 5.785331
8.000000, 33.000000, 5.742612
9.000000, 33.000000, 5.598617
10.000000, 33.000000, 5.318248
11.000000, 33.000000, 4.904133
12.000000, 33.000000, 4.397011
13.000000, 33.000000, 3.861443
14.000000, 33.000000, 3.354484
15.000000, 33.000000, 2.917505
16.000000, 33.000000, 2.565898
17.000000, 33.000000, 2.300951
18.000000, 33.000000, 2.120382
19.000000, 33.000000, 2.011408
20.000000, 33.000000, 1.954494
21.000000, 33.000000, 1.935984
22.000000, 33.000000, 1.944602
23.000000, 33.000000, 1.971765
24.000000, 33.000000, 2.012362
25.000000, 33.000000, 2.064223
26.000000, 33.000000, 2.126588
27.000000, 33.000000, 2.198756
28.000000, 33.000000, 2.281224
29.000000, 33.000000, 2.377384
30.000000, 33.000000, 2.491264
31.000000, 33.000000, 2.625837
32.000000, 33.000000, 2.782641
33.000000, 33.000000, 2.960585
34.000000, 33.000000, 3.148819
35.000000, 33.000000, 3.318831
36.000000, 33.000000, 3.456471
37.000000, 33.000000, 3.526442
38.000000, 33.000000, 3.505973
39.000000, 33.000000, 3.397852
40.000000, 33.000000, 3.231284
41.000000, 33.000000, 3.046968
42.000000, 33.000000, 2.844191
0.000000, 34.000000, 5.311762
1.000000, 34.000000, 5.396760
2.000000, 34.000000, 5.489296
3.000000, 34.000000, 5.588239
4.000000, 34.000000, 5.690989
5.000000, 34.000000, 5.793830
6.000000, 34.000000, 5.891690
7.000000, 34.000000, 5.970034
8.000000, 34.000000, 5.993546
9.000000, 34.000000, 5.898243
10.000000, 34.000000, 5.607639
11.000000, 34.000000, 5.098241
12.000000, 34.000000, 4.445655
13.000000, 34.000000, 3.772020
14.000000, 34.000000, 3.170514
15.000000, 34.000000, 2.678202
16.000000, 34.000000, 2.301389
17.000000, 34.000000, 2.032890
18.000000, 34.000000, 1.859732
19.000000, 34.000000, 1.768666
20.000000, 34.000000, 1.741987
21.000000, 34.000000, 1.757298
22.000000, 34.000000, 1.799713
23.000000, 34.000000, 1.858078
24.000000, 34.000000, 1.925381
25.000000, 34.000000, 1.997262
26.000000, 34.000000, 2.074913
27.000000, 34.000000, 2.164237
28.000000, 34.000000, 2.269549
29.000000, 34.000000, 2.394322
30.000000, 34.000000, 2.542406
31.000000, 34.000000, 2.718041
32.000000, 34.000000, 2.925141
33.000000, 34.000000, 3.165479
34.000000, 34.000000, 3.428431
35.000000, 34.000000, 3.686328
36.000000, 34.000000, 3.917579
37.000000, 34.000000, 4.047861
38.000000, 34.000000, 4.016062
39.000000, 34.000000, 3.833560
40.000000, 34.000000, 3.576598
41.000000, 34.000000, 3.296982
42.000000, 34.000000, 3.004977
0.000000, 35.000000, 5.303605
1.000000, 35.000000, 5.389096
2.000000, 35.000000, 5.484380
3.000000, 35.000000, 5.590300
4.000000, 35.000000, 5.708164
5.000000, 35.000000, 5.839521
6.000000, 35.000000, 5.984755
7.000000, 35.000000, 6.136698
8.000000, 35.000000, 6.264912
9.000000, 35.000000, 6.282812
10.000000, 35.000000, 6.023211
11.000000, 35.000000, 5.376246
12.000000, 35.000000, 4.502435
13.000000, 35.000000, 3.648900
14.000000, 35.000000, 2.942159
15.000000, 35.000000, 2.397095
16.000000, 35.000000, 2.002209
17.000000, 35.000000, 1.739142
18.000000, 35.000000, 1.586797
19.000000, 35.000000, 1.522153
20.000000, 35.000000, 1.524171
21.000000, 35.000000, 1.575451
22.000000, 35.000000, 1.654492
23.000000, 35.000000, 1.737537
24.000000, 35.000000, 1.817913
25.000000, 35.000000, 1.903664
26.000000, 35.000000, 2.000069
27.000000, 35.000000, 2.110579
28.000000, 35.000000, 2.238898
29.000000, 35.000000, 2.389580
30.000000, 35.000000, 2.568299
31.000000, 35.000000, 2.781966
32.000000, 35.000000, 3.038482
33.000000, 35.000000, 3.345603
34.000000, 35.000000, 3.699719
35.000000, 35.000000, 4.082046
36.000000, 35.000000, 4.462820
37.000000, 35.000000, 4.712436
38.000000, 35.000000, 4.664711
39.000000, 35.000000, 4.350716
40.000000, 35.000000, 3.941692
41.000000, 35.000000, 3.532208
42.000000, 35.000000, 3.143838
0.000000, 36.000000, 5.279721
1.000000, 36.000000, 5.361768
2.000000, 36.000000, 5.454786
3.000000, 36.000000, 5.561177
4.000000, 36.000000, 5.685007
5.000000, 36.000000, 5.832230
6.000000, 36.000000, 6.010753
7.000000, 36.000000, 6.228326
8.000000, 36.000000, 6.482436
9.000000, 36.000000, 6.713052
10.000000, 36.000000, 6.614088
11.000000, 36.000000, 5.738995
12.000000, 36.000000, 4.515356
13.000000, 36.000000, 3.455458
14.000000, 36.000000, 2.653783
15.000000, 36.000000, 2.069692
16.000000, 36.000000, 1.668393
17.000000, 36.000000, 1.422104
18.000000, 36.000000, 1.302696
19.000000, 36.000000, 1.278002
20.000000, 36.000000, 1.316841
21.000000, 36.000000, 1.393791
22.000000, 36.000000, 1.501375
23.000000, 36.000000, 1.604861
24.000000, 36.000000, 1.702767
25.000000, 36.000000, 1.805442
26.000000, 36.000000, 1.918362
27.000000, 36.000000, 2.045663
28.000000, 36.000000, 2.191868
29.000000, 36.000000, 2.362635
30.000000, 36.000000, 2.565342
31.000000, 36.000000, 2.809630
32.000000, 36.000000, 3.107804
33.000000, 36.000000, 3.475265
34.000000, 36.000000, 3.922273
35.000000, 36.000000, 4.457984
36.000000, 36.000000, 5.084962
37.000000, 36.000000, 5.587845
38.000000, 36.000000, 5.501611
39.000000, 36.000000, 4.913616
40.000000, 36.000000, 4.273409
41.000000, 36.000000, 3.724453
42.000000, 36.000000, 3.261698
0.000000, 37.000000, 5.240295
1.000000, 37.000000, 5.314414
2.000000, 37.000000, 5.398887
3.000000, 37.000000, 5.496590
4.000000, 37.000000, 5.612489
5.000000, 37.000000, 5.754205
6.000000, 37.000000, 5.933349
7.000000, 37.000000, 6.167500
8.000000, 37.000000, 6.482896
9.000000, 37.000000, 6.904299
10.000000, 37.000000, 6.019893
11.000000, 37.000000, 5.780473
12.000000, 37.000000, 4.341039
13.000000, 37.000000, 3.148316
14.000000, 37.000000, 2.300759
15.000000, 37.000000, 1.702131
16.000000, 37.000000, 1.306423
17.000000, 37.000000, 1.088298
18.000000, 37.000000, 1.017143
19.000000, 37.000000, 1.043604
20.000000, 37.000000, 1.119583
21.000000, 37.000000, 1.226595
22.000000, 37.000000, 1.374990
23.000000, 37.000000, 1.488483
24.000000, 37.000000, 1.595582
25.000000, 37.000000, 1.709311
26.000000, 37.000000, 1.833613
27.000000, 37.000000, 1.972451
28.000000, 37.000000, 2.130598
29.000000, 37.000000, 2.314219
30.000000, 37.000000, 2.531710
31.000000, 37.000000, 2.794880
32.000000, 37.000000, 3.119278
33.000000, 37.000000, 3.524977
34.000000, 37.000000, 4.033889
35.000000, 37.000000, 4.687255
36.000000, 37.000000, 5.571836
37.000000, 37.000000, 5.258177
38.000000, 37.000000, 5.689976
39.000000, 37.000000, 5.318548
40.000000, 37.000000, 4.472473
41.000000, 37.000000, 3.838598
42.000000, 37.000000, 3.325086
0.000000, 38.000000, 5.186747
1.000000, 38.000000, 5.248490
2.000000, 38.000000, 5.317934
3.000000, 38.000000, 5.397183
4.000000, 38.000000, 5.489912
5.000000, 38.000000, 5.601508
6.000000, 38.000000, 5.739563
7.000000, 38.000000, 5.913849
8.000000, 38.000000, 6.132765
9.000000, 38.000000, 6.372849
10.000000, 38.000000, 6.162846
11.000000, 38.000000, 5.227446
12.000000, 38.000000, 3.854882
13.000000, 38.000000, 2.732039
14.000000, 38.000000, 1.909506
15.000000, 38.000000, 1.318367
16.000000, 38.000000, 0.930225
17.000000, 38.000000, 0.744420
18.000000, 38.000000, 0.737108
19.000000, 38.000000, 0.808946
20.000000, 38.000000, 0.931503
21.000000, 38.000000, 1.089331
22.000000, 38.000000, 1.256129
23.000000, 38.000000, 1.376455
24.000000, 38.000000, 1.491900
25.000000, 38.000000, 1.615381
26.000000, 38.000000, 1.748223
27.000000, 38.000000, 1.894029
28.000000, 38.000000, 2.058365
29.000000, 38.000000, 2.247470
30.000000, 38.000000, 2.469305
31.000000, 38.000000, 2.736621
32.000000, 38.000000, 3.067883
33.000000, 38.000000, 3.478125
34.000000, 38.000000, 3.986727
35.000000, 38.000000, 4.627098
36.000000, 38.000000, 5.462770
37.000000, 38.000000, 5.666669
38.000000, 38.000000, 5.805654
39.000000, 38.000000, 5.220443
40.000000, 38.000000, 4.434802
41.000000, 38.000000, 3.822258
42.000000, 38.000000, 3.311826
0.000000, 39.000000, 5.121816
1.000000, 39.000000, 5.167511
2.000000, 39.000000, 5.216578
3.000000, 39.000000, 5.269400
4.000000, 39.000000, 5.326812
5.000000, 39.000000, 5.389324
6.000000, 39.000000, 5.455726
7.000000, 39.000000, 5.518876
8.000000, 39.000000, 5.553051
9.000000, 39.000000, 5.477795
10.000000, 39.000000, 5.100923
11.000000, 39.000000, 4.274816
12.000000, 39.000000, 3.240967
13.000000, 39.000000, 2.294842
14.000000, 39.000000, 1.539324
15.000000, 39.000000, 0.962613
16.000000, 39.000000, 0.564498
17.000000, 39.000000, 0.395697
18.000000, 39.000000, 0.446038
19.000000, 39.000000, 0.586259
20.000000, 39.000000, 0.761363
21.000000, 39.000000, 0.946232
22.000000, 39.000000, 1.116483
23.000000, 39.000000, 1.258660
24.000000, 39.000000, 1.387291
25.000000, 39.000000, 1.517614
26.000000, 39.000000, 1.656840
27.000000, 39.000000, 1.809089
28.000000, 39.000000, 1.977642
29.000000, 39.000000, 2.167665
30.000000, 39.000000, 2.387138
31.000000, 39.000000, 2.647725
32.000000, 39.000000, 2.964532
33.000000, 39.000000, 3.345784
34.000000, 39.000000, 3.795765
35.000000, 39.000000, 4.304598
36.000000, 39.000000, 4.861883
37.000000, 39.000000, 5.282770
38.000000, 39.000000, 5.210431
39.000000, 39.000000, 4.721663
40.000000, 39.000000, 4.170712
41.000000, 39.000000, 3.678787
42.000000, 39.000000, 3.228073
0.000000, 40.000000, 5.049354
1.000000, 40.000000, 5.076357
2.000000, 40.000000, 5.102221
3.000000, 40.000000, 5.124207
4.000000, 40.000000, 5.140338
5.000000, 40.000000, 5.146224
6.000000, 40.000000, 5.133124
7.000000, 40.000000, 5.083231
8.000000, 40.000000, 4.960977
9.000000, 40.000000, 4.703034
10.000000, 40.000000, 4.232252
11.000000, 40.000000, 3.536589
12.000000, 40.000000, 2.725564
13.000000, 40.000000, 1.937767
14.000000, 40.000000, 1.257721
15.000000, 40.000000, 0.700864
16.000000, 40.000000, 0.275634
17.000000, 40.000000, 0.092435
18.000000, 40.000000, 0.236347
19.000000, 40.000000, 0.420169
20.000000, 40.000000, 0.632238
21.000000, 40.000000, 0.830620
22.000000, 40.000000, 1.002740
23.000000, 40.000000, 1.151545
24.000000, 40.000000, 1.287038
25.000000, 40.000000, 1.420532
26.000000, 40.000000, 1.560100
27.000000, 40.000000, 1.711517
28.000000, 40.000000, 1.879696
29.000000, 40.000000, 2.069407
30.000000, 40.000000, 2.285800
31.000000, 40.000000, 2.535324
32.000000, 40.000000, 2.824765
33.000000, 40.000000, 3.155227
34.000000, 40.000000, 3.514481
35.000000, 40.000000, 3.883746
36.000000, 40.000000, 4.234929
37.000000, 40.000000, 4.455636
38.000000, 40.000000, 4.424009
39.000000, 40.000000, 4.171394
40.000000, 40.000000, 3.821928
41.000000, 40.000000, 3.459600
42.000000, 40.000000, 3.094357
0.000000, 41.000000, 4.934094
1.000000, 41.000000, 4.967443
2.000000, 41.000000, 4.981546
3.000000, 41.000000, 4.974331
4.000000, 41.000000, 4.949859
5.000000, 41.000000, 4.902433
6.000000, 41.000000, 4.820030
7.000000, 41.000000, 4.683363
8.000000, 41.000000, 4.463743
9.000000, 41.000000, 4.126033
10.000000, 41.000000, 3.645859
11.000000, 41.000000, 3.039063
12.000000, 41.000000, 2.368976
13.000000, 41.000000, 1.709439
14.000000, 41.000000, 1.111289
15.000000, 41.000000, 0.614393
16.000000, 41.000000, 0.243356
17.000000, 41.000000, 0.094711
18.000000, 41.000000, 0.224467
19.000000, 41.000000, 0.393935
20.000000, 41.000000, 0.581486
21.000000, 41.000000, 0.760554
22.000000, 41.000000, 0.919145
23.000000, 41.000000, 1.061360
24.000000, 41.000000, 1.194693
25.000000, 41.000000, 1.326710
26.000000, 41.000000, 1.463407
27.000000, 41.000000, 1.610252
28.000000, 41.000000, 1.772141
29.000000, 41.000000, 1.953242
30.000000, 41.000000, 2.157435
31.000000, 41.000000, 2.387166
32.000000, 41.000000, 2.638378
33.000000, 41.000000, 2.909662
34.000000, 41.000000, 3.199223
35.000000, 41.000000, 3.475837
36.000000, 41.000000, 3.712899
37.000000, 41.000000, 3.843745
38.000000, 41.000000, 3.834484
39.000000, 41.000000, 3.697661
40.000000, 41.000000, 3.479297
41.000000, 41.000000, 3.220014
42.000000, 41.000000, 2.934191
0.000000, 42.000000, 4.825596
1.000000, 42.000000, 4.840402
2.000000, 42.000000, 4.842205
3.000000, 42.000000, 4.823096
4.000000, 42.000000, 4.770959
5.000000, 42.000000, 4.681262
6.000000, 42.000000, 4.547430
7.000000, 42.000000, 4.354580
8.000000, 42.000000, 4.084190
9.000000, 42.000000, 3.720275
10.000000, 42.000000, 3.260063
11.000000, 42.000000, 2.724673
12.000000, 42.000000, 2.158222
13.000000, 42.000000, 1.609632
14.000000, 42.000000, 1.104944
15.000000, 42.000000, 0.698291
16.000000, 42.000000, 0.420695
17.000000, 42.000000, 0.312645
18.000000, 42.000000, 0.355557
19.000000, 42.000000, 0.463812
20.000000, 42.000000, 0.595458
21.000000, 42.000000, 0.731412
22.000000, 42.000000, 0.861835
23.000000, 42.000000, 0.986707
24.000000, 42.000000, 1.110293
25.000000, 42.000000, 1.236772
26.000000, 42.000000, 1.367352
27.000000, 42.000000, 1.507375
28.000000, 42.000000, 1.661161
29.000000, 42.000000, 1.830556
30.000000, 42.000000, 2.013161
31.000000, 42.000000, 2.207217
32.000000, 42.000000, 2.419465
33.000000, 42.000000, 2.650369
34.000000, 42.000000, 2.889515
35.000000, 42.000000, 3.106080
36.000000, 42.000000, 3.271522
37.000000, 42.000000, 3.360714
38.000000, 42.000000, 3.369502
39.000000, 42.000000, 3.298144
40.000000, 42.000000, 3.164642
41.000000, 42.000000, 2.982758
42.000000, 42.000000, 2.764833
