S
I=43,J=43
0.000000, 0.000000, 2.177540
1.000000, 0.000000, 2.176790
2.000000, 0.000000, 2.171829
3.000000, 0.000000, 2.162037
4.000000, 0.000000, 2.146755
5.000000, 0.000000, 2.125314
6.000000, 0.000000, 2.097063
7.000000, 0.000000, 2.061414
8.000000, 0.000000, 2.017916
9.000000, 0.000000, 1.966366
10.000000, 0.000000, 1.906132
11.000000, 0.000000, 1.839131
12.000000, 0.000000, 1.765531
13.000000, 0.000000, 1.685728
14.000000, 0.000000, 1.600396
15.000000, 0.000000, 1.510545
16.000000, 0.000000, 1.417567
17.000000, 0.000000, 1.323286
18.000000, 0.000000, 1.230031
19.000000, 0.000000, 1.140691
20.000000, 0.000000, 1.058767
21.000000, 0.000000, 0.988342
22.000000, 0.000000, 0.933892
23.000000, 0.000000, 0.899773
24.000000, 0.000000, 0.889406
25.000000, 0.000000, 0.904390
26.000000, 0.000000, 0.944062
27.000000, 0.000000, 1.005976
28.000000, 0.000000, 1.086665
29.000000, 0.000000, 1.182464
30.000000, 0.000000, 1.290041
31.000000, 0.000000, 1.406550
32.000000, 0.000000, 1.529587
33.000000, 0.000000, 1.657077
34.000000, 0.000000, 1.801190
35.000000, 0.000000, 1.951815
36.000000, 0.000000, 2.095705
37.000000, 0.000000, 2.228802
38.000000, 0.000000, 2.347538
39.000000, 0.000000, 2.449209
40.000000, 0.000000, 2.532226
41.000000, 0.000000, 2.612962
42.000000, 0.000000, 2.667470
0.000000, 1.000000, 2.253186
1.000000, 1.000000, 2.254973
2.000000, 1.000000, 2.252096
3.000000, 1.000000, 2.243957
4.000000, 1.000000, 2.229768
5.000000, 1.000000, 2.208707
6.000000, 1.000000, 2.179932
7.000000, 1.000000, 2.142633
8.000000, 1.000000, 2.096104
9.000000, 1.000000, 2.040278
10.000000, 1.000000, 1.976228
11.000000, 1.000000, 1.904138
12.000000, 1.000000, 1.824054
13.000000, 1.000000, 1.736277
14.000000, 1.000000, 1.641420
15.000000, 1.000000, 1.540473
16.000000, 1.000000, 1.434860
17.000000, 1.000000, 1.326517
18.000000, 1.000000, 1.217964
19.000000, 1.000000, 1.112438
20.000000, 1.000000, 1.014016
21.000000, 1.000000, 0.927725
22.000000, 1.000000, 0.859456
23.000000, 1.000000, 0.815386
24.000000, 1.000000, 0.800657
25.000000, 1.000000, 0.817705
26.000000, 1.000000, 0.865371
27.000000, 1.000000, 0.939728
28.000000, 1.000000, 1.035699
29.000000, 1.000000, 1.148444
30.000000, 1.000000, 1.273988
31.000000, 1.000000, 1.409239
32.000000, 1.000000, 1.551829
33.000000, 1.000000, 1.706751
34.000000, 1.000000, 1.881557
35.000000, 1.000000, 2.055278
36.000000, 1.000000, 2.220549
37.000000, 1.000000, 2.372161
38.000000, 1.000000, 2.505464
39.000000, 1.000000, 2.616991
40.000000, 1.000000, 2.705108
41.000000, 1.000000, 2.775875
42.000000, 1.000000, 2.830412
0.000000, 2.000000, 2.335873
1.000000, 2.000000, 2.340583
2.000000, 2.000000, 2.340307
3.000000, 2.000000, 2.334358
4.000000, 2.000000, 2.321806
5.000000, 2.000000, 2.301657
6.000000, 2.000000, 2.272859
7.000000, 2.000000, 2.234339
8.000000, 2.000000, 2.185140
9.000000, 2.000000, 2.126277
10.000000, 2.000000, 2.058676
11.000000, 2.000000, 1.981622
12.000000, 2.000000, 1.894988
13.000000, 2.000000, 1.798933
14.000000, 2.000000, 1.693971
15.000000, 2.000000, 1.581036
16.000000, 2.000000, 1.461554
17.000000, 2.000000, 1.337517
18.000000, 2.000000, 1.211594
19.000000, 2.000000, 1.087272
20.000000, 2.000000, 0.969128
21.000000, 2.000000, 0.863150
22.000000, 2.000000, 0.776991
23.000000, 2.000000, 0.719543
24.000000, 2.000000, 0.698930
25.000000, 2.000000, 0.719103
26.000000, 2.000000, 0.777818
27.000000, 2.000000, 0.868363
28.000000, 2.000000, 0.983093
29.000000, 2.000000, 1.115693
30.000000, 2.000000, 1.261675
31.000000, 2.000000, 1.417989
32.000000, 2.000000, 1.583968
33.000000, 2.000000, 1.775606
34.000000, 2.000000, 1.979989
35.000000, 2.000000, 2.180895
36.000000, 2.000000, 2.371612
37.000000, 2.000000, 2.545186
38.000000, 2.000000, 2.695225
39.000000, 2.000000, 2.817055
40.000000, 2.000000, 2.908601
41.000000, 2.000000, 2.971498
42.000000, 2.000000, 3.016819
0.000000, 3.000000, 2.426136
1.000000, 3.000000, 2.434333
2.000000, 3.000000, 2.437255
3.000000, 3.000000, 2.434118
4.000000, 3.000000, 2.423854
5.000000, 3.000000, 2.405280
6.000000, 3.000000, 2.377113
7.000000, 3.000000, 2.337989
8.000000, 3.000000, 2.286889
9.000000, 3.000000, 2.226219
10.000000, 3.000000, 2.155579
11.000000, 3.000000, 2.073900
12.000000, 3.000000, 1.980852
13.000000, 3.000000, 1.876404
14.000000, 3.000000, 1.760927
15.000000, 3.000000, 1.635267
16.000000, 3.000000, 1.500820
17.000000, 3.000000, 1.359609
18.000000, 3.000000, 1.214380
19.000000, 3.000000, 1.068756
20.000000, 3.000000, 0.927594
21.000000, 3.000000, 0.797628
22.000000, 3.000000, 0.688395
23.000000, 3.000000, 0.612688
24.000000, 3.000000, 0.584020
25.000000, 3.000000, 0.609385
26.000000, 3.000000, 0.683956
27.000000, 3.000000, 0.795664
28.000000, 3.000000, 0.932992
29.000000, 3.000000, 1.088146
30.000000, 3.000000, 1.256611
31.000000, 3.000000, 1.435991
32.000000, 3.000000, 1.633738
33.000000, 3.000000, 1.863792
34.000000, 3.000000, 2.100158
35.000000, 3.000000, 2.333397
36.000000, 3.000000, 2.555029
37.000000, 3.000000, 2.755312
38.000000, 3.000000, 2.924927
39.000000, 3.000000, 3.057176
40.000000, 3.000000, 3.149679
41.000000, 3.000000, 3.204592
42.000000, 3.000000, 3.230889
0.000000, 4.000000, 2.524542
1.000000, 4.000000, 2.536865
2.000000, 4.000000, 2.543666
3.000000, 4.000000, 2.544075
4.000000, 4.000000, 2.536875
5.000000, 4.000000, 2.520697
6.000000, 4.000000, 2.494012
7.000000, 4.000000, 2.455143
8.000000, 4.000000, 2.403388
9.000000, 4.000000, 2.342012
10.000000, 4.000000, 2.269068
11.000000, 4.000000, 2.183363
12.000000, 4.000000, 2.084288
13.000000, 4.000000, 1.971569
14.000000, 4.000000, 1.845377
15.000000, 4.000000, 1.706434
16.000000, 4.000000, 1.556104
17.000000, 4.000000, 1.396437
18.000000, 4.000000, 1.230226
19.000000, 4.000000, 1.061112
20.000000, 4.000000, 0.893922
21.000000, 4.000000, 0.735538
22.000000, 4.000000, 0.596811
23.000000, 4.000000, 0.495486
24.000000, 4.000000, 0.455228
25.000000, 4.000000, 0.489939
26.000000, 4.000000, 0.588208
27.000000, 4.000000, 0.727318
28.000000, 4.000000, 0.890793
29.000000, 4.000000, 1.070268
30.000000, 4.000000, 1.262249
31.000000, 4.000000, 1.466694
32.000000, 4.000000, 1.705079
33.000000, 4.000000, 1.971227
34.000000, 4.000000, 2.244415
35.000000, 4.000000, 2.516838
36.000000, 4.000000, 2.777271
37.000000, 4.000000, 3.011411
38.000000, 4.000000, 3.204749
39.000000, 4.000000, 3.346993
40.000000, 4.000000, 3.435547
41.000000, 4.000000, 3.475582
42.000000, 4.000000, 3.477512
0.000000, 5.000000, 2.631693
1.000000, 5.000000, 2.648854
2.000000, 5.000000, 2.660307
3.000000, 5.000000, 2.665102
4.000000, 5.000000, 2.661881
5.000000, 5.000000, 2.649089
6.000000, 5.000000, 2.624949
7.000000, 5.000000, 2.587470
8.000000, 5.000000, 2.536657
9.000000, 5.000000, 2.475703
10.000000, 5.000000, 2.401510
11.000000, 5.000000, 2.312708
12.000000, 5.000000, 2.208334
13.000000, 5.000000, 2.087777
14.000000, 5.000000, 1.950941
15.000000, 5.000000, 1.798396
16.000000, 5.000000, 1.631480
17.000000, 5.000000, 1.452333
18.000000, 5.000000, 1.263873
19.000000, 5.000000, 1.069752
20.000000, 5.000000, 0.874500
21.000000, 5.000000, 0.684257
22.000000, 5.000000, 0.509291
23.000000, 5.000000, 0.371195
24.000000, 5.000000, 0.312578
25.000000, 5.000000, 0.365715
26.000000, 5.000000, 0.499989
27.000000, 5.000000, 0.672541
28.000000, 5.000000, 0.863702
29.000000, 5.000000, 1.067181
30.000000, 5.000000, 1.281978
31.000000, 5.000000, 1.515089
32.000000, 5.000000, 1.794807
33.000000, 5.000000, 2.097599
34.000000, 5.000000, 2.413422
35.000000, 5.000000, 2.734321
36.000000, 5.000000, 3.045475
37.000000, 5.000000, 3.325034
38.000000, 5.000000, 3.548744
39.000000, 5.000000, 3.699394
40.000000, 5.000000, 3.774763
41.000000, 5.000000, 3.786860
42.000000, 5.000000, 3.754160
0.000000, 6.000000, 2.748227
1.000000, 6.000000, 2.771020
2.000000, 6.000000, 2.787982
3.000000, 6.000000, 2.798109
4.000000, 6.000000, 2.799911
5.000000, 6.000000, 2.791634
6.000000, 6.000000, 2.771220
7.000000, 6.000000, 2.736345
8.000000, 6.000000, 2.688081
9.000000, 6.000000, 2.628598
10.000000, 6.000000, 2.554451
11.000000, 6.000000, 2.464026
12.000000, 6.000000, 2.355845
13.000000, 6.000000, 2.228552
14.000000, 6.000000, 2.081692
15.000000, 6.000000, 1.915641
16.000000, 6.000000, 1.731695
17.000000, 6.000000, 1.532309
18.000000, 6.000000, 1.320780
19.000000, 6.000000, 1.101046
20.000000, 6.000000, 0.877451
21.000000, 6.000000, 0.654864
22.000000, 6.000000, 0.440213
23.000000, 6.000000, 0.251174
24.000000, 6.000000, 0.158791
25.000000, 6.000000, 0.252045
26.000000, 6.000000, 0.436943
27.000000, 6.000000, 0.643680
28.000000, 6.000000, 0.859481
29.000000, 6.000000, 1.083468
30.000000, 6.000000, 1.318199
31.000000, 6.000000, 1.583695
32.000000, 6.000000, 1.898642
33.000000, 6.000000, 2.239488
34.000000, 6.000000, 2.604137
35.000000, 6.000000, 2.985835
36.000000, 6.000000, 3.366190
37.000000, 6.000000, 3.711223
38.000000, 6.000000, 3.977122
39.000000, 6.000000, 4.131856
40.000000, 6.000000, 4.176016
41.000000, 6.000000, 4.137945
42.000000, 6.000000, 4.052108
0.000000, 7.000000, 2.874842
1.000000, 7.000000, 2.904043
2.000000, 7.000000, 2.926886
3.000000, 7.000000, 2.941263
4.000000, 7.000000, 2.944579
5.000000, 7.000000, 2.935368
6.000000, 7.000000, 2.913274
7.000000, 7.000000, 2.876618
8.000000, 7.000000, 2.828774
9.000000, 7.000000, 2.770902
10.000000, 7.000000, 2.698947
11.000000, 7.000000, 2.610659
12.000000, 7.000000, 2.503712
13.000000, 7.000000, 2.375822
14.000000, 7.000000, 2.225635
15.000000, 7.000000, 2.052334
16.000000, 7.000000, 1.856396
17.000000, 7.000000, 1.639706
18.000000, 7.000000, 1.406315
19.000000, 7.000000, 1.161691
20.000000, 7.000000, 0.911606
21.000000, 7.000000, 0.660960
22.000000, 7.000000, 0.413767
23.000000, 7.000000, 0.175704
24.000000, 7.000000, 0.029708
25.000000, 7.000000, 0.193535
26.000000, 7.000000, 0.422800
27.000000, 7.000000, 0.652127
28.000000, 7.000000, 0.883747
29.000000, 7.000000, 1.121424
30.000000, 7.000000, 1.371457
31.000000, 7.000000, 1.667277
32.000000, 7.000000, 2.010080
33.000000, 7.000000, 2.388210
34.000000, 7.000000, 2.806433
35.000000, 7.000000, 3.263381
36.000000, 7.000000, 3.740946
37.000000, 7.000000, 4.188419
38.000000, 7.000000, 4.520283
39.000000, 7.000000, 4.667569
40.000000, 7.000000, 4.643559
41.000000, 7.000000, 4.518327
42.000000, 7.000000, 4.354328
0.000000, 8.000000, 3.012287
1.000000, 8.000000, 3.032218
2.000000, 8.000000, 3.046136
3.000000, 8.000000, 3.052388
4.000000, 8.000000, 3.051898
5.000000, 8.000000, 3.043563
6.000000, 8.000000, 3.025295
7.000000, 8.000000, 2.994564
8.000000, 8.000000, 2.954063
9.000000, 8.000000, 2.903901
10.000000, 8.000000, 2.839296
11.000000, 8.000000, 2.757245
12.000000, 8.000000, 2.654589
13.000000, 8.000000, 2.528290
14.000000, 8.000000, 2.375921
15.000000, 8.000000, 2.196327
16.000000, 8.000000, 1.990231
17.000000, 8.000000, 1.760554
18.000000, 8.000000, 1.512149
19.000000, 8.000000, 1.250837
20.000000, 8.000000, 0.982518
21.000000, 8.000000, 0.713831
22.000000, 8.000000, 0.453765
23.000000, 8.000000, 0.219741
24.000000, 8.000000, 0.108285
25.000000, 8.000000, 0.249599
26.000000, 8.000000, 0.471396
27.000000, 8.000000, 0.702353
28.000000, 8.000000, 0.937335
29.000000, 8.000000, 1.179600
30.000000, 8.000000, 1.439365
31.000000, 8.000000, 1.756022
32.000000, 8.000000, 2.118232
33.000000, 8.000000, 2.527967
34.000000, 8.000000, 2.998546
35.000000, 8.000000, 3.541301
36.000000, 8.000000, 4.152163
37.000000, 8.000000, 4.771745
38.000000, 8.000000, 5.225675
39.000000, 8.000000, 5.331676
40.000000, 8.000000, 5.160803
41.000000, 8.000000, 4.893797
42.000000, 8.000000, 4.627152
0.000000, 9.000000, 3.100533
1.000000, 9.000000, 3.119079
2.000000, 9.000000, 3.134941
3.000000, 9.000000, 3.146974
4.000000, 9.000000, 3.153794
5.000000, 9.000000, 3.153631
6.000000, 9.000000, 3.144248
7.000000, 9.000000, 3.123089
8.000000, 9.000000, 3.093399
9.000000, 9.000000, 3.054498
10.000000, 9.000000, 3.001293
11.000000, 9.000000, 2.930121
12.000000, 9.000000, 2.836812
13.000000, 9.000000, 2.716973
14.000000, 9.000000, 2.566651
15.000000, 9.000000, 2.383361
16.000000, 9.000000, 2.167261
17.000000, 9.000000, 1.921978
18.000000, 9.000000, 1.654569
19.000000, 9.000000, 1.374470
20.000000, 9.000000, 1.092049
21.000000, 9.000000, 0.817886
22.000000, 9.000000, 0.565223
23.000000, 9.000000, 0.365117
24.000000, 9.000000, 0.293494
25.000000, 9.000000, 0.390352
26.000000, 9.000000, 0.575794
27.000000, 9.000000, 0.789622
28.000000, 9.000000, 1.015454
29.000000, 9.000000, 1.252401
30.000000, 9.000000, 1.514902
31.000000, 9.000000, 1.838339
32.000000, 9.000000, 2.208054
33.000000, 9.000000, 2.635980
34.000000, 9.000000, 3.144473
35.000000, 9.000000, 3.763289
36.000000, 9.000000, 4.525595
37.000000, 9.000000, 5.423914
38.000000, 9.000000, 6.131744
39.000000, 9.000000, 6.103672
40.000000, 9.000000, 5.639788
41.000000, 9.000000, 5.185987
42.000000, 9.000000, 4.815970
0.000000, 10.000000, 3.178862
1.000000, 10.000000, 3.203354
2.000000, 10.000000, 3.225944
3.000000, 10.000000, 3.245588
4.000000, 10.000000, 3.260984
5.000000, 10.000000, 3.270465
6.000000, 10.000000, 3.271897
7.000000, 10.000000, 3.262841
8.000000, 10.000000, 3.246812
9.000000, 10.000000, 3.222895
10.000000, 10.000000, 3.185839
11.000000, 10.000000, 3.131418
12.000000, 10.000000, 3.054351
13.000000, 10.000000, 2.948481
14.000000, 10.000000, 2.807498
15.000000, 10.000000, 2.626482
16.000000, 10.000000, 2.404071
17.000000, 10.000000, 2.144439
18.000000, 10.000000, 1.857700
19.000000, 10.000000, 1.558233
20.000000, 10.000000, 1.262080
21.000000, 10.000000, 0.985674
22.000000, 10.000000, 0.747932
23.000000, 10.000000, 0.576425
24.000000, 10.000000, 0.509454
25.000000, 10.000000, 0.566907
26.000000, 10.000000, 0.713814
27.000000, 10.000000, 0.901509
28.000000, 10.000000, 1.108583
29.000000, 10.000000, 1.330845
30.000000, 10.000000, 1.586735
31.000000, 10.000000, 1.901642
32.000000, 10.000000, 2.262941
33.000000, 10.000000, 2.687110
34.000000, 10.000000, 3.201127
35.000000, 10.000000, 3.845981
36.000000, 10.000000, 4.685986
37.000000, 10.000000, 5.795918
38.000000, 10.000000, 5.471830
39.000000, 10.000000, 6.528202
40.000000, 10.000000, 5.842489
41.000000, 10.000000, 5.274693
42.000000, 10.000000, 4.857686
0.000000, 11.000000, 3.258988
1.000000, 11.000000, 3.289744
2.000000, 11.000000, 3.319554
3.000000, 11.000000, 3.347494
4.000000, 11.000000, 3.372399
5.000000, 11.000000, 3.392785
6.000000, 11.000000, 3.406774
7.000000, 11.000000, 3.412206
8.000000, 11.000000, 3.412616
9.000000, 11.000000, 3.407574
10.000000, 11.000000, 3.391994
11.000000, 11.000000, 3.361413
12.000000, 11.000000, 3.309614
13.000000, 11.000000, 3.228360
14.000000, 11.000000, 3.107849
15.000000, 11.000000, 2.938644
16.000000, 11.000000, 2.715540
17.000000, 11.000000, 2.442132
18.000000, 11.000000, 2.132724
19.000000, 11.000000, 1.809237
20.000000, 11.000000, 1.495437
21.000000, 11.000000, 1.213259
22.000000, 11.000000, 0.983178
23.000000, 11.000000, 0.825968
24.000000, 11.000000, 0.758666
25.000000, 11.000000, 0.781659
26.000000, 11.000000, 0.876597
27.000000, 11.000000, 1.024604
28.000000, 11.000000, 1.204949
29.000000, 11.000000, 1.404242
30.000000, 11.000000, 1.642801
31.000000, 11.000000, 1.934285
32.000000, 11.000000, 2.269089
33.000000, 11.000000, 2.662848
34.000000, 11.000000, 3.139300
35.000000, 11.000000, 3.731766
36.000000, 11.000000, 4.481802
37.000000, 11.000000, 5.400396
38.000000, 11.000000, 6.127583
39.000000, 11.000000, 6.069108
40.000000, 11.000000, 5.550837
41.000000, 11.000000, 5.081593
42.000000, 11.000000, 4.716781
0.000000, 12.000000, 3.340283
1.000000, 12.000000, 3.377474
2.000000, 12.000000, 3.414829
3.000000, 12.000000, 3.451551
4.000000, 12.000000, 3.486639
5.000000, 12.000000, 3.518862
6.000000, 12.000000, 3.546739
7.000000, 12.000000, 3.568589
8.000000, 12.000000, 3.587820
9.000000, 12.000000, 3.605249
10.000000, 12.000000, 3.616537
11.000000, 12.000000, 3.617713
12.000000, 12.000000, 3.602362
13.000000, 12.000000, 3.560465
14.000000, 12.000000, 3.477639
15.000000, 12.000000, 3.336448
16.000000, 12.000000, 3.122427
17.000000, 12.000000, 2.834766
18.000000, 12.000000, 2.493433
19.000000, 12.000000, 2.133130
20.000000, 12.000000, 1.789296
21.000000, 12.000000, 1.489374
22.000000, 12.000000, 1.252508
23.000000, 12.000000, 1.091637
24.000000, 12.000000, 1.012314
25.000000, 12.000000, 1.008963
26.000000, 12.000000, 1.065768
27.000000, 12.000000, 1.164802
28.000000, 12.000000, 1.297391
29.000000, 12.000000, 1.462623
30.000000, 12.000000, 1.672823
31.000000, 12.000000, 1.927991
32.000000, 12.000000, 2.219447
33.000000, 12.000000, 2.558695
34.000000, 12.000000, 2.961259
35.000000, 12.000000, 3.443377
36.000000, 12.000000, 4.008921
37.000000, 12.000000, 4.605686
38.000000, 12.000000, 5.046801
39.000000, 12.000000, 5.122695
40.000000, 12.000000, 4.925508
41.000000, 12.000000, 4.658153
42.000000, 12.000000, 4.412941
0.000000, 13.000000, 3.422093
1.000000, 13.000000, 3.465700
2.000000, 13.000000, 3.510735
3.000000, 13.000000, 3.556493
4.000000, 13.000000, 3.602087
5.000000, 13.000000, 3.646581
6.000000, 13.000000, 3.689011
7.000000, 13.000000, 3.728384
8.000000, 13.000000, 3.767960
9.000000, 13.000000, 3.810430
10.000000, 13.000000, 3.853050
11.000000, 13.000000, 3.893552
12.000000, 13.000000, 3.927024
13.000000, 13.000000, 3.943533
14.000000, 13.000000, 3.924612
15.000000, 13.000000, 3.840427
16.000000, 13.000000, 3.655305
17.000000, 13.000000, 3.351888
18.000000, 13.000000, 2.957996
19.000000, 13.000000, 2.534767
20.000000, 13.000000, 2.138443
21.000000, 13.000000, 1.802586
22.000000, 13.000000, 1.542501
23.000000, 13.000000, 1.362950
24.000000, 13.000000, 1.261446
25.000000, 13.000000, 1.228704
26.000000, 13.000000, 1.250164
27.000000, 13.000000, 1.310280
28.000000, 13.000000, 1.396871
29.000000, 13.000000, 1.506642
30.000000, 13.000000, 1.671244
31.000000, 13.000000, 1.879645
32.000000, 13.000000, 2.115755
33.000000, 13.000000, 2.386357
34.000000, 13.000000, 2.699892
35.000000, 13.000000, 3.060665
36.000000, 13.000000, 3.458208
37.000000, 13.000000, 3.846334
38.000000, 13.000000, 4.137844
39.000000, 13.000000, 4.260598
40.000000, 13.000000, 4.232257
41.000000, 13.000000, 4.127548
42.000000, 13.000000, 4.005683
0.000000, 14.000000, 3.503778
1.000000, 14.000000, 3.553565
2.000000, 14.000000, 3.606245
3.000000, 14.000000, 3.661049
4.000000, 14.000000, 3.717061
5.000000, 14.000000, 3.773609
6.000000, 14.000000, 3.830344
7.000000, 14.000000, 3.887157
8.000000, 14.000000, 3.947192
9.000000, 14.000000, 4.015275
10.000000, 14.000000, 4.091250
11.000000, 14.000000, 4.175969
12.000000, 14.000000, 4.268707
13.000000, 14.000000, 4.364156
14.000000, 14.000000, 4.445525
15.000000, 14.000000, 4.470768
16.000000, 14.000000, 4.360346
17.000000, 14.000000, 4.039609
18.000000, 14.000000, 3.547075
19.000000, 14.000000, 3.012265
20.000000, 14.000000, 2.530539
21.000000, 14.000000, 2.137855
22.000000, 14.000000, 1.839584
23.000000, 14.000000, 1.629865
24.000000, 14.000000, 1.498632
25.000000, 14.000000, 1.433622
26.000000, 14.000000, 1.419458
27.000000, 14.000000, 1.440596
28.000000, 14.000000, 1.485137
29.000000, 14.000000, 1.547272
30.000000, 14.000000, 1.650852
31.000000, 14.000000, 1.797852
32.000000, 14.000000, 1.976523
33.000000, 14.000000, 2.179265
34.000000, 14.000000, 2.408192
35.000000, 14.000000, 2.663905
36.000000, 14.000000, 2.938889
37.000000, 14.000000, 3.205187
38.000000, 14.000000, 3.419515
39.000000, 14.000000, 3.551017
40.000000, 14.000000, 3.601311
41.000000, 14.000000, 3.597140
42.000000, 14.000000, 3.568294
0.000000, 15.000000, 3.584817
1.000000, 15.000000, 3.640267
2.000000, 15.000000, 3.700496
3.000000, 15.000000, 3.764177
4.000000, 15.000000, 3.830027
5.000000, 15.000000, 3.897637
6.000000, 15.000000, 3.967327
7.000000, 15.000000, 4.039976
8.000000, 15.000000, 4.118702
9.000000, 15.000000, 4.210104
10.000000, 15.000000, 4.317270
11.000000, 15.000000, 4.445116
12.000000, 15.000000, 4.599533
13.000000, 15.000000, 4.785957
14.000000, 15.000000, 5.003459
15.000000, 15.000000, 5.221244
16.000000, 15.000000, 5.301575
17.000000, 15.000000, 4.966955
18.000000, 15.000000, 4.263329
19.000000, 15.000000, 3.537814
20.000000, 15.000000, 2.936469
21.000000, 15.000000, 2.472131
22.000000, 15.000000, 2.127502
23.000000, 15.000000, 1.882295
24.000000, 15.000000, 1.717854
25.000000, 15.000000, 1.619885
26.000000, 15.000000, 1.570515
27.000000, 15.000000, 1.553173
28.000000, 15.000000, 1.555806
29.000000, 15.000000, 1.572648
30.000000, 15.000000, 1.626456
31.000000, 15.000000, 1.707344
32.000000, 15.000000, 1.816087
33.000000, 15.000000, 1.953340
34.000000, 15.000000, 2.106422
35.000000, 15.000000, 2.274015
36.000000, 15.000000, 2.462067
37.000000, 15.000000, 2.655081
38.000000, 15.000000, 2.823036
39.000000, 15.000000, 2.951851
40.000000, 15.000000, 3.040143
41.000000, 15.000000, 3.096720
42.000000, 15.000000, 3.135000
0.000000, 16.000000, 3.665062
1.000000, 16.000000, 3.725195
2.000000, 16.000000, 3.793172
3.000000, 16.000000, 3.865396
4.000000, 16.000000, 3.939880
5.000000, 16.000000, 4.016675
6.000000, 16.000000, 4.096812
7.000000, 16.000000, 4.182050
8.000000, 16.000000, 4.275663
9.000000, 16.000000, 4.384793
10.000000, 16.000000, 4.515707
11.000000, 16.000000, 4.676827
12.000000, 16.000000, 4.880294
13.000000, 16.000000, 5.143664
14.000000, 16.000000, 5.491975
15.000000, 16.000000, 5.953821
16.000000, 16.000000, 6.160761
17.000000, 16.000000, 5.737584
18.000000, 16.000000, 4.990369
19.000000, 16.000000, 4.021574
20.000000, 16.000000, 3.302340
21.000000, 16.000000, 2.773503
22.000000, 16.000000, 2.387478
23.000000, 16.000000, 2.110355
24.000000, 16.000000, 1.917020
25.000000, 16.000000, 1.787778
26.000000, 16.000000, 1.703774
27.000000, 16.000000, 1.647771
28.000000, 16.000000, 1.608007
29.000000, 16.000000, 1.579511
30.000000, 16.000000, 1.585248
31.000000, 16.000000, 1.614086
32.000000, 16.000000, 1.655046
33.000000, 16.000000, 1.720774
34.000000, 16.000000, 1.811062
35.000000, 16.000000, 1.912278
36.000000, 16.000000, 2.037247
37.000000, 16.000000, 2.178363
38.000000, 16.000000, 2.313137
39.000000, 16.000000, 2.435308
40.000000, 16.000000, 2.542701
41.000000, 16.000000, 2.637427
42.000000, 16.000000, 2.734929
0.000000, 17.000000, 3.746143
1.000000, 17.000000, 3.808725
2.000000, 17.000000, 3.885666
3.000000, 17.000000, 3.965156
4.000000, 17.000000, 4.046065
5.000000, 17.000000, 4.129278
6.000000, 17.000000, 4.216340
7.000000, 17.000000, 4.309549
8.000000, 17.000000, 4.412331
9.000000, 17.000000, 4.530910
10.000000, 17.000000, 4.673405
11.000000, 17.000000, 4.849604
12.000000, 17.000000, 5.073433
13.000000, 17.000000, 5.365297
14.000000, 17.000000, 5.755252
15.000000, 17.000000, 6.282095
16.000000, 17.000000, 6.489055
17.000000, 17.000000, 6.036746
18.000000, 17.000000, 5.345097
19.000000, 17.000000, 4.319369
20.000000, 17.000000, 3.564517
21.000000, 17.000000, 3.009963
22.000000, 17.000000, 2.602382
23.000000, 17.000000, 2.304313
24.000000, 17.000000, 2.087772
25.000000, 17.000000, 1.929584
26.000000, 17.000000, 1.811081
27.000000, 17.000000, 1.718397
28.000000, 17.000000, 1.639710
29.000000, 17.000000, 1.568419
30.000000, 17.000000, 1.528544
31.000000, 17.000000, 1.510563
32.000000, 17.000000, 1.500530
33.000000, 17.000000, 1.501056
34.000000, 17.000000, 1.529140
35.000000, 17.000000, 1.584631
36.000000, 17.000000, 1.661250
37.000000, 17.000000, 1.757532
38.000000, 17.000000, 1.865895
39.000000, 17.000000, 1.981122
40.000000, 17.000000, 2.099838
41.000000, 17.000000, 2.230463
42.000000, 17.000000, 2.379512
0.000000, 18.000000, 3.834758
1.000000, 18.000000, 3.902349
2.000000, 18.000000, 3.981654
3.000000, 18.000000, 4.064275
4.000000, 18.000000, 4.148386
5.000000, 18.000000, 4.234634
6.000000, 18.000000, 4.324493
7.000000, 18.000000, 4.420253
8.000000, 18.000000, 4.525218
9.000000, 18.000000, 4.643790
10.000000, 18.000000, 4.783487
11.000000, 18.000000, 4.953031
12.000000, 18.000000, 5.162475
13.000000, 18.000000, 5.422983
14.000000, 18.000000, 5.740841
15.000000, 18.000000, 6.089646
16.000000, 18.000000, 6.303913
17.000000, 18.000000, 5.996073
18.000000, 18.000000, 5.200949
19.000000, 18.000000, 4.374542
20.000000, 18.000000, 3.693642
21.000000, 18.000000, 3.165514
22.000000, 18.000000, 2.762333
23.000000, 18.000000, 2.454474
24.000000, 18.000000, 2.219062
25.000000, 18.000000, 2.036022
26.000000, 18.000000, 1.888789
27.000000, 18.000000, 1.764120
28.000000, 18.000000, 1.651012
29.000000, 18.000000, 1.543178
30.000000, 18.000000, 1.461686
31.000000, 18.000000, 1.401946
32.000000, 18.000000, 1.347117
33.000000, 18.000000, 1.299302
34.000000, 18.000000, 1.266564
35.000000, 18.000000, 1.271616
36.000000, 18.000000, 1.309556
37.000000, 18.000000, 1.373920
38.000000, 18.000000, 1.463849
39.000000, 18.000000, 1.575655
40.000000, 18.000000, 1.710847
41.000000, 18.000000, 1.879776
42.000000, 18.000000, 2.058772
0.000000, 19.000000, 3.928415
1.000000, 19.000000, 4.000951
2.000000, 19.000000, 4.079810
3.000000, 19.000000, 4.162317
4.000000, 19.000000, 4.246624
5.000000, 19.000000, 4.332579
6.000000, 19.000000, 4.421098
7.000000, 19.000000, 4.513957
8.000000, 19.000000, 4.613852
9.000000, 19.000000, 4.723521
10.000000, 19.000000, 4.847209
11.000000, 19.000000, 4.991322
12.000000, 19.000000, 5.159534
13.000000, 19.000000, 5.350888
14.000000, 19.000000, 5.550312
15.000000, 19.000000, 5.706792
16.000000, 19.000000, 5.706309
17.000000, 19.000000, 5.421839
18.000000, 19.000000, 4.885972
19.000000, 19.000000, 4.274074
20.000000, 19.000000, 3.713698
21.000000, 19.000000, 3.242574
22.000000, 19.000000, 2.858017
23.000000, 19.000000, 2.552059
24.000000, 19.000000, 2.308108
25.000000, 19.000000, 2.109439
26.000000, 19.000000, 1.941296
27.000000, 19.000000, 1.791404
28.000000, 19.000000, 1.650223
29.000000, 19.000000, 1.511625
30.000000, 19.000000, 1.392858
31.000000, 19.000000, 1.296620
32.000000, 19.000000, 1.201834
33.000000, 19.000000, 1.110407
34.000000, 19.000000, 1.029534
35.000000, 19.000000, 0.975865
36.000000, 19.000000, 0.974516
37.000000, 19.000000, 1.015644
38.000000, 19.000000, 1.096481
39.000000, 19.000000, 1.215420
40.000000, 19.000000, 1.383768
41.000000, 19.000000, 1.579047
42.000000, 19.000000, 1.780009
0.000000, 20.000000, 4.021381
1.000000, 20.000000, 4.097140
2.000000, 20.000000, 4.176491
3.000000, 20.000000, 4.258112
4.000000, 20.000000, 4.340693
5.000000, 20.000000, 4.423668
6.000000, 20.000000, 4.507260
7.000000, 20.000000, 4.592438
8.000000, 20.000000, 4.680905
9.000000, 20.000000, 4.774324
10.000000, 20.000000, 4.872616
11.000000, 20.000000, 4.979478
12.000000, 20.000000, 5.093757
13.000000, 20.000000, 5.207339
14.000000, 20.000000, 5.299259
15.000000, 20.000000, 5.328049
16.000000, 20.000000, 5.234522
17.000000, 20.000000, 4.976536
18.000000, 20.000000, 4.577949
19.000000, 20.000000, 4.117791
20.000000, 20.000000, 3.662396
21.000000, 20.000000, 3.246896
22.000000, 20.000000, 2.894741
23.000000, 20.000000, 2.603046
24.000000, 20.000000, 2.361057
25.000000, 20.000000, 2.156111
26.000000, 20.000000, 1.975555
27.000000, 20.000000, 1.808284
28.000000, 20.000000, 1.646123
29.000000, 20.000000, 1.483539
30.000000, 20.000000, 1.332633
31.000000, 20.000000, 1.205785
32.000000, 20.000000, 1.076784
33.000000, 20.000000, 0.945455
34.000000, 20.000000, 0.818221
35.000000, 20.000000, 0.710415
36.000000, 20.000000, 0.655228
37.000000, 20.000000, 0.676855
38.000000, 20.000000, 0.762390
39.000000, 20.000000, 0.914404
40.000000, 20.000000, 1.117457
41.000000, 20.000000, 1.336340
42.000000, 20.000000, 1.556865
0.000000, 21.000000, 4.112703
1.000000, 21.000000, 4.190948
2.000000, 21.000000, 4.270877
3.000000, 21.000000, 4.351346
4.000000, 21.000000, 4.431125
5.000000, 21.000000, 4.509254
6.000000, 21.000000, 4.585239
7.000000, 21.000000, 4.659117
8.000000, 21.000000, 4.731452
9.000000, 21.000000, 4.803022
10.000000, 21.000000, 4.871235
11.000000, 21.000000, 4.936080
12.000000, 21.000000, 4.995168
13.000000, 21.000000, 5.038928
14.000000, 21.000000, 5.049767
15.000000, 21.000000, 5.001599
16.000000, 21.000000, 4.866680
17.000000, 21.000000, 4.632390
18.000000, 21.000000, 4.315866
19.000000, 21.000000, 3.948210
20.000000, 21.000000, 3.561403
21.000000, 21.000000, 3.203071
22.000000, 21.000000, 2.888500
23.000000, 21.000000, 2.618151
24.000000, 21.000000, 2.386071
25.000000, 21.000000, 2.183206
26.000000, 21.000000, 1.998722
27.000000, 21.000000, 1.821790
28.000000, 21.000000, 1.646025
29.000000, 21.000000, 1.467653
30.000000, 21.000000, 1.292730
31.000000, 21.000000, 1.142725
32.000000, 21.000000, 0.988588
33.000000, 21.000000, 0.825565
34.000000, 21.000000, 0.656112
35.000000, 21.000000, 0.490813
36.000000, 21.000000, 0.364439
37.000000, 21.000000, 0.359330
38.000000, 21.000000, 0.484479
39.000000, 21.000000, 0.692737
40.000000, 21.000000, 0.926906
41.000000, 21.000000, 1.164733
42.000000, 21.000000, 1.397295
0.000000, 22.000000, 4.202485
1.000000, 22.000000, 4.282905
2.000000, 22.000000, 4.363411
3.000000, 22.000000, 4.442660
4.000000, 22.000000, 4.519158
5.000000, 22.000000, 4.591430
6.000000, 22.000000, 4.658198
7.000000, 22.000000, 4.718514
8.000000, 22.000000, 4.771846
9.000000, 22.000000, 4.818021
10.000000, 22.000000, 4.854753
11.000000, 22.000000, 4.877863
12.000000, 22.000000, 4.886361
13.000000, 22.000000, 4.872818
14.000000, 22.000000, 4.825649
15.000000, 22.000000, 4.730906
16.000000, 22.000000, 4.577230
17.000000, 22.000000, 4.363152
18.000000, 22.000000, 4.093260
19.000000, 22.000000, 3.769799
20.000000, 22.000000, 3.440805
21.000000, 22.000000, 3.132280
22.000000, 22.000000, 2.854180
23.000000, 22.000000, 2.608196
24.000000, 22.000000, 2.391043
25.000000, 22.000000, 2.196730
26.000000, 22.000000, 2.016739
27.000000, 22.000000, 1.837293
28.000000, 22.000000, 1.655428
29.000000, 22.000000, 1.470970
30.000000, 22.000000, 1.283863
31.000000, 22.000000, 1.120064
32.000000, 22.000000, 0.954833
33.000000, 22.000000, 0.777715
34.000000, 22.000000, 0.587923
35.000000, 22.000000, 0.387521
36.000000, 22.000000, 0.191554
37.000000, 22.000000, 0.157838
38.000000, 22.000000, 0.355182
39.000000, 22.000000, 0.594884
40.000000, 22.000000, 0.838538
41.000000, 22.000000, 1.077910
42.000000, 22.000000, 1.308399
0.000000, 23.000000, 4.291065
1.000000, 23.000000, 4.373668
2.000000, 23.000000, 4.454947
3.000000, 23.000000, 4.533213
4.000000, 23.000000, 4.606534
5.000000, 23.000000, 4.672791
6.000000, 23.000000, 4.729839
7.000000, 23.000000, 4.775697
8.000000, 23.000000, 4.808808
9.000000, 23.000000, 4.828220
10.000000, 23.000000, 4.832882
11.000000, 23.000000, 4.817530
12.000000, 23.000000, 4.781626
13.000000, 23.000000, 4.722098
14.000000, 23.000000, 4.633100
15.000000, 23.000000, 4.508943
16.000000, 23.000000, 4.346885
17.000000, 23.000000, 4.145918
18.000000, 23.000000, 3.886754
19.000000, 23.000000, 3.599930
20.000000, 23.000000, 3.315819
21.000000, 23.000000, 3.048249
22.000000, 23.000000, 2.803620
23.000000, 23.000000, 2.582573
24.000000, 23.000000, 2.382784
25.000000, 23.000000, 2.200185
26.000000, 23.000000, 2.028934
27.000000, 23.000000, 1.854716
28.000000, 23.000000, 1.677211
29.000000, 23.000000, 1.497576
30.000000, 23.000000, 1.312712
31.000000, 23.000000, 1.145358
32.000000, 23.000000, 0.985553
33.000000, 23.000000, 0.817856
34.000000, 23.000000, 0.644886
35.000000, 23.000000, 0.477043
36.000000, 23.000000, 0.347449
37.000000, 23.000000, 0.337229
38.000000, 23.000000, 0.466009
39.000000, 23.000000, 0.653977
40.000000, 23.000000, 0.864657
41.000000, 23.000000, 1.079948
42.000000, 23.000000, 1.290938
0.000000, 24.000000, 4.378821
1.000000, 24.000000, 4.463889
2.000000, 24.000000, 4.546420
3.000000, 24.000000, 4.624327
4.000000, 24.000000, 4.695167
5.000000, 24.000000, 4.756108
6.000000, 24.000000, 4.804040
7.000000, 24.000000, 4.835840
8.000000, 24.000000, 4.848865
9.000000, 24.000000, 4.841595
10.000000, 24.000000, 4.813814
11.000000, 24.000000, 4.763614
12.000000, 24.000000, 4.688968
13.000000, 24.000000, 4.591838
14.000000, 24.000000, 4.471286
15.000000, 24.000000, 4.327126
16.000000, 24.000000, 4.160424
17.000000, 24.000000, 3.951410
18.000000, 24.000000, 3.701143
19.000000, 24.000000, 3.443910
20.000000, 24.000000, 3.193125
21.000000, 24.000000, 2.959629
22.000000, 24.000000, 2.745579
23.000000, 24.000000, 2.548949
24.000000, 24.000000, 2.367722
25.000000, 24.000000, 2.198723
26.000000, 24.000000, 2.036985
27.000000, 24.000000, 1.876248
28.000000, 24.000000, 1.713868
29.000000, 24.000000, 1.548744
30.000000, 24.000000, 1.378860
31.000000, 24.000000, 1.218424
32.000000, 24.000000, 1.076838
33.000000, 24.000000, 0.935445
34.000000, 24.000000, 0.800159
35.000000, 24.000000, 0.685800
36.000000, 24.000000, 0.617076
37.000000, 24.000000, 0.613415
38.000000, 24.000000, 0.694428
39.000000, 24.000000, 0.823664
40.000000, 24.000000, 0.982985
41.000000, 24.000000, 1.158033
42.000000, 24.000000, 1.336450
0.000000, 25.000000, 4.466068
1.000000, 25.000000, 4.554117
2.000000, 25.000000, 4.638656
3.000000, 25.000000, 4.717207
4.000000, 25.000000, 4.786821
5.000000, 25.000000, 4.843959
6.000000, 25.000000, 4.884493
7.000000, 25.000000, 4.903903
8.000000, 25.000000, 4.898071
9.000000, 25.000000, 4.864867
10.000000, 25.000000, 4.805089
11.000000, 25.000000, 4.721016
12.000000, 25.000000, 4.612279
13.000000, 25.000000, 4.482935
14.000000, 25.000000, 4.336756
15.000000, 25.000000, 4.177289
16.000000, 25.000000, 3.998389
17.000000, 25.000000, 3.774169
18.000000, 25.000000, 3.537812
19.000000, 25.000000, 3.302824
20.000000, 25.000000, 3.076590
21.000000, 25.000000, 2.872680
22.000000, 25.000000, 2.686324
23.000000, 25.000000, 2.512900
24.000000, 25.000000, 2.351258
25.000000, 25.000000, 2.199110
26.000000, 25.000000, 2.053197
27.000000, 25.000000, 1.910075
28.000000, 25.000000, 1.767222
29.000000, 25.000000, 1.622950
30.000000, 25.000000, 1.476206
31.000000, 25.000000, 1.333154
32.000000, 25.000000, 1.214900
33.000000, 25.000000, 1.105453
34.000000, 25.000000, 1.007980
35.000000, 25.000000, 0.934024
36.000000, 25.000000, 0.893604
37.000000, 25.000000, 0.889720
38.000000, 25.000000, 0.947575
39.000000, 25.000000, 1.042456
40.000000, 25.000000, 1.156932
41.000000, 25.000000, 1.289785
42.000000, 25.000000, 1.430311
0.000000, 26.000000, 4.552984
1.000000, 26.000000, 4.644716
2.000000, 26.000000, 4.732241
3.000000, 26.000000, 4.812737
4.000000, 26.000000, 4.882808
5.000000, 26.000000, 4.938312
6.000000, 26.000000, 4.974212
7.000000, 26.000000, 4.984345
8.000000, 26.000000, 4.961992
9.000000, 26.000000, 4.903468
10.000000, 26.000000, 4.811551
11.000000, 26.000000, 4.692184
12.000000, 26.000000, 4.550399
13.000000, 26.000000, 4.390592
14.000000, 26.000000, 4.220893
15.000000, 26.000000, 4.046077
16.000000, 26.000000, 3.841031
17.000000, 26.000000, 3.614251
18.000000, 26.000000, 3.390549
19.000000, 26.000000, 3.175611
20.000000, 26.000000, 2.974493
21.000000, 26.000000, 2.793357
22.000000, 26.000000, 2.629007
23.000000, 26.000000, 2.477128
24.000000, 26.000000, 2.335907
25.000000, 26.000000, 2.203409
26.000000, 26.000000, 2.077349
27.000000, 26.000000, 1.955366
28.000000, 26.000000, 1.835407
29.000000, 26.000000, 1.716032
30.000000, 26.000000, 1.596821
31.000000, 26.000000, 1.480188
32.000000, 26.000000, 1.384937
33.000000, 26.000000, 1.306907
34.000000, 26.000000, 1.241720
35.000000, 26.000000, 1.196459
36.000000, 26.000000, 1.168260
37.000000, 26.000000, 1.165071
38.000000, 26.000000, 1.205618
39.000000, 26.000000, 1.278908
40.000000, 26.000000, 1.360686
41.000000, 26.000000, 1.455388
42.000000, 26.000000, 1.557662
0.000000, 27.000000, 4.639577
1.000000, 27.000000, 4.735807
2.000000, 27.000000, 4.827444
3.000000, 27.000000, 4.911357
4.000000, 27.000000, 4.983756
5.000000, 27.000000, 5.039994
6.000000, 27.000000, 5.074087
7.000000, 27.000000, 5.077460
8.000000, 27.000000, 5.037808
9.000000, 27.000000, 4.946716
10.000000, 27.000000, 4.814786
11.000000, 27.000000, 4.655050
12.000000, 27.000000, 4.476498
13.000000, 27.000000, 4.286592
14.000000, 27.000000, 4.094064
15.000000, 27.000000, 3.896554
16.000000, 27.000000, 3.670125
17.000000, 27.000000, 3.446824
18.000000, 27.000000, 3.236176
19.000000, 27.000000, 3.041682
20.000000, 27.000000, 2.865751
21.000000, 27.000000, 2.708857
22.000000, 27.000000, 2.568072
23.000000, 27.000000, 2.439598
24.000000, 27.000000, 2.320854
25.000000, 27.000000, 2.210274
26.000000, 27.000000, 2.106622
27.000000, 27.000000, 2.008391
28.000000, 27.000000, 1.913985
29.000000, 27.000000, 1.822244
30.000000, 27.000000, 1.732988
31.000000, 27.000000, 1.647718
32.000000, 27.000000, 1.576224
33.000000, 27.000000, 1.527261
34.000000, 27.000000, 1.490216
35.000000, 27.000000, 1.466571
36.000000, 27.000000, 1.445421
37.000000, 27.000000, 1.443934
38.000000, 27.000000, 1.471938
39.000000, 27.000000, 1.525117
40.000000, 27.000000, 1.582256
41.000000, 27.000000, 1.642306
42.000000, 27.000000, 1.707060
0.000000, 28.000000, 4.725638
1.000000, 28.000000, 4.827245
2.000000, 28.000000, 4.924197
3.000000, 28.000000, 5.012805
4.000000, 28.000000, 5.086962
5.000000, 28.000000, 5.137987
6.000000, 28.000000, 5.160738
7.000000, 28.000000, 5.152473
8.000000, 28.000000, 5.102280
9.000000, 28.000000, 4.977961
10.000000, 28.000000, 4.810748
11.000000, 28.000000, 4.616137
12.000000, 28.000000, 4.403196
13.000000, 28.000000, 4.182703
14.000000, 28.000000, 3.965707
15.000000, 28.000000, 3.735910
16.000000, 28.000000, 3.497340
17.000000, 28.000000, 3.275546
18.000000, 28.000000, 3.074899
19.000000, 28.000000, 2.897287
20.000000, 28.000000, 2.742750
21.000000, 28.000000, 2.609355
22.000000, 28.000000, 2.493442
23.000000, 28.000000, 2.390833
24.000000, 28.000000, 2.298136
25.000000, 28.000000, 2.213466
26.000000, 28.000000, 2.135818
27.000000, 28.000000, 2.064121
28.000000, 28.000000, 1.997469
29.000000, 28.000000, 1.935342
30.000000, 28.000000, 1.877696
31.000000, 28.000000, 1.825529
32.000000, 28.000000, 1.782535
33.000000, 28.000000, 1.759809
34.000000, 28.000000, 1.749457
35.000000, 28.000000, 1.743430
36.000000, 28.000000, 1.730697
37.000000, 28.000000, 1.731467
38.000000, 28.000000, 1.749423
39.000000, 28.000000, 1.782444
40.000000, 28.000000, 1.817252
41.000000, 28.000000, 1.844044
42.000000, 28.000000, 1.871023
0.000000, 29.000000, 4.810728
1.000000, 29.000000, 4.918201
2.000000, 29.000000, 5.017596
3.000000, 29.000000, 5.099473
4.000000, 29.000000, 5.163091
5.000000, 29.000000, 5.207996
6.000000, 29.000000, 5.228113
7.000000, 29.000000, 5.214387
8.000000, 29.000000, 5.150512
9.000000, 29.000000, 5.010877
10.000000, 29.000000, 4.817747
11.000000, 29.000000, 4.589380
12.000000, 29.000000, 4.339950
13.000000, 29.000000, 4.084415
14.000000, 29.000000, 3.833089
15.000000, 29.000000, 3.569857
16.000000, 29.000000, 3.320208
17.000000, 29.000000, 3.097397
18.000000, 29.000000, 2.904418
19.000000, 29.000000, 2.741532
20.000000, 29.000000, 2.606809
21.000000, 29.000000, 2.496669
22.000000, 29.000000, 2.406495
23.000000, 29.000000, 2.331168
24.000000, 29.000000, 2.265326
25.000000, 29.000000, 2.206872
26.000000, 29.000000, 2.156594
27.000000, 29.000000, 2.114013
28.000000, 29.000000, 2.078292
29.000000, 29.000000, 2.048617
30.000000, 29.000000, 2.024549
31.000000, 29.000000, 2.006924
32.000000, 29.000000, 1.997416
33.000000, 29.000000, 2.001328
34.000000, 29.000000, 2.018438
35.000000, 29.000000, 2.029669
36.000000, 29.000000, 2.029193
37.000000, 29.000000, 2.033238
38.000000, 29.000000, 2.042236
39.000000, 29.000000, 2.054868
40.000000, 29.000000, 2.064861
41.000000, 29.000000, 2.057858
42.000000, 29.000000, 2.045873
0.000000, 30.000000, 4.894132
1.000000, 30.000000, 4.989556
2.000000, 30.000000, 5.077055
3.000000, 30.000000, 5.157204
4.000000, 30.000000, 5.226391
5.000000, 30.000000, 5.277432
6.000000, 30.000000, 5.300442
7.000000, 30.000000, 5.282182
8.000000, 30.000000, 5.205653
9.000000, 30.000000, 5.057875
10.000000, 30.000000, 4.843477
11.000000, 30.000000, 4.578453
12.000000, 30.000000, 4.287025
13.000000, 30.000000, 3.990970
14.000000, 30.000000, 3.694012
15.000000, 30.000000, 3.396793
16.000000, 30.000000, 3.132573
17.000000, 30.000000, 2.906309
18.000000, 30.000000, 2.719409
19.000000, 30.000000, 2.570223
20.000000, 30.000000, 2.454785
21.000000, 30.000000, 2.367844
22.000000, 30.000000, 2.303783
23.000000, 30.000000, 2.257207
24.000000, 30.000000, 2.219808
25.000000, 30.000000, 2.187942
26.000000, 30.000000, 2.166214
27.000000, 30.000000, 2.153608
28.000000, 30.000000, 2.149364
29.000000, 30.000000, 2.153304
30.000000, 30.000000, 2.165646
31.000000, 30.000000, 2.186086
32.000000, 30.000000, 2.214037
33.000000, 30.000000, 2.250705
34.000000, 30.000000, 2.297313
35.000000, 30.000000, 2.330079
36.000000, 30.000000, 2.346777
37.000000, 30.000000, 2.356238
38.000000, 30.000000, 2.356690
39.000000, 30.000000, 2.347367
40.000000, 30.000000, 2.327056
41.000000, 30.000000, 2.283203
42.000000, 30.000000, 2.233533
0.000000, 31.000000, 4.934804
1.000000, 31.000000, 5.027954
2.000000, 31.000000, 5.120914
3.000000, 31.000000, 5.209926
4.000000, 31.000000, 5.289633
5.000000, 31.000000, 5.351921
6.000000, 31.000000, 5.385005
7.000000, 31.000000, 5.372916
8.000000, 31.000000, 5.297045
9.000000, 31.000000, 5.142149
10.000000, 31.000000, 4.904156
11.000000, 31.000000, 4.593800
12.000000, 31.000000, 4.248755
13.000000, 31.000000, 3.902635
14.000000, 31.000000, 3.551009
15.000000, 31.000000, 3.215909
16.000000, 31.000000, 2.928694
17.000000, 31.000000, 2.696657
18.000000, 31.000000, 2.515326
19.000000, 31.000000, 2.380085
20.000000, 31.000000, 2.284414
21.000000, 31.000000, 2.220927
22.000000, 31.000000, 2.182348
23.000000, 31.000000, 2.161827
24.000000, 31.000000, 2.152860
25.000000, 31.000000, 2.152567
26.000000, 31.000000, 2.161705
27.000000, 31.000000, 2.180407
28.000000, 31.000000, 2.208649
29.000000, 31.000000, 2.246742
30.000000, 31.000000, 2.295313
31.000000, 31.000000, 2.355048
32.000000, 31.000000, 2.425819
33.000000, 31.000000, 2.504542
34.000000, 31.000000, 2.586614
35.000000, 31.000000, 2.649257
36.000000, 31.000000, 2.690231
37.000000, 31.000000, 2.709017
38.000000, 31.000000, 2.700991
39.000000, 31.000000, 2.666106
40.000000, 31.000000, 2.607807
41.000000, 31.000000, 2.521542
42.000000, 31.000000, 2.435283
0.000000, 32.000000, 4.957485
1.000000, 32.000000, 5.056210
2.000000, 32.000000, 5.157065
3.000000, 32.000000, 5.256893
4.000000, 32.000000, 5.350849
5.000000, 32.000000, 5.430901
6.000000, 32.000000, 5.484379
7.000000, 32.000000, 5.492746
8.000000, 32.000000, 5.432254
9.000000, 32.000000, 5.278944
10.000000, 32.000000, 5.018972
11.000000, 32.000000, 4.661188
12.000000, 32.000000, 4.246932
13.000000, 32.000000, 3.821313
14.000000, 32.000000, 3.402308
15.000000, 32.000000, 3.023937
16.000000, 32.000000, 2.707684
17.000000, 32.000000, 2.463774
18.000000, 32.000000, 2.288649
19.000000, 32.000000, 2.169237
20.000000, 32.000000, 2.095273
21.000000, 32.000000, 2.056757
22.000000, 32.000000, 2.044633
23.000000, 32.000000, 2.051372
24.000000, 32.000000, 2.071451
25.000000, 32.000000, 2.101946
26.000000, 32.000000, 2.142152
27.000000, 32.000000, 2.192354
28.000000, 32.000000, 2.253245
29.000000, 32.000000, 2.325682
30.000000, 32.000000, 2.410477
31.000000, 32.000000, 2.508456
32.000000, 32.000000, 2.620022
33.000000, 32.000000, 2.744188
34.000000, 32.000000, 2.871786
35.000000, 32.000000, 2.975049
36.000000, 32.000000, 3.050638
37.000000, 32.000000, 3.085067
38.000000, 32.000000, 3.068239
39.000000, 32.000000, 3.001523
40.000000, 32.000000, 2.895855
41.000000, 32.000000, 2.766273
42.000000, 32.000000, 2.632370
0.000000, 33.000000, 4.969872
1.000000, 33.000000, 5.073514
2.000000, 33.000000, 5.182136
3.000000, 33.000000, 5.293730
4.000000, 33.000000, 5.404885
5.000000, 33.000000, 5.509043
6.000000, 33.000000, 5.594307
7.000000, 33.000000, 5.640383
8.000000, 33.000000, 5.616008
9.000000, 33.000000, 5.481381
10.000000, 33.000000, 5.203552
11.000000, 33.000000, 4.784202
12.000000, 33.000000, 4.273098
13.000000, 33.000000, 3.740564
14.000000, 33.000000, 3.240031
15.000000, 33.000000, 2.810520
16.000000, 33.000000, 2.466795
17.000000, 33.000000, 2.210063
18.000000, 33.000000, 2.038003
19.000000, 33.000000, 1.937608
20.000000, 33.000000, 1.888975
21.000000, 33.000000, 1.878308
22.000000, 33.000000, 1.894711
23.000000, 33.000000, 1.930037
24.000000, 33.000000, 1.978931
25.000000, 33.000000, 2.038564
26.000000, 33.000000, 2.107753
27.000000, 33.000000, 2.185712
28.000000, 33.000000, 2.272960
29.000000, 33.000000, 2.372880
30.000000, 33.000000, 2.489442
31.000000, 33.000000, 2.625538
32.000000, 33.000000, 2.782641
33.000000, 33.000000, 2.959629
34.000000, 33.000000, 3.145650
35.000000, 33.000000, 3.312196
36.000000, 33.000000, 3.445102
37.000000, 33.000000, 3.509051
38.000000, 33.000000, 3.481553
39.000000, 33.000000, 3.367497
40.000000, 33.000000, 3.196264
41.000000, 33.000000, 3.007732
42.000000, 33.000000, 2.801025
0.000000, 34.000000, 4.969941
1.000000, 34.000000, 5.076849
2.000000, 34.000000, 5.191698
3.000000, 34.000000, 5.314084
4.000000, 34.000000, 5.442935
5.000000, 34.000000, 5.574870
6.000000, 34.000000, 5.701547
7.000000, 34.000000, 5.804491
8.000000, 34.000000, 5.846350
9.000000, 34.000000, 5.762940
10.000000, 34.000000, 5.478533
11.000000, 34.000000, 4.970213
12.000000, 34.000000, 4.317714
13.000000, 34.000000, 3.646854
14.000000, 34.000000, 3.050626
15.000000, 34.000000, 2.565228
16.000000, 34.000000, 2.196164
17.000000, 34.000000, 1.935859
18.000000, 34.000000, 1.771228
19.000000, 34.000000, 1.688610
20.000000, 34.000000, 1.669351
21.000000, 34.000000, 1.690219
22.000000, 34.000000, 1.737208
23.000000, 34.000000, 1.801514
24.000000, 34.000000, 1.876911
25.000000, 34.000000, 1.957989
26.000000, 34.000000, 2.044759
27.000000, 34.000000, 2.142451
28.000000, 34.000000, 2.255054
29.000000, 34.000000, 2.385818
30.000000, 34.000000, 2.538377
31.000000, 34.000000, 2.716774
32.000000, 34.000000, 2.924811
33.000000, 34.000000, 3.164271
34.000000, 34.000000, 3.424637
35.000000, 34.000000, 3.678364
36.000000, 34.000000, 3.903951
37.000000, 34.000000, 4.027128
38.000000, 34.000000, 3.987100
39.000000, 34.000000, 3.797786
40.000000, 34.000000, 3.535502
41.000000, 34.000000, 3.251098
42.000000, 34.000000, 2.954679
0.000000, 35.000000, 4.955854
1.000000, 35.000000, 5.063221
2.000000, 35.000000, 5.180948
3.000000, 35.000000, 5.310336
4.000000, 35.000000, 5.453130
5.000000, 35.000000, 5.610464
6.000000, 35.000000, 5.780953
7.000000, 35.000000, 5.955246
8.000000, 35.000000, 6.101434
9.000000, 35.000000, 6.132487
10.000000, 35.000000, 5.881506
11.000000, 35.000000, 5.239582
12.000000, 35.000000, 4.369239
13.000000, 35.000000, 3.519403
14.000000, 35.000000, 2.817241
15.000000, 35.000000, 2.278815
16.000000, 35.000000, 1.891170
17.000000, 35.000000, 1.635612
18.000000, 35.000000, 1.491450
19.000000, 35.000000, 1.435465
20.000000, 35.000000, 1.444987
21.000000, 35.000000, 1.499337
22.000000, 35.000000, 1.576890
23.000000, 35.000000, 1.661926
24.000000, 35.000000, 1.750360
25.000000, 35.000000, 1.847261
26.000000, 35.000000, 1.955490
27.000000, 35.000000, 2.077338
28.000000, 35.000000, 2.215938
29.000000, 35.000000, 2.375400
30.000000, 35.000000, 2.560904
31.000000, 35.000000, 2.778886
32.000000, 35.000000, 3.037004
33.000000, 35.000000, 3.343136
34.000000, 35.000000, 3.694035
35.000000, 35.000000, 4.071303
36.000000, 35.000000, 4.445485
37.000000, 35.000000, 4.687284
38.000000, 35.000000, 4.631182
39.000000, 35.000000, 4.309528
40.000000, 35.000000, 3.894087
41.000000, 35.000000, 3.479059
42.000000, 35.000000, 3.085725
0.000000, 36.000000, 4.926380
1.000000, 36.000000, 5.030335
2.000000, 36.000000, 5.145769
3.000000, 36.000000, 5.275263
4.000000, 36.000000, 5.422886
5.000000, 36.000000, 5.594085
6.000000, 36.000000, 5.795673
7.000000, 36.000000, 6.034105
8.000000, 36.000000, 6.305880
9.000000, 36.000000, 6.550556
10.000000, 36.000000, 6.462188
11.000000, 36.000000, 5.594906
12.000000, 36.000000, 4.377366
13.000000, 36.000000, 3.322841
14.000000, 36.000000, 2.526486
15.000000, 36.000000, 1.948214
16.000000, 36.000000, 1.552581
17.000000, 36.000000, 1.311802
18.000000, 36.000000, 1.199095
19.000000, 36.000000, 1.183002
20.000000, 36.000000, 1.230568
21.000000, 36.000000, 1.310599
22.000000, 36.000000, 1.402040
23.000000, 36.000000, 1.502236
24.000000, 36.000000, 1.610660
25.000000, 36.000000, 1.727919
26.000000, 36.000000, 1.856024
27.000000, 36.000000, 1.998055
28.000000, 36.000000, 2.158046
29.000000, 36.000000, 2.341089
30.000000, 36.000000, 2.553636
31.000000, 36.000000, 2.804177
32.000000, 36.000000, 3.104413
33.000000, 36.000000, 3.470239
34.000000, 36.000000, 3.912917
35.000000, 36.000000, 4.442429
36.000000, 36.000000, 5.061884
37.000000, 36.000000, 5.556390
38.000000, 36.000000, 5.461550
39.000000, 36.000000, 4.865487
40.000000, 36.000000, 4.218187
41.000000, 36.000000, 3.663065
42.000000, 36.000000, 3.194861
0.000000, 37.000000, 4.881341
1.000000, 37.000000, 4.977357
2.000000, 37.000000, 5.084093
3.000000, 37.000000, 5.204441
4.000000, 37.000000, 5.343215
5.000000, 37.000000, 5.507593
6.000000, 37.000000, 5.708464
7.000000, 37.000000, 5.962591
8.000000, 37.000000, 6.295564
9.000000, 37.000000, 6.731836
10.000000, 37.000000, 5.859664
11.000000, 37.000000, 5.630252
12.000000, 37.000000, 4.199209
13.000000, 37.000000, 3.013816
14.000000, 37.000000, 2.172806
15.000000, 37.000000, 1.579775
16.000000, 37.000000, 1.188056
17.000000, 37.000000, 0.971978
18.000000, 37.000000, 0.903576
19.000000, 37.000000, 0.937264
20.000000, 37.000000, 1.017395
21.000000, 37.000000, 1.116107
22.000000, 37.000000, 1.227651
23.000000, 37.000000, 1.347812
24.000000, 37.000000, 1.474212
25.000000, 37.000000, 1.607251
26.000000, 37.000000, 1.750217
27.000000, 37.000000, 1.907174
28.000000, 37.000000, 2.082867
29.000000, 37.000000, 2.283038
30.000000, 37.000000, 2.514719
31.000000, 37.000000, 2.786820
32.000000, 37.000000, 3.112935
33.000000, 37.000000, 3.515208
34.000000, 37.000000, 4.018075
35.000000, 37.000000, 4.663990
36.000000, 37.000000, 5.540276
37.000000, 37.000000, 5.217892
38.000000, 37.000000, 5.641004
39.000000, 37.000000, 5.261408
40.000000, 37.000000, 4.407987
41.000000, 37.000000, 3.767629
42.000000, 37.000000, 3.248372
0.000000, 38.000000, 4.821912
1.000000, 38.000000, 4.905493
2.000000, 38.000000, 4.996994
3.000000, 38.000000, 5.098457
4.000000, 38.000000, 5.213375
5.000000, 38.000000, 5.346773
6.000000, 38.000000, 5.505754
7.000000, 38.000000, 5.699559
8.000000, 38.000000, 5.936161
9.000000, 38.000000, 6.191887
10.000000, 38.000000, 5.995516
11.000000, 38.000000, 5.071986
12.000000, 38.000000, 3.709882
13.000000, 38.000000, 2.596378
14.000000, 38.000000, 1.782106
15.000000, 38.000000, 1.197766
16.000000, 38.000000, 0.813975
17.000000, 38.000000, 0.628279
18.000000, 38.000000, 0.616522
19.000000, 38.000000, 0.697126
20.000000, 38.000000, 0.813012
21.000000, 38.000000, 0.940736
22.000000, 38.000000, 1.071758
23.000000, 38.000000, 1.205191
24.000000, 38.000000, 1.343057
25.000000, 38.000000, 1.487705
26.000000, 38.000000, 1.641059
27.000000, 38.000000, 1.807310
28.000000, 38.000000, 1.992257
29.000000, 38.000000, 2.202103
30.000000, 38.000000, 2.444122
31.000000, 38.000000, 2.725426
32.000000, 38.000000, 3.055160
33.000000, 38.000000, 3.458912
34.000000, 38.000000, 3.959912
35.000000, 38.000000, 4.592123
36.000000, 38.000000, 5.419295
37.000000, 38.000000, 5.614586
38.000000, 38.000000, 5.745153
39.000000, 38.000000, 5.152019
40.000000, 38.000000, 4.359152
41.000000, 38.000000, 3.740130
42.000000, 38.000000, 3.223901
0.000000, 39.000000, 4.750672
1.000000, 39.000000, 4.818115
2.000000, 39.000000, 4.889026
3.000000, 39.000000, 4.963705
4.000000, 39.000000, 5.042803
5.000000, 39.000000, 5.126562
6.000000, 39.000000, 5.213425
7.000000, 39.000000, 5.295901
8.000000, 39.000000, 5.347989
9.000000, 39.000000, 5.289098
10.000000, 39.000000, 4.927067
11.000000, 39.000000, 4.114441
12.000000, 39.000000, 3.092947
13.000000, 39.000000, 2.158257
14.000000, 39.000000, 1.413330
15.000000, 39.000000, 0.846239
16.000000, 39.000000, 0.456412
17.000000, 39.000000, 0.294171
18.000000, 39.000000, 0.350818
19.000000, 39.000000, 0.495157
20.000000, 39.000000, 0.650581
21.000000, 39.000000, 0.798901
22.000000, 39.000000, 0.940001
23.000000, 39.000000, 1.078186
24.000000, 39.000000, 1.218516
25.000000, 39.000000, 1.365787
26.000000, 39.000000, 1.524224
27.000000, 39.000000, 1.697140
28.000000, 39.000000, 1.887335
29.000000, 39.000000, 2.099479
30.000000, 39.000000, 2.340529
31.000000, 39.000000, 2.616276
32.000000, 39.000000, 2.932815
33.000000, 39.000000, 3.308524
34.000000, 39.000000, 3.751706
35.000000, 39.000000, 4.253144
36.000000, 39.000000, 4.802700
37.000000, 39.000000, 5.215759
38.000000, 39.000000, 5.135739
39.000000, 39.000000, 4.639666
40.000000, 39.000000, 4.081946
41.000000, 39.000000, 3.583847
42.000000, 39.000000, 3.127523
0.000000, 40.000000, 4.671368
1.000000, 40.000000, 4.720011
2.000000, 40.000000, 4.767522
3.000000, 40.000000, 4.811070
4.000000, 40.000000, 4.848525
5.000000, 40.000000, 4.875291
6.000000, 40.000000, 4.882386
7.000000, 40.000000, 4.851768
8.000000, 40.000000, 4.747691
9.000000, 40.000000, 4.506747
10.000000, 40.000000, 4.051814
11.000000, 40.000000, 3.370981
12.000000, 40.000000, 2.573963
13.000000, 40.000000, 1.799580
14.000000, 40.000000, 1.132585
15.000000, 40.000000, 0.588720
16.000000, 40.000000, 0.177004
17.000000, 40.000000, 0.009220
18.000000, 40.000000, 0.172702
19.000000, 40.000000, 0.372060
20.000000, 40.000000, 0.545377
21.000000, 40.000000, 0.696996
22.000000, 40.000000, 0.835471
23.000000, 40.000000, 0.968821
24.000000, 40.000000, 1.103955
25.000000, 40.000000, 1.246646
26.000000, 40.000000, 1.401433
27.000000, 40.000000, 1.571733
28.000000, 40.000000, 1.760501
29.000000, 40.000000, 1.970760
30.000000, 40.000000, 2.205471
31.000000, 40.000000, 2.467692
32.000000, 40.000000, 2.762062
33.000000, 40.000000, 3.091787
34.000000, 40.000000, 3.447353
35.000000, 40.000000, 3.811405
36.000000, 40.000000, 4.156550
37.000000, 40.000000, 4.370822
38.000000, 40.000000, 4.332678
39.000000, 40.000000, 4.073706
40.000000, 40.000000, 3.718208
41.000000, 40.000000, 3.350252
42.000000, 40.000000, 2.979796
0.000000, 41.000000, 4.548653
1.000000, 41.000000, 4.603526
2.000000, 41.000000, 4.639092
3.000000, 41.000000, 4.653196
4.000000, 41.000000, 4.649772
5.000000, 41.000000, 4.622969
6.000000, 41.000000, 4.560593
7.000000, 41.000000, 4.443200
8.000000, 41.000000, 4.241985
9.000000, 41.000000, 3.921770
10.000000, 41.000000, 3.458211
11.000000, 41.000000, 2.867268
12.000000, 41.000000, 2.212451
13.000000, 41.000000, 1.567838
14.000000, 41.000000, 0.984572
15.000000, 41.000000, 0.502959
16.000000, 41.000000, 0.148273
17.000000, 41.000000, 0.017897
18.000000, 41.000000, 0.167352
19.000000, 41.000000, 0.345261
20.000000, 41.000000, 0.499354
21.000000, 41.000000, 0.633636
22.000000, 41.000000, 0.756523
23.000000, 41.000000, 0.876026
24.000000, 41.000000, 0.999109
25.000000, 41.000000, 1.131912
26.000000, 41.000000, 1.279035
27.000000, 41.000000, 1.442358
28.000000, 41.000000, 1.622973
29.000000, 41.000000, 1.822494
30.000000, 41.000000, 2.042791
31.000000, 41.000000, 2.284538
32.000000, 41.000000, 2.542808
33.000000, 41.000000, 2.816719
34.000000, 41.000000, 3.105709
35.000000, 41.000000, 3.379666
36.000000, 41.000000, 3.612767
37.000000, 41.000000, 3.738889
38.000000, 41.000000, 3.724526
39.000000, 41.000000, 3.582502
40.000000, 41.000000, 3.359026
41.000000, 41.000000, 3.094832
42.000000, 41.000000, 2.804345
0.000000, 42.000000, 4.432030
1.000000, 42.000000, 4.468234
2.000000, 42.000000, 4.491326
3.000000, 42.000000, 4.493320
4.000000, 42.000000, 4.462000
5.000000, 42.000000, 4.392720
6.000000, 42.000000, 4.278776
7.000000, 42.000000, 4.105181
8.000000, 42.000000, 3.853336
9.000000, 42.000000, 3.507229
10.000000, 42.000000, 3.064122
11.000000, 42.000000, 2.545220
12.000000, 42.000000, 1.994782
13.000000, 42.000000, 1.461911
14.000000, 42.000000, 0.972857
15.000000, 42.000000, 0.581962
16.000000, 42.000000, 0.320289
17.000000, 42.000000, 0.227583
18.000000, 42.000000, 0.281797
19.000000, 42.000000, 0.388112
20.000000, 42.000000, 0.497036
21.000000, 42.000000, 0.599102
22.000000, 42.000000, 0.697113
23.000000, 42.000000, 0.796531
24.000000, 42.000000, 0.902656
25.000000, 42.000000, 1.021276
26.000000, 42.000000, 1.159403
27.000000, 42.000000, 1.314251
28.000000, 42.000000, 1.484605
29.000000, 42.000000, 1.670170
30.000000, 42.000000, 1.867078
31.000000, 42.000000, 2.072483
32.000000, 42.000000, 2.292588
33.000000, 42.000000, 2.527962
34.000000, 42.000000, 2.768747
35.000000, 42.000000, 2.984809
36.000000, 42.000000, 3.148232
37.000000, 42.000000, 3.234389
38.000000, 42.000000, 3.239520
39.000000, 42.000000, 3.164172
40.000000, 42.000000, 3.026554
41.000000, 42.000000, 2.840560
42.000000, 42.000000, 2.618605
