S
I=43,J=43
0.000000, 0.000000, 2.217766
1.000000, 0.000000, 2.206685
2.000000, 0.000000, 2.197125
3.000000, 0.000000, 2.193366
4.000000, 0.000000, 2.195716
5.000000, 0.000000, 2.197543
6.000000, 0.000000, 2.191866
7.000000, 0.000000, 2.173481
8.000000, 0.000000, 2.137595
9.000000, 0.000000, 2.080344
10.000000, 0.000000, 2.000869
11.000000, 0.000000, 1.905270
12.000000, 0.000000, 1.799502
13.000000, 0.000000, 1.689248
14.000000, 0.000000, 1.579520
15.000000, 0.000000, 1.473212
16.000000, 0.000000, 1.370323
17.000000, 0.000000, 1.270321
18.000000, 0.000000, 1.174123
19.000000, 0.000000, 1.084262
20.000000, 0.000000, 1.004698
21.000000, 0.000000, 0.940533
22.000000, 0.000000, 0.896928
23.000000, 0.000000, 0.877613
24.000000, 0.000000, 0.884378
25.000000, 0.000000, 0.917372
26.000000, 0.000000, 0.975004
27.000000, 0.000000, 1.054205
28.000000, 0.000000, 1.151011
29.000000, 0.000000, 1.261232
30.000000, 0.000000, 1.380795
31.000000, 0.000000, 1.505785
32.000000, 0.000000, 1.632455
33.000000, 0.000000, 1.757613
34.000000, 0.000000, 1.893389
35.000000, 0.000000, 2.031009
36.000000, 0.000000, 2.159324
37.000000, 0.000000, 2.276208
38.000000, 0.000000, 2.379375
39.000000, 0.000000, 2.466590
40.000000, 0.000000, 2.536189
41.000000, 0.000000, 2.604279
42.000000, 0.000000, 2.646676
0.000000, 1.000000, 2.297889
1.000000, 1.000000, 2.285269
2.000000, 1.000000, 2.271840
3.000000, 1.000000, 2.268435
4.000000, 1.000000, 2.280474
5.000000, 1.000000, 2.291497
6.000000, 1.000000, 2.292794
7.000000, 1.000000, 2.279880
8.000000, 1.000000, 2.246896
9.000000, 1.000000, 2.185965
10.000000, 1.000000, 2.096091
11.000000, 1.000000, 1.986108
12.000000, 1.000000, 1.864806
13.000000, 1.000000, 1.738562
14.000000, 1.000000, 1.614613
15.000000, 1.000000, 1.497536
16.000000, 1.000000, 1.383904
17.000000, 1.000000, 1.270946
18.000000, 1.000000, 1.159465
19.000000, 1.000000, 1.052481
20.000000, 1.000000, 0.954862
21.000000, 1.000000, 0.873701
22.000000, 1.000000, 0.817124
23.000000, 1.000000, 0.790202
24.000000, 1.000000, 0.794913
25.000000, 1.000000, 0.831728
26.000000, 1.000000, 0.898717
27.000000, 1.000000, 0.991573
28.000000, 1.000000, 1.104975
29.000000, 1.000000, 1.233729
30.000000, 1.000000, 1.373213
31.000000, 1.000000, 1.519103
32.000000, 1.000000, 1.666952
33.000000, 1.000000, 1.819381
34.000000, 1.000000, 1.983435
35.000000, 1.000000, 2.140545
36.000000, 1.000000, 2.286720
37.000000, 1.000000, 2.419548
38.000000, 1.000000, 2.535961
39.000000, 1.000000, 2.632658
40.000000, 1.000000, 2.707407
41.000000, 1.000000, 2.765673
42.000000, 1.000000, 2.808204
0.000000, 2.000000, 2.391265
1.000000, 2.000000, 2.379492
2.000000, 2.000000, 2.362970
3.000000, 2.000000, 2.356193
4.000000, 2.000000, 2.381130
5.000000, 2.000000, 2.398674
6.000000, 2.000000, 2.404680
7.000000, 2.000000, 2.396966
8.000000, 2.000000, 2.370719
9.000000, 2.000000, 2.310250
10.000000, 2.000000, 2.205255
11.000000, 2.000000, 2.079383
12.000000, 2.000000, 1.943077
13.000000, 2.000000, 1.799853
14.000000, 2.000000, 1.659008
15.000000, 2.000000, 1.534518
16.000000, 2.000000, 1.410514
17.000000, 2.000000, 1.283034
18.000000, 2.000000, 1.154025
19.000000, 2.000000, 1.027006
20.000000, 2.000000, 0.907144
21.000000, 2.000000, 0.803106
22.000000, 2.000000, 0.729724
23.000000, 2.000000, 0.692950
24.000000, 2.000000, 0.693954
25.000000, 2.000000, 0.735035
26.000000, 2.000000, 0.813718
27.000000, 2.000000, 0.923329
28.000000, 2.000000, 1.056259
29.000000, 2.000000, 1.206084
30.000000, 2.000000, 1.367928
31.000000, 2.000000, 1.537693
32.000000, 2.000000, 1.711999
33.000000, 2.000000, 1.901607
34.000000, 2.000000, 2.091522
35.000000, 2.000000, 2.270824
36.000000, 2.000000, 2.438088
37.000000, 2.000000, 2.590057
38.000000, 2.000000, 2.722446
39.000000, 2.000000, 2.829868
40.000000, 2.000000, 2.908612
41.000000, 2.000000, 2.959393
42.000000, 2.000000, 2.992913
0.000000, 3.000000, 2.499616
1.000000, 3.000000, 2.493955
2.000000, 3.000000, 2.486943
3.000000, 3.000000, 2.489067
4.000000, 3.000000, 2.505486
5.000000, 3.000000, 2.520270
6.000000, 3.000000, 2.525409
7.000000, 3.000000, 2.517889
8.000000, 3.000000, 2.495482
9.000000, 3.000000, 2.440654
10.000000, 3.000000, 2.319002
11.000000, 3.000000, 2.183363
12.000000, 3.000000, 2.038284
13.000000, 3.000000, 1.884826
14.000000, 3.000000, 1.731258
15.000000, 3.000000, 1.595295
16.000000, 3.000000, 1.456414
17.000000, 3.000000, 1.311409
18.000000, 3.000000, 1.162540
19.000000, 3.000000, 1.013378
20.000000, 3.000000, 0.868851
21.000000, 3.000000, 0.736569
22.000000, 3.000000, 0.641485
23.000000, 3.000000, 0.589017
24.000000, 3.000000, 0.582373
25.000000, 3.000000, 0.628394
26.000000, 3.000000, 0.722526
27.000000, 3.000000, 0.852995
28.000000, 3.000000, 1.008510
29.000000, 3.000000, 1.181343
30.000000, 3.000000, 1.366882
31.000000, 3.000000, 1.562349
32.000000, 3.000000, 1.773520
33.000000, 3.000000, 2.004113
34.000000, 3.000000, 2.219326
35.000000, 3.000000, 2.425333
36.000000, 3.000000, 2.619025
37.000000, 3.000000, 2.794602
38.000000, 3.000000, 2.947274
39.000000, 3.000000, 3.066735
40.000000, 3.000000, 3.147368
41.000000, 3.000000, 3.190580
42.000000, 3.000000, 3.205227
0.000000, 4.000000, 2.621503
1.000000, 4.000000, 2.624211
2.000000, 4.000000, 2.627055
3.000000, 4.000000, 2.634038
4.000000, 4.000000, 2.645137
5.000000, 4.000000, 2.653860
6.000000, 4.000000, 2.653489
7.000000, 4.000000, 2.638839
8.000000, 4.000000, 2.603941
9.000000, 4.000000, 2.537442
10.000000, 4.000000, 2.429464
11.000000, 4.000000, 2.297754
12.000000, 4.000000, 2.152350
13.000000, 4.000000, 1.997674
14.000000, 4.000000, 1.840091
15.000000, 4.000000, 1.684152
16.000000, 4.000000, 1.525022
17.000000, 4.000000, 1.359598
18.000000, 4.000000, 1.188956
19.000000, 4.000000, 1.016373
20.000000, 4.000000, 0.847126
21.000000, 4.000000, 0.690577
22.000000, 4.000000, 0.563343
23.000000, 4.000000, 0.480495
24.000000, 4.000000, 0.459629
25.000000, 4.000000, 0.513073
26.000000, 4.000000, 0.629360
27.000000, 4.000000, 0.786047
28.000000, 4.000000, 0.966857
29.000000, 4.000000, 1.163431
30.000000, 4.000000, 1.372139
31.000000, 4.000000, 1.592679
32.000000, 4.000000, 1.845645
33.000000, 4.000000, 2.114043
34.000000, 4.000000, 2.363141
35.000000, 4.000000, 2.607127
36.000000, 4.000000, 2.837887
37.000000, 4.000000, 3.043629
38.000000, 4.000000, 3.223421
39.000000, 4.000000, 3.354516
40.000000, 4.000000, 3.431650
41.000000, 4.000000, 3.460031
42.000000, 4.000000, 3.450210
0.000000, 5.000000, 2.754328
1.000000, 5.000000, 2.764852
2.000000, 5.000000, 2.774630
3.000000, 5.000000, 2.784710
4.000000, 5.000000, 2.793760
5.000000, 5.000000, 2.797666
6.000000, 5.000000, 2.790977
7.000000, 5.000000, 2.767735
8.000000, 5.000000, 2.722645
9.000000, 5.000000, 2.652317
10.000000, 5.000000, 2.552175
11.000000, 5.000000, 2.427746
12.000000, 5.000000, 2.285659
13.000000, 5.000000, 2.130620
14.000000, 5.000000, 1.966551
15.000000, 5.000000, 1.795528
16.000000, 5.000000, 1.616924
17.000000, 5.000000, 1.430154
18.000000, 5.000000, 1.236564
19.000000, 5.000000, 1.039384
20.000000, 5.000000, 0.843676
21.000000, 5.000000, 0.657157
22.000000, 5.000000, 0.491606
23.000000, 5.000000, 0.367415
24.000000, 5.000000, 0.324434
25.000000, 5.000000, 0.393352
26.000000, 5.000000, 0.543305
27.000000, 5.000000, 0.731662
28.000000, 5.000000, 0.938714
29.000000, 5.000000, 1.157829
30.000000, 5.000000, 1.387468
31.000000, 5.000000, 1.633636
32.000000, 5.000000, 1.922055
33.000000, 5.000000, 2.222859
34.000000, 5.000000, 2.522758
35.000000, 5.000000, 2.820378
36.000000, 5.000000, 3.105866
37.000000, 5.000000, 3.361842
38.000000, 5.000000, 3.569324
39.000000, 5.000000, 3.707243
40.000000, 5.000000, 3.770381
41.000000, 5.000000, 3.770262
42.000000, 5.000000, 3.725383
0.000000, 6.000000, 2.896497
1.000000, 6.000000, 2.914036
2.000000, 6.000000, 2.929434
3.000000, 6.000000, 2.942496
4.000000, 6.000000, 2.951381
5.000000, 6.000000, 2.952636
6.000000, 6.000000, 2.941535
7.000000, 6.000000, 2.912553
8.000000, 6.000000, 2.863172
9.000000, 6.000000, 2.792576
10.000000, 6.000000, 2.697198
11.000000, 6.000000, 2.578776
12.000000, 6.000000, 2.440440
13.000000, 6.000000, 2.284850
14.000000, 6.000000, 2.114374
15.000000, 6.000000, 1.930498
16.000000, 6.000000, 1.733970
17.000000, 6.000000, 1.525995
18.000000, 6.000000, 1.308891
19.000000, 6.000000, 1.086262
20.000000, 6.000000, 0.862722
21.000000, 6.000000, 0.643790
22.000000, 6.000000, 0.436674
23.000000, 6.000000, 0.258253
24.000000, 6.000000, 0.178029
25.000000, 6.000000, 0.283794
26.000000, 6.000000, 0.481732
27.000000, 6.000000, 0.702518
28.000000, 6.000000, 0.932601
29.000000, 6.000000, 1.170338
30.000000, 6.000000, 1.417431
31.000000, 6.000000, 1.692576
32.000000, 6.000000, 2.012243
33.000000, 6.000000, 2.350067
34.000000, 6.000000, 2.703084
35.000000, 6.000000, 3.067007
36.000000, 6.000000, 3.426908
37.000000, 6.000000, 3.752142
38.000000, 6.000000, 4.001095
39.000000, 6.000000, 4.141215
40.000000, 6.000000, 4.171787
41.000000, 6.000000, 4.120555
42.000000, 6.000000, 4.021864
0.000000, 7.000000, 3.047648
1.000000, 7.000000, 3.071799
2.000000, 7.000000, 3.092066
3.000000, 7.000000, 3.106594
4.000000, 7.000000, 3.112372
5.000000, 7.000000, 3.106691
6.000000, 7.000000, 3.087334
7.000000, 7.000000, 3.050387
8.000000, 7.000000, 2.997078
9.000000, 7.000000, 2.927152
10.000000, 7.000000, 2.836769
11.000000, 7.000000, 2.725598
12.000000, 7.000000, 2.594152
13.000000, 7.000000, 2.442852
14.000000, 7.000000, 2.272325
15.000000, 7.000000, 2.082706
16.000000, 7.000000, 1.874470
17.000000, 7.000000, 1.648995
18.000000, 7.000000, 1.409810
19.000000, 7.000000, 1.162146
20.000000, 7.000000, 0.911849
21.000000, 7.000000, 0.663991
22.000000, 7.000000, 0.422507
23.000000, 7.000000, 0.192467
24.000000, 7.000000, 0.055800
25.000000, 7.000000, 0.229264
26.000000, 7.000000, 0.469270
27.000000, 7.000000, 0.711073
28.000000, 7.000000, 0.955189
29.000000, 7.000000, 1.204569
30.000000, 7.000000, 1.464593
31.000000, 7.000000, 1.767488
32.000000, 7.000000, 2.112949
33.000000, 7.000000, 2.487972
34.000000, 7.000000, 2.897059
35.000000, 7.000000, 3.340063
36.000000, 7.000000, 3.800937
37.000000, 7.000000, 4.231059
38.000000, 7.000000, 4.546316
39.000000, 7.000000, 4.678069
40.000000, 7.000000, 4.639338
41.000000, 7.000000, 4.499974
42.000000, 7.000000, 4.322379
0.000000, 8.000000, 3.208210
1.000000, 8.000000, 3.222564
2.000000, 8.000000, 3.232302
3.000000, 8.000000, 3.235844
4.000000, 8.000000, 3.233712
5.000000, 8.000000, 3.223965
6.000000, 8.000000, 3.203271
7.000000, 8.000000, 3.167710
8.000000, 8.000000, 3.118751
9.000000, 8.000000, 3.055858
10.000000, 8.000000, 2.974548
11.000000, 8.000000, 2.873035
12.000000, 8.000000, 2.749947
13.000000, 8.000000, 2.604016
14.000000, 8.000000, 2.434194
15.000000, 8.000000, 2.240077
16.000000, 8.000000, 2.022566
17.000000, 8.000000, 1.784398
18.000000, 8.000000, 1.530161
19.000000, 8.000000, 1.265514
20.000000, 8.000000, 0.996337
21.000000, 8.000000, 0.729281
22.000000, 8.000000, 0.473204
23.000000, 8.000000, 0.245118
24.000000, 8.000000, 0.140949
25.000000, 8.000000, 0.290429
26.000000, 8.000000, 0.521385
27.000000, 8.000000, 0.762496
28.000000, 8.000000, 1.007825
29.000000, 8.000000, 1.259714
30.000000, 8.000000, 1.527447
31.000000, 8.000000, 1.849406
32.000000, 8.000000, 2.213204
33.000000, 8.000000, 2.620044
34.000000, 8.000000, 3.083097
35.000000, 8.000000, 3.614337
36.000000, 8.000000, 4.210886
37.000000, 8.000000, 4.814678
38.000000, 8.000000, 5.252395
39.000000, 8.000000, 5.342377
40.000000, 8.000000, 5.155932
41.000000, 8.000000, 4.873938
42.000000, 8.000000, 4.592993
0.000000, 9.000000, 3.318189
1.000000, 9.000000, 3.330189
2.000000, 9.000000, 3.340010
3.000000, 9.000000, 3.346513
4.000000, 9.000000, 3.348051
5.000000, 9.000000, 3.342354
6.000000, 9.000000, 3.326432
7.000000, 9.000000, 3.296963
8.000000, 9.000000, 3.256567
9.000000, 9.000000, 3.204320
10.000000, 9.000000, 3.135442
11.000000, 9.000000, 3.047103
12.000000, 9.000000, 2.936280
13.000000, 9.000000, 2.799745
14.000000, 9.000000, 2.634459
15.000000, 9.000000, 2.438492
16.000000, 9.000000, 2.212147
17.000000, 9.000000, 1.958978
18.000000, 9.000000, 1.685853
19.000000, 9.000000, 1.402092
20.000000, 9.000000, 1.118030
21.000000, 9.000000, 0.844265
22.000000, 9.000000, 0.593990
23.000000, 9.000000, 0.398046
24.000000, 9.000000, 0.332039
25.000000, 9.000000, 0.435657
26.000000, 9.000000, 0.628784
27.000000, 9.000000, 0.850945
28.000000, 9.000000, 1.085223
29.000000, 9.000000, 1.330008
30.000000, 9.000000, 1.598931
31.000000, 9.000000, 1.926531
32.000000, 9.000000, 2.297357
33.000000, 9.000000, 2.722754
34.000000, 9.000000, 3.224866
35.000000, 9.000000, 3.833704
36.000000, 9.000000, 4.583096
37.000000, 9.000000, 5.466450
38.000000, 9.000000, 6.158174
39.000000, 9.000000, 6.113607
40.000000, 9.000000, 5.633397
41.000000, 9.000000, 5.163839
42.000000, 9.000000, 4.778897
0.000000, 10.000000, 3.417047
1.000000, 10.000000, 3.433792
2.000000, 10.000000, 3.448354
3.000000, 10.000000, 3.459748
4.000000, 10.000000, 3.466565
5.000000, 10.000000, 3.466948
6.000000, 10.000000, 3.458424
7.000000, 10.000000, 3.438216
8.000000, 10.000000, 3.409603
9.000000, 10.000000, 3.371678
10.000000, 10.000000, 3.319498
11.000000, 10.000000, 3.249429
12.000000, 10.000000, 3.156970
13.000000, 10.000000, 3.036711
14.000000, 10.000000, 2.882935
15.000000, 10.000000, 2.691046
16.000000, 10.000000, 2.459736
17.000000, 10.000000, 2.193046
18.000000, 10.000000, 1.900868
19.000000, 10.000000, 1.597442
20.000000, 10.000000, 1.298821
21.000000, 10.000000, 1.021538
22.000000, 10.000000, 0.784606
23.000000, 10.000000, 0.615584
24.000000, 10.000000, 0.552622
25.000000, 10.000000, 0.615348
26.000000, 10.000000, 0.768497
27.000000, 10.000000, 0.963037
28.000000, 10.000000, 1.177084
29.000000, 10.000000, 1.405872
30.000000, 10.000000, 1.667175
31.000000, 10.000000, 1.985687
32.000000, 10.000000, 2.348101
33.000000, 10.000000, 2.770316
34.000000, 10.000000, 3.278924
35.000000, 10.000000, 3.914836
36.000000, 10.000000, 4.742665
37.000000, 10.000000, 5.837844
38.000000, 10.000000, 5.497324
39.000000, 10.000000, 6.536510
40.000000, 10.000000, 5.833650
41.000000, 10.000000, 5.249346
42.000000, 10.000000, 4.816867
0.000000, 11.000000, 3.516751
1.000000, 11.000000, 3.538436
2.000000, 11.000000, 3.558175
3.000000, 11.000000, 3.575186
4.000000, 11.000000, 3.588417
5.000000, 11.000000, 3.596468
6.000000, 11.000000, 3.597463
7.000000, 11.000000, 3.589230
8.000000, 11.000000, 3.575341
9.000000, 11.000000, 3.555521
10.000000, 11.000000, 3.524993
11.000000, 11.000000, 3.479755
12.000000, 11.000000, 3.414103
13.000000, 11.000000, 3.320310
14.000000, 11.000000, 3.188915
15.000000, 11.000000, 3.010619
16.000000, 11.000000, 2.780118
17.000000, 11.000000, 2.500702
18.000000, 11.000000, 2.186312
19.000000, 11.000000, 1.858633
20.000000, 11.000000, 1.541473
21.000000, 11.000000, 1.257039
22.000000, 11.000000, 1.026123
23.000000, 11.000000, 0.869674
24.000000, 11.000000, 0.804712
25.000000, 11.000000, 0.831434
26.000000, 11.000000, 0.931187
27.000000, 11.000000, 1.084734
28.000000, 11.000000, 1.270929
29.000000, 11.000000, 1.475890
30.000000, 11.000000, 1.719389
31.000000, 11.000000, 2.014469
32.000000, 11.000000, 2.350885
33.000000, 11.000000, 2.743606
34.000000, 11.000000, 3.215734
35.000000, 11.000000, 3.800117
36.000000, 11.000000, 4.538269
37.000000, 11.000000, 5.441752
38.000000, 11.000000, 6.151670
39.000000, 11.000000, 6.074976
40.000000, 11.000000, 5.538574
41.000000, 11.000000, 5.052052
42.000000, 11.000000, 4.671301
0.000000, 12.000000, 3.616886
1.000000, 12.000000, 3.643647
2.000000, 12.000000, 3.668824
3.000000, 12.000000, 3.691908
4.000000, 12.000000, 3.712268
5.000000, 12.000000, 3.729043
6.000000, 12.000000, 3.741052
7.000000, 12.000000, 3.746859
8.000000, 12.000000, 3.750087
9.000000, 12.000000, 3.751819
10.000000, 12.000000, 3.748024
11.000000, 12.000000, 3.735106
12.000000, 12.000000, 3.707026
13.000000, 12.000000, 3.654078
14.000000, 12.000000, 3.562075
15.000000, 12.000000, 3.413573
16.000000, 12.000000, 3.193843
17.000000, 12.000000, 2.901537
18.000000, 12.000000, 2.555930
19.000000, 12.000000, 2.191241
20.000000, 12.000000, 1.842997
21.000000, 12.000000, 1.539222
22.000000, 12.000000, 1.299697
23.000000, 12.000000, 1.137748
24.000000, 12.000000, 1.059013
25.000000, 12.000000, 1.057771
26.000000, 12.000000, 1.117947
27.000000, 12.000000, 1.221329
28.000000, 12.000000, 1.358904
29.000000, 12.000000, 1.529342
30.000000, 12.000000, 1.744474
31.000000, 12.000000, 2.003737
32.000000, 12.000000, 2.297819
33.000000, 12.000000, 2.637452
34.000000, 12.000000, 3.037184
35.000000, 12.000000, 3.512219
36.000000, 12.000000, 4.065887
37.000000, 12.000000, 4.646581
38.000000, 12.000000, 5.068987
39.000000, 12.000000, 5.125232
40.000000, 12.000000, 4.908764
41.000000, 12.000000, 4.623361
42.000000, 12.000000, 4.361857
0.000000, 13.000000, 3.717034
1.000000, 13.000000, 3.748862
2.000000, 13.000000, 3.779496
3.000000, 13.000000, 3.808748
4.000000, 13.000000, 3.836444
5.000000, 13.000000, 3.862330
6.000000, 13.000000, 3.886016
7.000000, 13.000000, 3.906947
8.000000, 13.000000, 3.928751
9.000000, 13.000000, 3.954438
10.000000, 13.000000, 3.981575
11.000000, 13.000000, 4.008205
12.000000, 13.000000, 4.029696
13.000000, 13.000000, 4.036330
14.000000, 13.000000, 4.009747
15.000000, 13.000000, 3.920013
16.000000, 13.000000, 3.731092
17.000000, 13.000000, 3.424840
18.000000, 13.000000, 3.027812
19.000000, 13.000000, 2.600012
20.000000, 13.000000, 2.197850
21.000000, 13.000000, 1.856146
22.000000, 13.000000, 1.591346
23.000000, 13.000000, 1.408781
24.000000, 13.000000, 1.306065
25.000000, 13.000000, 1.273727
26.000000, 13.000000, 1.297033
27.000000, 13.000000, 1.360343
28.000000, 13.000000, 1.451267
29.000000, 13.000000, 1.566114
30.000000, 13.000000, 1.736021
31.000000, 13.000000, 1.949417
32.000000, 13.000000, 2.189621
33.000000, 13.000000, 2.462630
34.000000, 13.000000, 2.775596
35.000000, 13.000000, 3.130877
36.000000, 13.000000, 3.516382
37.000000, 13.000000, 3.886685
38.000000, 13.000000, 4.157341
39.000000, 13.000000, 4.258683
40.000000, 13.000000, 4.209856
41.000000, 13.000000, 4.086422
42.000000, 13.000000, 3.948094
0.000000, 14.000000, 3.816733
1.000000, 14.000000, 3.853445
2.000000, 14.000000, 3.889291
3.000000, 14.000000, 3.924388
4.000000, 14.000000, 3.959047
5.000000, 14.000000, 3.993656
6.000000, 14.000000, 4.028681
7.000000, 14.000000, 4.064580
8.000000, 14.000000, 4.104953
9.000000, 14.000000, 4.154991
10.000000, 14.000000, 4.214837
11.000000, 14.000000, 4.285605
12.000000, 14.000000, 4.366790
13.000000, 14.000000, 4.453220
14.000000, 14.000000, 4.528163
15.000000, 14.000000, 4.549479
16.000000, 14.000000, 4.437303
17.000000, 14.000000, 4.116142
18.000000, 14.000000, 3.622464
19.000000, 14.000000, 3.082826
20.000000, 14.000000, 2.592975
21.000000, 14.000000, 2.191896
22.000000, 14.000000, 1.886672
23.000000, 14.000000, 1.672029
24.000000, 14.000000, 1.537887
25.000000, 14.000000, 1.471489
26.000000, 14.000000, 1.457500
27.000000, 14.000000, 1.480738
28.000000, 14.000000, 1.529197
29.000000, 14.000000, 1.596582
30.000000, 14.000000, 1.706104
31.000000, 14.000000, 1.859161
32.000000, 14.000000, 2.043543
33.000000, 14.000000, 2.251113
34.000000, 14.000000, 2.482782
35.000000, 14.000000, 2.736046
36.000000, 14.000000, 2.998749
37.000000, 14.000000, 3.244139
38.000000, 14.000000, 3.434804
39.000000, 14.000000, 3.543157
40.000000, 14.000000, 3.572014
41.000000, 14.000000, 3.548692
42.000000, 14.000000, 3.503450
0.000000, 15.000000, 3.915543
1.000000, 15.000000, 3.956808
2.000000, 15.000000, 3.997326
3.000000, 15.000000, 4.037522
4.000000, 15.000000, 4.078177
5.000000, 15.000000, 4.120303
6.000000, 15.000000, 4.165180
7.000000, 15.000000, 4.214347
8.000000, 15.000000, 4.271423
9.000000, 15.000000, 4.343367
10.000000, 15.000000, 4.433553
11.000000, 15.000000, 4.547112
12.000000, 15.000000, 4.690089
13.000000, 15.000000, 4.867998
14.000000, 15.000000, 5.079928
15.000000, 15.000000, 5.294999
16.000000, 15.000000, 5.375287
17.000000, 15.000000, 5.042864
18.000000, 15.000000, 4.341842
19.000000, 15.000000, 3.610954
20.000000, 15.000000, 2.997637
21.000000, 15.000000, 2.522189
22.000000, 15.000000, 2.168507
23.000000, 15.000000, 1.916513
24.000000, 15.000000, 1.747607
25.000000, 15.000000, 1.646433
26.000000, 15.000000, 1.595766
27.000000, 15.000000, 1.579741
28.000000, 15.000000, 1.586206
29.000000, 15.000000, 1.608782
30.000000, 15.000000, 1.669258
31.000000, 15.000000, 1.757053
32.000000, 15.000000, 1.872654
33.000000, 15.000000, 2.016642
34.000000, 15.000000, 2.176047
35.000000, 15.000000, 2.347145
36.000000, 15.000000, 2.522671
37.000000, 15.000000, 2.689487
38.000000, 15.000000, 2.831357
39.000000, 15.000000, 2.936249
40.000000, 15.000000, 3.002924
41.000000, 15.000000, 3.040345
42.000000, 15.000000, 3.062507
0.000000, 16.000000, 4.013121
1.000000, 16.000000, 4.058458
2.000000, 16.000000, 4.102861
3.000000, 16.000000, 4.147019
4.000000, 16.000000, 4.192114
5.000000, 16.000000, 4.239748
6.000000, 16.000000, 4.291912
7.000000, 16.000000, 4.351057
8.000000, 16.000000, 4.420961
9.000000, 16.000000, 4.509126
10.000000, 16.000000, 4.622059
11.000000, 16.000000, 4.768350
12.000000, 16.000000, 4.960222
13.000000, 16.000000, 5.215238
14.000000, 16.000000, 5.558372
15.000000, 16.000000, 6.018053
16.000000, 16.000000, 6.225591
17.000000, 16.000000, 5.805384
18.000000, 16.000000, 5.062253
19.000000, 16.000000, 4.087824
20.000000, 16.000000, 3.355256
21.000000, 16.000000, 2.814324
22.000000, 16.000000, 2.418029
23.000000, 16.000000, 2.132528
24.000000, 16.000000, 1.932782
25.000000, 16.000000, 1.799223
26.000000, 16.000000, 1.713307
27.000000, 16.000000, 1.658055
28.000000, 16.000000, 1.622194
29.000000, 16.000000, 1.600230
30.000000, 16.000000, 1.613248
31.000000, 16.000000, 1.649225
32.000000, 16.000000, 1.697042
33.000000, 16.000000, 1.769488
34.000000, 16.000000, 1.866475
35.000000, 16.000000, 1.973206
36.000000, 16.000000, 2.086231
37.000000, 16.000000, 2.200845
38.000000, 16.000000, 2.310765
39.000000, 16.000000, 2.410434
40.000000, 16.000000, 2.497338
41.000000, 16.000000, 2.573460
42.000000, 16.000000, 2.655061
0.000000, 17.000000, 4.109226
1.000000, 17.000000, 4.158119
2.000000, 17.000000, 4.205411
3.000000, 17.000000, 4.252016
4.000000, 17.000000, 4.299506
5.000000, 17.000000, 4.350001
6.000000, 17.000000, 4.405999
7.000000, 17.000000, 4.470545
8.000000, 17.000000, 4.547578
9.000000, 17.000000, 4.643657
10.000000, 17.000000, 4.767095
11.000000, 17.000000, 4.927798
12.000000, 17.000000, 5.139691
13.000000, 17.000000, 5.423110
14.000000, 17.000000, 5.807914
15.000000, 17.000000, 6.332555
16.000000, 17.000000, 6.539686
17.000000, 17.000000, 6.088871
18.000000, 17.000000, 5.397647
19.000000, 17.000000, 4.367157
20.000000, 17.000000, 3.602721
21.000000, 17.000000, 3.037458
22.000000, 17.000000, 2.619706
23.000000, 17.000000, 2.312658
24.000000, 17.000000, 2.088861
25.000000, 17.000000, 1.925672
26.000000, 17.000000, 1.804734
27.000000, 17.000000, 1.712062
28.000000, 17.000000, 1.637032
29.000000, 17.000000, 1.573375
30.000000, 17.000000, 1.540906
31.000000, 17.000000, 1.529449
32.000000, 17.000000, 1.524974
33.000000, 17.000000, 1.530132
34.000000, 17.000000, 1.561474
35.000000, 17.000000, 1.616329
36.000000, 17.000000, 1.683032
37.000000, 17.000000, 1.761433
38.000000, 17.000000, 1.850281
39.000000, 17.000000, 1.946707
40.000000, 17.000000, 2.047597
41.000000, 17.000000, 2.161130
42.000000, 17.000000, 2.294004
0.000000, 18.000000, 4.203766
1.000000, 18.000000, 4.255719
2.000000, 18.000000, 4.304777
3.000000, 18.000000, 4.352030
4.000000, 18.000000, 4.399531
5.000000, 18.000000, 4.449822
6.000000, 18.000000, 4.505705
7.000000, 18.000000, 4.570358
8.000000, 18.000000, 4.647637
9.000000, 18.000000, 4.742251
10.000000, 18.000000, 4.861856
11.000000, 18.000000, 5.015211
12.000000, 18.000000, 5.212321
13.000000, 18.000000, 5.464192
14.000000, 18.000000, 5.776808
15.000000, 18.000000, 6.123232
16.000000, 18.000000, 6.337126
17.000000, 18.000000, 6.029595
18.000000, 18.000000, 5.233572
19.000000, 18.000000, 4.403258
20.000000, 18.000000, 3.715332
21.000000, 18.000000, 3.178395
22.000000, 18.000000, 2.765902
23.000000, 18.000000, 2.449207
24.000000, 18.000000, 2.206325
25.000000, 18.000000, 2.018040
26.000000, 18.000000, 1.868384
27.000000, 18.000000, 1.744303
28.000000, 18.000000, 1.635327
29.000000, 18.000000, 1.534383
30.000000, 18.000000, 1.459524
31.000000, 18.000000, 1.404960
32.000000, 18.000000, 1.353578
33.000000, 18.000000, 1.307542
34.000000, 18.000000, 1.274668
35.000000, 18.000000, 1.276481
36.000000, 18.000000, 1.306614
37.000000, 18.000000, 1.359141
38.000000, 18.000000, 1.435366
39.000000, 18.000000, 1.533100
40.000000, 18.000000, 1.654374
41.000000, 18.000000, 1.809616
42.000000, 18.000000, 1.975480
0.000000, 19.000000, 4.296718
1.000000, 19.000000, 4.351473
2.000000, 19.000000, 4.401101
3.000000, 19.000000, 4.446959
4.000000, 19.000000, 4.491860
5.000000, 19.000000, 4.538814
6.000000, 19.000000, 4.590639
7.000000, 19.000000, 4.650173
8.000000, 19.000000, 4.720674
9.000000, 19.000000, 4.805118
10.000000, 19.000000, 4.907821
11.000000, 19.000000, 5.035155
12.000000, 19.000000, 5.190689
13.000000, 19.000000, 5.373290
14.000000, 19.000000, 5.567532
15.000000, 19.000000, 5.721782
16.000000, 19.000000, 5.721024
17.000000, 19.000000, 5.436890
18.000000, 19.000000, 4.900455
19.000000, 19.000000, 4.285890
20.000000, 19.000000, 3.720381
21.000000, 19.000000, 3.242120
22.000000, 19.000000, 2.849261
23.000000, 19.000000, 2.534823
24.000000, 19.000000, 2.283332
25.000000, 19.000000, 2.079272
26.000000, 19.000000, 1.908952
27.000000, 19.000000, 1.760574
28.000000, 19.000000, 1.624155
29.000000, 19.000000, 1.491920
30.000000, 19.000000, 1.378884
31.000000, 19.000000, 1.286247
32.000000, 19.000000, 1.192524
33.000000, 19.000000, 1.100066
34.000000, 19.000000, 1.016675
35.000000, 19.000000, 0.959075
36.000000, 19.000000, 0.952016
37.000000, 19.000000, 0.985629
38.000000, 19.000000, 1.057668
39.000000, 19.000000, 1.167120
40.000000, 19.000000, 1.325719
41.000000, 19.000000, 1.511401
42.000000, 19.000000, 1.703746
0.000000, 20.000000, 4.387941
1.000000, 20.000000, 4.445837
2.000000, 20.000000, 4.494760
3.000000, 20.000000, 4.536809
4.000000, 20.000000, 4.576501
5.000000, 20.000000, 4.617350
6.000000, 20.000000, 4.661757
7.000000, 20.000000, 4.711744
8.000000, 20.000000, 4.769480
9.000000, 20.000000, 4.836755
10.000000, 20.000000, 4.913445
11.000000, 20.000000, 5.003130
12.000000, 20.000000, 5.104536
13.000000, 20.000000, 5.209422
14.000000, 20.000000, 5.296549
15.000000, 20.000000, 5.323842
16.000000, 20.000000, 5.231041
17.000000, 20.000000, 4.974603
18.000000, 20.000000, 4.576914
19.000000, 20.000000, 4.115843
20.000000, 20.000000, 3.657145
21.000000, 20.000000, 3.236017
22.000000, 20.000000, 2.876485
23.000000, 20.000000, 2.576606
24.000000, 20.000000, 2.326841
25.000000, 20.000000, 2.116035
26.000000, 20.000000, 1.933202
27.000000, 20.000000, 1.768173
28.000000, 20.000000, 1.611778
29.000000, 20.000000, 1.456055
30.000000, 20.000000, 1.310647
31.000000, 20.000000, 1.186131
32.000000, 20.000000, 1.055763
33.000000, 20.000000, 0.920545
34.000000, 20.000000, 0.788842
35.000000, 20.000000, 0.677094
36.000000, 20.000000, 0.618287
37.000000, 20.000000, 0.635889
38.000000, 20.000000, 0.716580
39.000000, 20.000000, 0.862942
40.000000, 20.000000, 1.059756
41.000000, 20.000000, 1.272140
42.000000, 20.000000, 1.486351
0.000000, 21.000000, 4.476443
1.000000, 21.000000, 4.539362
2.000000, 21.000000, 4.585855
3.000000, 21.000000, 4.621025
4.000000, 21.000000, 4.653430
5.000000, 21.000000, 4.686405
6.000000, 21.000000, 4.721183
7.000000, 21.000000, 4.758563
8.000000, 21.000000, 4.799393
9.000000, 21.000000, 4.844420
10.000000, 21.000000, 4.890840
11.000000, 21.000000, 4.938405
12.000000, 21.000000, 4.984597
13.000000, 21.000000, 5.019869
14.000000, 21.000000, 5.026629
15.000000, 21.000000, 4.978350
16.000000, 21.000000, 4.846119
17.000000, 21.000000, 4.615652
18.000000, 21.000000, 4.302411
19.000000, 21.000000, 3.936155
20.000000, 21.000000, 3.548052
21.000000, 21.000000, 3.185560
22.000000, 21.000000, 2.864455
23.000000, 21.000000, 2.586151
24.000000, 21.000000, 2.345880
25.000000, 21.000000, 2.136123
26.000000, 21.000000, 1.948474
27.000000, 21.000000, 1.774516
28.000000, 21.000000, 1.606197
29.000000, 21.000000, 1.435927
30.000000, 21.000000, 1.267098
31.000000, 21.000000, 1.118898
32.000000, 21.000000, 0.960893
33.000000, 21.000000, 0.790552
34.000000, 21.000000, 0.614489
35.000000, 21.000000, 0.445577
36.000000, 21.000000, 0.317860
37.000000, 21.000000, 0.311761
38.000000, 21.000000, 0.435150
39.000000, 21.000000, 0.640643
40.000000, 21.000000, 0.871163
41.000000, 21.000000, 1.104673
42.000000, 21.000000, 1.332519
0.000000, 22.000000, 4.557567
1.000000, 22.000000, 4.630877
2.000000, 22.000000, 4.671072
3.000000, 22.000000, 4.697039
4.000000, 22.000000, 4.722387
5.000000, 22.000000, 4.747523
6.000000, 22.000000, 4.771997
7.000000, 22.000000, 4.795346
8.000000, 22.000000, 4.817177
9.000000, 22.000000, 4.837143
10.000000, 22.000000, 4.852515
11.000000, 22.000000, 4.858654
12.000000, 22.000000, 4.854360
13.000000, 22.000000, 4.832493
14.000000, 22.000000, 4.782090
15.000000, 22.000000, 4.689240
16.000000, 22.000000, 4.541178
17.000000, 22.000000, 4.334153
18.000000, 22.000000, 4.070696
19.000000, 22.000000, 3.751486
20.000000, 22.000000, 3.423455
21.000000, 22.000000, 3.112233
22.000000, 22.000000, 2.828397
23.000000, 22.000000, 2.574824
24.000000, 22.000000, 2.349347
25.000000, 22.000000, 2.146981
26.000000, 22.000000, 1.961426
27.000000, 22.000000, 1.785941
28.000000, 22.000000, 1.613788
29.000000, 22.000000, 1.438425
30.000000, 22.000000, 1.258378
31.000000, 22.000000, 1.097337
32.000000, 22.000000, 0.925631
33.000000, 22.000000, 0.736678
34.000000, 22.000000, 0.537608
35.000000, 22.000000, 0.334562
36.000000, 22.000000, 0.140182
37.000000, 22.000000, 0.108121
38.000000, 22.000000, 0.305826
39.000000, 22.000000, 0.544638
40.000000, 22.000000, 0.786356
41.000000, 22.000000, 1.022857
42.000000, 22.000000, 1.249689
0.000000, 23.000000, 4.621239
1.000000, 23.000000, 4.692771
2.000000, 23.000000, 4.735094
3.000000, 23.000000, 4.761357
4.000000, 23.000000, 4.783883
5.000000, 23.000000, 4.803156
6.000000, 23.000000, 4.818143
7.000000, 23.000000, 4.827556
8.000000, 23.000000, 4.830121
9.000000, 23.000000, 4.824625
10.000000, 23.000000, 4.809270
11.000000, 23.000000, 4.777894
12.000000, 23.000000, 4.729452
13.000000, 23.000000, 4.661329
14.000000, 23.000000, 4.569515
15.000000, 23.000000, 4.449830
16.000000, 23.000000, 4.297372
17.000000, 23.000000, 4.107430
18.000000, 23.000000, 3.858317
19.000000, 23.000000, 3.579022
20.000000, 23.000000, 3.298430
21.000000, 23.000000, 3.029505
22.000000, 23.000000, 2.779777
23.000000, 23.000000, 2.551844
24.000000, 23.000000, 2.344606
25.000000, 23.000000, 2.154621
26.000000, 23.000000, 1.977160
27.000000, 23.000000, 1.806924
28.000000, 23.000000, 1.638514
29.000000, 23.000000, 1.466737
30.000000, 23.000000, 1.288369
31.000000, 23.000000, 1.125728
32.000000, 23.000000, 0.957342
33.000000, 23.000000, 0.774516
34.000000, 23.000000, 0.589182
35.000000, 23.000000, 0.421376
36.000000, 23.000000, 0.297112
37.000000, 23.000000, 0.290151
38.000000, 23.000000, 0.420045
39.000000, 23.000000, 0.607939
40.000000, 23.000000, 0.817649
41.000000, 23.000000, 1.030897
42.000000, 23.000000, 1.238801
0.000000, 24.000000, 4.670729
1.000000, 24.000000, 4.736028
2.000000, 24.000000, 4.783998
3.000000, 24.000000, 4.817159
4.000000, 24.000000, 4.841036
5.000000, 24.000000, 4.857028
6.000000, 24.000000, 4.864242
7.000000, 24.000000, 4.860983
8.000000, 24.000000, 4.845395
9.000000, 24.000000, 4.815759
10.000000, 24.000000, 4.770651
11.000000, 24.000000, 4.706520
12.000000, 24.000000, 4.620108
13.000000, 24.000000, 4.513384
14.000000, 24.000000, 4.388625
15.000000, 24.000000, 4.252316
16.000000, 24.000000, 4.100454
17.000000, 24.000000, 3.906413
18.000000, 24.000000, 3.669496
19.000000, 24.000000, 3.423195
20.000000, 24.000000, 3.179044
21.000000, 24.000000, 2.945070
22.000000, 24.000000, 2.726049
23.000000, 24.000000, 2.523594
24.000000, 24.000000, 2.336802
25.000000, 24.000000, 2.163067
26.000000, 24.000000, 1.998762
27.000000, 24.000000, 1.839774
28.000000, 24.000000, 1.681901
29.000000, 24.000000, 1.521214
30.000000, 24.000000, 1.354600
31.000000, 24.000000, 1.194722
32.000000, 24.000000, 1.047216
33.000000, 24.000000, 0.895619
34.000000, 24.000000, 0.750837
35.000000, 24.000000, 0.638184
36.000000, 24.000000, 0.574995
37.000000, 24.000000, 0.573850
38.000000, 24.000000, 0.654871
39.000000, 24.000000, 0.783940
40.000000, 24.000000, 0.942748
41.000000, 24.000000, 1.116016
42.000000, 24.000000, 1.291431
0.000000, 25.000000, 4.717170
1.000000, 25.000000, 4.781762
2.000000, 25.000000, 4.833551
3.000000, 25.000000, 4.872197
4.000000, 25.000000, 4.898902
5.000000, 25.000000, 4.913734
6.000000, 25.000000, 4.915287
7.000000, 25.000000, 4.901381
8.000000, 25.000000, 4.869672
9.000000, 25.000000, 4.818177
10.000000, 25.000000, 4.745693
11.000000, 25.000000, 4.651656
12.000000, 25.000000, 4.533575
13.000000, 25.000000, 4.394669
14.000000, 25.000000, 4.240133
15.000000, 25.000000, 4.093090
16.000000, 25.000000, 3.933236
17.000000, 25.000000, 3.725845
18.000000, 25.000000, 3.504389
19.000000, 25.000000, 3.282623
20.000000, 25.000000, 3.067127
21.000000, 25.000000, 2.862542
22.000000, 25.000000, 2.671275
23.000000, 25.000000, 2.493729
24.000000, 25.000000, 2.328766
25.000000, 25.000000, 2.174199
26.000000, 25.000000, 2.027180
27.000000, 25.000000, 1.884548
28.000000, 25.000000, 1.743145
29.000000, 25.000000, 1.600194
30.000000, 25.000000, 1.453800
31.000000, 25.000000, 1.309366
32.000000, 25.000000, 1.187671
33.000000, 25.000000, 1.074197
34.000000, 25.000000, 0.974748
35.000000, 25.000000, 0.902652
36.000000, 25.000000, 0.865178
37.000000, 25.000000, 0.861816
38.000000, 25.000000, 0.917169
39.000000, 25.000000, 1.011381
40.000000, 25.000000, 1.125085
41.000000, 25.000000, 1.255698
42.000000, 25.000000, 1.392809
0.000000, 26.000000, 4.765055
1.000000, 26.000000, 4.831804
2.000000, 26.000000, 4.887881
3.000000, 26.000000, 4.931695
4.000000, 26.000000, 4.962199
5.000000, 26.000000, 4.977827
6.000000, 26.000000, 4.976147
7.000000, 26.000000, 4.954169
8.000000, 26.000000, 4.908932
9.000000, 26.000000, 4.838127
10.000000, 26.000000, 4.740758
11.000000, 26.000000, 4.617728
12.000000, 26.000000, 4.471384
13.000000, 26.000000, 4.306137
14.000000, 26.000000, 4.133995
15.000000, 26.000000, 3.967817
16.000000, 26.000000, 3.777589
17.000000, 26.000000, 3.565527
18.000000, 26.000000, 3.355529
19.000000, 26.000000, 3.153051
20.000000, 26.000000, 2.961471
21.000000, 26.000000, 2.782640
22.000000, 26.000000, 2.616933
23.000000, 26.000000, 2.463629
24.000000, 26.000000, 2.321260
25.000000, 26.000000, 2.187902
26.000000, 26.000000, 2.061325
27.000000, 26.000000, 1.939145
28.000000, 26.000000, 1.819055
29.000000, 26.000000, 1.699218
30.000000, 26.000000, 1.578858
31.000000, 26.000000, 1.460282
32.000000, 26.000000, 1.362884
33.000000, 26.000000, 1.284260
34.000000, 26.000000, 1.221483
35.000000, 26.000000, 1.180283
36.000000, 26.000000, 1.154761
37.000000, 26.000000, 1.151119
38.000000, 26.000000, 1.188801
39.000000, 26.000000, 1.259257
40.000000, 26.000000, 1.338327
41.000000, 26.000000, 1.429622
42.000000, 26.000000, 1.527698
0.000000, 27.000000, 4.815783
1.000000, 27.000000, 4.886715
2.000000, 27.000000, 4.948376
3.000000, 27.000000, 4.998395
4.000000, 27.000000, 5.034321
5.000000, 27.000000, 5.053096
6.000000, 27.000000, 5.050576
7.000000, 27.000000, 5.021352
8.000000, 27.000000, 4.960525
9.000000, 27.000000, 4.866138
10.000000, 27.000000, 4.739421
11.000000, 27.000000, 4.584108
12.000000, 27.000000, 4.406667
13.000000, 27.000000, 4.215686
14.000000, 27.000000, 4.023402
15.000000, 27.000000, 3.830718
16.000000, 27.000000, 3.612923
17.000000, 27.000000, 3.399722
18.000000, 27.000000, 3.199611
19.000000, 27.000000, 3.015445
20.000000, 27.000000, 2.848116
21.000000, 27.000000, 2.696501
22.000000, 27.000000, 2.558294
23.000000, 27.000000, 2.431061
24.000000, 27.000000, 2.312838
25.000000, 27.000000, 2.202313
26.000000, 27.000000, 2.098398
27.000000, 27.000000, 1.999663
28.000000, 27.000000, 1.904490
29.000000, 27.000000, 1.811616
30.000000, 27.000000, 1.720747
31.000000, 27.000000, 1.633381
32.000000, 27.000000, 1.559793
33.000000, 27.000000, 1.511047
34.000000, 27.000000, 1.479603
35.000000, 27.000000, 1.463093
36.000000, 27.000000, 1.445490
37.000000, 27.000000, 1.442820
38.000000, 27.000000, 1.467146
39.000000, 27.000000, 1.516050
40.000000, 27.000000, 1.568866
41.000000, 27.000000, 1.624352
42.000000, 27.000000, 1.684103
0.000000, 28.000000, 4.869634
1.000000, 28.000000, 4.946523
2.000000, 28.000000, 5.015476
3.000000, 28.000000, 5.073308
4.000000, 28.000000, 5.114671
5.000000, 28.000000, 5.131714
6.000000, 28.000000, 5.120067
7.000000, 28.000000, 5.078084
8.000000, 28.000000, 5.002612
9.000000, 28.000000, 4.890541
10.000000, 28.000000, 4.741389
11.000000, 28.000000, 4.558839
12.000000, 28.000000, 4.351278
13.000000, 28.000000, 4.131368
14.000000, 28.000000, 3.913570
15.000000, 28.000000, 3.684353
16.000000, 28.000000, 3.448519
17.000000, 28.000000, 3.231331
18.000000, 28.000000, 3.037145
19.000000, 28.000000, 2.867931
20.000000, 28.000000, 2.722611
21.000000, 28.000000, 2.597054
22.000000, 28.000000, 2.486392
23.000000, 28.000000, 2.386682
24.000000, 28.000000, 2.295260
25.000000, 28.000000, 2.210900
26.000000, 28.000000, 2.133013
27.000000, 28.000000, 2.060734
28.000000, 28.000000, 1.993237
29.000000, 28.000000, 1.930009
30.000000, 28.000000, 1.870974
31.000000, 28.000000, 1.817094
32.000000, 28.000000, 1.772101
33.000000, 28.000000, 1.748341
34.000000, 28.000000, 1.746015
35.000000, 28.000000, 1.750010
36.000000, 28.000000, 1.741450
37.000000, 28.000000, 1.739427
38.000000, 28.000000, 1.752897
39.000000, 28.000000, 1.781084
40.000000, 28.000000, 1.810935
41.000000, 28.000000, 1.832556
42.000000, 28.000000, 1.854011
0.000000, 29.000000, 4.926229
1.000000, 29.000000, 5.010277
2.000000, 29.000000, 5.084281
3.000000, 29.000000, 5.139245
4.000000, 29.000000, 5.174962
5.000000, 29.000000, 5.191558
6.000000, 29.000000, 5.183635
7.000000, 29.000000, 5.143641
8.000000, 29.000000, 5.064154
9.000000, 29.000000, 4.939772
10.000000, 29.000000, 4.769245
11.000000, 29.000000, 4.557217
12.000000, 29.000000, 4.314749
13.000000, 29.000000, 4.058248
14.000000, 29.000000, 3.802476
15.000000, 29.000000, 3.534692
16.000000, 29.000000, 3.281774
17.000000, 29.000000, 3.057520
18.000000, 29.000000, 2.865926
19.000000, 29.000000, 2.709238
20.000000, 29.000000, 2.585377
21.000000, 29.000000, 2.485862
22.000000, 29.000000, 2.402673
23.000000, 29.000000, 2.330586
24.000000, 29.000000, 2.265629
25.000000, 29.000000, 2.207214
26.000000, 29.000000, 2.156662
27.000000, 29.000000, 2.113595
28.000000, 29.000000, 2.077236
29.000000, 29.000000, 2.046812
30.000000, 29.000000, 2.021894
31.000000, 29.000000, 2.003339
32.000000, 29.000000, 1.993038
33.000000, 29.000000, 1.997605
34.000000, 29.000000, 2.019680
35.000000, 29.000000, 2.039911
36.000000, 29.000000, 2.043407
37.000000, 29.000000, 2.044411
38.000000, 29.000000, 2.049583
39.000000, 29.000000, 2.057945
40.000000, 29.000000, 2.063238
41.000000, 29.000000, 2.051069
42.000000, 29.000000, 2.033416
0.000000, 30.000000, 4.984635
1.000000, 30.000000, 5.058428
2.000000, 30.000000, 5.123703
3.000000, 30.000000, 5.181549
4.000000, 30.000000, 5.228936
5.000000, 30.000000, 5.259367
6.000000, 30.000000, 5.264148
7.000000, 30.000000, 5.232858
8.000000, 30.000000, 5.154672
9.000000, 30.000000, 5.020886
10.000000, 30.000000, 4.828321
11.000000, 30.000000, 4.582272
12.000000, 30.000000, 4.297331
13.000000, 30.000000, 3.995197
14.000000, 30.000000, 3.688281
15.000000, 30.000000, 3.381063
16.000000, 30.000000, 3.107850
17.000000, 30.000000, 2.874028
18.000000, 30.000000, 2.681952
19.000000, 30.000000, 2.534375
20.000000, 30.000000, 2.433229
21.000000, 30.000000, 2.360066
22.000000, 30.000000, 2.303678
23.000000, 30.000000, 2.259226
24.000000, 30.000000, 2.221223
25.000000, 30.000000, 2.189310
26.000000, 30.000000, 2.167352
27.000000, 30.000000, 2.154342
28.000000, 30.000000, 2.149638
29.000000, 30.000000, 2.153142
30.000000, 30.000000, 2.165089
31.000000, 30.000000, 2.185173
32.000000, 30.000000, 2.212941
33.000000, 30.000000, 2.250182
34.000000, 30.000000, 2.299136
35.000000, 30.000000, 2.336105
36.000000, 30.000000, 2.355983
37.000000, 30.000000, 2.365563
38.000000, 30.000000, 2.364304
39.000000, 30.000000, 2.352110
40.000000, 30.000000, 2.327942
41.000000, 30.000000, 2.279346
42.000000, 30.000000, 2.224154
0.000000, 31.000000, 5.003398
1.000000, 31.000000, 5.076936
2.000000, 31.000000, 5.151115
3.000000, 31.000000, 5.222894
4.000000, 31.000000, 5.287570
5.000000, 31.000000, 5.337729
6.000000, 31.000000, 5.362727
7.000000, 31.000000, 5.348644
8.000000, 31.000000, 5.279581
9.000000, 31.000000, 5.141051
10.000000, 31.000000, 4.925656
11.000000, 31.000000, 4.638722
12.000000, 31.000000, 4.300070
13.000000, 31.000000, 3.939429
14.000000, 31.000000, 3.572790
15.000000, 31.000000, 3.223413
16.000000, 31.000000, 2.922872
17.000000, 31.000000, 2.678801
18.000000, 31.000000, 2.487467
19.000000, 31.000000, 2.348220
20.000000, 31.000000, 2.268771
21.000000, 31.000000, 2.219566
22.000000, 31.000000, 2.188103
23.000000, 31.000000, 2.168832
24.000000, 31.000000, 2.158341
25.000000, 31.000000, 2.156592
26.000000, 31.000000, 2.164521
27.000000, 31.000000, 2.182140
28.000000, 31.000000, 2.209533
29.000000, 31.000000, 2.247089
30.000000, 31.000000, 2.295392
31.000000, 31.000000, 2.355004
32.000000, 31.000000, 2.425727
33.000000, 31.000000, 2.504646
34.000000, 31.000000, 2.587608
35.000000, 31.000000, 2.652068
36.000000, 31.000000, 2.695098
37.000000, 31.000000, 2.715138
38.000000, 31.000000, 2.707110
39.000000, 31.000000, 2.670786
40.000000, 31.000000, 2.609576
41.000000, 31.000000, 2.519103
42.000000, 31.000000, 2.427581
0.000000, 32.000000, 5.006799
1.000000, 32.000000, 5.087796
2.000000, 32.000000, 5.173204
3.000000, 32.000000, 5.260887
4.000000, 32.000000, 5.346685
5.000000, 32.000000, 5.422967
6.000000, 32.000000, 5.477486
7.000000, 32.000000, 5.492420
8.000000, 32.000000, 5.444715
9.000000, 32.000000, 5.309928
10.000000, 32.000000, 5.071736
11.000000, 32.000000, 4.733852
12.000000, 32.000000, 4.324668
13.000000, 32.000000, 3.887465
14.000000, 32.000000, 3.453140
15.000000, 32.000000, 3.058837
16.000000, 32.000000, 2.727037
17.000000, 32.000000, 2.469179
18.000000, 32.000000, 2.283877
19.000000, 32.000000, 2.162372
20.000000, 32.000000, 2.096444
21.000000, 32.000000, 2.067603
22.000000, 32.000000, 2.060993
23.000000, 32.000000, 2.068546
24.000000, 32.000000, 2.086330
25.000000, 32.000000, 2.113319
26.000000, 32.000000, 2.149894
27.000000, 32.000000, 2.196930
28.000000, 32.000000, 2.255496
29.000000, 32.000000, 2.326539
30.000000, 32.000000, 2.410697
31.000000, 32.000000, 2.508496
32.000000, 32.000000, 2.620055
33.000000, 32.000000, 2.744271
34.000000, 32.000000, 2.872074
35.000000, 32.000000, 2.975870
36.000000, 32.000000, 3.052482
37.000000, 32.000000, 3.088319
38.000000, 32.000000, 3.072538
39.000000, 32.000000, 3.005406
40.000000, 32.000000, 2.897443
41.000000, 32.000000, 2.764016
42.000000, 32.000000, 2.625060
0.000000, 33.000000, 5.002207
1.000000, 33.000000, 5.089447
2.000000, 33.000000, 5.185372
3.000000, 33.000000, 5.289536
4.000000, 33.000000, 5.399269
5.000000, 33.000000, 5.507720
6.000000, 33.000000, 5.602257
7.000000, 33.000000, 5.661973
8.000000, 33.000000, 5.655018
9.000000, 33.000000, 5.540370
10.000000, 33.000000, 5.282519
11.000000, 33.000000, 4.878618
12.000000, 33.000000, 4.372767
13.000000, 33.000000, 3.834574
14.000000, 33.000000, 3.321940
15.000000, 33.000000, 2.877175
16.000000, 33.000000, 2.517198
17.000000, 33.000000, 2.245581
18.000000, 33.000000, 2.062833
19.000000, 33.000000, 1.958508
20.000000, 33.000000, 1.912494
21.000000, 33.000000, 1.906961
22.000000, 33.000000, 1.927049
23.000000, 33.000000, 1.962906
24.000000, 33.000000, 2.009041
25.000000, 33.000000, 2.063151
26.000000, 33.000000, 2.125200
27.000000, 33.000000, 2.196303
28.000000, 33.000000, 2.278394
29.000000, 33.000000, 2.375120
30.000000, 33.000000, 2.490077
31.000000, 33.000000, 2.625604
32.000000, 33.000000, 2.782641
33.000000, 33.000000, 2.959659
34.000000, 33.000000, 3.145521
35.000000, 33.000000, 3.311554
36.000000, 33.000000, 3.444431
37.000000, 33.000000, 3.509863
38.000000, 33.000000, 3.484390
39.000000, 33.000000, 3.370350
40.000000, 33.000000, 3.196819
41.000000, 33.000000, 3.004530
42.000000, 33.000000, 2.792876
0.000000, 34.000000, 4.987653
1.000000, 34.000000, 5.078474
2.000000, 34.000000, 5.182177
3.000000, 34.000000, 5.301092
4.000000, 34.000000, 5.435248
5.000000, 34.000000, 5.579685
6.000000, 34.000000, 5.723557
7.000000, 34.000000, 5.846502
8.000000, 34.000000, 5.909837
9.000000, 34.000000, 5.847906
10.000000, 34.000000, 5.582869
11.000000, 34.000000, 5.088983
12.000000, 34.000000, 4.443412
13.000000, 34.000000, 3.771400
14.000000, 34.000000, 3.167106
15.000000, 34.000000, 2.668139
16.000000, 34.000000, 2.282337
17.000000, 34.000000, 2.005531
18.000000, 34.000000, 1.828046
19.000000, 34.000000, 1.738316
20.000000, 34.000000, 1.717471
21.000000, 34.000000, 1.740004
22.000000, 34.000000, 1.789195
23.000000, 34.000000, 1.854279
24.000000, 34.000000, 1.927697
25.000000, 34.000000, 2.002411
26.000000, 34.000000, 2.077410
27.000000, 34.000000, 2.162461
28.000000, 34.000000, 2.265682
29.000000, 34.000000, 2.390600
30.000000, 34.000000, 2.540028
31.000000, 34.000000, 2.717118
32.000000, 34.000000, 2.924858
33.000000, 34.000000, 3.164298
34.000000, 34.000000, 3.424255
35.000000, 34.000000, 3.676585
36.000000, 34.000000, 3.901212
37.000000, 34.000000, 4.025757
38.000000, 34.000000, 3.987822
39.000000, 34.000000, 3.798483
40.000000, 34.000000, 3.533855
41.000000, 34.000000, 3.245730
42.000000, 34.000000, 2.944430
0.000000, 35.000000, 4.962084
1.000000, 35.000000, 5.052387
2.000000, 35.000000, 5.158381
3.000000, 35.000000, 5.286836
4.000000, 35.000000, 5.442369
5.000000, 35.000000, 5.621420
6.000000, 35.000000, 5.817163
7.000000, 35.000000, 6.017461
8.000000, 35.000000, 6.188910
9.000000, 35.000000, 6.243215
10.000000, 35.000000, 6.012091
11.000000, 35.000000, 5.385201
12.000000, 35.000000, 4.524068
13.000000, 35.000000, 3.677413
14.000000, 35.000000, 2.972167
15.000000, 35.000000, 2.422046
16.000000, 35.000000, 2.016294
17.000000, 35.000000, 1.741052
18.000000, 35.000000, 1.580396
19.000000, 35.000000, 1.513431
20.000000, 35.000000, 1.517483
21.000000, 35.000000, 1.570407
22.000000, 35.000000, 1.648629
23.000000, 35.000000, 1.734716
24.000000, 35.000000, 1.823207
25.000000, 35.000000, 1.916982
26.000000, 35.000000, 2.007489
27.000000, 35.000000, 2.108323
28.000000, 35.000000, 2.232784
29.000000, 35.000000, 2.383531
30.000000, 35.000000, 2.564120
31.000000, 35.000000, 2.779819
32.000000, 35.000000, 3.037256
33.000000, 35.000000, 3.343229
34.000000, 35.000000, 3.693537
35.000000, 35.000000, 4.069349
36.000000, 35.000000, 4.442196
37.000000, 35.000000, 4.684040
38.000000, 35.000000, 4.628564
39.000000, 35.000000, 4.306491
40.000000, 35.000000, 3.888876
41.000000, 35.000000, 3.470213
42.000000, 35.000000, 3.072070
0.000000, 36.000000, 4.926138
1.000000, 36.000000, 5.011384
2.000000, 36.000000, 5.111423
3.000000, 36.000000, 5.238999
4.000000, 36.000000, 5.409811
5.000000, 36.000000, 5.613548
6.000000, 36.000000, 5.848134
7.000000, 36.000000, 6.117876
8.000000, 36.000000, 6.418220
9.000000, 36.000000, 6.687814
10.000000, 36.000000, 6.619962
11.000000, 36.000000, 5.768378
12.000000, 36.000000, 4.561768
13.000000, 36.000000, 3.513759
14.000000, 36.000000, 2.718996
15.000000, 36.000000, 2.133363
16.000000, 36.000000, 1.717353
17.000000, 36.000000, 1.451624
18.000000, 36.000000, 1.317759
19.000000, 36.000000, 1.286478
20.000000, 36.000000, 1.324619
21.000000, 36.000000, 1.399784
22.000000, 36.000000, 1.489328
23.000000, 36.000000, 1.588982
24.000000, 36.000000, 1.696503
25.000000, 36.000000, 1.808899
26.000000, 36.000000, 1.917578
27.000000, 36.000000, 2.036213
28.000000, 36.000000, 2.179941
29.000000, 36.000000, 2.352597
30.000000, 36.000000, 2.558720
31.000000, 36.000000, 2.805941
32.000000, 36.000000, 3.105081
33.000000, 36.000000, 3.470569
34.000000, 36.000000, 3.912417
35.000000, 36.000000, 4.440269
36.000000, 36.000000, 5.057900
37.000000, 36.000000, 5.551180
38.000000, 36.000000, 5.455484
39.000000, 36.000000, 4.858060
40.000000, 36.000000, 4.208277
41.000000, 36.000000, 3.649458
42.000000, 36.000000, 3.176480
0.000000, 37.000000, 4.882067
1.000000, 37.000000, 4.959927
2.000000, 37.000000, 5.049421
3.000000, 37.000000, 5.162622
4.000000, 37.000000, 5.337743
5.000000, 37.000000, 5.542437
6.000000, 37.000000, 5.781451
7.000000, 37.000000, 6.070629
8.000000, 37.000000, 6.434587
9.000000, 37.000000, 6.896815
10.000000, 37.000000, 6.045087
11.000000, 37.000000, 5.830911
12.000000, 37.000000, 4.410780
13.000000, 37.000000, 3.233000
14.000000, 37.000000, 2.397012
15.000000, 37.000000, 1.804812
16.000000, 37.000000, 1.387305
17.000000, 37.000000, 1.140190
18.000000, 37.000000, 1.046577
19.000000, 37.000000, 1.061270
20.000000, 37.000000, 1.128004
21.000000, 37.000000, 1.217755
22.000000, 37.000000, 1.323264
23.000000, 37.000000, 1.438492
24.000000, 37.000000, 1.558662
25.000000, 37.000000, 1.680589
26.000000, 37.000000, 1.805423
27.000000, 37.000000, 1.943575
28.000000, 37.000000, 2.106082
29.000000, 37.000000, 2.297351
30.000000, 37.000000, 2.521933
31.000000, 37.000000, 2.789589
32.000000, 37.000000, 3.114342
33.000000, 37.000000, 3.516068
34.000000, 37.000000, 4.017565
35.000000, 37.000000, 4.661146
36.000000, 37.000000, 5.534735
37.000000, 37.000000, 5.209866
38.000000, 37.000000, 5.630731
39.000000, 37.000000, 5.248705
40.000000, 37.000000, 4.392229
41.000000, 37.000000, 3.747968
42.000000, 37.000000, 3.223931
0.000000, 38.000000, 4.831999
1.000000, 38.000000, 4.902241
2.000000, 38.000000, 4.984971
3.000000, 38.000000, 5.091722
4.000000, 38.000000, 5.234725
5.000000, 38.000000, 5.406267
6.000000, 38.000000, 5.604340
7.000000, 38.000000, 5.834994
8.000000, 38.000000, 6.104063
9.000000, 38.000000, 6.385934
10.000000, 38.000000, 6.208571
11.000000, 38.000000, 5.297878
12.000000, 38.000000, 3.944194
13.000000, 38.000000, 2.835998
14.000000, 38.000000, 2.024030
15.000000, 38.000000, 1.434977
16.000000, 38.000000, 1.029131
17.000000, 38.000000, 0.814224
18.000000, 38.000000, 0.776149
19.000000, 38.000000, 0.835151
20.000000, 38.000000, 0.933975
21.000000, 38.000000, 1.048231
22.000000, 38.000000, 1.167934
23.000000, 38.000000, 1.290325
24.000000, 38.000000, 1.415232
25.000000, 38.000000, 1.543263
26.000000, 38.000000, 1.677738
27.000000, 38.000000, 1.829533
28.000000, 38.000000, 2.010087
29.000000, 38.000000, 2.219064
30.000000, 38.000000, 2.455034
31.000000, 38.000000, 2.729608
32.000000, 38.000000, 3.058190
33.000000, 38.000000, 3.460666
34.000000, 38.000000, 3.958960
35.000000, 38.000000, 4.587494
36.000000, 38.000000, 5.410653
37.000000, 38.000000, 5.602081
38.000000, 38.000000, 5.729105
39.000000, 38.000000, 5.132584
40.000000, 38.000000, 4.336133
41.000000, 38.000000, 3.713023
42.000000, 38.000000, 3.192044
0.000000, 39.000000, 4.776567
1.000000, 39.000000, 4.837124
2.000000, 39.000000, 4.907829
3.000000, 39.000000, 4.993832
4.000000, 39.000000, 5.097948
5.000000, 39.000000, 5.215998
6.000000, 39.000000, 5.340714
7.000000, 39.000000, 5.460704
8.000000, 39.000000, 5.546555
9.000000, 39.000000, 5.513583
10.000000, 39.000000, 5.167299
11.000000, 39.000000, 4.362677
12.000000, 39.000000, 3.344757
13.000000, 39.000000, 2.410485
14.000000, 39.000000, 1.662079
15.000000, 39.000000, 1.084681
16.000000, 39.000000, 0.675277
17.000000, 39.000000, 0.487836
18.000000, 39.000000, 0.519073
19.000000, 39.000000, 0.640371
20.000000, 39.000000, 0.775629
21.000000, 39.000000, 0.906072
22.000000, 39.000000, 1.030339
23.000000, 39.000000, 1.151054
24.000000, 39.000000, 1.271570
25.000000, 39.000000, 1.395975
26.000000, 39.000000, 1.530686
27.000000, 39.000000, 1.687116
28.000000, 39.000000, 1.887000
29.000000, 39.000000, 2.121315
30.000000, 39.000000, 2.364020
31.000000, 39.000000, 2.629242
32.000000, 39.000000, 2.939949
33.000000, 39.000000, 3.310734
34.000000, 39.000000, 3.748619
35.000000, 39.000000, 4.244483
36.000000, 39.000000, 4.788443
37.000000, 39.000000, 5.196204
38.000000, 39.000000, 5.111541
39.000000, 39.000000, 4.611494
40.000000, 39.000000, 4.049984
41.000000, 39.000000, 3.547817
42.000000, 39.000000, 3.086900
0.000000, 40.000000, 4.716334
1.000000, 40.000000, 4.763603
2.000000, 40.000000, 4.816436
3.000000, 40.000000, 4.874352
4.000000, 40.000000, 4.935861
5.000000, 40.000000, 4.994363
6.000000, 40.000000, 5.037693
7.000000, 40.000000, 5.044856
8.000000, 40.000000, 4.976820
9.000000, 40.000000, 4.762838
10.000000, 40.000000, 4.317510
11.000000, 40.000000, 3.637244
12.000000, 40.000000, 2.837748
13.000000, 40.000000, 2.058470
14.000000, 40.000000, 1.383128
15.000000, 40.000000, 0.825843
16.000000, 40.000000, 0.394985
17.000000, 40.000000, 0.204003
18.000000, 40.000000, 0.342963
19.000000, 40.000000, 0.518396
20.000000, 40.000000, 0.669049
21.000000, 40.000000, 0.798964
22.000000, 40.000000, 0.915727
23.000000, 40.000000, 1.026019
24.000000, 40.000000, 1.135551
25.000000, 40.000000, 1.249999
26.000000, 40.000000, 1.376121
27.000000, 40.000000, 1.523131
28.000000, 40.000000, 1.733619
29.000000, 40.000000, 2.003710
30.000000, 40.000000, 2.259436
31.000000, 40.000000, 2.493028
32.000000, 40.000000, 2.770119
33.000000, 40.000000, 3.090143
34.000000, 40.000000, 3.438069
35.000000, 40.000000, 3.795032
36.000000, 40.000000, 4.133246
37.000000, 40.000000, 4.340835
38.000000, 40.000000, 4.297295
39.000000, 40.000000, 4.034559
40.000000, 40.000000, 3.675600
41.000000, 40.000000, 3.303884
42.000000, 40.000000, 2.929151
0.000000, 41.000000, 4.613338
1.000000, 41.000000, 4.670838
2.000000, 41.000000, 4.715062
3.000000, 41.000000, 4.745047
4.000000, 41.000000, 4.764899
5.000000, 41.000000, 4.767671
6.000000, 41.000000, 4.739300
7.000000, 41.000000, 4.658439
8.000000, 41.000000, 4.494494
9.000000, 41.000000, 4.206195
10.000000, 41.000000, 3.741605
11.000000, 41.000000, 3.144186
12.000000, 41.000000, 2.482007
13.000000, 41.000000, 1.828383
14.000000, 41.000000, 1.233371
15.000000, 41.000000, 0.736306
16.000000, 41.000000, 0.362228
17.000000, 41.000000, 0.209355
18.000000, 41.000000, 0.334639
19.000000, 41.000000, 0.487903
20.000000, 41.000000, 0.617413
21.000000, 41.000000, 0.727035
22.000000, 41.000000, 0.824539
23.000000, 41.000000, 0.917050
24.000000, 41.000000, 1.010988
25.000000, 41.000000, 1.113604
26.000000, 41.000000, 1.234481
27.000000, 41.000000, 1.387037
28.000000, 41.000000, 1.592370
29.000000, 41.000000, 1.840035
30.000000, 41.000000, 2.067799
31.000000, 41.000000, 2.283743
32.000000, 41.000000, 2.534762
33.000000, 41.000000, 2.801890
34.000000, 41.000000, 3.084125
35.000000, 41.000000, 3.351146
36.000000, 41.000000, 3.577010
37.000000, 41.000000, 3.695553
38.000000, 41.000000, 3.675505
39.000000, 41.000000, 3.530815
40.000000, 41.000000, 3.304492
41.000000, 41.000000, 3.036991
42.000000, 41.000000, 2.742635
0.000000, 42.000000, 4.515457
1.000000, 42.000000, 4.556935
2.000000, 42.000000, 4.590506
3.000000, 42.000000, 4.608789
4.000000, 42.000000, 4.599514
5.000000, 42.000000, 4.557231
6.000000, 42.000000, 4.473826
7.000000, 42.000000, 4.332472
8.000000, 42.000000, 4.111689
9.000000, 42.000000, 3.787637
10.000000, 42.000000, 3.347834
11.000000, 42.000000, 2.822892
12.000000, 42.000000, 2.263447
13.000000, 42.000000, 1.719397
14.000000, 42.000000, 1.216610
15.000000, 42.000000, 0.808984
16.000000, 42.000000, 0.527520
17.000000, 42.000000, 0.412438
18.000000, 42.000000, 0.442472
19.000000, 42.000000, 0.523528
20.000000, 42.000000, 0.606501
21.000000, 42.000000, 0.681902
22.000000, 42.000000, 0.752217
23.000000, 42.000000, 0.822530
24.000000, 42.000000, 0.898218
25.000000, 42.000000, 0.987054
26.000000, 42.000000, 1.103461
27.000000, 42.000000, 1.252447
28.000000, 42.000000, 1.434820
29.000000, 42.000000, 1.633044
30.000000, 42.000000, 1.817689
31.000000, 42.000000, 2.026482
32.000000, 42.000000, 2.255414
33.000000, 42.000000, 2.491688
34.000000, 42.000000, 2.729386
35.000000, 42.000000, 2.940444
36.000000, 42.000000, 3.097848
37.000000, 42.000000, 3.177739
38.000000, 42.000000, 3.178016
39.000000, 42.000000, 3.099706
40.000000, 42.000000, 2.959459
41.000000, 42.000000, 2.770505
42.000000, 42.000000, 2.545069
