S
I=43,J=43
0.000000, 0.000000, 2.296919
1.000000, 0.000000, 2.295753
2.000000, 0.000000, 2.290166
3.000000, 0.000000, 2.279413
4.000000, 0.000000, 2.262685
5.000000, 0.000000, 2.239124
6.000000, 0.000000, 2.207858
7.000000, 0.000000, 2.168048
8.000000, 0.000000, 2.118976
9.000000, 0.000000, 2.060170
10.000000, 0.000000, 1.990748
11.000000, 0.000000, 1.912459
12.000000, 0.000000, 1.825441
13.000000, 0.000000, 1.730331
14.000000, 0.000000, 1.628515
15.000000, 0.000000, 1.522475
16.000000, 0.000000, 1.416120
17.000000, 0.000000, 1.314582
18.000000, 0.000000, 1.222671
19.000000, 0.000000, 1.142983
20.000000, 0.000000, 1.076537
21.000000, 0.000000, 1.024840
22.000000, 0.000000, 0.990556
23.000000, 0.000000, 0.976817
24.000000, 0.000000, 0.986059
25.000000, 0.000000, 1.018854
26.000000, 0.000000, 1.071278
27.000000, 0.000000, 1.125364
28.000000, 0.000000, 1.190658
29.000000, 0.000000, 1.266376
30.000000, 0.000000, 1.348901
31.000000, 0.000000, 1.435409
32.000000, 0.000000, 1.524457
33.000000, 0.000000, 1.621333
34.000000, 0.000000, 1.740039
35.000000, 0.000000, 1.863377
36.000000, 0.000000, 1.978024
37.000000, 0.000000, 2.080846
38.000000, 0.000000, 2.169524
39.000000, 0.000000, 2.242754
40.000000, 0.000000, 2.300056
41.000000, 0.000000, 2.358088
42.000000, 0.000000, 2.392386
0.000000, 1.000000, 2.380059
1.000000, 1.000000, 2.382039
2.000000, 1.000000, 2.379258
3.000000, 1.000000, 2.370993
4.000000, 1.000000, 2.356300
5.000000, 1.000000, 2.334152
6.000000, 1.000000, 2.303452
7.000000, 1.000000, 2.263089
8.000000, 1.000000, 2.212018
9.000000, 1.000000, 2.149798
10.000000, 1.000000, 2.077123
11.000000, 1.000000, 1.993817
12.000000, 1.000000, 1.899651
13.000000, 1.000000, 1.794844
14.000000, 1.000000, 1.680350
15.000000, 1.000000, 1.558381
16.000000, 1.000000, 1.433322
17.000000, 1.000000, 1.312681
18.000000, 1.000000, 1.204607
19.000000, 1.000000, 1.111374
20.000000, 1.000000, 1.031654
21.000000, 1.000000, 0.966745
22.000000, 1.000000, 0.920803
23.000000, 1.000000, 0.899010
24.000000, 1.000000, 0.905544
25.000000, 1.000000, 0.941328
26.000000, 1.000000, 1.000947
27.000000, 1.000000, 1.073598
28.000000, 1.000000, 1.158575
29.000000, 1.000000, 1.254021
30.000000, 1.000000, 1.356160
31.000000, 1.000000, 1.462147
32.000000, 1.000000, 1.570898
33.000000, 1.000000, 1.694216
34.000000, 1.000000, 1.841436
35.000000, 1.000000, 1.985551
36.000000, 1.000000, 2.119010
37.000000, 1.000000, 2.237517
38.000000, 1.000000, 2.337877
39.000000, 1.000000, 2.418662
40.000000, 1.000000, 2.480154
41.000000, 1.000000, 2.528658
42.000000, 1.000000, 2.563971
0.000000, 2.000000, 2.469504
1.000000, 2.000000, 2.475040
2.000000, 2.000000, 2.475636
3.000000, 2.000000, 2.470493
4.000000, 2.000000, 2.458532
5.000000, 2.000000, 2.438542
6.000000, 2.000000, 2.409198
7.000000, 2.000000, 2.369085
8.000000, 2.000000, 2.316846
9.000000, 2.000000, 2.253032
10.000000, 2.000000, 2.178066
11.000000, 2.000000, 2.090695
12.000000, 2.000000, 1.990255
13.000000, 2.000000, 1.876420
14.000000, 2.000000, 1.749436
15.000000, 2.000000, 1.610584
16.000000, 2.000000, 1.463400
17.000000, 2.000000, 1.317612
18.000000, 2.000000, 1.191342
19.000000, 2.000000, 1.084223
20.000000, 2.000000, 0.987925
21.000000, 2.000000, 0.904831
22.000000, 2.000000, 0.841898
23.000000, 2.000000, 0.807458
24.000000, 2.000000, 0.808615
25.000000, 2.000000, 0.847512
26.000000, 2.000000, 0.918915
27.000000, 2.000000, 1.013375
28.000000, 2.000000, 1.123253
29.000000, 2.000000, 1.243041
30.000000, 2.000000, 1.368699
31.000000, 2.000000, 1.498119
32.000000, 2.000000, 1.632812
33.000000, 2.000000, 1.792191
34.000000, 2.000000, 1.964573
35.000000, 2.000000, 2.132274
36.000000, 2.000000, 2.287961
37.000000, 2.000000, 2.425065
38.000000, 2.000000, 2.538415
39.000000, 2.000000, 2.626114
40.000000, 2.000000, 2.690135
41.000000, 2.000000, 2.732167
42.000000, 2.000000, 2.759824
0.000000, 3.000000, 2.565621
1.000000, 3.000000, 2.575265
2.000000, 3.000000, 2.579855
3.000000, 3.000000, 2.578525
4.000000, 3.000000, 2.570063
5.000000, 3.000000, 2.553087
6.000000, 3.000000, 2.526030
7.000000, 3.000000, 2.487163
8.000000, 3.000000, 2.435018
9.000000, 3.000000, 2.371479
10.000000, 3.000000, 2.295547
11.000000, 3.000000, 2.205497
12.000000, 3.000000, 2.100260
13.000000, 3.000000, 1.979001
14.000000, 3.000000, 1.841240
15.000000, 3.000000, 1.687147
16.000000, 3.000000, 1.518173
17.000000, 3.000000, 1.339731
18.000000, 3.000000, 1.194585
19.000000, 3.000000, 1.071284
20.000000, 3.000000, 0.951614
21.000000, 3.000000, 0.843225
22.000000, 3.000000, 0.756333
23.000000, 3.000000, 0.703366
24.000000, 3.000000, 0.696711
25.000000, 3.000000, 0.741727
26.000000, 3.000000, 0.831576
27.000000, 3.000000, 0.952208
28.000000, 3.000000, 1.090602
29.000000, 3.000000, 1.237895
30.000000, 3.000000, 1.389373
31.000000, 3.000000, 1.543915
32.000000, 3.000000, 1.711408
33.000000, 3.000000, 1.908313
34.000000, 3.000000, 2.109975
35.000000, 3.000000, 2.307029
36.000000, 3.000000, 2.490804
37.000000, 3.000000, 2.651623
38.000000, 3.000000, 2.780643
39.000000, 3.000000, 2.873416
40.000000, 3.000000, 2.937796
41.000000, 3.000000, 2.975045
42.000000, 3.000000, 2.985287
0.000000, 4.000000, 2.668797
1.000000, 4.000000, 2.683133
2.000000, 4.000000, 2.692370
3.000000, 4.000000, 2.695593
4.000000, 4.000000, 2.691480
5.000000, 4.000000, 2.678481
6.000000, 4.000000, 2.654794
7.000000, 4.000000, 2.618373
8.000000, 4.000000, 2.568039
9.000000, 4.000000, 2.506494
10.000000, 4.000000, 2.431149
11.000000, 4.000000, 2.340110
12.000000, 4.000000, 2.231989
13.000000, 4.000000, 2.105595
14.000000, 4.000000, 1.959999
15.000000, 4.000000, 1.794877
16.000000, 4.000000, 1.611845
17.000000, 4.000000, 1.419674
18.000000, 4.000000, 1.243429
19.000000, 4.000000, 1.082703
20.000000, 4.000000, 0.928389
21.000000, 4.000000, 0.786296
22.000000, 4.000000, 0.667181
23.000000, 4.000000, 0.587587
24.000000, 4.000000, 0.569499
25.000000, 4.000000, 0.625280
26.000000, 4.000000, 0.742130
27.000000, 4.000000, 0.895589
28.000000, 4.000000, 1.066530
29.000000, 4.000000, 1.243383
30.000000, 4.000000, 1.421135
31.000000, 4.000000, 1.601578
32.000000, 4.000000, 1.809530
33.000000, 4.000000, 2.041509
34.000000, 4.000000, 2.278299
35.000000, 4.000000, 2.512672
36.000000, 4.000000, 2.733568
37.000000, 4.000000, 2.926785
38.000000, 4.000000, 3.078053
39.000000, 4.000000, 3.178331
40.000000, 4.000000, 3.238141
41.000000, 4.000000, 3.260979
42.000000, 4.000000, 3.246378
0.000000, 5.000000, 2.779452
1.000000, 5.000000, 2.799079
2.000000, 5.000000, 2.813643
3.000000, 5.000000, 2.822201
4.000000, 5.000000, 2.823344
5.000000, 5.000000, 2.815378
6.000000, 5.000000, 2.796283
7.000000, 5.000000, 2.763705
8.000000, 5.000000, 2.717161
9.000000, 5.000000, 2.659251
10.000000, 5.000000, 2.586216
11.000000, 5.000000, 2.496020
12.000000, 5.000000, 2.387040
13.000000, 5.000000, 2.257926
14.000000, 5.000000, 2.107553
15.000000, 5.000000, 1.935146
16.000000, 5.000000, 1.741642
17.000000, 5.000000, 1.533522
18.000000, 5.000000, 1.323128
19.000000, 5.000000, 1.118067
20.000000, 5.000000, 0.921669
21.000000, 5.000000, 0.739644
22.000000, 5.000000, 0.580655
23.000000, 5.000000, 0.463074
24.000000, 5.000000, 0.426593
25.000000, 5.000000, 0.501953
26.000000, 5.000000, 0.658146
27.000000, 5.000000, 0.851264
28.000000, 5.000000, 1.057932
29.000000, 5.000000, 1.265020
30.000000, 5.000000, 1.466940
31.000000, 5.000000, 1.675027
32.000000, 5.000000, 1.923180
33.000000, 5.000000, 2.190799
34.000000, 5.000000, 2.469247
35.000000, 5.000000, 2.751270
36.000000, 5.000000, 3.022455
37.000000, 5.000000, 3.261378
38.000000, 5.000000, 3.444660
39.000000, 5.000000, 3.557599
40.000000, 5.000000, 3.602899
41.000000, 5.000000, 3.592408
42.000000, 5.000000, 3.540188
0.000000, 6.000000, 2.898054
1.000000, 6.000000, 2.923585
2.000000, 6.000000, 2.944158
3.000000, 6.000000, 2.958848
4.000000, 6.000000, 2.966187
5.000000, 6.000000, 2.964345
6.000000, 6.000000, 2.951070
7.000000, 6.000000, 2.923698
8.000000, 6.000000, 2.882805
9.000000, 6.000000, 2.829921
10.000000, 6.000000, 2.760893
11.000000, 6.000000, 2.673471
12.000000, 6.000000, 2.565749
13.000000, 6.000000, 2.436110
14.000000, 6.000000, 2.283553
15.000000, 6.000000, 2.106610
16.000000, 6.000000, 1.902545
17.000000, 6.000000, 1.671566
18.000000, 6.000000, 1.424286
19.000000, 6.000000, 1.174942
20.000000, 6.000000, 0.934501
21.000000, 6.000000, 0.711609
22.000000, 6.000000, 0.510284
23.000000, 6.000000, 0.341177
24.000000, 6.000000, 0.270616
25.000000, 6.000000, 0.385943
26.000000, 6.000000, 0.595204
27.000000, 6.000000, 0.829313
28.000000, 6.000000, 1.070944
29.000000, 6.000000, 1.307877
30.000000, 6.000000, 1.527239
31.000000, 6.000000, 1.764705
32.000000, 6.000000, 2.046844
33.000000, 6.000000, 2.351971
34.000000, 6.000000, 2.678977
35.000000, 6.000000, 3.021804
36.000000, 6.000000, 3.362634
37.000000, 6.000000, 3.668160
38.000000, 6.000000, 3.895644
39.000000, 6.000000, 4.014844
40.000000, 6.000000, 4.028255
41.000000, 6.000000, 3.964335
42.000000, 6.000000, 3.855998
0.000000, 7.000000, 3.025152
1.000000, 7.000000, 3.057109
2.000000, 7.000000, 3.083798
3.000000, 7.000000, 3.103281
4.000000, 7.000000, 3.113083
5.000000, 7.000000, 3.111748
6.000000, 7.000000, 3.098798
7.000000, 7.000000, 3.072252
8.000000, 7.000000, 3.034981
9.000000, 7.000000, 2.987425
10.000000, 7.000000, 2.924654
11.000000, 7.000000, 2.843642
12.000000, 7.000000, 2.741801
13.000000, 7.000000, 2.617298
14.000000, 7.000000, 2.469432
15.000000, 7.000000, 2.296558
16.000000, 7.000000, 2.091038
17.000000, 7.000000, 1.836568
18.000000, 7.000000, 1.549775
19.000000, 7.000000, 1.256460
20.000000, 7.000000, 0.971859
21.000000, 7.000000, 0.713946
22.000000, 7.000000, 0.481027
23.000000, 7.000000, 0.263337
24.000000, 7.000000, 0.138822
25.000000, 7.000000, 0.323932
26.000000, 7.000000, 0.578702
27.000000, 7.000000, 0.839682
28.000000, 7.000000, 1.102926
29.000000, 7.000000, 1.361627
30.000000, 7.000000, 1.594234
31.000000, 7.000000, 1.862219
32.000000, 7.000000, 2.172821
33.000000, 7.000000, 2.515710
34.000000, 7.000000, 2.896750
35.000000, 7.000000, 3.315439
36.000000, 7.000000, 3.754381
37.000000, 7.000000, 4.163604
38.000000, 7.000000, 4.458529
39.000000, 7.000000, 4.571317
40.000000, 7.000000, 4.516195
41.000000, 7.000000, 4.363418
42.000000, 7.000000, 4.174882
0.000000, 8.000000, 3.161408
1.000000, 8.000000, 3.183778
2.000000, 8.000000, 3.201400
3.000000, 8.000000, 3.212921
4.000000, 8.000000, 3.219502
5.000000, 8.000000, 3.220167
6.000000, 8.000000, 3.212790
7.000000, 8.000000, 3.194602
8.000000, 8.000000, 3.167811
9.000000, 8.000000, 3.131711
10.000000, 8.000000, 3.080303
11.000000, 8.000000, 3.009218
12.000000, 8.000000, 2.914764
13.000000, 8.000000, 2.795035
14.000000, 8.000000, 2.649657
15.000000, 8.000000, 2.479033
16.000000, 8.000000, 2.281249
17.000000, 8.000000, 2.003926
18.000000, 8.000000, 1.687061
19.000000, 8.000000, 1.364763
20.000000, 8.000000, 1.044295
21.000000, 8.000000, 0.764461
22.000000, 8.000000, 0.521619
23.000000, 8.000000, 0.306474
24.000000, 8.000000, 0.215172
25.000000, 8.000000, 0.378775
26.000000, 8.000000, 0.626619
27.000000, 8.000000, 0.887123
28.000000, 8.000000, 1.150080
29.000000, 8.000000, 1.408108
30.000000, 8.000000, 1.661986
31.000000, 8.000000, 1.957429
32.000000, 8.000000, 2.290228
33.000000, 8.000000, 2.666090
34.000000, 8.000000, 3.100490
35.000000, 8.000000, 3.606002
36.000000, 8.000000, 4.179357
37.000000, 8.000000, 4.761871
38.000000, 8.000000, 5.179935
39.000000, 8.000000, 5.252064
40.000000, 8.000000, 5.049930
41.000000, 8.000000, 4.754503
42.000000, 8.000000, 4.462111
0.000000, 9.000000, 3.246778
1.000000, 9.000000, 3.267022
2.000000, 9.000000, 3.285964
3.000000, 9.000000, 3.302912
4.000000, 9.000000, 3.316879
5.000000, 9.000000, 3.326358
6.000000, 9.000000, 3.329164
7.000000, 9.000000, 3.322576
8.000000, 9.000000, 3.309430
9.000000, 9.000000, 3.288248
10.000000, 9.000000, 3.252351
11.000000, 9.000000, 3.195318
12.000000, 9.000000, 3.110951
13.000000, 9.000000, 2.996822
14.000000, 9.000000, 2.852044
15.000000, 9.000000, 2.674129
16.000000, 9.000000, 2.454267
17.000000, 9.000000, 2.172220
18.000000, 9.000000, 1.847914
19.000000, 9.000000, 1.512121
20.000000, 9.000000, 1.184358
21.000000, 9.000000, 0.891747
22.000000, 9.000000, 0.642737
23.000000, 9.000000, 0.453048
24.000000, 9.000000, 0.396328
25.000000, 9.000000, 0.513263
26.000000, 9.000000, 0.723913
27.000000, 9.000000, 0.965976
28.000000, 9.000000, 1.218113
29.000000, 9.000000, 1.471903
30.000000, 9.000000, 1.735079
31.000000, 9.000000, 2.042536
32.000000, 9.000000, 2.385146
33.000000, 9.000000, 2.780526
34.000000, 9.000000, 3.254101
35.000000, 9.000000, 3.836984
36.000000, 9.000000, 4.563048
37.000000, 9.000000, 5.425412
38.000000, 9.000000, 6.098230
39.000000, 9.000000, 6.036757
40.000000, 9.000000, 5.541622
41.000000, 9.000000, 5.059006
42.000000, 9.000000, 4.662633
0.000000, 10.000000, 3.320637
1.000000, 10.000000, 3.345582
2.000000, 10.000000, 3.370010
3.000000, 10.000000, 3.393550
4.000000, 10.000000, 3.415522
5.000000, 10.000000, 3.434663
6.000000, 10.000000, 3.448954
7.000000, 10.000000, 3.455814
8.000000, 10.000000, 3.458436
9.000000, 10.000000, 3.455362
10.000000, 10.000000, 3.440051
11.000000, 10.000000, 3.403699
12.000000, 10.000000, 3.333354
13.000000, 10.000000, 3.228395
14.000000, 10.000000, 3.087994
15.000000, 10.000000, 2.905545
16.000000, 10.000000, 2.672799
17.000000, 10.000000, 2.386612
18.000000, 10.000000, 2.060851
19.000000, 10.000000, 1.719968
20.000000, 10.000000, 1.388386
21.000000, 10.000000, 1.088932
22.000000, 10.000000, 0.840015
23.000000, 10.000000, 0.665436
24.000000, 10.000000, 0.603546
25.000000, 10.000000, 0.675781
26.000000, 10.000000, 0.846385
27.000000, 10.000000, 1.062916
28.000000, 10.000000, 1.298636
29.000000, 10.000000, 1.543294
30.000000, 10.000000, 1.806792
31.000000, 10.000000, 2.107203
32.000000, 10.000000, 2.441149
33.000000, 10.000000, 2.833680
34.000000, 10.000000, 3.314404
35.000000, 10.000000, 3.925052
36.000000, 10.000000, 4.730284
37.000000, 10.000000, 5.805346
38.000000, 10.000000, 5.446957
39.000000, 10.000000, 6.470319
40.000000, 10.000000, 5.753474
41.000000, 10.000000, 5.156783
42.000000, 10.000000, 4.713253
0.000000, 11.000000, 3.394930
1.000000, 11.000000, 3.424307
2.000000, 11.000000, 3.453944
3.000000, 11.000000, 3.483934
4.000000, 11.000000, 3.514077
5.000000, 11.000000, 3.543458
6.000000, 11.000000, 3.570260
7.000000, 11.000000, 3.592037
8.000000, 11.000000, 3.611901
9.000000, 11.000000, 3.629009
10.000000, 11.000000, 3.637839
11.000000, 11.000000, 3.631461
12.000000, 11.000000, 3.580412
13.000000, 11.000000, 3.494845
14.000000, 11.000000, 3.371338
15.000000, 11.000000, 3.198004
16.000000, 11.000000, 2.965750
17.000000, 11.000000, 2.675324
18.000000, 11.000000, 2.342091
19.000000, 11.000000, 1.991679
20.000000, 11.000000, 1.651080
21.000000, 11.000000, 1.343636
22.000000, 11.000000, 1.089977
23.000000, 11.000000, 0.913048
24.000000, 11.000000, 0.836232
25.000000, 11.000000, 0.866224
26.000000, 11.000000, 0.983839
27.000000, 11.000000, 1.163047
28.000000, 11.000000, 1.376020
29.000000, 11.000000, 1.604779
30.000000, 11.000000, 1.862852
31.000000, 11.000000, 2.135363
32.000000, 11.000000, 2.441918
33.000000, 11.000000, 2.806148
34.000000, 11.000000, 3.252095
35.000000, 11.000000, 3.812853
36.000000, 11.000000, 4.529899
37.000000, 11.000000, 5.414665
38.000000, 11.000000, 6.108096
39.000000, 11.000000, 6.016912
40.000000, 11.000000, 5.467696
41.000000, 11.000000, 4.969705
42.000000, 11.000000, 4.578549
0.000000, 12.000000, 3.469432
1.000000, 12.000000, 3.502757
2.000000, 12.000000, 3.536940
3.000000, 12.000000, 3.572821
4.000000, 12.000000, 3.610980
5.000000, 12.000000, 3.650936
6.000000, 12.000000, 3.691013
7.000000, 12.000000, 3.728785
8.000000, 12.000000, 3.766766
9.000000, 12.000000, 3.804855
10.000000, 12.000000, 3.837297
11.000000, 12.000000, 3.855451
12.000000, 12.000000, 3.844313
13.000000, 12.000000, 3.800086
14.000000, 12.000000, 3.714549
15.000000, 12.000000, 3.570454
16.000000, 12.000000, 3.351979
17.000000, 12.000000, 3.057206
18.000000, 12.000000, 2.706039
19.000000, 12.000000, 2.333317
20.000000, 12.000000, 1.972916
21.000000, 12.000000, 1.648325
22.000000, 12.000000, 1.375868
23.000000, 12.000000, 1.173513
24.000000, 12.000000, 1.062474
25.000000, 12.000000, 1.056230
26.000000, 12.000000, 1.137783
27.000000, 12.000000, 1.272227
28.000000, 12.000000, 1.440006
29.000000, 12.000000, 1.634903
30.000000, 12.000000, 1.861191
31.000000, 12.000000, 2.107036
32.000000, 12.000000, 2.377505
33.000000, 12.000000, 2.692863
34.000000, 12.000000, 3.069691
35.000000, 12.000000, 3.523721
36.000000, 12.000000, 4.058406
37.000000, 12.000000, 4.622186
38.000000, 12.000000, 5.029794
39.000000, 12.000000, 5.073164
40.000000, 12.000000, 4.845278
41.000000, 12.000000, 4.549515
42.000000, 12.000000, 4.278427
0.000000, 13.000000, 3.544093
1.000000, 13.000000, 3.580664
2.000000, 13.000000, 3.618147
3.000000, 13.000000, 3.658755
4.000000, 13.000000, 3.704453
5.000000, 13.000000, 3.755201
6.000000, 13.000000, 3.809139
7.000000, 13.000000, 3.863656
8.000000, 13.000000, 3.920387
9.000000, 13.000000, 3.980473
10.000000, 13.000000, 4.039230
11.000000, 13.000000, 4.091422
12.000000, 13.000000, 4.129900
13.000000, 13.000000, 4.146836
14.000000, 13.000000, 4.127276
15.000000, 13.000000, 4.043203
16.000000, 13.000000, 3.859491
17.000000, 13.000000, 3.558842
18.000000, 13.000000, 3.168800
19.000000, 13.000000, 2.749116
20.000000, 13.000000, 2.351288
21.000000, 13.000000, 1.997698
22.000000, 13.000000, 1.691359
23.000000, 13.000000, 1.442220
24.000000, 13.000000, 1.272386
25.000000, 13.000000, 1.225803
26.000000, 13.000000, 1.282835
27.000000, 13.000000, 1.383391
28.000000, 13.000000, 1.505144
29.000000, 13.000000, 1.641279
30.000000, 13.000000, 1.819468
31.000000, 13.000000, 2.026726
32.000000, 13.000000, 2.251736
33.000000, 13.000000, 2.506444
34.000000, 13.000000, 2.800877
35.000000, 13.000000, 3.138485
36.000000, 13.000000, 3.507567
37.000000, 13.000000, 3.862925
38.000000, 13.000000, 4.120655
39.000000, 13.000000, 4.211034
40.000000, 13.000000, 4.152345
41.000000, 13.000000, 4.019742
42.000000, 13.000000, 3.872729
0.000000, 14.000000, 3.619012
1.000000, 14.000000, 3.658094
2.000000, 14.000000, 3.696611
3.000000, 14.000000, 3.739812
4.000000, 14.000000, 3.792456
5.000000, 14.000000, 3.854428
6.000000, 14.000000, 3.922771
7.000000, 14.000000, 3.994354
8.000000, 14.000000, 4.069946
9.000000, 14.000000, 4.152594
10.000000, 14.000000, 4.240584
11.000000, 14.000000, 4.333388
12.000000, 14.000000, 4.429896
13.000000, 14.000000, 4.526246
14.000000, 14.000000, 4.608188
15.000000, 14.000000, 4.636106
16.000000, 14.000000, 4.532285
17.000000, 14.000000, 4.223066
18.000000, 14.000000, 3.746958
19.000000, 14.000000, 3.232279
20.000000, 14.000000, 2.770358
21.000000, 14.000000, 2.380805
22.000000, 14.000000, 2.029652
23.000000, 14.000000, 1.723947
24.000000, 14.000000, 1.491487
25.000000, 14.000000, 1.401007
26.000000, 14.000000, 1.426057
27.000000, 14.000000, 1.484622
28.000000, 14.000000, 1.560036
29.000000, 14.000000, 1.644842
30.000000, 14.000000, 1.761461
31.000000, 14.000000, 1.911942
32.000000, 14.000000, 2.086932
33.000000, 14.000000, 2.281643
34.000000, 14.000000, 2.499265
35.000000, 14.000000, 2.738463
36.000000, 14.000000, 2.987589
37.000000, 14.000000, 3.220106
38.000000, 14.000000, 3.399717
39.000000, 14.000000, 3.499128
40.000000, 14.000000, 3.519578
41.000000, 14.000000, 3.488218
42.000000, 14.000000, 3.435178
0.000000, 15.000000, 3.693913
1.000000, 15.000000, 3.735700
2.000000, 15.000000, 3.770639
3.000000, 15.000000, 3.812871
4.000000, 15.000000, 3.872758
5.000000, 15.000000, 3.947380
6.000000, 15.000000, 4.030698
7.000000, 15.000000, 4.118754
8.000000, 15.000000, 4.211897
9.000000, 15.000000, 4.315204
10.000000, 15.000000, 4.430883
11.000000, 15.000000, 4.563448
12.000000, 15.000000, 4.719162
13.000000, 15.000000, 4.904893
14.000000, 15.000000, 5.122128
15.000000, 15.000000, 5.343109
16.000000, 15.000000, 5.433109
17.000000, 15.000000, 5.116412
18.000000, 15.000000, 4.438697
19.000000, 15.000000, 3.745549
20.000000, 15.000000, 3.181354
21.000000, 15.000000, 2.753248
22.000000, 15.000000, 2.351108
23.000000, 15.000000, 2.001804
24.000000, 15.000000, 1.750680
25.000000, 15.000000, 1.614631
26.000000, 15.000000, 1.573338
27.000000, 15.000000, 1.577478
28.000000, 15.000000, 1.601925
29.000000, 15.000000, 1.636622
30.000000, 15.000000, 1.702396
31.000000, 15.000000, 1.789176
32.000000, 15.000000, 1.899029
33.000000, 15.000000, 2.034393
34.000000, 15.000000, 2.183758
35.000000, 15.000000, 2.344291
36.000000, 15.000000, 2.509238
37.000000, 15.000000, 2.665874
38.000000, 15.000000, 2.798663
39.000000, 15.000000, 2.895690
40.000000, 15.000000, 2.955045
41.000000, 15.000000, 2.985403
42.000000, 15.000000, 3.000586
0.000000, 16.000000, 3.764922
1.000000, 16.000000, 3.812738
2.000000, 16.000000, 3.833597
3.000000, 16.000000, 3.872607
4.000000, 16.000000, 3.944105
5.000000, 16.000000, 4.034793
6.000000, 16.000000, 4.133269
7.000000, 16.000000, 4.235489
8.000000, 16.000000, 4.342580
9.000000, 16.000000, 4.461033
10.000000, 16.000000, 4.597045
11.000000, 16.000000, 4.759305
12.000000, 16.000000, 4.960658
13.000000, 16.000000, 5.220038
14.000000, 16.000000, 5.564822
15.000000, 16.000000, 6.027311
16.000000, 16.000000, 6.243913
17.000000, 16.000000, 5.842463
18.000000, 16.000000, 5.126945
19.000000, 16.000000, 4.194710
20.000000, 16.000000, 3.510727
21.000000, 16.000000, 3.000023
22.000000, 16.000000, 2.578363
23.000000, 16.000000, 2.229709
24.000000, 16.000000, 1.971168
25.000000, 16.000000, 1.803191
26.000000, 16.000000, 1.708524
27.000000, 16.000000, 1.657801
28.000000, 16.000000, 1.629650
29.000000, 16.000000, 1.613789
30.000000, 16.000000, 1.629572
31.000000, 16.000000, 1.664846
32.000000, 16.000000, 1.709157
33.000000, 16.000000, 1.776164
34.000000, 16.000000, 1.866484
35.000000, 16.000000, 1.965791
36.000000, 16.000000, 2.071001
37.000000, 16.000000, 2.177795
38.000000, 16.000000, 2.280306
39.000000, 16.000000, 2.373127
40.000000, 16.000000, 2.453602
41.000000, 16.000000, 2.523519
42.000000, 16.000000, 2.598909
0.000000, 17.000000, 3.825590
1.000000, 17.000000, 3.857435
2.000000, 17.000000, 3.871613
3.000000, 17.000000, 3.915434
4.000000, 17.000000, 4.011108
5.000000, 17.000000, 4.121922
6.000000, 17.000000, 4.233337
7.000000, 17.000000, 4.344612
8.000000, 17.000000, 4.459168
9.000000, 17.000000, 4.583931
10.000000, 17.000000, 4.727802
11.000000, 17.000000, 4.901310
12.000000, 17.000000, 5.119161
13.000000, 17.000000, 5.402786
14.000000, 17.000000, 5.783967
15.000000, 17.000000, 6.305177
16.000000, 17.000000, 6.517725
17.000000, 17.000000, 6.089960
18.000000, 17.000000, 5.434829
19.000000, 17.000000, 4.445853
20.000000, 17.000000, 3.718970
21.000000, 17.000000, 3.172429
22.000000, 17.000000, 2.743140
23.000000, 17.000000, 2.401685
24.000000, 17.000000, 2.139812
25.000000, 17.000000, 1.948493
26.000000, 17.000000, 1.812912
27.000000, 17.000000, 1.715368
28.000000, 17.000000, 1.640045
29.000000, 17.000000, 1.577137
30.000000, 17.000000, 1.544756
31.000000, 17.000000, 1.532251
32.000000, 17.000000, 1.525688
33.000000, 17.000000, 1.527888
34.000000, 17.000000, 1.555401
35.000000, 17.000000, 1.605516
36.000000, 17.000000, 1.666677
37.000000, 17.000000, 1.739056
38.000000, 17.000000, 1.821788
39.000000, 17.000000, 1.912286
40.000000, 17.000000, 2.007539
41.000000, 17.000000, 2.115671
42.000000, 17.000000, 2.243130
0.000000, 18.000000, 3.892518
1.000000, 18.000000, 3.914709
2.000000, 18.000000, 3.919706
3.000000, 18.000000, 3.963642
4.000000, 18.000000, 4.095112
5.000000, 18.000000, 4.219716
6.000000, 18.000000, 4.335741
7.000000, 18.000000, 4.447474
8.000000, 18.000000, 4.560392
9.000000, 18.000000, 4.680775
10.000000, 18.000000, 4.817580
11.000000, 18.000000, 4.980554
12.000000, 18.000000, 5.180465
13.000000, 18.000000, 5.429006
14.000000, 18.000000, 5.733006
15.000000, 18.000000, 6.067459
16.000000, 18.000000, 6.275995
17.000000, 18.000000, 5.999053
18.000000, 18.000000, 5.247286
19.000000, 18.000000, 4.457407
20.000000, 18.000000, 3.800373
21.000000, 18.000000, 3.278341
22.000000, 18.000000, 2.861400
23.000000, 18.000000, 2.525393
24.000000, 18.000000, 2.257946
25.000000, 18.000000, 2.047970
26.000000, 18.000000, 1.883034
27.000000, 18.000000, 1.749675
28.000000, 18.000000, 1.635380
29.000000, 18.000000, 1.531192
30.000000, 18.000000, 1.454082
31.000000, 18.000000, 1.397885
32.000000, 18.000000, 1.345421
33.000000, 18.000000, 1.298573
34.000000, 18.000000, 1.264407
35.000000, 18.000000, 1.263740
36.000000, 18.000000, 1.290054
37.000000, 18.000000, 1.337775
38.000000, 18.000000, 1.408726
39.000000, 18.000000, 1.501164
40.000000, 18.000000, 1.617382
41.000000, 18.000000, 1.767908
42.000000, 18.000000, 1.929284
0.000000, 19.000000, 3.982607
1.000000, 19.000000, 4.016323
2.000000, 19.000000, 4.047846
3.000000, 19.000000, 4.111838
4.000000, 19.000000, 4.222359
5.000000, 19.000000, 4.337061
6.000000, 19.000000, 4.444152
7.000000, 19.000000, 4.545659
8.000000, 19.000000, 4.646632
9.000000, 19.000000, 4.752088
10.000000, 19.000000, 4.867990
11.000000, 19.000000, 5.001873
12.000000, 19.000000, 5.158051
13.000000, 19.000000, 5.335857
14.000000, 19.000000, 5.520319
15.000000, 19.000000, 5.660836
16.000000, 19.000000, 5.650090
17.000000, 19.000000, 5.398088
18.000000, 19.000000, 4.904407
19.000000, 19.000000, 4.325737
20.000000, 19.000000, 3.786220
21.000000, 19.000000, 3.320916
22.000000, 19.000000, 2.926465
23.000000, 19.000000, 2.599766
24.000000, 19.000000, 2.331272
25.000000, 19.000000, 2.110249
26.000000, 19.000000, 1.925651
27.000000, 19.000000, 1.766321
28.000000, 19.000000, 1.621795
29.000000, 19.000000, 1.483630
30.000000, 19.000000, 1.366477
31.000000, 19.000000, 1.271546
32.000000, 19.000000, 1.177537
33.000000, 19.000000, 1.086473
34.000000, 19.000000, 1.004339
35.000000, 19.000000, 0.946143
36.000000, 19.000000, 0.936356
37.000000, 19.000000, 0.965723
38.000000, 19.000000, 1.032805
39.000000, 19.000000, 1.137207
40.000000, 19.000000, 1.290999
41.000000, 19.000000, 1.472209
42.000000, 19.000000, 1.660216
0.000000, 20.000000, 4.093940
1.000000, 20.000000, 4.149766
2.000000, 20.000000, 4.210529
3.000000, 20.000000, 4.286211
4.000000, 20.000000, 4.377507
5.000000, 20.000000, 4.470912
6.000000, 20.000000, 4.558309
7.000000, 20.000000, 4.639953
8.000000, 20.000000, 4.719607
9.000000, 20.000000, 4.801181
10.000000, 20.000000, 4.886267
11.000000, 20.000000, 4.979610
12.000000, 20.000000, 5.080630
13.000000, 20.000000, 5.181567
14.000000, 20.000000, 5.262056
15.000000, 20.000000, 5.282797
16.000000, 20.000000, 5.191736
17.000000, 20.000000, 4.954871
18.000000, 20.000000, 4.586145
19.000000, 20.000000, 4.152070
20.000000, 20.000000, 3.713775
21.000000, 20.000000, 3.303916
22.000000, 20.000000, 2.942288
23.000000, 20.000000, 2.632926
24.000000, 20.000000, 2.370205
25.000000, 20.000000, 2.145571
26.000000, 20.000000, 1.949780
27.000000, 20.000000, 1.773453
28.000000, 20.000000, 1.607584
29.000000, 20.000000, 1.444231
30.000000, 20.000000, 1.293269
31.000000, 20.000000, 1.165772
32.000000, 20.000000, 1.035573
33.000000, 20.000000, 0.904552
34.000000, 20.000000, 0.776948
35.000000, 20.000000, 0.665957
36.000000, 20.000000, 0.604662
37.000000, 20.000000, 0.617808
38.000000, 20.000000, 0.693312
39.000000, 20.000000, 0.834510
40.000000, 20.000000, 1.026481
41.000000, 20.000000, 1.234323
42.000000, 20.000000, 1.444009
0.000000, 21.000000, 4.216570
1.000000, 21.000000, 4.296164
2.000000, 21.000000, 4.379069
3.000000, 21.000000, 4.462360
4.000000, 21.000000, 4.542080
5.000000, 21.000000, 4.613483
6.000000, 21.000000, 4.675430
7.000000, 21.000000, 4.730350
8.000000, 21.000000, 4.781764
9.000000, 21.000000, 4.832716
10.000000, 21.000000, 4.882031
11.000000, 21.000000, 4.930476
12.000000, 21.000000, 4.976040
13.000000, 21.000000, 5.009439
14.000000, 21.000000, 5.013723
15.000000, 21.000000, 4.964503
16.000000, 21.000000, 4.836886
17.000000, 21.000000, 4.619173
18.000000, 21.000000, 4.323811
19.000000, 21.000000, 3.975159
20.000000, 21.000000, 3.600590
21.000000, 21.000000, 3.244933
22.000000, 21.000000, 2.921797
23.000000, 21.000000, 2.635805
24.000000, 21.000000, 2.385011
25.000000, 21.000000, 2.163585
26.000000, 21.000000, 1.964292
27.000000, 21.000000, 1.779396
28.000000, 21.000000, 1.601175
29.000000, 21.000000, 1.422311
30.000000, 21.000000, 1.246827
31.000000, 21.000000, 1.095303
32.000000, 21.000000, 0.938668
33.000000, 21.000000, 0.775829
34.000000, 21.000000, 0.606179
35.000000, 21.000000, 0.438292
36.000000, 21.000000, 0.307125
37.000000, 21.000000, 0.295503
38.000000, 21.000000, 0.413020
39.000000, 21.000000, 0.613027
40.000000, 21.000000, 0.838593
41.000000, 21.000000, 1.067523
42.000000, 21.000000, 1.290870
0.000000, 22.000000, 4.341943
1.000000, 22.000000, 4.447475
2.000000, 22.000000, 4.551067
3.000000, 22.000000, 4.642198
4.000000, 22.000000, 4.712216
5.000000, 22.000000, 4.760105
6.000000, 22.000000, 4.792613
7.000000, 22.000000, 4.816494
8.000000, 22.000000, 4.835668
9.000000, 22.000000, 4.852092
10.000000, 22.000000, 4.864392
11.000000, 22.000000, 4.868682
12.000000, 22.000000, 4.863967
13.000000, 22.000000, 4.842695
14.000000, 22.000000, 4.793277
15.000000, 22.000000, 4.702078
16.000000, 22.000000, 4.557997
17.000000, 22.000000, 4.358531
18.000000, 22.000000, 4.105097
19.000000, 22.000000, 3.795703
20.000000, 22.000000, 3.474734
21.000000, 22.000000, 3.166009
22.000000, 22.000000, 2.879530
23.000000, 22.000000, 2.619355
24.000000, 22.000000, 2.384937
25.000000, 22.000000, 2.172511
26.000000, 22.000000, 1.976617
27.000000, 22.000000, 1.791041
28.000000, 22.000000, 1.609343
29.000000, 22.000000, 1.425177
30.000000, 22.000000, 1.237551
31.000000, 22.000000, 1.072387
32.000000, 22.000000, 0.905460
33.000000, 22.000000, 0.727164
34.000000, 22.000000, 0.535891
35.000000, 22.000000, 0.332630
36.000000, 22.000000, 0.132270
37.000000, 22.000000, 0.092930
38.000000, 22.000000, 0.283935
39.000000, 22.000000, 0.517003
40.000000, 22.000000, 0.753778
41.000000, 22.000000, 0.985817
42.000000, 22.000000, 1.208339
0.000000, 23.000000, 4.473415
1.000000, 23.000000, 4.602479
2.000000, 23.000000, 4.725760
3.000000, 23.000000, 4.828367
4.000000, 23.000000, 4.888450
5.000000, 23.000000, 4.907257
6.000000, 23.000000, 4.906475
7.000000, 23.000000, 4.897633
8.000000, 23.000000, 4.883701
9.000000, 23.000000, 4.864950
10.000000, 23.000000, 4.840392
11.000000, 23.000000, 4.804444
12.000000, 23.000000, 4.756097
13.000000, 23.000000, 4.691559
14.000000, 23.000000, 4.604024
15.000000, 23.000000, 4.486782
16.000000, 23.000000, 4.335973
17.000000, 23.000000, 4.148966
18.000000, 23.000000, 3.904032
19.000000, 23.000000, 3.628671
20.000000, 23.000000, 3.350154
21.000000, 23.000000, 3.080405
22.000000, 23.000000, 2.826774
23.000000, 23.000000, 2.592456
24.000000, 23.000000, 2.377243
25.000000, 23.000000, 2.178470
26.000000, 23.000000, 1.991982
27.000000, 23.000000, 1.812885
28.000000, 23.000000, 1.636033
29.000000, 23.000000, 1.456345
30.000000, 23.000000, 1.270636
31.000000, 23.000000, 1.101858
32.000000, 23.000000, 0.940326
33.000000, 23.000000, 0.770731
34.000000, 23.000000, 0.595366
35.000000, 23.000000, 0.424153
36.000000, 23.000000, 0.290009
37.000000, 23.000000, 0.274233
38.000000, 23.000000, 0.397056
39.000000, 23.000000, 0.579326
40.000000, 23.000000, 0.784385
41.000000, 23.000000, 0.993502
42.000000, 23.000000, 1.197431
0.000000, 24.000000, 4.620790
1.000000, 24.000000, 4.754873
2.000000, 24.000000, 4.892762
3.000000, 24.000000, 5.017453
4.000000, 24.000000, 5.067260
5.000000, 24.000000, 5.045420
6.000000, 24.000000, 5.011282
7.000000, 24.000000, 4.972623
8.000000, 24.000000, 4.928281
9.000000, 24.000000, 4.876489
10.000000, 24.000000, 4.816133
11.000000, 24.000000, 4.744421
12.000000, 24.000000, 4.658636
13.000000, 24.000000, 4.559545
14.000000, 24.000000, 4.444109
15.000000, 24.000000, 4.309843
16.000000, 24.000000, 4.155889
17.000000, 24.000000, 3.960785
18.000000, 24.000000, 3.723823
19.000000, 24.000000, 3.477243
20.000000, 24.000000, 3.231494
21.000000, 24.000000, 2.994071
22.000000, 24.000000, 2.769820
23.000000, 24.000000, 2.560801
24.000000, 24.000000, 2.366646
25.000000, 24.000000, 2.185185
26.000000, 24.000000, 2.013138
27.000000, 24.000000, 1.846714
28.000000, 24.000000, 1.682000
29.000000, 24.000000, 1.515288
30.000000, 24.000000, 1.343774
31.000000, 24.000000, 1.181534
32.000000, 24.000000, 1.037945
33.000000, 24.000000, 0.894247
34.000000, 24.000000, 0.756107
35.000000, 24.000000, 0.638022
36.000000, 24.000000, 0.564452
37.000000, 24.000000, 0.554792
38.000000, 24.000000, 0.629357
39.000000, 24.000000, 0.753492
40.000000, 24.000000, 0.908284
41.000000, 24.000000, 1.077958
42.000000, 24.000000, 1.249855
0.000000, 25.000000, 4.753549
1.000000, 25.000000, 4.886657
2.000000, 25.000000, 5.024344
3.000000, 25.000000, 5.154135
4.000000, 25.000000, 5.195877
5.000000, 25.000000, 5.152825
6.000000, 25.000000, 5.100566
7.000000, 25.000000, 5.041478
8.000000, 25.000000, 4.972754
9.000000, 25.000000, 4.892008
10.000000, 25.000000, 4.798372
11.000000, 25.000000, 4.692714
12.000000, 25.000000, 4.574618
13.000000, 25.000000, 4.447149
14.000000, 25.000000, 4.310266
15.000000, 25.000000, 4.163617
16.000000, 25.000000, 3.998701
17.000000, 25.000000, 3.788227
18.000000, 25.000000, 3.564294
19.000000, 25.000000, 3.339451
20.000000, 25.000000, 3.119631
21.000000, 25.000000, 2.909441
22.000000, 25.000000, 2.711682
23.000000, 25.000000, 2.527265
24.000000, 25.000000, 2.355412
25.000000, 25.000000, 2.194078
26.000000, 25.000000, 2.040519
27.000000, 25.000000, 1.891818
28.000000, 25.000000, 1.745176
29.000000, 25.000000, 1.598127
30.000000, 25.000000, 1.449073
31.000000, 25.000000, 1.303882
32.000000, 25.000000, 1.183442
33.000000, 25.000000, 1.071547
34.000000, 25.000000, 0.971102
35.000000, 25.000000, 0.893362
36.000000, 25.000000, 0.848057
37.000000, 25.000000, 0.837930
38.000000, 25.000000, 0.888246
39.000000, 25.000000, 0.978675
40.000000, 25.000000, 1.089247
41.000000, 25.000000, 1.216934
42.000000, 25.000000, 1.351038
0.000000, 26.000000, 4.864562
1.000000, 26.000000, 4.990385
2.000000, 26.000000, 5.111463
3.000000, 26.000000, 5.207947
4.000000, 26.000000, 5.245966
5.000000, 26.000000, 5.225620
6.000000, 26.000000, 5.176078
7.000000, 26.000000, 5.108159
8.000000, 26.000000, 5.022493
9.000000, 26.000000, 4.917729
10.000000, 26.000000, 4.793560
11.000000, 26.000000, 4.652815
12.000000, 26.000000, 4.503024
13.000000, 26.000000, 4.350580
14.000000, 26.000000, 4.195326
15.000000, 26.000000, 4.035940
16.000000, 26.000000, 3.845395
17.000000, 26.000000, 3.631454
18.000000, 26.000000, 3.418352
19.000000, 26.000000, 3.211077
20.000000, 26.000000, 3.013000
21.000000, 26.000000, 2.826588
22.000000, 26.000000, 2.653117
23.000000, 26.000000, 2.492593
24.000000, 26.000000, 2.343822
25.000000, 26.000000, 2.204685
26.000000, 26.000000, 2.072673
27.000000, 26.000000, 1.945564
28.000000, 26.000000, 1.821513
29.000000, 26.000000, 1.698979
30.000000, 26.000000, 1.577249
31.000000, 26.000000, 1.458429
32.000000, 26.000000, 1.361037
33.000000, 26.000000, 1.280651
34.000000, 26.000000, 1.212634
35.000000, 26.000000, 1.163815
36.000000, 26.000000, 1.131093
37.000000, 26.000000, 1.122289
38.000000, 26.000000, 1.156579
39.000000, 26.000000, 1.224556
40.000000, 26.000000, 1.301424
41.000000, 26.000000, 1.390439
42.000000, 26.000000, 1.485973
0.000000, 27.000000, 4.957803
1.000000, 27.000000, 5.074612
2.000000, 27.000000, 5.180019
3.000000, 27.000000, 5.259064
4.000000, 27.000000, 5.296674
5.000000, 27.000000, 5.290604
6.000000, 27.000000, 5.249310
7.000000, 27.000000, 5.177956
8.000000, 27.000000, 5.076937
9.000000, 27.000000, 4.946540
10.000000, 27.000000, 4.788903
11.000000, 27.000000, 4.608483
12.000000, 27.000000, 4.419179
13.000000, 27.000000, 4.246106
14.000000, 27.000000, 4.072746
15.000000, 27.000000, 3.891593
16.000000, 27.000000, 3.678767
17.000000, 27.000000, 3.466377
18.000000, 27.000000, 3.263698
19.000000, 27.000000, 3.073650
20.000000, 27.000000, 2.897775
21.000000, 27.000000, 2.736452
22.000000, 27.000000, 2.589032
23.000000, 27.000000, 2.454172
24.000000, 27.000000, 2.330161
25.000000, 27.000000, 2.215073
26.000000, 27.000000, 2.106826
27.000000, 27.000000, 2.004069
28.000000, 27.000000, 1.905912
29.000000, 27.000000, 1.811295
30.000000, 27.000000, 1.719797
31.000000, 27.000000, 1.632612
32.000000, 27.000000, 1.559242
33.000000, 27.000000, 1.508188
34.000000, 27.000000, 1.468609
35.000000, 27.000000, 1.441778
36.000000, 27.000000, 1.416624
37.000000, 27.000000, 1.410277
38.000000, 27.000000, 1.432816
39.000000, 27.000000, 1.480372
40.000000, 27.000000, 1.531705
41.000000, 27.000000, 1.585368
42.000000, 27.000000, 1.642888
0.000000, 28.000000, 5.039738
1.000000, 28.000000, 5.150253
2.000000, 28.000000, 5.247352
3.000000, 28.000000, 5.320480
4.000000, 28.000000, 5.358781
5.000000, 28.000000, 5.354960
6.000000, 28.000000, 5.310623
7.000000, 28.000000, 5.230868
8.000000, 28.000000, 5.117382
9.000000, 28.000000, 4.969885
10.000000, 28.000000, 4.789536
11.000000, 28.000000, 4.581629
12.000000, 28.000000, 4.362507
13.000000, 28.000000, 4.155973
14.000000, 28.000000, 3.955384
15.000000, 28.000000, 3.739160
16.000000, 28.000000, 3.511347
17.000000, 28.000000, 3.297573
18.000000, 28.000000, 3.102010
19.000000, 28.000000, 2.926198
20.000000, 28.000000, 2.770021
21.000000, 28.000000, 2.632166
22.000000, 28.000000, 2.510551
23.000000, 28.000000, 2.402708
24.000000, 28.000000, 2.306214
25.000000, 28.000000, 2.218954
26.000000, 28.000000, 2.138004
27.000000, 28.000000, 2.062527
28.000000, 28.000000, 1.992970
29.000000, 28.000000, 1.928716
30.000000, 28.000000, 1.869434
31.000000, 28.000000, 1.815835
32.000000, 28.000000, 1.771361
33.000000, 28.000000, 1.746892
34.000000, 28.000000, 1.734350
35.000000, 28.000000, 1.725530
36.000000, 28.000000, 1.709273
37.000000, 28.000000, 1.705737
38.000000, 28.000000, 1.718670
39.000000, 28.000000, 1.746074
40.000000, 28.000000, 1.774698
41.000000, 28.000000, 1.794619
42.000000, 28.000000, 1.813919
0.000000, 29.000000, 5.115515
1.000000, 29.000000, 5.223384
2.000000, 29.000000, 5.314663
3.000000, 29.000000, 5.376069
4.000000, 29.000000, 5.404768
5.000000, 29.000000, 5.401449
6.000000, 29.000000, 5.364153
7.000000, 29.000000, 5.289826
8.000000, 29.000000, 5.175056
9.000000, 29.000000, 5.017519
10.000000, 29.000000, 4.818485
11.000000, 29.000000, 4.585658
12.000000, 29.000000, 4.334863
13.000000, 29.000000, 4.083847
14.000000, 29.000000, 3.840031
15.000000, 29.000000, 3.584275
16.000000, 29.000000, 3.340896
17.000000, 29.000000, 3.122550
18.000000, 29.000000, 2.931766
19.000000, 29.000000, 2.768497
20.000000, 29.000000, 2.630846
21.000000, 29.000000, 2.515810
22.000000, 29.000000, 2.419862
23.000000, 29.000000, 2.339224
24.000000, 29.000000, 2.269994
25.000000, 29.000000, 2.210090
26.000000, 29.000000, 2.157996
27.000000, 29.000000, 2.113133
28.000000, 29.000000, 2.075712
29.000000, 29.000000, 2.044833
30.000000, 29.000000, 2.019836
31.000000, 29.000000, 2.001318
32.000000, 29.000000, 1.990744
33.000000, 29.000000, 1.993258
34.000000, 29.000000, 2.008505
35.000000, 29.000000, 2.017300
36.000000, 29.000000, 2.013718
37.000000, 29.000000, 2.013916
38.000000, 29.000000, 2.018281
39.000000, 29.000000, 2.025477
40.000000, 29.000000, 2.029207
41.000000, 29.000000, 2.015086
42.000000, 29.000000, 1.995104
0.000000, 30.000000, 5.188000
1.000000, 30.000000, 5.278215
2.000000, 30.000000, 5.353102
3.000000, 30.000000, 5.411177
4.000000, 30.000000, 5.448122
5.000000, 30.000000, 5.458124
6.000000, 30.000000, 5.434939
7.000000, 30.000000, 5.371492
8.000000, 30.000000, 5.260339
9.000000, 30.000000, 5.095801
10.000000, 30.000000, 4.877436
11.000000, 30.000000, 4.613260
12.000000, 30.000000, 4.320143
13.000000, 30.000000, 4.019606
14.000000, 30.000000, 3.720661
15.000000, 30.000000, 3.423849
16.000000, 30.000000, 3.160820
17.000000, 30.000000, 2.935278
18.000000, 30.000000, 2.747821
19.000000, 30.000000, 2.596374
20.000000, 30.000000, 2.476948
21.000000, 30.000000, 2.384693
22.000000, 30.000000, 2.314695
23.000000, 30.000000, 2.262415
24.000000, 30.000000, 2.221679
25.000000, 30.000000, 2.189030
26.000000, 30.000000, 2.166361
27.000000, 30.000000, 2.152721
28.000000, 30.000000, 2.147734
29.000000, 30.000000, 2.151262
30.000000, 30.000000, 2.163307
31.000000, 30.000000, 2.183329
32.000000, 30.000000, 2.210575
33.000000, 30.000000, 2.246136
34.000000, 30.000000, 2.291157
35.000000, 30.000000, 2.321795
36.000000, 30.000000, 2.335770
37.000000, 30.000000, 2.341836
38.000000, 30.000000, 2.338099
39.000000, 30.000000, 2.323642
40.000000, 30.000000, 2.297155
41.000000, 30.000000, 2.246080
42.000000, 30.000000, 2.188196
0.000000, 31.000000, 5.218096
1.000000, 31.000000, 5.302671
2.000000, 31.000000, 5.380999
3.000000, 31.000000, 5.448348
4.000000, 31.000000, 5.499443
5.000000, 31.000000, 5.527749
6.000000, 31.000000, 5.524733
7.000000, 31.000000, 5.479323
8.000000, 31.000000, 5.378585
9.000000, 31.000000, 5.210816
10.000000, 31.000000, 4.971094
11.000000, 31.000000, 4.666840
12.000000, 31.000000, 4.319140
13.000000, 31.000000, 3.957456
14.000000, 31.000000, 3.595911
15.000000, 31.000000, 3.255223
16.000000, 31.000000, 2.964639
17.000000, 31.000000, 2.729898
18.000000, 31.000000, 2.545530
19.000000, 31.000000, 2.406396
20.000000, 31.000000, 2.305871
21.000000, 31.000000, 2.236846
22.000000, 31.000000, 2.192629
23.000000, 31.000000, 2.167228
24.000000, 31.000000, 2.155088
25.000000, 31.000000, 2.153085
26.000000, 31.000000, 2.161072
27.000000, 31.000000, 2.179043
28.000000, 31.000000, 2.207105
29.000000, 31.000000, 2.245475
30.000000, 31.000000, 2.294315
31.000000, 31.000000, 2.354041
32.000000, 31.000000, 2.424405
33.000000, 31.000000, 2.502253
34.000000, 31.000000, 2.582952
35.000000, 31.000000, 2.643727
36.000000, 31.000000, 2.682343
37.000000, 31.000000, 2.698229
38.000000, 31.000000, 2.686557
39.000000, 31.000000, 2.646932
40.000000, 31.000000, 2.582594
41.000000, 31.000000, 2.489040
42.000000, 31.000000, 2.394388
0.000000, 32.000000, 5.231416
1.000000, 32.000000, 5.319778
2.000000, 32.000000, 5.405504
3.000000, 32.000000, 5.485109
4.000000, 32.000000, 5.554236
5.000000, 32.000000, 5.606401
6.000000, 32.000000, 5.631568
7.000000, 32.000000, 5.614646
8.000000, 32.000000, 5.535295
9.000000, 32.000000, 5.371554
10.000000, 32.000000, 5.109187
11.000000, 32.000000, 4.753498
12.000000, 32.000000, 4.333734
13.000000, 32.000000, 3.893062
14.000000, 32.000000, 3.461284
15.000000, 32.000000, 3.073761
16.000000, 32.000000, 2.750806
17.000000, 32.000000, 2.501420
18.000000, 32.000000, 2.321157
19.000000, 32.000000, 2.196429
20.000000, 32.000000, 2.116822
21.000000, 32.000000, 2.072506
22.000000, 32.000000, 2.054846
23.000000, 32.000000, 2.056849
24.000000, 32.000000, 2.073362
25.000000, 32.000000, 2.101405
26.000000, 32.000000, 2.140052
27.000000, 32.000000, 2.189540
28.000000, 32.000000, 2.250614
29.000000, 32.000000, 2.324178
30.000000, 32.000000, 2.409856
31.000000, 32.000000, 2.508244
32.000000, 32.000000, 2.619685
33.000000, 32.000000, 2.743170
34.000000, 32.000000, 2.869560
35.000000, 32.000000, 2.971162
36.000000, 32.000000, 3.044736
37.000000, 32.000000, 3.076827
38.000000, 32.000000, 3.057056
39.000000, 32.000000, 2.986026
40.000000, 32.000000, 2.874342
41.000000, 32.000000, 2.737333
42.000000, 32.000000, 2.594855
0.000000, 33.000000, 5.235905
1.000000, 33.000000, 5.328427
2.000000, 33.000000, 5.422268
3.000000, 33.000000, 5.515454
4.000000, 33.000000, 5.605206
5.000000, 33.000000, 5.686314
6.000000, 33.000000, 5.748856
7.000000, 33.000000, 5.774847
8.000000, 33.000000, 5.735044
9.000000, 33.000000, 5.590575
10.000000, 33.000000, 5.307611
11.000000, 33.000000, 4.884483
12.000000, 33.000000, 4.365908
13.000000, 33.000000, 3.821552
14.000000, 33.000000, 3.308781
15.000000, 33.000000, 2.868709
16.000000, 33.000000, 2.516208
17.000000, 33.000000, 2.251959
18.000000, 33.000000, 2.073068
19.000000, 33.000000, 1.966120
20.000000, 33.000000, 1.911049
21.000000, 33.000000, 1.894129
22.000000, 33.000000, 1.904709
23.000000, 33.000000, 1.934946
24.000000, 33.000000, 1.979721
25.000000, 33.000000, 2.036314
26.000000, 33.000000, 2.103611
27.000000, 33.000000, 2.180929
28.000000, 33.000000, 2.268868
29.000000, 33.000000, 2.370390
30.000000, 33.000000, 2.488413
31.000000, 33.000000, 2.625370
32.000000, 33.000000, 2.782641
33.000000, 33.000000, 2.959121
34.000000, 33.000000, 3.144052
35.000000, 33.000000, 3.309088
36.000000, 33.000000, 3.440259
37.000000, 33.000000, 3.502442
38.000000, 33.000000, 3.473013
39.000000, 33.000000, 3.354879
40.000000, 33.000000, 3.177338
41.000000, 33.000000, 2.981168
42.000000, 33.000000, 2.765720
0.000000, 34.000000, 5.229464
1.000000, 34.000000, 5.325117
2.000000, 34.000000, 5.425935
3.000000, 34.000000, 5.531716
4.000000, 34.000000, 5.642025
5.000000, 34.000000, 5.754556
6.000000, 34.000000, 5.862387
7.000000, 34.000000, 5.948539
8.000000, 34.000000, 5.976809
9.000000, 34.000000, 5.883340
10.000000, 34.000000, 5.591523
11.000000, 34.000000, 5.076368
12.000000, 34.000000, 4.415400
13.000000, 34.000000, 3.733996
14.000000, 34.000000, 3.126398
15.000000, 34.000000, 2.629974
16.000000, 34.000000, 2.250885
17.000000, 34.000000, 1.981634
18.000000, 34.000000, 1.808870
19.000000, 34.000000, 1.718649
20.000000, 34.000000, 1.692170
21.000000, 34.000000, 1.706202
22.000000, 34.000000, 1.746873
23.000000, 34.000000, 1.805581
24.000000, 34.000000, 1.876320
25.000000, 34.000000, 1.953904
26.000000, 34.000000, 2.038571
27.000000, 34.000000, 2.135739
28.000000, 34.000000, 2.249341
29.000000, 34.000000, 2.382028
30.000000, 34.000000, 2.536500
31.000000, 34.000000, 2.716182
32.000000, 34.000000, 2.924660
33.000000, 34.000000, 3.163743
34.000000, 34.000000, 3.423079
35.000000, 34.000000, 3.675365
36.000000, 34.000000, 3.899359
37.000000, 34.000000, 4.021022
38.000000, 34.000000, 3.979455
39.000000, 34.000000, 3.786189
40.000000, 34.000000, 3.517576
41.000000, 34.000000, 3.225502
42.000000, 34.000000, 2.920295
0.000000, 35.000000, 5.210032
1.000000, 35.000000, 5.306351
2.000000, 35.000000, 5.410926
3.000000, 35.000000, 5.525324
4.000000, 35.000000, 5.651848
5.000000, 35.000000, 5.792455
6.000000, 35.000000, 5.946750
7.000000, 35.000000, 6.106331
8.000000, 35.000000, 6.239939
9.000000, 35.000000, 6.260611
10.000000, 35.000000, 6.000811
11.000000, 35.000000, 5.350473
12.000000, 35.000000, 4.471061
13.000000, 35.000000, 3.611222
14.000000, 35.000000, 2.898461
15.000000, 35.000000, 2.348647
16.000000, 35.000000, 1.950173
17.000000, 35.000000, 1.684741
18.000000, 35.000000, 1.531517
19.000000, 35.000000, 1.467098
20.000000, 35.000000, 1.468692
21.000000, 35.000000, 1.515603
22.000000, 35.000000, 1.586291
23.000000, 35.000000, 1.665207
24.000000, 35.000000, 1.748506
25.000000, 35.000000, 1.841550
26.000000, 35.000000, 1.947504
27.000000, 35.000000, 2.068857
28.000000, 35.000000, 2.208613
29.000000, 35.000000, 2.370257
30.000000, 35.000000, 2.558056
31.000000, 35.000000, 2.777682
32.000000, 35.000000, 3.036435
33.000000, 35.000000, 3.342222
34.000000, 35.000000, 3.692054
35.000000, 35.000000, 4.067841
36.000000, 35.000000, 4.440382
37.000000, 35.000000, 4.680462
38.000000, 35.000000, 4.622152
39.000000, 35.000000, 4.296682
40.000000, 35.000000, 3.875397
41.000000, 35.000000, 3.452937
42.000000, 35.000000, 3.050923
0.000000, 36.000000, 5.176122
1.000000, 36.000000, 5.269399
2.000000, 36.000000, 5.372545
3.000000, 36.000000, 5.488412
4.000000, 36.000000, 5.621522
5.000000, 36.000000, 5.777938
6.000000, 36.000000, 5.965151
7.000000, 36.000000, 6.190223
8.000000, 36.000000, 6.450018
9.000000, 36.000000, 6.684088
10.000000, 36.000000, 6.586081
11.000000, 36.000000, 5.709476
12.000000, 36.000000, 4.482357
13.000000, 36.000000, 3.417758
14.000000, 36.000000, 2.610796
15.000000, 36.000000, 2.021368
16.000000, 36.000000, 1.614778
17.000000, 36.000000, 1.363691
18.000000, 36.000000, 1.241353
19.000000, 36.000000, 1.216223
20.000000, 36.000000, 1.255284
21.000000, 36.000000, 1.327332
22.000000, 36.000000, 1.411392
23.000000, 36.000000, 1.504980
24.000000, 36.000000, 1.607829
25.000000, 36.000000, 1.720881
26.000000, 36.000000, 1.846487
27.000000, 36.000000, 1.987934
28.000000, 36.000000, 2.149136
29.000000, 36.000000, 2.334609
30.000000, 36.000000, 2.549853
31.000000, 36.000000, 2.802365
32.000000, 36.000000, 3.103291
33.000000, 36.000000, 3.468620
34.000000, 36.000000, 3.910036
35.000000, 36.000000, 4.437899
36.000000, 36.000000, 5.055514
37.000000, 36.000000, 5.547940
38.000000, 36.000000, 5.450381
39.000000, 36.000000, 4.850322
40.000000, 36.000000, 4.197383
41.000000, 36.000000, 3.635069
42.000000, 36.000000, 3.158362
0.000000, 37.000000, 5.127319
1.000000, 37.000000, 5.213078
2.000000, 37.000000, 5.308309
3.000000, 37.000000, 5.416140
4.000000, 37.000000, 5.541747
5.000000, 37.000000, 5.692757
6.000000, 37.000000, 5.880524
7.000000, 37.000000, 6.122203
8.000000, 37.000000, 6.443604
9.000000, 37.000000, 6.869156
10.000000, 37.000000, 5.986867
11.000000, 37.000000, 5.747566
12.000000, 37.000000, 4.306512
13.000000, 37.000000, 3.110787
14.000000, 37.000000, 2.259087
15.000000, 37.000000, 1.655146
16.000000, 37.000000, 1.252625
17.000000, 37.000000, 1.026125
18.000000, 37.000000, 0.947795
19.000000, 37.000000, 0.972055
20.000000, 37.000000, 1.043247
21.000000, 37.000000, 1.133528
22.000000, 37.000000, 1.237237
23.000000, 37.000000, 1.350338
24.000000, 37.000000, 1.470728
25.000000, 37.000000, 1.599162
26.000000, 37.000000, 1.739292
27.000000, 37.000000, 1.895419
28.000000, 37.000000, 2.072252
29.000000, 37.000000, 2.275089
30.000000, 37.000000, 2.510018
31.000000, 37.000000, 2.784498
32.000000, 37.000000, 3.111088
33.000000, 37.000000, 3.512393
34.000000, 37.000000, 4.013627
35.000000, 37.000000, 4.657626
36.000000, 37.000000, 5.531800
37.000000, 37.000000, 5.206965
38.000000, 37.000000, 5.626941
39.000000, 37.000000, 5.243096
40.000000, 37.000000, 4.384035
41.000000, 37.000000, 3.736620
42.000000, 37.000000, 3.209023
0.000000, 38.000000, 5.064590
1.000000, 38.000000, 5.138336
2.000000, 38.000000, 5.219007
3.000000, 38.000000, 5.308846
4.000000, 38.000000, 5.411624
5.000000, 38.000000, 5.532697
6.000000, 38.000000, 5.679488
7.000000, 38.000000, 5.861496
8.000000, 38.000000, 6.086833
9.000000, 38.000000, 6.331817
10.000000, 38.000000, 6.125077
11.000000, 38.000000, 5.191324
12.000000, 38.000000, 3.818935
13.000000, 38.000000, 2.694957
14.000000, 38.000000, 1.870013
15.000000, 38.000000, 1.274912
16.000000, 38.000000, 0.880448
17.000000, 38.000000, 0.684335
18.000000, 38.000000, 0.662517
19.000000, 38.000000, 0.733461
20.000000, 38.000000, 0.840110
21.000000, 38.000000, 0.959058
22.000000, 38.000000, 1.081863
23.000000, 38.000000, 1.207814
24.000000, 38.000000, 1.339214
25.000000, 38.000000, 1.478779
26.000000, 38.000000, 1.628814
27.000000, 38.000000, 1.793785
28.000000, 38.000000, 1.979545
29.000000, 38.000000, 2.192063
30.000000, 38.000000, 2.438021
31.000000, 38.000000, 2.722567
32.000000, 38.000000, 3.051825
33.000000, 38.000000, 3.453837
34.000000, 38.000000, 3.952842
35.000000, 38.000000, 4.582917
36.000000, 38.000000, 5.407739
37.000000, 38.000000, 5.600264
38.000000, 38.000000, 5.727356
39.000000, 38.000000, 5.129731
40.000000, 38.000000, 4.331146
41.000000, 38.000000, 3.705125
42.000000, 38.000000, 3.180683
0.000000, 39.000000, 4.990357
1.000000, 39.000000, 5.048353
2.000000, 39.000000, 5.109004
3.000000, 39.000000, 5.172771
4.000000, 39.000000, 5.240522
5.000000, 39.000000, 5.312739
6.000000, 39.000000, 5.388090
7.000000, 39.000000, 5.459261
8.000000, 39.000000, 5.500350
9.000000, 39.000000, 5.430764
10.000000, 39.000000, 5.058259
11.000000, 39.000000, 4.235249
12.000000, 39.000000, 3.203341
13.000000, 39.000000, 2.258137
14.000000, 39.000000, 1.502597
15.000000, 39.000000, 0.924867
16.000000, 39.000000, 0.524481
17.000000, 39.000000, 0.351874
18.000000, 39.000000, 0.398423
19.000000, 39.000000, 0.532987
20.000000, 39.000000, 0.678989
21.000000, 39.000000, 0.818289
22.000000, 39.000000, 0.950861
23.000000, 39.000000, 1.081172
24.000000, 39.000000, 1.214555
25.000000, 39.000000, 1.356176
26.000000, 39.000000, 1.510666
27.000000, 39.000000, 1.681633
28.000000, 39.000000, 1.871943
29.000000, 39.000000, 2.086063
30.000000, 39.000000, 2.330413
31.000000, 39.000000, 2.608994
32.000000, 39.000000, 2.925166
33.000000, 39.000000, 3.299306
34.000000, 39.000000, 3.740601
35.000000, 39.000000, 4.239909
36.000000, 39.000000, 4.786999
37.000000, 39.000000, 5.197077
38.000000, 39.000000, 5.113333
39.000000, 39.000000, 4.612573
40.000000, 39.000000, 4.049049
41.000000, 39.000000, 3.543975
42.000000, 39.000000, 3.079539
0.000000, 40.000000, 4.908241
1.000000, 40.000000, 4.947786
2.000000, 40.000000, 4.985511
3.000000, 40.000000, 5.018719
4.000000, 40.000000, 5.045447
5.000000, 40.000000, 5.061272
6.000000, 40.000000, 5.057377
7.000000, 40.000000, 5.015849
8.000000, 40.000000, 4.901014
9.000000, 40.000000, 4.649472
10.000000, 40.000000, 4.184062
11.000000, 40.000000, 3.492804
12.000000, 40.000000, 2.685347
13.000000, 40.000000, 1.900473
14.000000, 40.000000, 1.222948
15.000000, 40.000000, 0.668558
16.000000, 40.000000, 0.246398
17.000000, 40.000000, 0.068323
18.000000, 40.000000, 0.221731
19.000000, 40.000000, 0.411277
20.000000, 40.000000, 0.575079
21.000000, 40.000000, 0.717524
22.000000, 40.000000, 0.847235
23.000000, 40.000000, 0.972362
24.000000, 40.000000, 1.100052
25.000000, 40.000000, 1.236455
26.000000, 40.000000, 1.386568
27.000000, 40.000000, 1.554119
28.000000, 40.000000, 1.742063
29.000000, 40.000000, 1.953100
30.000000, 40.000000, 2.189501
31.000000, 40.000000, 2.453200
32.000000, 40.000000, 2.747877
33.000000, 40.000000, 3.076827
34.000000, 40.000000, 3.430943
35.000000, 40.000000, 3.793039
36.000000, 40.000000, 4.135708
37.000000, 40.000000, 4.346873
38.000000, 40.000000, 4.304836
39.000000, 40.000000, 4.041034
40.000000, 40.000000, 3.679663
41.000000, 40.000000, 3.304747
42.000000, 40.000000, 2.926264
0.000000, 41.000000, 4.782806
1.000000, 41.000000, 4.828884
2.000000, 41.000000, 4.855060
3.000000, 41.000000, 4.859286
4.000000, 41.000000, 4.845624
5.000000, 41.000000, 4.808356
6.000000, 41.000000, 4.735409
7.000000, 41.000000, 4.607434
8.000000, 41.000000, 4.395689
9.000000, 41.000000, 4.065007
10.000000, 41.000000, 3.591037
11.000000, 41.000000, 2.989701
12.000000, 41.000000, 2.324483
13.000000, 41.000000, 1.669446
14.000000, 41.000000, 1.075745
15.000000, 41.000000, 0.583722
16.000000, 41.000000, 0.218705
17.000000, 41.000000, 0.078128
18.000000, 41.000000, 0.217562
19.000000, 41.000000, 0.385672
20.000000, 41.000000, 0.530220
21.000000, 41.000000, 0.655246
22.000000, 41.000000, 0.769212
23.000000, 41.000000, 0.880209
24.000000, 41.000000, 0.995365
25.000000, 41.000000, 1.121196
26.000000, 41.000000, 1.262901
27.000000, 41.000000, 1.422705
28.000000, 41.000000, 1.601579
29.000000, 41.000000, 1.800743
30.000000, 41.000000, 2.021488
31.000000, 41.000000, 2.263797
32.000000, 41.000000, 2.522178
33.000000, 41.000000, 2.795526
34.000000, 41.000000, 3.083291
35.000000, 41.000000, 3.355400
36.000000, 41.000000, 3.586013
37.000000, 41.000000, 3.708932
38.000000, 41.000000, 3.690549
39.000000, 41.000000, 3.543587
40.000000, 41.000000, 3.314184
41.000000, 41.000000, 3.043043
42.000000, 41.000000, 2.744601
0.000000, 42.000000, 4.663486
1.000000, 42.000000, 4.691157
2.000000, 42.000000, 4.705190
3.000000, 42.000000, 4.697683
4.000000, 42.000000, 4.656523
5.000000, 42.000000, 4.577164
6.000000, 42.000000, 4.452992
7.000000, 42.000000, 4.269101
8.000000, 42.000000, 4.006937
9.000000, 42.000000, 3.650515
10.000000, 42.000000, 3.197099
11.000000, 42.000000, 2.667886
12.000000, 42.000000, 2.107123
13.000000, 42.000000, 1.563916
14.000000, 42.000000, 1.064530
15.000000, 42.000000, 0.663336
16.000000, 42.000000, 0.391438
17.000000, 42.000000, 0.288621
18.000000, 42.000000, 0.332880
19.000000, 42.000000, 0.429431
20.000000, 42.000000, 0.528813
21.000000, 42.000000, 0.621585
22.000000, 42.000000, 0.710585
23.000000, 42.000000, 0.801308
24.000000, 42.000000, 0.899113
25.000000, 42.000000, 1.010049
26.000000, 42.000000, 1.142157
27.000000, 42.000000, 1.292884
28.000000, 42.000000, 1.460690
29.000000, 42.000000, 1.644917
30.000000, 42.000000, 1.841254
31.000000, 42.000000, 2.046380
32.000000, 42.000000, 2.266082
33.000000, 42.000000, 2.500660
34.000000, 42.000000, 2.740119
35.000000, 42.000000, 2.954252
36.000000, 42.000000, 3.115080
37.000000, 42.000000, 3.197905
38.000000, 42.000000, 3.198886
39.000000, 42.000000, 3.118497
40.000000, 42.000000, 2.974897
41.000000, 42.000000, 2.781960
42.000000, 42.000000, 2.552110
