S
I=43,J=43
0.000000, 0.000000, 2.604955
1.000000, 0.000000, 2.595292
2.000000, 0.000000, 2.581215
3.000000, 0.000000, 2.562065
4.000000, 0.000000, 2.537161
5.000000, 0.000000, 2.505818
6.000000, 0.000000, 2.467370
7.000000, 0.000000, 2.421235
8.000000, 0.000000, 2.366954
9.000000, 0.000000, 2.304182
10.000000, 0.000000, 2.230900
11.000000, 0.000000, 2.150281
12.000000, 0.000000, 2.063031
13.000000, 0.000000, 1.969629
14.000000, 0.000000, 1.870826
15.000000, 0.000000, 1.767706
16.000000, 0.000000, 1.661736
17.000000, 0.000000, 1.554822
18.000000, 0.000000, 1.449370
19.000000, 0.000000, 1.348351
20.000000, 0.000000, 1.255340
21.000000, 0.000000, 1.174493
22.000000, 0.000000, 1.110350
23.000000, 0.000000, 1.067317
24.000000, 0.000000, 1.048844
25.000000, 0.000000, 1.056528
26.000000, 0.000000, 1.089715
27.000000, 0.000000, 1.145835
28.000000, 0.000000, 1.221275
29.000000, 0.000000, 1.312230
30.000000, 0.000000, 1.415210
31.000000, 0.000000, 1.527220
32.000000, 0.000000, 1.645727
33.000000, 0.000000, 1.768546
34.000000, 0.000000, 1.907763
35.000000, 0.000000, 2.053223
36.000000, 0.000000, 2.191655
37.000000, 0.000000, 2.319022
38.000000, 0.000000, 2.431792
39.000000, 0.000000, 2.527322
40.000000, 0.000000, 2.604109
41.000000, 0.000000, 2.678613
42.000000, 0.000000, 2.726984
0.000000, 1.000000, 2.672478
1.000000, 1.000000, 2.665643
2.000000, 1.000000, 2.653908
3.000000, 1.000000, 2.636639
4.000000, 1.000000, 2.613010
5.000000, 1.000000, 2.582177
6.000000, 1.000000, 2.543270
7.000000, 1.000000, 2.495453
8.000000, 1.000000, 2.437953
9.000000, 1.000000, 2.370447
10.000000, 1.000000, 2.293644
11.000000, 1.000000, 2.208117
12.000000, 1.000000, 2.114370
13.000000, 1.000000, 2.012888
14.000000, 1.000000, 1.904400
15.000000, 1.000000, 1.789984
16.000000, 1.000000, 1.671160
17.000000, 1.000000, 1.549944
18.000000, 1.000000, 1.428951
19.000000, 1.000000, 1.311505
20.000000, 1.000000, 1.201770
21.000000, 1.000000, 1.104863
22.000000, 1.000000, 1.026760
23.000000, 1.000000, 0.973716
24.000000, 1.000000, 0.950919
25.000000, 1.000000, 0.960833
26.000000, 1.000000, 1.002292
27.000000, 1.000000, 1.071239
28.000000, 1.000000, 1.162428
29.000000, 1.000000, 1.270828
30.000000, 1.000000, 1.392275
31.000000, 1.000000, 1.523488
32.000000, 1.000000, 1.661940
33.000000, 1.000000, 1.812491
34.000000, 1.000000, 1.982608
35.000000, 1.000000, 2.151262
36.000000, 1.000000, 2.311074
37.000000, 1.000000, 2.456861
38.000000, 1.000000, 2.584025
39.000000, 1.000000, 2.689175
40.000000, 1.000000, 2.770783
41.000000, 1.000000, 2.835016
42.000000, 1.000000, 2.883110
0.000000, 2.000000, 2.747141
1.000000, 2.000000, 2.743540
2.000000, 2.000000, 2.734691
3.000000, 2.000000, 2.719858
4.000000, 2.000000, 2.698065
5.000000, 2.000000, 2.668278
6.000000, 2.000000, 2.629398
7.000000, 2.000000, 2.580305
8.000000, 2.000000, 2.519956
9.000000, 2.000000, 2.449229
10.000000, 2.000000, 2.368985
11.000000, 2.000000, 2.278673
12.000000, 2.000000, 2.178439
13.000000, 2.000000, 2.068634
14.000000, 2.000000, 1.949921
15.000000, 2.000000, 1.823350
16.000000, 2.000000, 1.690446
17.000000, 2.000000, 1.553306
18.000000, 2.000000, 1.414691
19.000000, 2.000000, 1.278184
20.000000, 2.000000, 1.148465
21.000000, 2.000000, 1.031626
22.000000, 2.000000, 0.935431
23.000000, 2.000000, 0.868885
24.000000, 2.000000, 0.840203
25.000000, 2.000000, 0.853397
26.000000, 2.000000, 0.906200
27.000000, 2.000000, 0.991777
28.000000, 2.000000, 1.102274
29.000000, 2.000000, 1.231127
30.000000, 2.000000, 1.373598
31.000000, 2.000000, 1.526403
32.000000, 2.000000, 1.688682
33.000000, 2.000000, 1.876280
34.000000, 2.000000, 2.076179
35.000000, 2.000000, 2.272101
36.000000, 2.000000, 2.457326
37.000000, 2.000000, 2.624934
38.000000, 2.000000, 2.768601
39.000000, 2.000000, 2.883760
40.000000, 2.000000, 2.968456
41.000000, 2.000000, 3.024460
42.000000, 2.000000, 3.062982
0.000000, 3.000000, 2.829430
1.000000, 3.000000, 2.829666
2.000000, 3.000000, 2.824336
3.000000, 3.000000, 2.812599
4.000000, 3.000000, 2.793324
5.000000, 3.000000, 2.765275
6.000000, 3.000000, 2.727118
7.000000, 3.000000, 2.677426
8.000000, 3.000000, 2.615121
9.000000, 3.000000, 2.542553
10.000000, 3.000000, 2.459329
11.000000, 3.000000, 2.364494
12.000000, 3.000000, 2.257894
13.000000, 3.000000, 2.139675
14.000000, 3.000000, 2.010356
15.000000, 3.000000, 1.870912
16.000000, 3.000000, 1.722861
17.000000, 3.000000, 1.568328
18.000000, 3.000000, 1.410156
19.000000, 3.000000, 1.252072
20.000000, 3.000000, 1.099038
21.000000, 3.000000, 0.957905
22.000000, 3.000000, 0.838349
23.000000, 3.000000, 0.753318
24.000000, 3.000000, 0.716488
25.000000, 3.000000, 0.734970
26.000000, 3.000000, 0.803957
27.000000, 3.000000, 0.911232
28.000000, 3.000000, 1.045004
29.000000, 3.000000, 1.197133
30.000000, 3.000000, 1.362772
31.000000, 3.000000, 1.539245
32.000000, 3.000000, 1.733775
33.000000, 3.000000, 1.960133
34.000000, 3.000000, 2.192215
35.000000, 3.000000, 2.420524
36.000000, 3.000000, 2.636581
37.000000, 3.000000, 2.830693
38.000000, 3.000000, 2.993635
39.000000, 3.000000, 3.118841
40.000000, 3.000000, 3.204078
41.000000, 3.000000, 3.251671
42.000000, 3.000000, 3.270753
0.000000, 4.000000, 2.919873
1.000000, 4.000000, 2.924626
2.000000, 4.000000, 2.923544
3.000000, 4.000000, 2.915683
4.000000, 4.000000, 2.899759
5.000000, 4.000000, 2.874332
6.000000, 4.000000, 2.837813
7.000000, 4.000000, 2.788472
8.000000, 4.000000, 2.725562
9.000000, 4.000000, 2.652332
10.000000, 4.000000, 2.566871
11.000000, 4.000000, 2.468075
12.000000, 4.000000, 2.355482
13.000000, 4.000000, 2.228972
14.000000, 4.000000, 2.088865
15.000000, 4.000000, 1.936023
16.000000, 4.000000, 1.771929
17.000000, 4.000000, 1.598749
18.000000, 4.000000, 1.419372
19.000000, 4.000000, 1.237538
20.000000, 4.000000, 1.058167
21.000000, 4.000000, 0.888261
22.000000, 4.000000, 0.738827
23.000000, 4.000000, 0.627807
24.000000, 4.000000, 0.579123
25.000000, 4.000000, 0.606939
26.000000, 4.000000, 0.699972
27.000000, 4.000000, 0.835333
28.000000, 4.000000, 0.996111
29.000000, 4.000000, 1.173438
30.000000, 4.000000, 1.363391
31.000000, 4.000000, 1.565592
32.000000, 4.000000, 1.801269
33.000000, 4.000000, 2.064063
34.000000, 4.000000, 2.333140
35.000000, 4.000000, 2.600640
36.000000, 4.000000, 2.855349
37.000000, 4.000000, 3.083034
38.000000, 4.000000, 3.269306
39.000000, 4.000000, 3.404039
40.000000, 4.000000, 3.484824
41.000000, 4.000000, 3.517032
42.000000, 4.000000, 3.511270
0.000000, 5.000000, 3.019015
1.000000, 5.000000, 3.029049
2.000000, 5.000000, 3.033038
3.000000, 5.000000, 3.029954
4.000000, 5.000000, 3.018362
5.000000, 5.000000, 2.996622
6.000000, 5.000000, 2.962894
7.000000, 5.000000, 2.915130
8.000000, 5.000000, 2.853303
9.000000, 5.000000, 2.780603
10.000000, 5.000000, 2.693981
11.000000, 5.000000, 2.592155
12.000000, 5.000000, 2.474292
13.000000, 5.000000, 2.339931
14.000000, 5.000000, 2.189128
15.000000, 5.000000, 2.022597
16.000000, 5.000000, 1.841806
17.000000, 5.000000, 1.649009
18.000000, 5.000000, 1.447217
19.000000, 5.000000, 1.240164
20.000000, 5.000000, 1.032458
21.000000, 5.000000, 0.830336
22.000000, 5.000000, 0.644206
23.000000, 5.000000, 0.495878
24.000000, 5.000000, 0.428303
25.000000, 5.000000, 0.474281
26.000000, 5.000000, 0.603684
27.000000, 5.000000, 0.773440
28.000000, 5.000000, 0.963031
29.000000, 5.000000, 1.165405
30.000000, 5.000000, 1.379046
31.000000, 5.000000, 1.610601
32.000000, 5.000000, 1.888112
33.000000, 5.000000, 2.187864
34.000000, 5.000000, 2.499698
35.000000, 5.000000, 2.815610
36.000000, 5.000000, 3.120803
37.000000, 5.000000, 3.393517
38.000000, 5.000000, 3.609658
39.000000, 5.000000, 3.752215
40.000000, 5.000000, 3.819205
41.000000, 5.000000, 3.822881
42.000000, 5.000000, 3.781944
0.000000, 6.000000, 3.127421
1.000000, 6.000000, 3.143576
2.000000, 6.000000, 3.153559
3.000000, 6.000000, 3.156271
4.000000, 6.000000, 3.150130
5.000000, 6.000000, 3.133297
6.000000, 6.000000, 3.103631
7.000000, 6.000000, 3.058752
8.000000, 6.000000, 2.999698
9.000000, 6.000000, 2.928640
10.000000, 6.000000, 2.842189
11.000000, 6.000000, 2.738822
12.000000, 6.000000, 2.617191
13.000000, 6.000000, 2.476094
14.000000, 6.000000, 2.315240
15.000000, 6.000000, 2.135155
16.000000, 6.000000, 1.937281
17.000000, 6.000000, 1.724188
18.000000, 6.000000, 1.499261
19.000000, 6.000000, 1.266497
20.000000, 6.000000, 1.030285
21.000000, 6.000000, 0.795552
22.000000, 6.000000, 0.569326
23.000000, 6.000000, 0.369457
24.000000, 6.000000, 0.267290
25.000000, 6.000000, 0.352513
26.000000, 6.000000, 0.532918
27.000000, 6.000000, 0.738399
28.000000, 6.000000, 0.954025
29.000000, 6.000000, 1.177993
30.000000, 6.000000, 1.412413
31.000000, 6.000000, 1.676987
32.000000, 6.000000, 1.990167
33.000000, 6.000000, 2.328218
34.000000, 6.000000, 2.688924
35.000000, 6.000000, 3.065479
36.000000, 6.000000, 3.439522
37.000000, 6.000000, 3.777193
38.000000, 6.000000, 4.034877
39.000000, 6.000000, 4.180803
40.000000, 6.000000, 4.215852
41.000000, 6.000000, 4.168662
42.000000, 6.000000, 4.073967
0.000000, 7.000000, 3.245690
1.000000, 7.000000, 3.268801
2.000000, 7.000000, 3.285209
3.000000, 7.000000, 3.292711
4.000000, 7.000000, 3.288604
5.000000, 7.000000, 3.271324
6.000000, 7.000000, 3.240421
7.000000, 7.000000, 3.194140
8.000000, 7.000000, 3.135813
9.000000, 7.000000, 3.066602
10.000000, 7.000000, 2.982509
11.000000, 7.000000, 2.881382
12.000000, 7.000000, 2.761043
13.000000, 7.000000, 2.619369
14.000000, 7.000000, 2.455188
15.000000, 7.000000, 2.267855
16.000000, 7.000000, 2.058006
17.000000, 7.000000, 1.827656
18.000000, 7.000000, 1.580942
19.000000, 7.000000, 1.323362
20.000000, 7.000000, 1.060694
21.000000, 7.000000, 0.797845
22.000000, 7.000000, 0.538894
23.000000, 7.000000, 0.289677
24.000000, 7.000000, 0.133427
25.000000, 7.000000, 0.288434
26.000000, 7.000000, 0.513557
27.000000, 7.000000, 0.743039
28.000000, 7.000000, 0.975483
29.000000, 7.000000, 1.213943
30.000000, 7.000000, 1.464301
31.000000, 7.000000, 1.759683
32.000000, 7.000000, 2.101044
33.000000, 7.000000, 2.476527
34.000000, 7.000000, 2.890755
35.000000, 7.000000, 3.342293
36.000000, 7.000000, 3.813062
37.000000, 7.000000, 4.252499
38.000000, 7.000000, 4.575335
39.000000, 7.000000, 4.712933
40.000000, 7.000000, 4.678935
41.000000, 7.000000, 4.543776
42.000000, 7.000000, 4.370230
0.000000, 8.000000, 3.374452
1.000000, 8.000000, 3.388891
2.000000, 8.000000, 3.396981
3.000000, 8.000000, 3.396974
4.000000, 8.000000, 3.389676
5.000000, 8.000000, 3.373869
6.000000, 8.000000, 3.347345
7.000000, 8.000000, 3.307478
8.000000, 8.000000, 3.256896
9.000000, 8.000000, 3.195703
10.000000, 8.000000, 3.119172
11.000000, 8.000000, 3.024418
12.000000, 8.000000, 2.908445
13.000000, 8.000000, 2.768401
14.000000, 8.000000, 2.602067
15.000000, 8.000000, 2.408485
16.000000, 8.000000, 2.188566
17.000000, 8.000000, 1.945393
18.000000, 8.000000, 1.683910
19.000000, 8.000000, 1.409948
20.000000, 8.000000, 1.129346
21.000000, 8.000000, 0.848688
22.000000, 8.000000, 0.576992
23.000000, 8.000000, 0.331886
24.000000, 8.000000, 0.210466
25.000000, 8.000000, 0.344128
26.000000, 8.000000, 0.562109
27.000000, 8.000000, 0.792640
28.000000, 8.000000, 1.028606
29.000000, 8.000000, 1.272006
30.000000, 8.000000, 1.532441
31.000000, 8.000000, 1.848943
32.000000, 8.000000, 2.209893
33.000000, 8.000000, 2.617025
34.000000, 8.000000, 3.083461
35.000000, 8.000000, 3.620420
36.000000, 8.000000, 4.223849
37.000000, 8.000000, 4.834536
38.000000, 8.000000, 5.278427
39.000000, 8.000000, 5.373664
40.000000, 8.000000, 5.191761
41.000000, 8.000000, 4.913899
42.000000, 8.000000, 4.636948
0.000000, 9.000000, 3.453534
1.000000, 9.000000, 3.467216
2.000000, 9.000000, 3.477915
3.000000, 9.000000, 3.484378
4.000000, 9.000000, 3.485104
5.000000, 9.000000, 3.478189
6.000000, 9.000000, 3.461241
7.000000, 9.000000, 3.431561
8.000000, 9.000000, 3.392303
9.000000, 9.000000, 3.342752
10.000000, 9.000000, 3.277882
11.000000, 9.000000, 3.194167
12.000000, 9.000000, 3.087633
13.000000, 9.000000, 2.954109
14.000000, 9.000000, 2.789874
15.000000, 9.000000, 2.592673
16.000000, 9.000000, 2.362898
17.000000, 9.000000, 2.104390
18.000000, 9.000000, 1.824338
19.000000, 9.000000, 1.532165
20.000000, 9.000000, 1.238081
21.000000, 9.000000, 0.952498
22.000000, 9.000000, 0.688599
23.000000, 9.000000, 0.477576
24.000000, 9.000000, 0.395883
25.000000, 9.000000, 0.484948
26.000000, 9.000000, 0.667063
27.000000, 9.000000, 0.881062
28.000000, 9.000000, 1.108174
29.000000, 9.000000, 1.346407
30.000000, 9.000000, 1.609688
31.000000, 9.000000, 1.933068
32.000000, 9.000000, 2.301591
33.000000, 9.000000, 2.726885
34.000000, 9.000000, 3.231019
35.000000, 9.000000, 3.843556
36.000000, 9.000000, 4.597635
37.000000, 9.000000, 5.485983
38.000000, 9.000000, 6.182518
39.000000, 9.000000, 6.142376
40.000000, 9.000000, 5.666236
41.000000, 9.000000, 5.200531
42.000000, 9.000000, 4.819392
0.000000, 10.000000, 3.522032
1.000000, 10.000000, 3.542311
2.000000, 10.000000, 3.560430
3.000000, 10.000000, 3.575254
4.000000, 10.000000, 3.585371
5.000000, 10.000000, 3.588957
6.000000, 10.000000, 3.583678
7.000000, 10.000000, 3.566883
8.000000, 10.000000, 3.541925
9.000000, 10.000000, 3.507830
10.000000, 10.000000, 3.459413
11.000000, 10.000000, 3.392627
12.000000, 10.000000, 3.302440
13.000000, 10.000000, 3.182965
14.000000, 10.000000, 3.028150
15.000000, 10.000000, 2.833326
16.000000, 10.000000, 2.597409
17.000000, 10.000000, 2.324886
18.000000, 10.000000, 2.026136
19.000000, 10.000000, 1.715497
20.000000, 10.000000, 1.408677
21.000000, 10.000000, 1.121765
22.000000, 10.000000, 0.873487
23.000000, 10.000000, 0.691397
24.000000, 10.000000, 0.613961
25.000000, 10.000000, 0.661842
26.000000, 10.000000, 0.806420
27.000000, 10.000000, 0.995703
28.000000, 10.000000, 1.204336
29.000000, 10.000000, 1.427808
30.000000, 10.000000, 1.684367
31.000000, 10.000000, 1.999172
32.000000, 10.000000, 2.359287
33.000000, 10.000000, 2.780800
34.000000, 10.000000, 3.290260
35.000000, 10.000000, 3.928303
36.000000, 10.000000, 4.759130
37.000000, 10.000000, 5.857764
38.000000, 10.000000, 5.520829
39.000000, 10.000000, 6.563558
40.000000, 10.000000, 5.864164
41.000000, 10.000000, 5.283300
42.000000, 10.000000, 4.854328
0.000000, 11.000000, 3.591453
1.000000, 11.000000, 3.618628
2.000000, 11.000000, 3.644648
3.000000, 11.000000, 3.668545
4.000000, 11.000000, 3.689078
5.000000, 11.000000, 3.704592
6.000000, 11.000000, 3.712937
7.000000, 11.000000, 3.711623
8.000000, 11.000000, 3.703914
9.000000, 11.000000, 3.689259
10.000000, 11.000000, 3.662653
11.000000, 11.000000, 3.619881
12.000000, 11.000000, 3.555072
13.000000, 11.000000, 3.460325
14.000000, 11.000000, 3.326123
15.000000, 11.000000, 3.143265
16.000000, 11.000000, 2.906810
17.000000, 11.000000, 2.620805
18.000000, 11.000000, 2.300179
19.000000, 11.000000, 1.966847
20.000000, 11.000000, 1.643821
21.000000, 11.000000, 1.352451
22.000000, 11.000000, 1.112970
23.000000, 11.000000, 0.946105
24.000000, 11.000000, 0.869124
25.000000, 11.000000, 0.883673
26.000000, 11.000000, 0.975532
27.000000, 11.000000, 1.123989
28.000000, 11.000000, 1.305124
29.000000, 11.000000, 1.505023
30.000000, 11.000000, 1.743854
31.000000, 11.000000, 2.035067
32.000000, 11.000000, 2.368720
33.000000, 11.000000, 2.759932
34.000000, 11.000000, 3.231786
35.000000, 11.000000, 3.816973
36.000000, 11.000000, 4.556752
37.000000, 11.000000, 5.462411
38.000000, 11.000000, 6.174835
39.000000, 11.000000, 6.100834
40.000000, 11.000000, 5.567259
41.000000, 11.000000, 5.083703
42.000000, 11.000000, 4.706103
0.000000, 12.000000, 3.660925
1.000000, 12.000000, 3.695097
2.000000, 12.000000, 3.729258
3.000000, 12.000000, 3.762674
4.000000, 12.000000, 3.794362
5.000000, 12.000000, 3.822932
6.000000, 12.000000, 3.846522
7.000000, 12.000000, 3.862926
8.000000, 12.000000, 3.875076
9.000000, 12.000000, 3.883562
10.000000, 12.000000, 3.884152
11.000000, 12.000000, 3.873270
12.000000, 12.000000, 3.845004
13.000000, 12.000000, 3.789787
14.000000, 12.000000, 3.693549
15.000000, 12.000000, 3.539022
16.000000, 12.000000, 3.311869
17.000000, 12.000000, 3.011663
18.000000, 12.000000, 2.659969
19.000000, 12.000000, 2.291792
20.000000, 12.000000, 1.940556
21.000000, 12.000000, 1.633060
22.000000, 12.000000, 1.388319
23.000000, 12.000000, 1.219293
24.000000, 12.000000, 1.131870
25.000000, 12.000000, 1.121563
26.000000, 12.000000, 1.174021
27.000000, 12.000000, 1.271019
28.000000, 12.000000, 1.402617
29.000000, 12.000000, 1.567268
30.000000, 12.000000, 1.777028
31.000000, 12.000000, 2.031655
32.000000, 12.000000, 2.322089
33.000000, 12.000000, 2.659196
34.000000, 12.000000, 3.057526
35.000000, 12.000000, 3.532171
36.000000, 12.000000, 4.086287
37.000000, 12.000000, 4.668073
38.000000, 12.000000, 5.092043
39.000000, 12.000000, 5.150205
40.000000, 12.000000, 4.935940
41.000000, 12.000000, 4.653018
42.000000, 12.000000, 4.394287
0.000000, 13.000000, 3.729531
1.000000, 13.000000, 3.770533
2.000000, 13.000000, 3.812751
3.000000, 13.000000, 3.855765
4.000000, 13.000000, 3.898934
5.000000, 13.000000, 3.941229
6.000000, 13.000000, 3.981150
7.000000, 13.000000, 4.016838
8.000000, 13.000000, 4.050707
9.000000, 13.000000, 4.085011
10.000000, 13.000000, 4.117187
11.000000, 13.000000, 4.145631
12.000000, 13.000000, 4.166231
13.000000, 13.000000, 4.169689
14.000000, 13.000000, 4.137888
15.000000, 13.000000, 4.041091
16.000000, 13.000000, 3.843574
17.000000, 13.000000, 3.527973
18.000000, 13.000000, 3.124562
19.000000, 13.000000, 2.695592
20.000000, 13.000000, 2.293486
21.000000, 13.000000, 1.951637
22.000000, 13.000000, 1.685369
23.000000, 13.000000, 1.499423
24.000000, 13.000000, 1.391258
25.000000, 13.000000, 1.351828
26.000000, 13.000000, 1.367394
27.000000, 13.000000, 1.423009
28.000000, 13.000000, 1.506415
29.000000, 13.000000, 1.614022
30.000000, 13.000000, 1.777210
31.000000, 13.000000, 1.984693
32.000000, 13.000000, 2.220025
33.000000, 13.000000, 2.489320
34.000000, 13.000000, 2.799734
35.000000, 13.000000, 3.153523
36.000000, 13.000000, 3.538448
37.000000, 13.000000, 3.908913
38.000000, 13.000000, 4.180322
39.000000, 13.000000, 4.282889
40.000000, 13.000000, 4.235695
41.000000, 13.000000, 4.114274
42.000000, 13.000000, 3.978343
0.000000, 14.000000, 3.796361
1.000000, 14.000000, 3.843703
2.000000, 14.000000, 3.893492
3.000000, 14.000000, 3.945696
4.000000, 14.000000, 4.000123
5.000000, 14.000000, 4.056202
6.000000, 14.000000, 4.112836
7.000000, 14.000000, 4.168472
8.000000, 14.000000, 4.224695
9.000000, 14.000000, 4.285482
10.000000, 14.000000, 4.351030
11.000000, 14.000000, 4.423405
12.000000, 14.000000, 4.503205
13.000000, 14.000000, 4.586019
14.000000, 14.000000, 4.655418
15.000000, 14.000000, 4.669353
16.000000, 14.000000, 4.548191
17.000000, 14.000000, 4.217502
18.000000, 14.000000, 3.717011
19.000000, 14.000000, 3.176450
20.000000, 14.000000, 2.689681
21.000000, 14.000000, 2.292148
22.000000, 14.000000, 1.989223
23.000000, 14.000000, 1.775039
24.000000, 14.000000, 1.638828
25.000000, 14.000000, 1.566527
26.000000, 14.000000, 1.543896
27.000000, 14.000000, 1.557736
28.000000, 14.000000, 1.596747
29.000000, 14.000000, 1.654974
30.000000, 14.000000, 1.755975
31.000000, 14.000000, 1.901483
32.000000, 14.000000, 2.079538
33.000000, 14.000000, 2.282112
34.000000, 14.000000, 2.510093
35.000000, 14.000000, 2.760864
36.000000, 14.000000, 3.022100
37.000000, 14.000000, 3.266870
38.000000, 14.000000, 3.457599
39.000000, 14.000000, 3.566584
40.000000, 14.000000, 3.596564
41.000000, 14.000000, 3.574825
42.000000, 14.000000, 3.531628
0.000000, 15.000000, 3.860610
1.000000, 15.000000, 3.913451
2.000000, 15.000000, 3.969839
3.000000, 15.000000, 4.030200
4.000000, 15.000000, 4.094925
5.000000, 15.000000, 4.164073
6.000000, 15.000000, 4.237005
7.000000, 15.000000, 4.312238
8.000000, 15.000000, 4.389929
9.000000, 15.000000, 4.474942
10.000000, 15.000000, 4.571135
11.000000, 15.000000, 4.685812
12.000000, 15.000000, 4.827083
13.000000, 15.000000, 5.001548
14.000000, 15.000000, 5.208500
15.000000, 15.000000, 5.416879
16.000000, 15.000000, 5.488641
17.000000, 15.000000, 5.146274
18.000000, 15.000000, 4.436029
19.000000, 15.000000, 3.705020
20.000000, 15.000000, 3.098860
21.000000, 15.000000, 2.630118
22.000000, 15.000000, 2.281546
23.000000, 15.000000, 2.033056
24.000000, 15.000000, 1.865790
25.000000, 15.000000, 1.759012
26.000000, 15.000000, 1.698045
27.000000, 15.000000, 1.670920
28.000000, 15.000000, 1.665973
29.000000, 15.000000, 1.677292
30.000000, 15.000000, 1.727210
31.000000, 15.000000, 1.805631
32.000000, 15.000000, 1.913357
33.000000, 15.000000, 2.051073
34.000000, 15.000000, 2.205749
35.000000, 15.000000, 2.373493
36.000000, 15.000000, 2.546826
37.000000, 15.000000, 2.712393
38.000000, 15.000000, 2.853770
39.000000, 15.000000, 2.958794
40.000000, 15.000000, 3.026150
41.000000, 15.000000, 3.064768
42.000000, 15.000000, 3.088652
0.000000, 16.000000, 3.921702
1.000000, 16.000000, 3.978847
2.000000, 16.000000, 4.040333
3.000000, 16.000000, 4.107059
4.000000, 16.000000, 4.180140
5.000000, 16.000000, 4.260575
6.000000, 16.000000, 4.348531
7.000000, 16.000000, 4.442276
8.000000, 16.000000, 4.539282
9.000000, 16.000000, 4.642749
10.000000, 16.000000, 4.760885
11.000000, 16.000000, 4.907157
12.000000, 16.000000, 5.097276
13.000000, 16.000000, 5.349959
14.000000, 16.000000, 5.689935
15.000000, 16.000000, 6.144946
16.000000, 16.000000, 6.345788
17.000000, 16.000000, 5.916871
18.000000, 16.000000, 5.164215
19.000000, 16.000000, 4.190279
20.000000, 16.000000, 3.466115
21.000000, 16.000000, 2.932507
22.000000, 16.000000, 2.541880
23.000000, 16.000000, 2.260187
24.000000, 16.000000, 2.061308
25.000000, 16.000000, 1.923387
26.000000, 16.000000, 1.828407
27.000000, 16.000000, 1.761587
28.000000, 16.000000, 1.712827
29.000000, 16.000000, 1.677597
30.000000, 16.000000, 1.677973
31.000000, 16.000000, 1.702732
32.000000, 16.000000, 1.741188
33.000000, 16.000000, 1.806228
34.000000, 16.000000, 1.897633
35.000000, 16.000000, 2.000357
36.000000, 16.000000, 2.110662
37.000000, 16.000000, 2.223564
38.000000, 16.000000, 2.332568
39.000000, 16.000000, 2.431964
40.000000, 16.000000, 2.519164
41.000000, 16.000000, 2.596132
42.000000, 16.000000, 2.679155
0.000000, 17.000000, 3.979431
1.000000, 17.000000, 4.039419
2.000000, 17.000000, 4.104009
3.000000, 17.000000, 4.174463
4.000000, 17.000000, 4.252630
5.000000, 17.000000, 4.340869
6.000000, 17.000000, 4.441216
7.000000, 17.000000, 4.552457
8.000000, 17.000000, 4.666637
9.000000, 17.000000, 4.779338
10.000000, 17.000000, 4.904562
11.000000, 17.000000, 5.063375
12.000000, 17.000000, 5.274408
13.000000, 17.000000, 5.558210
14.000000, 17.000000, 5.943376
15.000000, 17.000000, 6.466908
16.000000, 17.000000, 6.670647
17.000000, 17.000000, 6.214560
18.000000, 17.000000, 5.518476
19.000000, 17.000000, 4.487773
20.000000, 17.000000, 3.727516
21.000000, 17.000000, 3.167208
22.000000, 17.000000, 2.753555
23.000000, 17.000000, 2.448965
24.000000, 17.000000, 2.225019
25.000000, 17.000000, 2.058035
26.000000, 17.000000, 1.929348
27.000000, 17.000000, 1.825411
28.000000, 17.000000, 1.736436
29.000000, 17.000000, 1.657601
30.000000, 17.000000, 1.610435
31.000000, 17.000000, 1.586039
32.000000, 17.000000, 1.570954
33.000000, 17.000000, 1.567861
34.000000, 17.000000, 1.593061
35.000000, 17.000000, 1.643531
36.000000, 17.000000, 1.707218
37.000000, 17.000000, 1.783633
38.000000, 17.000000, 1.871269
39.000000, 17.000000, 1.967104
40.000000, 17.000000, 2.067962
41.000000, 17.000000, 2.182006
42.000000, 17.000000, 2.316004
0.000000, 18.000000, 4.034096
1.000000, 18.000000, 4.095383
2.000000, 18.000000, 4.160824
3.000000, 18.000000, 4.231701
4.000000, 18.000000, 4.310199
5.000000, 18.000000, 4.399901
6.000000, 18.000000, 4.506227
7.000000, 18.000000, 4.633663
8.000000, 18.000000, 4.767520
9.000000, 18.000000, 4.875903
10.000000, 18.000000, 4.989243
11.000000, 18.000000, 5.140144
12.000000, 18.000000, 5.340106
13.000000, 18.000000, 5.597736
14.000000, 18.000000, 5.916423
15.000000, 18.000000, 6.266747
16.000000, 18.000000, 6.481131
17.000000, 18.000000, 6.171383
18.000000, 18.000000, 5.372556
19.000000, 18.000000, 4.541052
20.000000, 18.000000, 3.853972
21.000000, 18.000000, 3.318796
22.000000, 18.000000, 2.907876
23.000000, 18.000000, 2.591768
24.000000, 18.000000, 2.347775
25.000000, 18.000000, 2.155970
26.000000, 18.000000, 1.999666
27.000000, 18.000000, 1.864955
28.000000, 18.000000, 1.741104
29.000000, 18.000000, 1.622900
30.000000, 18.000000, 1.531295
31.000000, 18.000000, 1.462355
32.000000, 18.000000, 1.399548
33.000000, 18.000000, 1.344866
34.000000, 18.000000, 1.305680
35.000000, 18.000000, 1.303051
36.000000, 18.000000, 1.330140
37.000000, 18.000000, 1.380587
38.000000, 18.000000, 1.455414
39.000000, 18.000000, 1.552316
40.000000, 18.000000, 1.673291
41.000000, 18.000000, 1.828757
42.000000, 18.000000, 1.995394
0.000000, 19.000000, 4.086545
1.000000, 19.000000, 4.147812
2.000000, 19.000000, 4.212054
3.000000, 19.000000, 4.280080
4.000000, 19.000000, 4.353468
5.000000, 19.000000, 4.435272
6.000000, 19.000000, 4.532096
7.000000, 19.000000, 4.659694
8.000000, 19.000000, 4.830149
9.000000, 19.000000, 4.910184
10.000000, 19.000000, 5.004282
11.000000, 19.000000, 5.138154
12.000000, 19.000000, 5.305838
13.000000, 19.000000, 5.502972
14.000000, 19.000000, 5.711639
15.000000, 19.000000, 5.876010
16.000000, 19.000000, 5.879130
17.000000, 19.000000, 5.594182
18.000000, 19.000000, 5.054892
19.000000, 19.000000, 4.437467
20.000000, 19.000000, 3.869927
21.000000, 19.000000, 3.390315
22.000000, 19.000000, 2.996285
23.000000, 19.000000, 2.680353
24.000000, 19.000000, 2.426601
25.000000, 19.000000, 2.219090
26.000000, 19.000000, 2.043449
27.000000, 19.000000, 1.885966
28.000000, 19.000000, 1.733649
29.000000, 19.000000, 1.581454
30.000000, 19.000000, 1.449724
31.000000, 19.000000, 1.341842
32.000000, 19.000000, 1.236605
33.000000, 19.000000, 1.135740
34.000000, 19.000000, 1.046298
35.000000, 19.000000, 0.984530
36.000000, 19.000000, 0.974667
37.000000, 19.000000, 1.006248
38.000000, 19.000000, 1.076755
39.000000, 19.000000, 1.185173
40.000000, 19.000000, 1.343294
41.000000, 19.000000, 1.529089
42.000000, 19.000000, 1.722197
0.000000, 20.000000, 4.138123
1.000000, 20.000000, 4.198576
2.000000, 20.000000, 4.260362
3.000000, 20.000000, 4.323454
4.000000, 20.000000, 4.388003
5.000000, 20.000000, 4.454309
6.000000, 20.000000, 4.522789
7.000000, 20.000000, 4.594352
8.000000, 20.000000, 4.692874
9.000000, 20.000000, 4.834905
10.000000, 20.000000, 4.954434
11.000000, 20.000000, 5.075878
12.000000, 20.000000, 5.203619
13.000000, 20.000000, 5.333819
14.000000, 20.000000, 5.447100
15.000000, 20.000000, 5.491464
16.000000, 20.000000, 5.403962
17.000000, 20.000000, 5.145801
18.000000, 20.000000, 4.743476
19.000000, 20.000000, 4.277134
20.000000, 20.000000, 3.813527
21.000000, 20.000000, 3.388067
22.000000, 20.000000, 3.024630
23.000000, 20.000000, 2.721019
24.000000, 20.000000, 2.467462
25.000000, 20.000000, 2.252633
26.000000, 20.000000, 2.065391
27.000000, 20.000000, 1.894523
28.000000, 20.000000, 1.720869
29.000000, 20.000000, 1.542007
30.000000, 20.000000, 1.376849
31.000000, 20.000000, 1.237232
32.000000, 20.000000, 1.096357
33.000000, 20.000000, 0.953863
34.000000, 20.000000, 0.816710
35.000000, 20.000000, 0.701310
36.000000, 20.000000, 0.640202
37.000000, 20.000000, 0.655825
38.000000, 20.000000, 0.734757
39.000000, 20.000000, 0.879844
40.000000, 20.000000, 1.076049
41.000000, 20.000000, 1.288564
42.000000, 20.000000, 1.503698
0.000000, 21.000000, 4.190426
1.000000, 21.000000, 4.249988
2.000000, 21.000000, 4.309206
3.000000, 21.000000, 4.367288
4.000000, 21.000000, 4.423188
5.000000, 21.000000, 4.475154
6.000000, 21.000000, 4.519873
7.000000, 21.000000, 4.552543
8.000000, 21.000000, 4.607271
9.000000, 21.000000, 4.755569
10.000000, 21.000000, 4.883486
11.000000, 21.000000, 4.986073
12.000000, 21.000000, 5.071885
13.000000, 21.000000, 5.139913
14.000000, 21.000000, 5.190817
15.000000, 21.000000, 5.164077
16.000000, 21.000000, 5.033756
17.000000, 21.000000, 4.798036
18.000000, 21.000000, 4.477121
19.000000, 21.000000, 4.102706
20.000000, 21.000000, 3.706801
21.000000, 21.000000, 3.337143
22.000000, 21.000000, 3.009501
23.000000, 21.000000, 2.725149
24.000000, 21.000000, 2.479142
25.000000, 21.000000, 2.263765
26.000000, 21.000000, 2.070270
27.000000, 21.000000, 1.888729
28.000000, 21.000000, 1.704153
29.000000, 21.000000, 1.512727
30.000000, 21.000000, 1.325209
31.000000, 21.000000, 1.163118
32.000000, 21.000000, 0.997062
33.000000, 21.000000, 0.822087
34.000000, 21.000000, 0.641246
35.000000, 21.000000, 0.469151
36.000000, 21.000000, 0.339826
37.000000, 21.000000, 0.331348
38.000000, 21.000000, 0.452415
39.000000, 21.000000, 0.656274
40.000000, 21.000000, 0.886063
41.000000, 21.000000, 1.119758
42.000000, 21.000000, 1.348671
0.000000, 22.000000, 4.245014
1.000000, 22.000000, 4.304256
2.000000, 22.000000, 4.361805
3.000000, 22.000000, 4.416456
4.000000, 22.000000, 4.466833
5.000000, 22.000000, 4.511444
6.000000, 22.000000, 4.549687
7.000000, 22.000000, 4.586925
8.000000, 22.000000, 4.645285
9.000000, 22.000000, 4.736696
10.000000, 22.000000, 4.827982
11.000000, 22.000000, 4.897365
12.000000, 22.000000, 4.944374
13.000000, 22.000000, 4.969932
14.000000, 22.000000, 4.971983
15.000000, 22.000000, 4.893728
16.000000, 22.000000, 4.739789
17.000000, 22.000000, 4.523214
18.000000, 22.000000, 4.248873
19.000000, 22.000000, 3.918665
20.000000, 22.000000, 3.580137
21.000000, 22.000000, 3.259166
22.000000, 22.000000, 2.966376
23.000000, 22.000000, 2.704559
24.000000, 22.000000, 2.471349
25.000000, 22.000000, 2.261406
26.000000, 22.000000, 2.067717
27.000000, 22.000000, 1.882012
28.000000, 22.000000, 1.695744
29.000000, 22.000000, 1.503567
30.000000, 22.000000, 1.307011
31.000000, 22.000000, 1.133053
32.000000, 22.000000, 0.957208
33.000000, 22.000000, 0.769034
34.000000, 22.000000, 0.568022
35.000000, 22.000000, 0.361451
36.000000, 22.000000, 0.163688
37.000000, 22.000000, 0.127471
38.000000, 22.000000, 0.321857
39.000000, 22.000000, 0.558636
40.000000, 22.000000, 0.799576
41.000000, 22.000000, 1.036403
42.000000, 22.000000, 1.264522
0.000000, 23.000000, 4.303149
1.000000, 23.000000, 4.363076
2.000000, 23.000000, 4.420374
3.000000, 23.000000, 4.473703
4.000000, 23.000000, 4.521816
5.000000, 23.000000, 4.563977
6.000000, 23.000000, 4.601205
7.000000, 23.000000, 4.638426
8.000000, 23.000000, 4.683770
9.000000, 23.000000, 4.738056
10.000000, 23.000000, 4.788988
11.000000, 23.000000, 4.820487
12.000000, 23.000000, 4.828801
13.000000, 23.000000, 4.812428
14.000000, 23.000000, 4.762461
15.000000, 23.000000, 4.657028
16.000000, 23.000000, 4.498866
17.000000, 23.000000, 4.297290
18.000000, 23.000000, 4.034974
19.000000, 23.000000, 3.742378
20.000000, 23.000000, 3.449000
21.000000, 23.000000, 3.168101
22.000000, 23.000000, 2.907342
23.000000, 23.000000, 2.669316
24.000000, 23.000000, 2.452757
25.000000, 23.000000, 2.253862
26.000000, 23.000000, 2.067283
27.000000, 23.000000, 1.886893
28.000000, 23.000000, 1.706711
29.000000, 23.000000, 1.521862
30.000000, 23.000000, 1.329989
31.000000, 23.000000, 1.154627
32.000000, 23.000000, 0.986264
33.000000, 23.000000, 0.809812
34.000000, 23.000000, 0.628703
35.000000, 23.000000, 0.455053
36.000000, 23.000000, 0.321740
37.000000, 23.000000, 0.308198
38.000000, 23.000000, 0.433930
39.000000, 23.000000, 0.619664
40.000000, 23.000000, 0.828789
41.000000, 23.000000, 1.042684
42.000000, 23.000000, 1.252230
0.000000, 24.000000, 4.365674
1.000000, 24.000000, 4.427468
2.000000, 24.000000, 4.486016
3.000000, 24.000000, 4.539870
4.000000, 24.000000, 4.587781
5.000000, 24.000000, 4.629036
6.000000, 24.000000, 4.664107
7.000000, 24.000000, 4.694939
8.000000, 24.000000, 4.723389
9.000000, 24.000000, 4.747738
10.000000, 24.000000, 4.761905
11.000000, 24.000000, 4.756927
12.000000, 24.000000, 4.726252
13.000000, 24.000000, 4.669202
14.000000, 24.000000, 4.580819
15.000000, 24.000000, 4.456271
16.000000, 24.000000, 4.298194
17.000000, 24.000000, 4.091565
18.000000, 24.000000, 3.840129
19.000000, 24.000000, 3.578918
20.000000, 24.000000, 3.320176
21.000000, 24.000000, 3.072382
22.000000, 24.000000, 2.840634
23.000000, 24.000000, 2.626694
24.000000, 24.000000, 2.429610
25.000000, 24.000000, 2.246516
26.000000, 24.000000, 2.073360
27.000000, 24.000000, 1.905564
28.000000, 24.000000, 1.738644
29.000000, 24.000000, 1.568756
30.000000, 24.000000, 1.393310
31.000000, 24.000000, 1.226690
32.000000, 24.000000, 1.078573
33.000000, 24.000000, 0.930614
34.000000, 24.000000, 0.789185
35.000000, 24.000000, 0.669545
36.000000, 24.000000, 0.596249
37.000000, 24.000000, 0.588183
38.000000, 24.000000, 0.665253
39.000000, 24.000000, 0.792647
40.000000, 24.000000, 0.951440
41.000000, 24.000000, 1.125912
42.000000, 24.000000, 1.303481
0.000000, 25.000000, 4.433018
1.000000, 25.000000, 4.497896
2.000000, 25.000000, 4.559103
3.000000, 25.000000, 4.614963
4.000000, 25.000000, 4.663898
5.000000, 25.000000, 4.704574
6.000000, 25.000000, 4.736123
7.000000, 25.000000, 4.758007
8.000000, 25.000000, 4.769192
9.000000, 25.000000, 4.767148
10.000000, 25.000000, 4.748041
11.000000, 25.000000, 4.707918
12.000000, 25.000000, 4.641333
13.000000, 25.000000, 4.548790
14.000000, 25.000000, 4.431266
15.000000, 25.000000, 4.290755
16.000000, 25.000000, 4.122082
17.000000, 25.000000, 3.901882
18.000000, 25.000000, 3.665548
19.000000, 25.000000, 3.427937
20.000000, 25.000000, 3.196456
21.000000, 25.000000, 2.976499
22.000000, 25.000000, 2.771111
23.000000, 25.000000, 2.581100
24.000000, 25.000000, 2.405434
25.000000, 25.000000, 2.241751
26.000000, 25.000000, 2.086864
27.000000, 25.000000, 1.937237
28.000000, 25.000000, 1.789467
29.000000, 25.000000, 1.640756
30.000000, 25.000000, 1.489498
31.000000, 25.000000, 1.341740
32.000000, 25.000000, 1.218647
33.000000, 25.000000, 1.104360
34.000000, 25.000000, 1.002188
35.000000, 25.000000, 0.923737
36.000000, 25.000000, 0.878864
37.000000, 25.000000, 0.870217
38.000000, 25.000000, 0.922927
39.000000, 25.000000, 1.016583
40.000000, 25.000000, 1.131206
41.000000, 25.000000, 1.263794
42.000000, 25.000000, 1.403697
0.000000, 26.000000, 4.505252
1.000000, 26.000000, 4.574429
2.000000, 26.000000, 4.639648
3.000000, 26.000000, 4.698886
4.000000, 26.000000, 4.749982
5.000000, 26.000000, 4.790663
6.000000, 26.000000, 4.818616
7.000000, 26.000000, 4.831423
8.000000, 26.000000, 4.826367
9.000000, 26.000000, 4.800380
10.000000, 26.000000, 4.750590
11.000000, 26.000000, 4.675370
12.000000, 26.000000, 4.574308
13.000000, 26.000000, 4.448638
14.000000, 26.000000, 4.304863
15.000000, 26.000000, 4.147434
16.000000, 26.000000, 3.952187
17.000000, 26.000000, 3.729292
18.000000, 26.000000, 3.505161
19.000000, 26.000000, 3.286477
20.000000, 26.000000, 3.077758
21.000000, 26.000000, 2.882099
22.000000, 26.000000, 2.701017
23.000000, 26.000000, 2.534538
24.000000, 26.000000, 2.381460
25.000000, 26.000000, 2.239686
26.000000, 26.000000, 2.106558
27.000000, 26.000000, 1.979219
28.000000, 26.000000, 1.855017
29.000000, 26.000000, 1.731955
30.000000, 26.000000, 1.609261
31.000000, 26.000000, 1.489195
32.000000, 26.000000, 1.390516
33.000000, 26.000000, 1.309063
34.000000, 26.000000, 1.240453
35.000000, 26.000000, 1.191724
36.000000, 26.000000, 1.159898
37.000000, 26.000000, 1.152834
38.000000, 26.000000, 1.189701
39.000000, 26.000000, 1.261086
40.000000, 26.000000, 1.342206
41.000000, 26.000000, 1.436340
42.000000, 26.000000, 1.537895
0.000000, 27.000000, 4.582156
1.000000, 27.000000, 4.656851
2.000000, 27.000000, 4.727502
3.000000, 27.000000, 4.791643
4.000000, 27.000000, 4.846418
5.000000, 27.000000, 4.888450
6.000000, 27.000000, 4.913568
7.000000, 27.000000, 4.916448
8.000000, 27.000000, 4.891979
9.000000, 27.000000, 4.837384
10.000000, 27.000000, 4.752341
11.000000, 27.000000, 4.638452
12.000000, 27.000000, 4.499596
13.000000, 27.000000, 4.341205
14.000000, 27.000000, 4.171621
15.000000, 27.000000, 3.989059
16.000000, 27.000000, 3.770697
17.000000, 27.000000, 3.549882
18.000000, 27.000000, 3.337256
19.000000, 27.000000, 3.136938
20.000000, 27.000000, 2.951328
21.000000, 27.000000, 2.781289
22.000000, 27.000000, 2.626383
23.000000, 27.000000, 2.485374
24.000000, 27.000000, 2.356722
25.000000, 27.000000, 2.238824
26.000000, 27.000000, 2.129866
27.000000, 27.000000, 2.027676
28.000000, 27.000000, 1.930129
29.000000, 27.000000, 1.835711
30.000000, 27.000000, 1.744033
31.000000, 27.000000, 1.656480
32.000000, 27.000000, 1.582774
33.000000, 27.000000, 1.531619
34.000000, 27.000000, 1.492346
35.000000, 27.000000, 1.466366
36.000000, 27.000000, 1.442715
37.000000, 27.000000, 1.438588
38.000000, 27.000000, 1.464109
39.000000, 27.000000, 1.515443
40.000000, 27.000000, 1.571378
41.000000, 27.000000, 1.630499
42.000000, 27.000000, 1.694359
0.000000, 28.000000, 4.663215
1.000000, 28.000000, 4.744669
2.000000, 28.000000, 4.822275
3.000000, 28.000000, 4.892872
4.000000, 28.000000, 4.951010
5.000000, 28.000000, 4.988727
6.000000, 28.000000, 5.001622
7.000000, 28.000000, 4.987964
8.000000, 28.000000, 4.944272
9.000000, 28.000000, 4.866633
10.000000, 28.000000, 4.753259
11.000000, 28.000000, 4.606019
12.000000, 28.000000, 4.431093
13.000000, 28.000000, 4.238637
14.000000, 28.000000, 4.040716
15.000000, 28.000000, 3.822528
16.000000, 28.000000, 3.589450
17.000000, 28.000000, 3.368127
18.000000, 28.000000, 3.163776
19.000000, 28.000000, 2.978864
20.000000, 28.000000, 2.813937
21.000000, 28.000000, 2.668012
22.000000, 28.000000, 2.539115
23.000000, 28.000000, 2.424969
24.000000, 28.000000, 2.323629
25.000000, 28.000000, 2.233381
26.000000, 28.000000, 2.152198
27.000000, 28.000000, 2.078020
28.000000, 28.000000, 2.009414
29.000000, 28.000000, 1.945639
30.000000, 28.000000, 1.886554
31.000000, 28.000000, 1.833108
32.000000, 28.000000, 1.788944
33.000000, 28.000000, 1.765101
34.000000, 28.000000, 1.753617
35.000000, 28.000000, 1.746374
36.000000, 28.000000, 1.732290
37.000000, 28.000000, 1.731583
38.000000, 28.000000, 1.748052
39.000000, 28.000000, 1.779747
40.000000, 28.000000, 1.813451
41.000000, 28.000000, 1.839276
42.000000, 28.000000, 1.865330
0.000000, 29.000000, 4.747606
1.000000, 29.000000, 4.836637
2.000000, 29.000000, 4.918683
3.000000, 29.000000, 4.984789
4.000000, 29.000000, 5.034773
5.000000, 29.000000, 5.068799
6.000000, 29.000000, 5.081508
7.000000, 29.000000, 5.065305
8.000000, 29.000000, 5.012474
9.000000, 29.000000, 4.916962
10.000000, 29.000000, 4.776436
11.000000, 29.000000, 4.594084
12.000000, 29.000000, 4.379235
13.000000, 29.000000, 4.146458
14.000000, 29.000000, 3.908957
15.000000, 29.000000, 3.653151
16.000000, 29.000000, 3.405937
17.000000, 29.000000, 3.181424
18.000000, 29.000000, 2.983245
19.000000, 29.000000, 2.812229
20.000000, 29.000000, 2.667053
21.000000, 29.000000, 2.544886
22.000000, 29.000000, 2.441986
23.000000, 29.000000, 2.354537
24.000000, 29.000000, 2.280312
25.000000, 29.000000, 2.218373
26.000000, 29.000000, 2.166492
27.000000, 29.000000, 2.122751
28.000000, 29.000000, 2.086014
29.000000, 29.000000, 2.055461
30.000000, 29.000000, 2.030690
31.000000, 29.000000, 2.012552
32.000000, 29.000000, 2.002700
33.000000, 29.000000, 2.006388
34.000000, 29.000000, 2.023331
35.000000, 29.000000, 2.034386
36.000000, 29.000000, 2.033667
37.000000, 29.000000, 2.037369
38.000000, 29.000000, 2.045919
39.000000, 29.000000, 2.058016
40.000000, 29.000000, 2.067400
41.000000, 29.000000, 2.059714
42.000000, 29.000000, 2.046975
0.000000, 30.000000, 4.834138
1.000000, 30.000000, 4.913081
2.000000, 30.000000, 4.985538
3.000000, 30.000000, 5.052595
4.000000, 30.000000, 5.111289
5.000000, 30.000000, 5.155306
6.000000, 30.000000, 5.176162
7.000000, 30.000000, 5.163537
8.000000, 30.000000, 5.106482
9.000000, 30.000000, 4.995837
10.000000, 30.000000, 4.827615
11.000000, 30.000000, 4.606003
12.000000, 30.000000, 4.344292
13.000000, 30.000000, 4.062865
14.000000, 30.000000, 3.773033
15.000000, 30.000000, 3.478613
16.000000, 30.000000, 3.213703
17.000000, 30.000000, 2.983682
18.000000, 30.000000, 2.790390
19.000000, 30.000000, 2.632708
20.000000, 30.000000, 2.507285
21.000000, 30.000000, 2.409426
22.000000, 30.000000, 2.333651
23.000000, 30.000000, 2.274132
24.000000, 30.000000, 2.227583
25.000000, 30.000000, 2.194846
26.000000, 30.000000, 2.172522
27.000000, 30.000000, 2.159101
28.000000, 30.000000, 2.154001
29.000000, 30.000000, 2.157238
30.000000, 30.000000, 2.169149
31.000000, 30.000000, 2.189476
32.000000, 30.000000, 2.217617
33.000000, 30.000000, 2.254728
34.000000, 30.000000, 2.301966
35.000000, 30.000000, 2.335490
36.000000, 30.000000, 2.353011
37.000000, 30.000000, 2.363286
38.000000, 30.000000, 2.364431
39.000000, 30.000000, 2.355550
40.000000, 30.000000, 2.335356
41.000000, 30.000000, 2.291309
42.000000, 30.000000, 2.241212
0.000000, 31.000000, 4.881208
1.000000, 31.000000, 4.959973
2.000000, 31.000000, 5.040339
3.000000, 31.000000, 5.119112
4.000000, 31.000000, 5.191696
5.000000, 31.000000, 5.251030
6.000000, 31.000000, 5.286930
7.000000, 31.000000, 5.285864
8.000000, 31.000000, 5.232047
9.000000, 31.000000, 5.110779
10.000000, 31.000000, 4.914110
11.000000, 31.000000, 4.646561
12.000000, 31.000000, 4.327009
13.000000, 31.000000, 3.984227
14.000000, 31.000000, 3.633383
15.000000, 31.000000, 3.297110
16.000000, 31.000000, 3.006551
17.000000, 31.000000, 2.769025
18.000000, 31.000000, 2.580351
19.000000, 31.000000, 2.436445
20.000000, 31.000000, 2.331501
21.000000, 31.000000, 2.258876
22.000000, 31.000000, 2.211713
23.000000, 31.000000, 2.183077
24.000000, 31.000000, 2.167551
25.000000, 31.000000, 2.163478
26.000000, 31.000000, 2.169914
27.000000, 31.000000, 2.186244
28.000000, 31.000000, 2.212519
29.000000, 31.000000, 2.249197
30.000000, 31.000000, 2.296968
31.000000, 31.000000, 2.356513
32.000000, 31.000000, 2.427650
33.000000, 31.000000, 2.507218
34.000000, 31.000000, 2.590530
35.000000, 31.000000, 2.654746
36.000000, 31.000000, 2.697566
37.000000, 31.000000, 2.718373
38.000000, 31.000000, 2.712309
39.000000, 31.000000, 2.678971
40.000000, 31.000000, 2.621600
41.000000, 31.000000, 2.535704
42.000000, 31.000000, 2.449418
0.000000, 32.000000, 4.912960
1.000000, 32.000000, 4.999387
2.000000, 32.000000, 5.090026
3.000000, 32.000000, 5.182311
4.000000, 32.000000, 5.272171
5.000000, 32.000000, 5.352587
6.000000, 32.000000, 5.412200
7.000000, 32.000000, 5.433989
8.000000, 32.000000, 5.395313
9.000000, 32.000000, 5.271747
10.000000, 32.000000, 5.046624
11.000000, 32.000000, 4.723080
12.000000, 32.000000, 4.328816
13.000000, 32.000000, 3.906435
14.000000, 32.000000, 3.486185
15.000000, 32.000000, 3.104559
16.000000, 32.000000, 2.783238
17.000000, 32.000000, 2.532568
18.000000, 32.000000, 2.349314
19.000000, 32.000000, 2.220964
20.000000, 32.000000, 2.138050
21.000000, 32.000000, 2.091609
22.000000, 32.000000, 2.073801
23.000000, 32.000000, 2.077948
24.000000, 32.000000, 2.096843
25.000000, 32.000000, 2.123665
26.000000, 32.000000, 2.158067
27.000000, 32.000000, 2.202750
28.000000, 32.000000, 2.259303
29.000000, 32.000000, 2.328680
30.000000, 32.000000, 2.411613
31.000000, 32.000000, 2.508815
32.000000, 32.000000, 2.620554
33.000000, 32.000000, 2.745705
34.000000, 32.000000, 2.874978
35.000000, 32.000000, 2.980518
36.000000, 32.000000, 3.058937
37.000000, 32.000000, 3.096664
38.000000, 32.000000, 3.083241
39.000000, 32.000000, 3.019224
40.000000, 32.000000, 2.915199
41.000000, 32.000000, 2.786492
42.000000, 32.000000, 2.652962
0.000000, 33.000000, 4.936501
1.000000, 33.000000, 5.029794
2.000000, 33.000000, 5.130336
3.000000, 33.000000, 5.236687
4.000000, 33.000000, 5.346118
5.000000, 33.000000, 5.452889
6.000000, 33.000000, 5.545985
7.000000, 33.000000, 5.605867
8.000000, 33.000000, 5.601440
9.000000, 33.000000, 5.491863
10.000000, 33.000000, 5.241393
11.000000, 33.000000, 4.846709
12.000000, 33.000000, 4.351372
13.000000, 33.000000, 3.824535
14.000000, 33.000000, 3.323691
15.000000, 33.000000, 2.890577
16.000000, 33.000000, 2.541010
17.000000, 33.000000, 2.276752
18.000000, 33.000000, 2.095966
19.000000, 33.000000, 1.986203
20.000000, 33.000000, 1.928269
21.000000, 33.000000, 1.909306
22.000000, 33.000000, 1.919924
23.000000, 33.000000, 1.955851
24.000000, 33.000000, 2.016383
25.000000, 33.000000, 2.077399
26.000000, 33.000000, 2.136239
27.000000, 33.000000, 2.204332
28.000000, 33.000000, 2.284007
29.000000, 33.000000, 2.378517
30.000000, 33.000000, 2.491580
31.000000, 33.000000, 2.625868
32.000000, 33.000000, 2.782641
33.000000, 33.000000, 2.960563
34.000000, 33.000000, 3.148582
35.000000, 33.000000, 3.318044
36.000000, 33.000000, 3.454716
37.000000, 33.000000, 3.523268
38.000000, 33.000000, 3.500937
39.000000, 33.000000, 3.390545
40.000000, 33.000000, 3.221349
41.000000, 33.000000, 3.034108
42.000000, 33.000000, 2.828178
0.000000, 34.000000, 4.949285
1.000000, 34.000000, 5.047564
2.000000, 34.000000, 5.156132
3.000000, 34.000000, 5.275072
4.000000, 34.000000, 5.403861
5.000000, 34.000000, 5.539683
6.000000, 34.000000, 5.674698
7.000000, 34.000000, 5.790660
8.000000, 34.000000, 5.849883
9.000000, 34.000000, 5.786940
10.000000, 34.000000, 5.523716
11.000000, 34.000000, 5.033945
12.000000, 34.000000, 4.394246
13.000000, 34.000000, 3.729547
14.000000, 34.000000, 3.134053
15.000000, 34.000000, 2.645392
16.000000, 34.000000, 2.270332
17.000000, 34.000000, 2.002238
18.000000, 34.000000, 1.828647
19.000000, 34.000000, 1.736436
20.000000, 34.000000, 1.707518
21.000000, 34.000000, 1.719279
22.000000, 34.000000, 1.758423
23.000000, 34.000000, 1.818239
24.000000, 34.000000, 1.925124
25.000000, 34.000000, 2.017352
26.000000, 34.000000, 2.087476
27.000000, 34.000000, 2.171234
28.000000, 34.000000, 2.273035
29.000000, 34.000000, 2.395779
30.000000, 34.000000, 2.542850
31.000000, 34.000000, 2.718111
32.000000, 34.000000, 2.925143
33.000000, 34.000000, 3.165431
34.000000, 34.000000, 3.428131
35.000000, 34.000000, 3.685426
36.000000, 34.000000, 3.915649
37.000000, 34.000000, 4.044454
38.000000, 34.000000, 4.010741
39.000000, 34.000000, 3.825927
40.000000, 34.000000, 3.566309
41.000000, 34.000000, 3.283751
42.000000, 34.000000, 2.988583
0.000000, 35.000000, 4.949037
1.000000, 35.000000, 5.049225
2.000000, 35.000000, 5.162097
3.000000, 35.000000, 5.289350
4.000000, 35.000000, 5.433120
5.000000, 35.000000, 5.594885
6.000000, 35.000000, 5.773470
7.000000, 35.000000, 5.959444
8.000000, 35.000000, 6.120343
9.000000, 35.000000, 6.167960
10.000000, 35.000000, 5.933568
11.000000, 35.000000, 5.306090
12.000000, 35.000000, 4.446260
13.000000, 35.000000, 3.602336
14.000000, 35.000000, 2.901752
15.000000, 35.000000, 2.360380
16.000000, 35.000000, 1.966957
17.000000, 35.000000, 1.703904
18.000000, 35.000000, 1.551143
19.000000, 35.000000, 1.486016
20.000000, 35.000000, 1.486499
21.000000, 35.000000, 1.532820
22.000000, 35.000000, 1.605186
23.000000, 35.000000, 1.693804
24.000000, 35.000000, 1.803789
25.000000, 35.000000, 1.910783
26.000000, 35.000000, 2.008318
27.000000, 35.000000, 2.115876
28.000000, 35.000000, 2.241651
29.000000, 35.000000, 2.390724
30.000000, 35.000000, 2.568621
31.000000, 35.000000, 2.781991
32.000000, 35.000000, 3.038445
33.000000, 35.000000, 3.345461
34.000000, 35.000000, 3.699226
35.000000, 35.000000, 4.080830
36.000000, 35.000000, 4.460455
37.000000, 35.000000, 4.708489
38.000000, 35.000000, 4.658771
39.000000, 35.000000, 4.342409
40.000000, 35.000000, 3.930695
41.000000, 35.000000, 3.518255
42.000000, 35.000000, 3.126719
0.000000, 36.000000, 4.934191
1.000000, 36.000000, 5.032146
2.000000, 36.000000, 5.143810
3.000000, 36.000000, 5.272060
4.000000, 36.000000, 5.421216
5.000000, 36.000000, 5.596901
6.000000, 36.000000, 5.805946
7.000000, 36.000000, 6.054562
8.000000, 36.000000, 6.338649
9.000000, 36.000000, 6.596754
10.000000, 36.000000, 6.521578
11.000000, 36.000000, 5.665795
12.000000, 36.000000, 4.456886
13.000000, 36.000000, 3.407536
14.000000, 36.000000, 2.612737
15.000000, 36.000000, 2.032346
16.000000, 36.000000, 1.631884
17.000000, 36.000000, 1.384561
18.000000, 36.000000, 1.264288
19.000000, 36.000000, 1.240284
20.000000, 36.000000, 1.280452
21.000000, 36.000000, 1.354919
22.000000, 36.000000, 1.444931
23.000000, 36.000000, 1.551026
24.000000, 36.000000, 1.671110
25.000000, 36.000000, 1.793606
26.000000, 36.000000, 1.915250
27.000000, 36.000000, 2.044996
28.000000, 36.000000, 2.191636
29.000000, 36.000000, 2.362388
30.000000, 36.000000, 2.565079
31.000000, 36.000000, 2.809424
32.000000, 36.000000, 3.107614
33.000000, 36.000000, 3.474883
34.000000, 36.000000, 3.921372
35.000000, 36.000000, 4.456177
36.000000, 36.000000, 5.081841
37.000000, 36.000000, 5.583013
38.000000, 36.000000, 5.494693
39.000000, 36.000000, 4.904275
40.000000, 36.000000, 4.261353
41.000000, 36.000000, 3.709437
42.000000, 36.000000, 3.243527
0.000000, 37.000000, 4.904335
1.000000, 37.000000, 4.995274
2.000000, 37.000000, 5.099030
3.000000, 37.000000, 5.218695
4.000000, 37.000000, 5.359229
5.000000, 37.000000, 5.527863
6.000000, 37.000000, 5.735384
7.000000, 37.000000, 5.998256
8.000000, 37.000000, 6.341498
9.000000, 37.000000, 6.788735
10.000000, 37.000000, 5.927219
11.000000, 37.000000, 5.707120
12.000000, 37.000000, 4.283202
13.000000, 37.000000, 3.102224
14.000000, 37.000000, 2.262725
15.000000, 37.000000, 1.668422
16.000000, 37.000000, 1.273154
17.000000, 37.000000, 1.051943
18.000000, 37.000000, 0.977515
19.000000, 37.000000, 1.005023
20.000000, 37.000000, 1.079725
21.000000, 37.000000, 1.174970
22.000000, 37.000000, 1.286455
23.000000, 37.000000, 1.410608
24.000000, 37.000000, 1.542500
25.000000, 37.000000, 1.677055
26.000000, 37.000000, 1.814943
27.000000, 37.000000, 1.961903
28.000000, 37.000000, 2.124880
29.000000, 37.000000, 2.311296
30.000000, 37.000000, 2.530337
31.000000, 37.000000, 2.794251
32.000000, 37.000000, 3.118752
33.000000, 37.000000, 3.524072
34.000000, 37.000000, 4.032219
35.000000, 37.000000, 4.684460
36.000000, 37.000000, 5.567557
37.000000, 37.000000, 5.252066
38.000000, 37.000000, 5.681704
39.000000, 37.000000, 5.307816
40.000000, 37.000000, 4.459018
41.000000, 37.000000, 3.822196
42.000000, 37.000000, 3.305558
0.000000, 38.000000, 4.860476
1.000000, 38.000000, 4.939693
2.000000, 38.000000, 5.028770
3.000000, 38.000000, 5.129875
4.000000, 38.000000, 5.246562
5.000000, 38.000000, 5.383836
6.000000, 38.000000, 5.548640
7.000000, 38.000000, 5.749901
8.000000, 38.000000, 5.995090
9.000000, 38.000000, 6.259871
10.000000, 38.000000, 6.072261
11.000000, 38.000000, 5.156439
12.000000, 38.000000, 3.800364
13.000000, 38.000000, 2.690801
14.000000, 38.000000, 1.878225
15.000000, 38.000000, 1.293444
16.000000, 38.000000, 0.907416
17.000000, 38.000000, 0.718193
18.000000, 38.000000, 0.702213
19.000000, 38.000000, 0.778561
20.000000, 38.000000, 0.890897
21.000000, 38.000000, 1.016541
22.000000, 38.000000, 1.147436
23.000000, 38.000000, 1.282188
24.000000, 38.000000, 1.420760
25.000000, 38.000000, 1.563172
26.000000, 38.000000, 1.711375
27.000000, 38.000000, 1.870382
28.000000, 38.000000, 2.044765
29.000000, 38.000000, 2.240400
30.000000, 38.000000, 2.466167
31.000000, 38.000000, 2.735406
32.000000, 38.000000, 3.066568
33.000000, 38.000000, 3.476093
34.000000, 38.000000, 3.983696
35.000000, 38.000000, 4.622777
36.000000, 38.000000, 5.456857
37.000000, 38.000000, 5.658858
38.000000, 38.000000, 5.795651
39.000000, 38.000000, 5.207978
40.000000, 38.000000, 4.419633
41.000000, 38.000000, 3.804179
42.000000, 38.000000, 3.290668
0.000000, 39.000000, 4.805093
1.000000, 39.000000, 4.868711
2.000000, 39.000000, 4.937575
3.000000, 39.000000, 5.012053
4.000000, 39.000000, 5.092808
5.000000, 39.000000, 5.180011
6.000000, 39.000000, 5.271924
7.000000, 39.000000, 5.360755
8.000000, 39.000000, 5.420082
9.000000, 39.000000, 5.368781
10.000000, 39.000000, 5.014108
11.000000, 39.000000, 4.208045
12.000000, 39.000000, 3.191852
13.000000, 39.000000, 2.260895
14.000000, 39.000000, 1.518020
15.000000, 39.000000, 0.951380
16.000000, 39.000000, 0.560660
17.000000, 39.000000, 0.396580
18.000000, 39.000000, 0.450919
19.000000, 39.000000, 0.593008
20.000000, 39.000000, 0.746737
21.000000, 39.000000, 0.894235
22.000000, 39.000000, 1.035198
23.000000, 39.000000, 1.172790
24.000000, 39.000000, 1.309928
25.000000, 39.000000, 1.449765
26.000000, 39.000000, 1.600291
27.000000, 39.000000, 1.770694
28.000000, 39.000000, 1.954790
29.000000, 39.000000, 2.154795
30.000000, 39.000000, 2.380227
31.000000, 39.000000, 2.643778
32.000000, 39.000000, 2.960879
33.000000, 39.000000, 3.341560
34.000000, 39.000000, 3.790597
35.000000, 39.000000, 4.298162
36.000000, 39.000000, 4.853866
37.000000, 39.000000, 5.272870
38.000000, 39.000000, 5.198364
39.000000, 39.000000, 4.707171
40.000000, 39.000000, 4.153566
41.000000, 39.000000, 3.658790
42.000000, 39.000000, 3.205060
0.000000, 40.000000, 4.741870
1.000000, 40.000000, 4.787093
2.000000, 40.000000, 4.832808
3.000000, 40.000000, 4.876208
4.000000, 40.000000, 4.915143
5.000000, 40.000000, 4.944922
6.000000, 40.000000, 4.956383
7.000000, 40.000000, 4.931214
8.000000, 40.000000, 4.833312
9.000000, 40.000000, 4.598848
10.000000, 40.000000, 4.150256
11.000000, 40.000000, 3.475202
12.000000, 40.000000, 2.683055
13.000000, 40.000000, 1.912410
14.000000, 40.000000, 1.247946
15.000000, 40.000000, 0.705475
16.000000, 40.000000, 0.294228
17.000000, 40.000000, 0.126311
18.000000, 40.000000, 0.289446
19.000000, 40.000000, 0.488652
20.000000, 40.000000, 0.662336
21.000000, 40.000000, 0.814926
22.000000, 40.000000, 0.954521
23.000000, 40.000000, 1.087775
24.000000, 40.000000, 1.219033
25.000000, 40.000000, 1.350766
26.000000, 40.000000, 1.490016
27.000000, 40.000000, 1.664431
28.000000, 40.000000, 1.850429
29.000000, 40.000000, 2.051048
30.000000, 40.000000, 2.273823
31.000000, 40.000000, 2.526684
32.000000, 40.000000, 2.817402
33.000000, 40.000000, 3.147942
34.000000, 40.000000, 3.506583
35.000000, 40.000000, 3.874759
36.000000, 40.000000, 4.224469
37.000000, 40.000000, 4.443370
38.000000, 40.000000, 4.409643
39.000000, 40.000000, 4.154668
40.000000, 40.000000, 3.802615
41.000000, 40.000000, 3.437505
42.000000, 40.000000, 3.069318
0.000000, 41.000000, 4.635432
1.000000, 41.000000, 4.687184
2.000000, 41.000000, 4.721113
3.000000, 41.000000, 4.735063
4.000000, 41.000000, 4.732922
5.000000, 41.000000, 4.708737
6.000000, 41.000000, 4.650144
7.000000, 41.000000, 4.537465
8.000000, 41.000000, 4.341604
9.000000, 41.000000, 4.027045
10.000000, 41.000000, 3.569107
11.000000, 41.000000, 2.983429
12.000000, 41.000000, 2.333271
13.000000, 41.000000, 1.692554
14.000000, 41.000000, 1.112375
15.000000, 41.000000, 0.633115
16.000000, 41.000000, 0.280234
17.000000, 41.000000, 0.151389
18.000000, 41.000000, 0.302436
19.000000, 41.000000, 0.482344
20.000000, 41.000000, 0.639134
21.000000, 41.000000, 0.776921
22.000000, 41.000000, 0.903898
23.000000, 41.000000, 1.027284
24.000000, 41.000000, 1.152306
25.000000, 41.000000, 1.281975
26.000000, 41.000000, 1.419515
27.000000, 41.000000, 1.573800
28.000000, 41.000000, 1.745098
29.000000, 41.000000, 1.933505
30.000000, 41.000000, 2.142570
31.000000, 41.000000, 2.375177
32.000000, 41.000000, 2.627775
33.000000, 41.000000, 2.899393
34.000000, 41.000000, 3.188548
35.000000, 41.000000, 3.464215
36.000000, 41.000000, 3.699901
37.000000, 41.000000, 3.829017
38.000000, 41.000000, 3.817722
39.000000, 41.000000, 3.678603
40.000000, 41.000000, 3.457716
41.000000, 41.000000, 3.195719
42.000000, 41.000000, 2.907020
0.000000, 42.000000, 4.535264
1.000000, 42.000000, 4.568573
2.000000, 42.000000, 4.590127
3.000000, 42.000000, 4.591924
4.000000, 42.000000, 4.561693
5.000000, 42.000000, 4.494684
6.000000, 42.000000, 4.384042
7.000000, 42.000000, 4.214581
8.000000, 42.000000, 3.967458
9.000000, 42.000000, 3.626406
10.000000, 42.000000, 3.188420
11.000000, 42.000000, 2.674470
12.000000, 42.000000, 2.128633
13.000000, 42.000000, 1.599906
14.000000, 42.000000, 1.114521
15.000000, 42.000000, 0.726901
16.000000, 42.000000, 0.468276
17.000000, 42.000000, 0.378640
18.000000, 42.000000, 0.436248
19.000000, 42.000000, 0.546610
20.000000, 42.000000, 0.660561
21.000000, 42.000000, 0.768918
22.000000, 42.000000, 0.874731
23.000000, 42.000000, 0.983757
24.000000, 42.000000, 1.101751
25.000000, 42.000000, 1.233001
26.000000, 42.000000, 1.365608
27.000000, 42.000000, 1.493892
28.000000, 42.000000, 1.644487
29.000000, 42.000000, 1.814641
30.000000, 42.000000, 1.998819
31.000000, 42.000000, 2.194130
32.000000, 42.000000, 2.407015
33.000000, 42.000000, 2.637928
34.000000, 42.000000, 2.876536
35.000000, 42.000000, 3.092101
36.000000, 42.000000, 3.256153
37.000000, 42.000000, 3.343619
38.000000, 42.000000, 3.350393
39.000000, 42.000000, 3.276769
40.000000, 42.000000, 3.140786
41.000000, 42.000000, 2.956235
42.000000, 42.000000, 2.735487
