S
I=43,J=43
0.000000, 0.000000, 3.234709
1.000000, 0.000000, 3.285911
2.000000, 0.000000, 3.353146
3.000000, 0.000000, 3.432924
4.000000, 0.000000, 3.522432
5.000000, 0.000000, 3.620209
6.000000, 0.000000, 3.711156
7.000000, 0.000000, 3.728000
8.000000, 0.000000, 3.576476
9.000000, 0.000000, 3.287656
10.000000, 0.000000, 2.979984
11.000000, 0.000000, 2.713221
12.000000, 0.000000, 2.489567
13.000000, 0.000000, 2.297004
14.000000, 0.000000, 2.124605
15.000000, 0.000000, 1.965061
16.000000, 0.000000, 1.814300
17.000000, 0.000000, 1.670486
18.000000, 0.000000, 1.533700
19.000000, 0.000000, 1.405267
20.000000, 0.000000, 1.287679
21.000000, 0.000000, 1.184856
22.000000, 0.000000, 1.101397
23.000000, 0.000000, 1.043313
24.000000, 0.000000, 1.016425
25.000000, 0.000000, 1.022210
26.000000, 0.000000, 1.057066
27.000000, 0.000000, 1.116141
28.000000, 0.000000, 1.195168
29.000000, 0.000000, 1.290592
30.000000, 0.000000, 1.400514
31.000000, 0.000000, 1.522880
32.000000, 0.000000, 1.655145
33.000000, 0.000000, 1.791156
34.000000, 0.000000, 1.936457
35.000000, 0.000000, 2.077693
36.000000, 0.000000, 2.204675
37.000000, 0.000000, 2.317103
38.000000, 0.000000, 2.413699
39.000000, 0.000000, 2.493194
40.000000, 0.000000, 2.556272
41.000000, 0.000000, 2.621509
42.000000, 0.000000, 2.667549
0.000000, 1.000000, 3.122058
1.000000, 1.000000, 3.168501
2.000000, 1.000000, 3.233712
3.000000, 1.000000, 3.310123
4.000000, 1.000000, 3.391939
5.000000, 1.000000, 3.489853
6.000000, 1.000000, 3.633763
7.000000, 1.000000, 3.766553
8.000000, 1.000000, 3.578033
9.000000, 1.000000, 3.152361
10.000000, 1.000000, 2.799900
11.000000, 1.000000, 2.545037
12.000000, 1.000000, 2.346781
13.000000, 1.000000, 2.177441
14.000000, 1.000000, 2.022030
15.000000, 1.000000, 1.873193
16.000000, 1.000000, 1.727416
17.000000, 1.000000, 1.583836
18.000000, 1.000000, 1.443162
19.000000, 1.000000, 1.307631
20.000000, 1.000000, 1.180893
21.000000, 1.000000, 1.067598
22.000000, 1.000000, 0.973803
23.000000, 1.000000, 0.907196
24.000000, 1.000000, 0.879228
25.000000, 1.000000, 0.893978
26.000000, 1.000000, 0.941944
27.000000, 1.000000, 1.016452
28.000000, 1.000000, 1.112291
29.000000, 1.000000, 1.225027
30.000000, 1.000000, 1.352771
31.000000, 1.000000, 1.495825
32.000000, 1.000000, 1.653550
33.000000, 1.000000, 1.826636
34.000000, 1.000000, 2.008249
35.000000, 1.000000, 2.169717
36.000000, 1.000000, 2.314425
37.000000, 1.000000, 2.442799
38.000000, 1.000000, 2.551711
39.000000, 1.000000, 2.638595
40.000000, 1.000000, 2.703105
41.000000, 1.000000, 2.755219
42.000000, 1.000000, 2.801399
0.000000, 2.000000, 2.998276
1.000000, 2.000000, 3.035289
2.000000, 2.000000, 3.096119
3.000000, 2.000000, 3.160600
4.000000, 2.000000, 3.203829
5.000000, 2.000000, 3.218264
6.000000, 2.000000, 3.275526
7.000000, 2.000000, 3.617528
8.000000, 2.000000, 3.338802
9.000000, 2.000000, 2.758852
10.000000, 2.000000, 2.491710
11.000000, 2.000000, 2.323913
12.000000, 2.000000, 2.186871
13.000000, 2.000000, 2.057672
14.000000, 2.000000, 1.927553
15.000000, 2.000000, 1.793093
16.000000, 2.000000, 1.653583
17.000000, 2.000000, 1.509947
18.000000, 2.000000, 1.364415
19.000000, 2.000000, 1.220183
20.000000, 2.000000, 1.081830
21.000000, 2.000000, 0.955254
22.000000, 2.000000, 0.848472
23.000000, 2.000000, 0.770584
24.000000, 2.000000, 0.739421
25.000000, 2.000000, 0.764358
26.000000, 2.000000, 0.826859
27.000000, 2.000000, 0.919513
28.000000, 2.000000, 1.034465
29.000000, 2.000000, 1.165788
30.000000, 2.000000, 1.310998
31.000000, 2.000000, 1.472839
32.000000, 2.000000, 1.658492
33.000000, 2.000000, 1.879562
34.000000, 2.000000, 2.099811
35.000000, 2.000000, 2.281864
36.000000, 2.000000, 2.450205
37.000000, 2.000000, 2.599990
38.000000, 2.000000, 2.724961
39.000000, 2.000000, 2.820808
40.000000, 2.000000, 2.885840
41.000000, 2.000000, 2.924388
42.000000, 2.000000, 2.961942
0.000000, 3.000000, 2.869689
1.000000, 3.000000, 2.893297
2.000000, 3.000000, 2.956590
3.000000, 3.000000, 3.016078
4.000000, 3.000000, 3.016766
5.000000, 3.000000, 2.878176
6.000000, 3.000000, 2.521873
7.000000, 3.000000, 1.758775
8.000000, 3.000000, 1.742464
9.000000, 3.000000, 2.061154
10.000000, 3.000000, 2.115769
11.000000, 3.000000, 2.096587
12.000000, 3.000000, 2.039982
13.000000, 3.000000, 1.957577
14.000000, 3.000000, 1.854653
15.000000, 3.000000, 1.734635
16.000000, 3.000000, 1.600553
17.000000, 3.000000, 1.455456
18.000000, 3.000000, 1.303072
19.000000, 3.000000, 1.147582
20.000000, 3.000000, 0.994765
21.000000, 3.000000, 0.851825
22.000000, 3.000000, 0.729273
23.000000, 3.000000, 0.641792
24.000000, 3.000000, 0.608257
25.000000, 3.000000, 0.636410
26.000000, 3.000000, 0.715201
27.000000, 3.000000, 0.829705
28.000000, 3.000000, 0.967447
29.000000, 3.000000, 1.119965
30.000000, 3.000000, 1.282734
31.000000, 3.000000, 1.457895
32.000000, 3.000000, 1.677873
33.000000, 3.000000, 1.938147
34.000000, 3.000000, 2.188649
35.000000, 3.000000, 2.413154
36.000000, 3.000000, 2.617026
37.000000, 3.000000, 2.795913
38.000000, 3.000000, 2.942294
39.000000, 3.000000, 3.049580
40.000000, 3.000000, 3.116246
41.000000, 3.000000, 3.146254
42.000000, 3.000000, 3.165210
0.000000, 4.000000, 2.752544
1.000000, 4.000000, 2.753621
2.000000, 4.000000, 2.839271
3.000000, 4.000000, 2.909285
4.000000, 4.000000, 2.915243
5.000000, 4.000000, 2.726016
6.000000, 4.000000, 2.152951
7.000000, 4.000000, 1.461281
8.000000, 4.000000, 1.346914
9.000000, 4.000000, 1.666640
10.000000, 4.000000, 1.865982
11.000000, 4.000000, 1.943134
12.000000, 4.000000, 1.945910
13.000000, 4.000000, 1.899744
14.000000, 4.000000, 1.817834
15.000000, 4.000000, 1.708032
16.000000, 4.000000, 1.576005
17.000000, 4.000000, 1.426480
18.000000, 4.000000, 1.264419
19.000000, 4.000000, 1.095041
20.000000, 4.000000, 0.924373
21.000000, 4.000000, 0.760601
22.000000, 4.000000, 0.616086
23.000000, 4.000000, 0.510465
24.000000, 4.000000, 0.469540
25.000000, 4.000000, 0.507185
26.000000, 4.000000, 0.609713
27.000000, 4.000000, 0.752329
28.000000, 4.000000, 0.917105
29.000000, 4.000000, 1.094542
30.000000, 4.000000, 1.281018
31.000000, 4.000000, 1.480928
32.000000, 4.000000, 1.734869
33.000000, 4.000000, 2.022506
34.000000, 4.000000, 2.306169
35.000000, 4.000000, 2.575516
36.000000, 4.000000, 2.823671
37.000000, 4.000000, 3.040515
38.000000, 4.000000, 3.213666
39.000000, 4.000000, 3.334306
40.000000, 4.000000, 3.401386
41.000000, 4.000000, 3.423630
42.000000, 4.000000, 3.417593
0.000000, 5.000000, 2.715283
1.000000, 5.000000, 2.699461
2.000000, 5.000000, 2.782562
3.000000, 5.000000, 2.841931
4.000000, 5.000000, 2.844742
5.000000, 5.000000, 2.683551
6.000000, 5.000000, 2.199648
7.000000, 5.000000, 1.756303
8.000000, 5.000000, 1.601161
9.000000, 5.000000, 1.696713
10.000000, 5.000000, 1.830548
11.000000, 5.000000, 1.911767
12.000000, 5.000000, 1.932303
13.000000, 5.000000, 1.901585
14.000000, 5.000000, 1.829113
15.000000, 5.000000, 1.722217
16.000000, 5.000000, 1.587015
17.000000, 5.000000, 1.429240
18.000000, 5.000000, 1.254158
19.000000, 5.000000, 1.067716
20.000000, 5.000000, 0.876099
21.000000, 5.000000, 0.687163
22.000000, 5.000000, 0.512597
23.000000, 5.000000, 0.375473
24.000000, 5.000000, 0.319639
25.000000, 5.000000, 0.377354
26.000000, 5.000000, 0.516972
27.000000, 5.000000, 0.694673
28.000000, 5.000000, 0.889326
29.000000, 5.000000, 1.093719
30.000000, 5.000000, 1.307114
31.000000, 5.000000, 1.540360
32.000000, 5.000000, 1.826903
33.000000, 5.000000, 2.139454
34.000000, 5.000000, 2.460276
35.000000, 5.000000, 2.778541
36.000000, 5.000000, 3.080300
37.000000, 5.000000, 3.345859
38.000000, 5.000000, 3.552814
39.000000, 5.000000, 3.685624
40.000000, 5.000000, 3.743892
41.000000, 5.000000, 3.742166
42.000000, 5.000000, 3.701496
0.000000, 6.000000, 2.783158
1.000000, 6.000000, 2.772150
2.000000, 6.000000, 2.799110
3.000000, 6.000000, 2.815157
4.000000, 6.000000, 2.771574
5.000000, 6.000000, 2.606965
6.000000, 6.000000, 2.315500
7.000000, 6.000000, 2.037135
8.000000, 6.000000, 1.895928
9.000000, 6.000000, 1.893877
10.000000, 6.000000, 1.948654
11.000000, 6.000000, 1.994453
12.000000, 6.000000, 2.003747
13.000000, 6.000000, 1.970244
14.000000, 6.000000, 1.895602
15.000000, 6.000000, 1.783847
16.000000, 6.000000, 1.639880
17.000000, 6.000000, 1.469272
18.000000, 6.000000, 1.277770
19.000000, 6.000000, 1.071701
20.000000, 6.000000, 0.857281
21.000000, 6.000000, 0.641014
22.000000, 6.000000, 0.431392
23.000000, 6.000000, 0.247334
24.000000, 6.000000, 0.160651
25.000000, 6.000000, 0.260376
26.000000, 6.000000, 0.452349
27.000000, 6.000000, 0.666577
28.000000, 6.000000, 0.889236
29.000000, 6.000000, 1.117721
30.000000, 6.000000, 1.354089
31.000000, 6.000000, 1.619849
32.000000, 6.000000, 1.936327
33.000000, 6.000000, 2.279500
34.000000, 6.000000, 2.644404
35.000000, 6.000000, 3.021979
36.000000, 6.000000, 3.394036
37.000000, 6.000000, 3.727187
38.000000, 6.000000, 3.979063
39.000000, 6.000000, 4.119018
40.000000, 6.000000, 4.149024
41.000000, 6.000000, 4.099355
42.000000, 6.000000, 4.005703
0.000000, 7.000000, 2.882482
1.000000, 7.000000, 2.866853
2.000000, 7.000000, 2.862747
3.000000, 7.000000, 2.843927
4.000000, 7.000000, 2.777779
5.000000, 7.000000, 2.641640
6.000000, 7.000000, 2.451256
7.000000, 7.000000, 2.267635
8.000000, 7.000000, 2.151855
9.000000, 7.000000, 2.114372
10.000000, 7.000000, 2.120800
11.000000, 7.000000, 2.132682
12.000000, 7.000000, 2.124200
13.000000, 7.000000, 2.082633
14.000000, 7.000000, 2.003617
15.000000, 7.000000, 1.886637
16.000000, 7.000000, 1.733907
17.000000, 7.000000, 1.549658
18.000000, 7.000000, 1.340049
19.000000, 7.000000, 1.112806
20.000000, 7.000000, 0.875479
21.000000, 7.000000, 0.634626
22.000000, 7.000000, 0.395745
23.000000, 7.000000, 0.165430
24.000000, 7.000000, 0.027447
25.000000, 7.000000, 0.199566
26.000000, 7.000000, 0.437929
27.000000, 7.000000, 0.677613
28.000000, 7.000000, 0.919870
29.000000, 7.000000, 1.166370
30.000000, 7.000000, 1.419581
31.000000, 7.000000, 1.713516
32.000000, 7.000000, 2.053659
33.000000, 7.000000, 2.429333
34.000000, 7.000000, 2.844272
35.000000, 7.000000, 3.295824
36.000000, 7.000000, 3.765213
37.000000, 7.000000, 4.202229
38.000000, 7.000000, 4.521858
39.000000, 7.000000, 4.656424
40.000000, 7.000000, 4.620292
41.000000, 7.000000, 4.484724
42.000000, 7.000000, 4.313096
0.000000, 8.000000, 2.994879
1.000000, 8.000000, 2.963740
2.000000, 8.000000, 2.932245
3.000000, 8.000000, 2.886823
4.000000, 8.000000, 2.814158
5.000000, 8.000000, 2.707684
6.000000, 8.000000, 2.578922
7.000000, 8.000000, 2.456015
8.000000, 8.000000, 2.369600
9.000000, 8.000000, 2.327655
10.000000, 8.000000, 2.313448
11.000000, 8.000000, 2.304419
12.000000, 8.000000, 2.280882
13.000000, 8.000000, 2.229262
14.000000, 8.000000, 2.141940
15.000000, 8.000000, 2.015936
16.000000, 8.000000, 1.852403
17.000000, 8.000000, 1.655478
18.000000, 8.000000, 1.431877
19.000000, 8.000000, 1.189232
20.000000, 8.000000, 0.935311
21.000000, 8.000000, 0.678205
22.000000, 8.000000, 0.428234
23.000000, 8.000000, 0.203796
24.000000, 8.000000, 0.101961
25.000000, 8.000000, 0.253379
26.000000, 8.000000, 0.486136
27.000000, 8.000000, 0.729572
28.000000, 8.000000, 0.978745
29.000000, 8.000000, 1.235554
30.000000, 8.000000, 1.499229
31.000000, 8.000000, 1.809410
32.000000, 8.000000, 2.165609
33.000000, 8.000000, 2.570454
34.000000, 8.000000, 3.035839
35.000000, 8.000000, 3.572379
36.000000, 8.000000, 4.175323
37.000000, 8.000000, 4.785178
38.000000, 8.000000, 5.228068
39.000000, 8.000000, 5.322595
40.000000, 8.000000, 5.140742
41.000000, 8.000000, 4.864053
42.000000, 8.000000, 4.589795
0.000000, 9.000000, 3.065712
1.000000, 9.000000, 3.030381
2.000000, 9.000000, 2.993699
3.000000, 9.000000, 2.949092
4.000000, 9.000000, 2.889578
5.000000, 9.000000, 2.813621
6.000000, 9.000000, 2.728299
7.000000, 9.000000, 2.647013
8.000000, 9.000000, 2.587330
9.000000, 9.000000, 2.553707
10.000000, 9.000000, 2.535936
11.000000, 9.000000, 2.519731
12.000000, 9.000000, 2.489648
13.000000, 9.000000, 2.432769
14.000000, 9.000000, 2.339498
15.000000, 9.000000, 2.204526
16.000000, 9.000000, 2.027314
17.000000, 9.000000, 1.812348
18.000000, 9.000000, 1.568222
19.000000, 9.000000, 1.306134
20.000000, 9.000000, 1.037856
21.000000, 9.000000, 0.775564
22.000000, 9.000000, 0.533437
23.000000, 9.000000, 0.343519
24.000000, 9.000000, 0.282268
25.000000, 9.000000, 0.390212
26.000000, 9.000000, 0.587664
27.000000, 9.000000, 0.814946
28.000000, 9.000000, 1.055826
29.000000, 9.000000, 1.308148
30.000000, 9.000000, 1.574906
31.000000, 9.000000, 1.892045
32.000000, 9.000000, 2.255665
33.000000, 9.000000, 2.678375
34.000000, 9.000000, 3.181592
35.000000, 9.000000, 3.794219
36.000000, 9.000000, 4.548909
37.000000, 9.000000, 5.437943
38.000000, 9.000000, 6.135491
39.000000, 9.000000, 6.096656
40.000000, 9.000000, 5.622366
41.000000, 9.000000, 5.159170
42.000000, 9.000000, 4.781360
0.000000, 10.000000, 3.136540
1.000000, 10.000000, 3.106833
2.000000, 10.000000, 3.076059
3.000000, 10.000000, 3.040695
4.000000, 10.000000, 2.998024
5.000000, 10.000000, 2.948138
6.000000, 10.000000, 2.895286
7.000000, 10.000000, 2.845702
8.000000, 10.000000, 2.810628
9.000000, 10.000000, 2.792129
10.000000, 10.000000, 2.782529
11.000000, 10.000000, 2.771363
12.000000, 10.000000, 2.745932
13.000000, 10.000000, 2.693157
14.000000, 10.000000, 2.601378
15.000000, 10.000000, 2.462152
16.000000, 10.000000, 2.273119
17.000000, 10.000000, 2.039246
18.000000, 10.000000, 1.772196
19.000000, 10.000000, 1.488103
20.000000, 10.000000, 1.204332
21.000000, 10.000000, 0.938601
22.000000, 10.000000, 0.710630
23.000000, 10.000000, 0.548826
24.000000, 10.000000, 0.492102
25.000000, 10.000000, 0.560534
26.000000, 10.000000, 0.719421
27.000000, 10.000000, 0.919977
28.000000, 10.000000, 1.140283
29.000000, 10.000000, 1.373729
30.000000, 10.000000, 1.634611
31.000000, 10.000000, 1.948494
32.000000, 10.000000, 2.306908
33.000000, 10.000000, 2.727587
34.000000, 10.000000, 3.237541
35.000000, 10.000000, 3.877080
36.000000, 10.000000, 4.710052
37.000000, 10.000000, 5.811158
38.000000, 10.000000, 5.477060
39.000000, 10.000000, 6.522845
40.000000, 10.000000, 5.826747
41.000000, 10.000000, 5.249564
42.000000, 10.000000, 4.824730
0.000000, 11.000000, 3.218544
1.000000, 11.000000, 3.196952
2.000000, 11.000000, 3.175597
3.000000, 11.000000, 3.152710
4.000000, 11.000000, 3.127551
5.000000, 11.000000, 3.100720
6.000000, 11.000000, 3.074435
7.000000, 11.000000, 3.051744
8.000000, 11.000000, 3.040417
9.000000, 11.000000, 3.041721
10.000000, 11.000000, 3.049221
11.000000, 11.000000, 3.054488
12.000000, 11.000000, 3.046340
13.000000, 11.000000, 3.010871
14.000000, 11.000000, 2.933123
15.000000, 11.000000, 2.799039
16.000000, 11.000000, 2.602340
17.000000, 11.000000, 2.348314
18.000000, 11.000000, 2.053377
19.000000, 11.000000, 1.741192
20.000000, 11.000000, 1.436771
21.000000, 11.000000, 1.162847
22.000000, 11.000000, 0.940717
23.000000, 11.000000, 0.791792
24.000000, 11.000000, 0.733468
25.000000, 11.000000, 0.766444
26.000000, 11.000000, 0.872341
27.000000, 11.000000, 1.031898
28.000000, 11.000000, 1.223583
29.000000, 11.000000, 1.432306
30.000000, 11.000000, 1.676846
31.000000, 11.000000, 1.970965
32.000000, 11.000000, 2.306489
33.000000, 11.000000, 2.699759
34.000000, 11.000000, 3.174461
35.000000, 11.000000, 3.763168
36.000000, 11.000000, 4.507042
37.000000, 11.000000, 5.417127
38.000000, 11.000000, 6.134151
39.000000, 11.000000, 6.064881
40.000000, 11.000000, 5.535997
41.000000, 11.000000, 5.057160
42.000000, 11.000000, 4.684286
0.000000, 12.000000, 3.309909
1.000000, 12.000000, 3.297744
2.000000, 12.000000, 3.287517
3.000000, 12.000000, 3.278197
4.000000, 12.000000, 3.269988
5.000000, 12.000000, 3.263741
6.000000, 12.000000, 3.260800
7.000000, 12.000000, 3.262465
8.000000, 12.000000, 3.274703
9.000000, 12.000000, 3.299265
10.000000, 12.000000, 3.330973
11.000000, 12.000000, 3.363256
12.000000, 12.000000, 3.386180
13.000000, 12.000000, 3.385704
14.000000, 12.000000, 3.341516
15.000000, 12.000000, 3.229362
16.000000, 12.000000, 3.033152
17.000000, 12.000000, 2.756883
18.000000, 12.000000, 2.423747
19.000000, 12.000000, 2.069952
20.000000, 12.000000, 1.731624
21.000000, 12.000000, 1.436775
22.000000, 12.000000, 1.205060
23.000000, 12.000000, 1.050022
24.000000, 12.000000, 0.977643
25.000000, 12.000000, 0.982577
26.000000, 12.000000, 1.048653
27.000000, 12.000000, 1.157787
28.000000, 12.000000, 1.300378
29.000000, 12.000000, 1.474546
30.000000, 12.000000, 1.692093
31.000000, 12.000000, 1.952824
32.000000, 12.000000, 2.248449
33.000000, 12.000000, 2.590760
34.000000, 12.000000, 2.994673
35.000000, 12.000000, 3.475268
36.000000, 12.000000, 4.035714
37.000000, 12.000000, 4.623885
38.000000, 12.000000, 5.054315
39.000000, 12.000000, 5.118757
40.000000, 12.000000, 4.910429
41.000000, 12.000000, 4.633182
42.000000, 12.000000, 4.379807
0.000000, 13.000000, 3.408572
1.000000, 13.000000, 3.406546
2.000000, 13.000000, 3.407528
3.000000, 13.000000, 3.411662
4.000000, 13.000000, 3.419371
5.000000, 13.000000, 3.431527
6.000000, 13.000000, 3.449398
7.000000, 13.000000, 3.473662
8.000000, 13.000000, 3.509239
9.000000, 13.000000, 3.559244
10.000000, 13.000000, 3.620131
11.000000, 13.000000, 3.688105
12.000000, 13.000000, 3.755883
13.000000, 13.000000, 3.810900
14.000000, 13.000000, 3.830405
15.000000, 13.000000, 3.770522
16.000000, 13.000000, 3.591800
17.000000, 13.000000, 3.291288
18.000000, 13.000000, 2.899480
19.000000, 13.000000, 2.477954
20.000000, 13.000000, 2.083025
21.000000, 13.000000, 1.748512
22.000000, 13.000000, 1.490093
23.000000, 13.000000, 1.313188
24.000000, 13.000000, 1.215620
25.000000, 13.000000, 1.188631
26.000000, 13.000000, 1.217601
27.000000, 13.000000, 1.286434
28.000000, 13.000000, 1.382187
29.000000, 13.000000, 1.501080
30.000000, 13.000000, 1.674439
31.000000, 13.000000, 1.890947
32.000000, 13.000000, 2.134706
33.000000, 13.000000, 2.412291
34.000000, 13.000000, 2.731001
35.000000, 13.000000, 3.093314
36.000000, 13.000000, 3.486849
37.000000, 13.000000, 3.865772
38.000000, 13.000000, 4.145342
39.000000, 13.000000, 4.255642
40.000000, 13.000000, 4.215652
41.000000, 13.000000, 4.100751
42.000000, 13.000000, 3.970712
0.000000, 14.000000, 3.512313
1.000000, 14.000000, 3.520140
2.000000, 14.000000, 3.532109
3.000000, 14.000000, 3.548819
4.000000, 14.000000, 3.570927
5.000000, 14.000000, 3.599405
6.000000, 14.000000, 3.635594
7.000000, 14.000000, 3.680539
8.000000, 14.000000, 3.738091
9.000000, 14.000000, 3.813514
10.000000, 14.000000, 3.905642
11.000000, 14.000000, 4.014207
12.000000, 14.000000, 4.136796
13.000000, 14.000000, 4.266203
14.000000, 14.000000, 4.382790
15.000000, 14.000000, 4.428191
16.000000, 14.000000, 4.316803
17.000000, 14.000000, 3.993918
18.000000, 14.000000, 3.499290
19.000000, 14.000000, 2.962292
20.000000, 14.000000, 2.478299
21.000000, 14.000000, 2.083173
22.000000, 14.000000, 1.782818
23.000000, 14.000000, 1.571433
24.000000, 14.000000, 1.440267
25.000000, 14.000000, 1.378024
26.000000, 14.000000, 1.369516
27.000000, 14.000000, 1.397981
28.000000, 14.000000, 1.451136
29.000000, 14.000000, 1.522724
30.000000, 14.000000, 1.636264
31.000000, 14.000000, 1.793677
32.000000, 14.000000, 1.983030
33.000000, 14.000000, 2.196704
34.000000, 14.000000, 2.435788
35.000000, 14.000000, 2.697490
36.000000, 14.000000, 2.969580
37.000000, 14.000000, 3.224738
38.000000, 14.000000, 3.425370
39.000000, 14.000000, 3.543503
40.000000, 14.000000, 3.581751
41.000000, 14.000000, 3.567278
42.000000, 14.000000, 3.530331
0.000000, 15.000000, 3.619316
1.000000, 15.000000, 3.636305
2.000000, 15.000000, 3.658400
3.000000, 15.000000, 3.686292
4.000000, 15.000000, 3.720805
5.000000, 15.000000, 3.763100
6.000000, 15.000000, 3.814824
7.000000, 15.000000, 3.877445
8.000000, 15.000000, 3.954491
9.000000, 15.000000, 4.052329
10.000000, 15.000000, 4.173231
11.000000, 15.000000, 4.321077
12.000000, 15.000000, 4.499950
13.000000, 15.000000, 4.712875
14.000000, 15.000000, 4.954678
15.000000, 15.000000, 5.186657
16.000000, 15.000000, 5.269576
17.000000, 15.000000, 4.932549
18.000000, 15.000000, 4.224949
19.000000, 15.000000, 3.494763
20.000000, 15.000000, 2.888066
21.000000, 15.000000, 2.417965
22.000000, 15.000000, 2.067492
23.000000, 15.000000, 1.816464
24.000000, 15.000000, 1.646896
25.000000, 15.000000, 1.548620
26.000000, 15.000000, 1.502857
27.000000, 15.000000, 1.491282
28.000000, 15.000000, 1.501642
29.000000, 15.000000, 1.528244
30.000000, 15.000000, 1.592849
31.000000, 15.000000, 1.685554
32.000000, 15.000000, 1.807037
33.000000, 15.000000, 1.958221
34.000000, 15.000000, 2.126462
35.000000, 15.000000, 2.307435
36.000000, 15.000000, 2.493710
37.000000, 15.000000, 2.671471
38.000000, 15.000000, 2.824214
39.000000, 15.000000, 2.939731
40.000000, 15.000000, 3.016246
41.000000, 15.000000, 3.062801
42.000000, 15.000000, 3.093281
0.000000, 16.000000, 3.727740
1.000000, 16.000000, 3.753134
2.000000, 16.000000, 3.784090
3.000000, 16.000000, 3.821342
4.000000, 16.000000, 3.866015
5.000000, 16.000000, 3.919477
6.000000, 16.000000, 3.983087
7.000000, 16.000000, 4.059501
8.000000, 16.000000, 4.151443
9.000000, 16.000000, 4.265830
10.000000, 16.000000, 4.408039
11.000000, 16.000000, 4.585281
12.000000, 16.000000, 4.807706
13.000000, 16.000000, 5.090578
14.000000, 16.000000, 5.455496
15.000000, 16.000000, 5.927646
16.000000, 16.000000, 6.137628
17.000000, 16.000000, 5.712563
18.000000, 16.000000, 4.960724
19.000000, 16.000000, 3.985562
20.000000, 16.000000, 3.258795
21.000000, 16.000000, 2.721494
22.000000, 16.000000, 2.326370
23.000000, 16.000000, 2.040257
24.000000, 16.000000, 1.839059
25.000000, 16.000000, 1.705503
26.000000, 16.000000, 1.621238
27.000000, 16.000000, 1.568102
28.000000, 16.000000, 1.534708
29.000000, 16.000000, 1.515676
30.000000, 16.000000, 1.532422
31.000000, 16.000000, 1.573126
32.000000, 16.000000, 1.627192
33.000000, 16.000000, 1.707584
34.000000, 16.000000, 1.814399
35.000000, 16.000000, 1.932493
36.000000, 16.000000, 2.057536
37.000000, 16.000000, 2.184155
38.000000, 16.000000, 2.305754
39.000000, 16.000000, 2.416545
40.000000, 16.000000, 2.513863
41.000000, 16.000000, 2.599519
42.000000, 16.000000, 2.689148
0.000000, 17.000000, 3.836360
1.000000, 17.000000, 3.869106
2.000000, 17.000000, 3.907427
3.000000, 17.000000, 3.952298
4.000000, 17.000000, 4.004565
5.000000, 17.000000, 4.065770
6.000000, 17.000000, 4.137648
7.000000, 17.000000, 4.222459
8.000000, 17.000000, 4.323390
9.000000, 17.000000, 4.446079
10.000000, 17.000000, 4.597571
11.000000, 17.000000, 4.786417
12.000000, 17.000000, 5.024716
13.000000, 17.000000, 5.330836
14.000000, 17.000000, 5.732493
15.000000, 17.000000, 6.266630
16.000000, 17.000000, 6.475837
17.000000, 17.000000, 6.021448
18.000000, 17.000000, 5.324579
19.000000, 17.000000, 4.291244
20.000000, 17.000000, 3.527059
21.000000, 17.000000, 2.961671
22.000000, 17.000000, 2.542578
23.000000, 17.000000, 2.232941
24.000000, 17.000000, 2.006204
25.000000, 17.000000, 1.840303
26.000000, 17.000000, 1.717825
27.000000, 17.000000, 1.624657
28.000000, 17.000000, 1.549995
29.000000, 17.000000, 1.487786
30.000000, 17.000000, 1.458000
31.000000, 17.000000, 1.450767
32.000000, 17.000000, 1.452160
33.000000, 17.000000, 1.465364
34.000000, 17.000000, 1.507458
35.000000, 17.000000, 1.575065
36.000000, 17.000000, 1.654994
37.000000, 17.000000, 1.746152
38.000000, 17.000000, 1.847057
39.000000, 17.000000, 1.954890
40.000000, 17.000000, 2.066585
41.000000, 17.000000, 2.189982
42.000000, 17.000000, 2.330898
0.000000, 18.000000, 3.944300
1.000000, 18.000000, 3.983116
2.000000, 18.000000, 4.027342
3.000000, 18.000000, 4.077759
4.000000, 18.000000, 4.135132
5.000000, 18.000000, 4.200777
6.000000, 18.000000, 4.276477
7.000000, 18.000000, 4.364310
8.000000, 18.000000, 4.467228
9.000000, 18.000000, 4.588881
10.000000, 18.000000, 4.735763
11.000000, 18.000000, 4.915268
12.000000, 18.000000, 5.135832
13.000000, 18.000000, 5.406953
14.000000, 18.000000, 5.733200
15.000000, 18.000000, 6.086938
16.000000, 18.000000, 6.302225
17.000000, 18.000000, 5.991733
18.000000, 18.000000, 5.190724
19.000000, 18.000000, 4.355498
20.000000, 18.000000, 3.663848
21.000000, 18.000000, 3.123091
22.000000, 18.000000, 2.706082
23.000000, 18.000000, 2.384480
24.000000, 18.000000, 2.136355
25.000000, 18.000000, 1.943230
26.000000, 18.000000, 1.789419
27.000000, 18.000000, 1.662446
28.000000, 18.000000, 1.551883
29.000000, 18.000000, 1.450697
30.000000, 18.000000, 1.377331
31.000000, 18.000000, 1.326021
32.000000, 18.000000, 1.279817
33.000000, 18.000000, 1.241225
34.000000, 18.000000, 1.219675
35.000000, 18.000000, 1.235810
36.000000, 18.000000, 1.280047
37.000000, 18.000000, 1.345467
38.000000, 18.000000, 1.433514
39.000000, 18.000000, 1.542307
40.000000, 18.000000, 1.674357
41.000000, 18.000000, 1.840046
42.000000, 18.000000, 2.014403
0.000000, 19.000000, 4.051000
1.000000, 19.000000, 4.094646
2.000000, 19.000000, 4.143432
3.000000, 19.000000, 4.197227
4.000000, 19.000000, 4.257210
5.000000, 19.000000, 4.324120
6.000000, 19.000000, 4.399466
7.000000, 19.000000, 4.484780
8.000000, 19.000000, 4.582599
9.000000, 19.000000, 4.694911
10.000000, 19.000000, 4.824522
11.000000, 19.000000, 4.976739
12.000000, 19.000000, 5.153895
13.000000, 19.000000, 5.353276
14.000000, 19.000000, 5.558785
15.000000, 19.000000, 5.718503
16.000000, 19.000000, 5.717869
17.000000, 19.000000, 5.429908
18.000000, 19.000000, 4.887227
19.000000, 19.000000, 4.265838
20.000000, 19.000000, 3.693319
21.000000, 19.000000, 3.207891
22.000000, 19.000000, 2.807775
23.000000, 19.000000, 2.485941
24.000000, 19.000000, 2.226977
25.000000, 19.000000, 2.016099
26.000000, 19.000000, 1.839830
27.000000, 19.000000, 1.686572
28.000000, 19.000000, 1.546724
29.000000, 19.000000, 1.412878
30.000000, 19.000000, 1.300145
31.000000, 19.000000, 1.209915
32.000000, 19.000000, 1.120531
33.000000, 19.000000, 1.034767
34.000000, 19.000000, 0.963320
35.000000, 19.000000, 0.921274
36.000000, 19.000000, 0.928407
37.000000, 19.000000, 0.974102
38.000000, 19.000000, 1.056856
39.000000, 19.000000, 1.176261
40.000000, 19.000000, 1.344705
41.000000, 19.000000, 1.540331
42.000000, 19.000000, 1.741496
0.000000, 20.000000, 4.156045
1.000000, 20.000000, 4.203844
2.000000, 20.000000, 4.255476
3.000000, 20.000000, 4.311098
4.000000, 20.000000, 4.371222
5.000000, 20.000000, 4.436571
6.000000, 20.000000, 4.507729
7.000000, 20.000000, 4.586024
8.000000, 20.000000, 4.672705
9.000000, 20.000000, 4.768498
10.000000, 20.000000, 4.872284
11.000000, 20.000000, 4.986261
12.000000, 20.000000, 5.108125
13.000000, 20.000000, 5.228303
14.000000, 20.000000, 5.324711
15.000000, 20.000000, 5.355407
16.000000, 20.000000, 5.260640
17.000000, 20.000000, 4.998383
18.000000, 20.000000, 4.592292
19.000000, 20.000000, 4.121628
20.000000, 20.000000, 3.653141
21.000000, 20.000000, 3.221961
22.000000, 20.000000, 2.852625
23.000000, 20.000000, 2.543175
24.000000, 20.000000, 2.284329
25.000000, 20.000000, 2.065099
26.000000, 20.000000, 1.874908
27.000000, 20.000000, 1.703638
28.000000, 20.000000, 1.542521
29.000000, 20.000000, 1.383872
30.000000, 20.000000, 1.237772
31.000000, 20.000000, 1.115395
32.000000, 20.000000, 0.989741
33.000000, 20.000000, 0.860531
34.000000, 20.000000, 0.741246
35.000000, 20.000000, 0.645724
36.000000, 20.000000, 0.599559
37.000000, 20.000000, 0.627133
38.000000, 20.000000, 0.716423
39.000000, 20.000000, 0.870956
40.000000, 20.000000, 1.075893
41.000000, 20.000000, 1.296356
42.000000, 20.000000, 1.517584
0.000000, 21.000000, 4.259569
1.000000, 21.000000, 4.310706
2.000000, 21.000000, 4.364141
3.000000, 21.000000, 4.419878
4.000000, 21.000000, 4.478390
5.000000, 21.000000, 4.539633
6.000000, 21.000000, 4.603942
7.000000, 21.000000, 4.671440
8.000000, 21.000000, 4.742378
9.000000, 21.000000, 4.816751
10.000000, 21.000000, 4.890721
11.000000, 21.000000, 4.962604
12.000000, 21.000000, 5.028790
13.000000, 21.000000, 5.078175
14.000000, 21.000000, 5.092432
15.000000, 21.000000, 5.045162
16.000000, 21.000000, 4.908146
17.000000, 21.000000, 4.668805
18.000000, 21.000000, 4.344276
19.000000, 21.000000, 3.965656
20.000000, 21.000000, 3.564832
21.000000, 21.000000, 3.189783
22.000000, 21.000000, 2.856746
23.000000, 21.000000, 2.567136
24.000000, 21.000000, 2.316449
25.000000, 21.000000, 2.097274
26.000000, 21.000000, 1.901432
27.000000, 21.000000, 1.720556
28.000000, 21.000000, 1.546701
29.000000, 21.000000, 1.372486
30.000000, 21.000000, 1.202007
31.000000, 21.000000, 1.055848
32.000000, 21.000000, 0.904792
33.000000, 21.000000, 0.744955
34.000000, 21.000000, 0.581646
35.000000, 21.000000, 0.424774
36.000000, 21.000000, 0.305646
37.000000, 21.000000, 0.305957
38.000000, 21.000000, 0.435141
39.000000, 21.000000, 0.646694
40.000000, 21.000000, 0.883558
41.000000, 21.000000, 1.123547
42.000000, 21.000000, 1.357579
0.000000, 22.000000, 4.361959
1.000000, 22.000000, 4.415530
2.000000, 22.000000, 4.470028
3.000000, 22.000000, 4.525004
4.000000, 22.000000, 4.580303
5.000000, 22.000000, 4.635860
6.000000, 22.000000, 4.690894
7.000000, 22.000000, 4.745344
8.000000, 22.000000, 4.798254
9.000000, 22.000000, 4.848432
10.000000, 22.000000, 4.892062
11.000000, 22.000000, 4.922898
12.000000, 22.000000, 4.938504
13.000000, 22.000000, 4.930324
14.000000, 22.000000, 4.885866
15.000000, 22.000000, 4.790912
16.000000, 22.000000, 4.634404
17.000000, 22.000000, 4.414658
18.000000, 22.000000, 4.136281
19.000000, 22.000000, 3.801496
20.000000, 22.000000, 3.458074
21.000000, 22.000000, 3.132178
22.000000, 22.000000, 2.834523
23.000000, 22.000000, 2.568431
24.000000, 22.000000, 2.331675
25.000000, 22.000000, 2.119511
26.000000, 22.000000, 1.925575
27.000000, 22.000000, 1.743030
28.000000, 22.000000, 1.565193
29.000000, 22.000000, 1.385344
30.000000, 22.000000, 1.202396
31.000000, 22.000000, 1.042129
32.000000, 22.000000, 0.880049
33.000000, 22.000000, 0.706291
34.000000, 22.000000, 0.520926
35.000000, 22.000000, 0.325591
36.000000, 22.000000, 0.134323
37.000000, 22.000000, 0.104528
38.000000, 22.000000, 0.305207
39.000000, 22.000000, 0.547990
40.000000, 22.000000, 0.794652
41.000000, 22.000000, 1.036556
42.000000, 22.000000, 1.269063
0.000000, 23.000000, 4.463499
1.000000, 23.000000, 4.519336
2.000000, 23.000000, 4.574394
3.000000, 23.000000, 4.627809
4.000000, 23.000000, 4.678866
5.000000, 23.000000, 4.727489
6.000000, 23.000000, 4.772344
7.000000, 23.000000, 4.812772
8.000000, 23.000000, 4.846700
9.000000, 23.000000, 4.872103
10.000000, 23.000000, 4.885738
11.000000, 23.000000, 4.879927
12.000000, 23.000000, 4.852072
13.000000, 23.000000, 4.797843
14.000000, 23.000000, 4.710880
15.000000, 23.000000, 4.585488
16.000000, 23.000000, 4.419364
17.000000, 23.000000, 4.212016
18.000000, 23.000000, 3.944184
19.000000, 23.000000, 3.646196
20.000000, 23.000000, 3.347659
21.000000, 23.000000, 3.061981
22.000000, 23.000000, 2.797077
23.000000, 23.000000, 2.555687
24.000000, 23.000000, 2.336879
25.000000, 23.000000, 2.137166
26.000000, 23.000000, 1.951666
27.000000, 23.000000, 1.775002
28.000000, 23.000000, 1.601479
29.000000, 23.000000, 1.425620
30.000000, 23.000000, 1.244075
31.000000, 23.000000, 1.079594
32.000000, 23.000000, 0.922395
33.000000, 23.000000, 0.757305
34.000000, 23.000000, 0.587120
35.000000, 23.000000, 0.422059
36.000000, 23.000000, 0.294907
37.000000, 23.000000, 0.286669
38.000000, 23.000000, 0.417433
39.000000, 23.000000, 0.608001
40.000000, 23.000000, 0.821684
41.000000, 23.000000, 1.039797
42.000000, 23.000000, 1.253274
0.000000, 24.000000, 4.564694
1.000000, 24.000000, 4.622957
2.000000, 24.000000, 4.678457
3.000000, 24.000000, 4.729817
4.000000, 24.000000, 4.776289
5.000000, 24.000000, 4.817324
6.000000, 24.000000, 4.851917
7.000000, 24.000000, 4.878236
8.000000, 24.000000, 4.893819
9.000000, 24.000000, 4.895556
10.000000, 24.000000, 4.880292
11.000000, 24.000000, 4.842615
12.000000, 24.000000, 4.777706
13.000000, 24.000000, 4.685976
14.000000, 24.000000, 4.566458
15.000000, 24.000000, 4.419612
16.000000, 24.000000, 4.247320
17.000000, 24.000000, 4.030849
18.000000, 24.000000, 3.771456
19.000000, 24.000000, 3.503613
20.000000, 24.000000, 3.239161
21.000000, 24.000000, 2.986714
22.000000, 24.000000, 2.751442
23.000000, 24.000000, 2.535048
24.000000, 24.000000, 2.336674
25.000000, 24.000000, 2.153677
26.000000, 24.000000, 1.982162
27.000000, 24.000000, 1.817784
28.000000, 24.000000, 1.655942
29.000000, 24.000000, 1.492619
30.000000, 24.000000, 1.324701
31.000000, 24.000000, 1.166126
32.000000, 24.000000, 1.026213
33.000000, 24.000000, 0.886439
34.000000, 24.000000, 0.752624
35.000000, 24.000000, 0.639352
36.000000, 24.000000, 0.571255
37.000000, 24.000000, 0.567628
38.000000, 24.000000, 0.648774
39.000000, 24.000000, 0.780032
40.000000, 24.000000, 0.942510
41.000000, 24.000000, 1.120511
42.000000, 24.000000, 1.301561
0.000000, 25.000000, 4.665696
1.000000, 25.000000, 4.727226
2.000000, 25.000000, 4.783780
3.000000, 25.000000, 4.832706
4.000000, 25.000000, 4.873971
5.000000, 25.000000, 4.907435
6.000000, 25.000000, 4.932103
7.000000, 25.000000, 4.945662
8.000000, 25.000000, 4.944611
9.000000, 25.000000, 4.925097
10.000000, 25.000000, 4.883510
11.000000, 25.000000, 4.816685
12.000000, 25.000000, 4.720095
13.000000, 25.000000, 4.596131
14.000000, 25.000000, 4.449323
15.000000, 25.000000, 4.284993
16.000000, 25.000000, 4.098310
17.000000, 25.000000, 3.864766
18.000000, 25.000000, 3.618045
19.000000, 25.000000, 3.372285
20.000000, 25.000000, 3.134629
21.000000, 25.000000, 2.910020
22.000000, 25.000000, 2.701566
23.000000, 25.000000, 2.509825
24.000000, 25.000000, 2.333720
25.000000, 25.000000, 2.170662
26.000000, 25.000000, 2.017449
27.000000, 25.000000, 1.870573
28.000000, 25.000000, 1.726533
29.000000, 25.000000, 1.582379
30.000000, 25.000000, 1.436309
31.000000, 25.000000, 1.294070
32.000000, 25.000000, 1.176618
33.000000, 25.000000, 1.067879
34.000000, 25.000000, 0.970848
35.000000, 25.000000, 0.896938
36.000000, 25.000000, 0.855967
37.000000, 25.000000, 0.850735
38.000000, 25.000000, 0.906622
39.000000, 25.000000, 1.003329
40.000000, 25.000000, 1.120918
41.000000, 25.000000, 1.256485
42.000000, 25.000000, 1.399306
0.000000, 26.000000, 4.766805
1.000000, 26.000000, 4.833151
2.000000, 26.000000, 4.891145
3.000000, 26.000000, 4.937779
4.000000, 26.000000, 4.973400
5.000000, 26.000000, 4.999324
6.000000, 26.000000, 5.015509
7.000000, 26.000000, 5.018322
8.000000, 26.000000, 5.003273
9.000000, 26.000000, 4.965424
10.000000, 26.000000, 4.900512
11.000000, 26.000000, 4.805854
12.000000, 26.000000, 4.679387
13.000000, 26.000000, 4.524024
14.000000, 26.000000, 4.350868
15.000000, 26.000000, 4.167934
16.000000, 26.000000, 3.952182
17.000000, 26.000000, 3.713238
18.000000, 26.000000, 3.476825
19.000000, 26.000000, 3.248756
20.000000, 26.000000, 3.033201
21.000000, 26.000000, 2.832860
22.000000, 26.000000, 2.649060
23.000000, 26.000000, 2.481560
24.000000, 26.000000, 2.328617
25.000000, 26.000000, 2.187781
26.000000, 26.000000, 2.056179
27.000000, 26.000000, 1.930847
28.000000, 26.000000, 1.809139
29.000000, 26.000000, 1.688998
30.000000, 26.000000, 1.569565
31.000000, 26.000000, 1.453001
32.000000, 26.000000, 1.357849
33.000000, 26.000000, 1.279832
34.000000, 26.000000, 1.214444
35.000000, 26.000000, 1.168628
36.000000, 26.000000, 1.139420
37.000000, 26.000000, 1.134779
38.000000, 26.000000, 1.173870
39.000000, 26.000000, 1.247515
40.000000, 26.000000, 1.330959
41.000000, 26.000000, 1.427496
42.000000, 26.000000, 1.531530
0.000000, 27.000000, 4.866164
1.000000, 27.000000, 4.939876
2.000000, 27.000000, 5.002467
3.000000, 27.000000, 5.045881
4.000000, 27.000000, 5.074124
5.000000, 27.000000, 5.093337
6.000000, 27.000000, 5.102717
7.000000, 27.000000, 5.096045
8.000000, 27.000000, 5.065262
9.000000, 27.000000, 5.005257
10.000000, 27.000000, 4.913605
11.000000, 27.000000, 4.789315
12.000000, 27.000000, 4.629961
13.000000, 27.000000, 4.441517
14.000000, 27.000000, 4.241042
15.000000, 27.000000, 4.031507
16.000000, 27.000000, 3.790836
17.000000, 27.000000, 3.552236
18.000000, 27.000000, 3.325712
19.000000, 27.000000, 3.114864
20.000000, 27.000000, 2.921756
21.000000, 27.000000, 2.746864
22.000000, 27.000000, 2.589581
23.000000, 27.000000, 2.448147
24.000000, 27.000000, 2.320261
25.000000, 27.000000, 2.203501
26.000000, 27.000000, 2.095756
27.000000, 27.000000, 1.994810
28.000000, 27.000000, 1.898669
29.000000, 27.000000, 1.805845
30.000000, 27.000000, 1.715956
31.000000, 27.000000, 1.630309
32.000000, 27.000000, 1.558497
33.000000, 27.000000, 1.509141
34.000000, 27.000000, 1.471551
35.000000, 27.000000, 1.447108
36.000000, 27.000000, 1.424888
37.000000, 27.000000, 1.422140
38.000000, 27.000000, 1.449081
39.000000, 27.000000, 1.501930
40.000000, 27.000000, 1.559493
41.000000, 27.000000, 1.620500
42.000000, 27.000000, 1.686395
0.000000, 28.000000, 4.960584
1.000000, 28.000000, 5.044824
2.000000, 28.000000, 5.117857
3.000000, 28.000000, 5.154794
4.000000, 28.000000, 5.170150
5.000000, 28.000000, 5.176764
6.000000, 28.000000, 5.172548
7.000000, 28.000000, 5.152052
8.000000, 28.000000, 5.107268
9.000000, 28.000000, 5.030971
10.000000, 28.000000, 4.919399
11.000000, 28.000000, 4.772658
12.000000, 28.000000, 4.584291
13.000000, 28.000000, 4.357767
14.000000, 28.000000, 4.128014
15.000000, 28.000000, 3.882296
16.000000, 28.000000, 3.626223
17.000000, 28.000000, 3.386007
18.000000, 28.000000, 3.166719
19.000000, 28.000000, 2.970257
20.000000, 28.000000, 2.797025
21.000000, 28.000000, 2.645857
22.000000, 28.000000, 2.514746
23.000000, 28.000000, 2.400887
24.000000, 28.000000, 2.300977
25.000000, 28.000000, 2.211962
26.000000, 28.000000, 2.131472
27.000000, 28.000000, 2.057769
28.000000, 28.000000, 1.989664
29.000000, 28.000000, 1.926518
30.000000, 28.000000, 1.868170
31.000000, 28.000000, 1.815468
32.000000, 28.000000, 1.771986
33.000000, 28.000000, 1.748723
34.000000, 28.000000, 1.737695
35.000000, 28.000000, 1.730837
36.000000, 28.000000, 1.717144
37.000000, 28.000000, 1.716897
38.000000, 28.000000, 1.733963
39.000000, 28.000000, 1.766437
40.000000, 28.000000, 1.801240
41.000000, 28.000000, 1.828389
42.000000, 28.000000, 1.856124
0.000000, 29.000000, 5.044279
1.000000, 29.000000, 5.134330
2.000000, 29.000000, 5.215971
3.000000, 29.000000, 5.231165
4.000000, 29.000000, 5.224374
5.000000, 29.000000, 5.223155
6.000000, 29.000000, 5.221699
7.000000, 29.000000, 5.204854
8.000000, 29.000000, 5.157792
9.000000, 29.000000, 5.070031
10.000000, 29.000000, 4.936663
11.000000, 29.000000, 4.757903
12.000000, 29.000000, 4.532818
13.000000, 29.000000, 4.273621
14.000000, 29.000000, 4.007751
15.000000, 29.000000, 3.725973
16.000000, 29.000000, 3.456197
17.000000, 29.000000, 3.212636
18.000000, 29.000000, 2.998822
19.000000, 29.000000, 2.815441
20.000000, 29.000000, 2.660992
21.000000, 29.000000, 2.532635
22.000000, 29.000000, 2.427071
23.000000, 29.000000, 2.340648
24.000000, 29.000000, 2.268785
25.000000, 29.000000, 2.207589
26.000000, 29.000000, 2.155574
27.000000, 29.000000, 2.111665
28.000000, 29.000000, 2.074936
29.000000, 29.000000, 2.044529
30.000000, 29.000000, 2.019931
31.000000, 29.000000, 2.001855
32.000000, 29.000000, 1.991885
33.000000, 29.000000, 1.995259
34.000000, 29.000000, 2.011720
35.000000, 29.000000, 2.022239
36.000000, 29.000000, 2.021022
37.000000, 29.000000, 2.024366
38.000000, 29.000000, 2.032811
39.000000, 29.000000, 2.045028
40.000000, 29.000000, 2.054958
41.000000, 29.000000, 2.048144
42.000000, 29.000000, 2.036762
0.000000, 30.000000, 5.115680
1.000000, 30.000000, 5.181727
2.000000, 30.000000, 5.229335
3.000000, 30.000000, 5.245825
4.000000, 30.000000, 5.247164
5.000000, 30.000000, 5.258002
6.000000, 30.000000, 5.275358
7.000000, 30.000000, 5.272390
8.000000, 30.000000, 5.228716
9.000000, 30.000000, 5.131363
10.000000, 30.000000, 4.973903
11.000000, 30.000000, 4.756819
12.000000, 30.000000, 4.488777
13.000000, 30.000000, 4.190328
14.000000, 30.000000, 3.878349
15.000000, 30.000000, 3.561155
16.000000, 30.000000, 3.275091
17.000000, 30.000000, 3.026436
18.000000, 30.000000, 2.817483
19.000000, 30.000000, 2.646889
20.000000, 30.000000, 2.511183
21.000000, 30.000000, 2.405583
22.000000, 30.000000, 2.325355
23.000000, 30.000000, 2.266147
24.000000, 30.000000, 2.222495
25.000000, 30.000000, 2.189207
26.000000, 30.000000, 2.166416
27.000000, 30.000000, 2.152936
28.000000, 30.000000, 2.148081
29.000000, 30.000000, 2.151669
30.000000, 30.000000, 2.163787
31.000000, 30.000000, 2.183998
32.000000, 30.000000, 2.211618
33.000000, 30.000000, 2.247845
34.000000, 30.000000, 2.293926
35.000000, 30.000000, 2.326195
36.000000, 30.000000, 2.342494
37.000000, 30.000000, 2.351728
38.000000, 30.000000, 2.352128
39.000000, 30.000000, 2.342845
40.000000, 30.000000, 2.322736
41.000000, 30.000000, 2.279192
42.000000, 30.000000, 2.230076
0.000000, 31.000000, 5.140693
1.000000, 31.000000, 5.193448
2.000000, 31.000000, 5.234665
3.000000, 31.000000, 5.257249
4.000000, 31.000000, 5.264018
5.000000, 31.000000, 5.291312
6.000000, 31.000000, 5.344663
7.000000, 31.000000, 5.363953
8.000000, 31.000000, 5.329600
9.000000, 31.000000, 5.226042
10.000000, 31.000000, 5.043677
11.000000, 31.000000, 4.784076
12.000000, 31.000000, 4.463491
13.000000, 31.000000, 4.110377
14.000000, 31.000000, 3.742805
15.000000, 31.000000, 3.387101
16.000000, 31.000000, 3.077029
17.000000, 31.000000, 2.821934
18.000000, 31.000000, 2.618103
19.000000, 31.000000, 2.461478
20.000000, 31.000000, 2.345781
21.000000, 31.000000, 2.263991
22.000000, 31.000000, 2.209330
23.000000, 31.000000, 2.176189
24.000000, 31.000000, 2.159568
25.000000, 31.000000, 2.155708
26.000000, 31.000000, 2.162910
27.000000, 31.000000, 2.180365
28.000000, 31.000000, 2.208016
29.000000, 31.000000, 2.246019
30.000000, 31.000000, 2.294685
31.000000, 31.000000, 2.354433
32.000000, 31.000000, 2.425036
33.000000, 31.000000, 2.503449
34.000000, 31.000000, 2.585183
35.000000, 31.000000, 2.647621
36.000000, 31.000000, 2.688662
37.000000, 31.000000, 2.707886
38.000000, 31.000000, 2.700581
39.000000, 31.000000, 2.666426
40.000000, 31.000000, 2.608706
41.000000, 31.000000, 2.522995
42.000000, 31.000000, 2.437402
0.000000, 32.000000, 5.152749
1.000000, 32.000000, 5.205863
2.000000, 32.000000, 5.252420
3.000000, 32.000000, 5.289176
4.000000, 32.000000, 5.319111
5.000000, 32.000000, 5.371284
6.000000, 32.000000, 5.447142
7.000000, 32.000000, 5.489058
8.000000, 32.000000, 5.470072
9.000000, 32.000000, 5.366253
10.000000, 32.000000, 5.159123
11.000000, 32.000000, 4.848638
12.000000, 32.000000, 4.459288
13.000000, 32.000000, 4.032066
14.000000, 32.000000, 3.598978
15.000000, 32.000000, 3.200180
16.000000, 32.000000, 2.860819
17.000000, 32.000000, 2.593844
18.000000, 32.000000, 2.396591
19.000000, 32.000000, 2.256736
20.000000, 32.000000, 2.163971
21.000000, 32.000000, 2.108317
22.000000, 32.000000, 2.080978
23.000000, 32.000000, 2.075080
24.000000, 32.000000, 2.085744
25.000000, 32.000000, 2.109878
26.000000, 32.000000, 2.145923
27.000000, 32.000000, 2.193202
28.000000, 32.000000, 2.252731
29.000000, 32.000000, 2.325021
30.000000, 32.000000, 2.410167
31.000000, 32.000000, 2.508358
32.000000, 32.000000, 2.619892
33.000000, 32.000000, 2.743887
34.000000, 32.000000, 2.871360
35.000000, 32.000000, 2.974775
36.000000, 32.000000, 3.051016
37.000000, 32.000000, 3.086761
38.000000, 32.000000, 3.071704
39.000000, 32.000000, 3.006512
40.000000, 32.000000, 2.901881
41.000000, 32.000000, 2.773081
42.000000, 32.000000, 2.640065
0.000000, 33.000000, 5.163081
1.000000, 33.000000, 5.220906
2.000000, 33.000000, 5.279209
3.000000, 33.000000, 5.338528
4.000000, 33.000000, 5.404735
5.000000, 33.000000, 5.487516
6.000000, 33.000000, 5.579436
7.000000, 33.000000, 5.647382
8.000000, 33.000000, 5.656392
9.000000, 33.000000, 5.565720
10.000000, 33.000000, 5.336582
11.000000, 33.000000, 4.961612
12.000000, 33.000000, 4.478487
13.000000, 33.000000, 3.951559
14.000000, 33.000000, 3.439658
15.000000, 33.000000, 2.989991
16.000000, 33.000000, 2.622891
17.000000, 33.000000, 2.343335
18.000000, 33.000000, 2.150302
19.000000, 33.000000, 2.031300
20.000000, 33.000000, 1.966055
21.000000, 33.000000, 1.940467
22.000000, 33.000000, 1.943072
23.000000, 33.000000, 1.965926
24.000000, 33.000000, 2.003842
25.000000, 33.000000, 2.054286
26.000000, 33.000000, 2.116144
27.000000, 33.000000, 2.188748
28.000000, 33.000000, 2.272923
29.000000, 33.000000, 2.371955
30.000000, 33.000000, 2.489090
31.000000, 33.000000, 2.625493
32.000000, 33.000000, 2.782641
33.000000, 33.000000, 2.959594
34.000000, 33.000000, 3.145744
35.000000, 33.000000, 3.312858
36.000000, 33.000000, 3.447082
37.000000, 33.000000, 3.513364
38.000000, 33.000000, 3.489121
39.000000, 33.000000, 3.377334
40.000000, 33.000000, 3.207305
41.000000, 33.000000, 3.019851
42.000000, 33.000000, 2.814323
0.000000, 34.000000, 5.170069
1.000000, 34.000000, 5.234233
2.000000, 34.000000, 5.305040
3.000000, 34.000000, 5.385280
4.000000, 34.000000, 5.480316
5.000000, 34.000000, 5.592763
6.000000, 34.000000, 5.715983
7.000000, 34.000000, 5.827519
8.000000, 34.000000, 5.888813
9.000000, 34.000000, 5.838011
10.000000, 34.000000, 5.597631
11.000000, 34.000000, 5.137708
12.000000, 34.000000, 4.521245
13.000000, 34.000000, 3.860423
14.000000, 34.000000, 3.252488
15.000000, 34.000000, 2.744863
16.000000, 34.000000, 2.351558
17.000000, 34.000000, 2.068917
18.000000, 34.000000, 1.885229
19.000000, 34.000000, 1.786801
20.000000, 34.000000, 1.754399
21.000000, 34.000000, 1.763564
22.000000, 34.000000, 1.799553
23.000000, 34.000000, 1.852651
24.000000, 34.000000, 1.916200
25.000000, 34.000000, 1.985387
26.000000, 34.000000, 2.061300
27.000000, 34.000000, 2.150393
28.000000, 34.000000, 2.257513
29.000000, 34.000000, 2.386028
30.000000, 34.000000, 2.538334
31.000000, 34.000000, 2.716784
32.000000, 34.000000, 2.924825
33.000000, 34.000000, 3.164381
34.000000, 34.000000, 3.425185
35.000000, 34.000000, 3.679981
36.000000, 34.000000, 3.907558
37.000000, 34.000000, 4.033911
38.000000, 34.000000, 3.998129
39.000000, 34.000000, 3.811793
40.000000, 34.000000, 3.551293
41.000000, 34.000000, 3.268449
42.000000, 34.000000, 2.973704
0.000000, 35.000000, 5.170298
1.000000, 35.000000, 5.239074
2.000000, 35.000000, 5.319314
3.000000, 35.000000, 5.414538
4.000000, 35.000000, 5.529638
5.000000, 35.000000, 5.668269
6.000000, 35.000000, 5.828474
7.000000, 35.000000, 5.998207
8.000000, 35.000000, 6.144795
9.000000, 35.000000, 6.187966
10.000000, 35.000000, 5.973348
11.000000, 35.000000, 5.392906
12.000000, 35.000000, 4.577862
13.000000, 35.000000, 3.738842
14.000000, 35.000000, 3.017803
15.000000, 35.000000, 2.452184
16.000000, 35.000000, 2.038977
17.000000, 35.000000, 1.762565
18.000000, 35.000000, 1.602191
19.000000, 35.000000, 1.534378
20.000000, 35.000000, 1.535353
21.000000, 35.000000, 1.583192
22.000000, 35.000000, 1.654419
23.000000, 35.000000, 1.731591
24.000000, 35.000000, 1.809045
25.000000, 35.000000, 1.891688
26.000000, 35.000000, 1.984840
27.000000, 35.000000, 2.093964
28.000000, 35.000000, 2.223840
29.000000, 35.000000, 2.378612
30.000000, 35.000000, 2.562141
31.000000, 35.000000, 2.779363
32.000000, 35.000000, 3.037254
33.000000, 35.000000, 3.343625
34.000000, 35.000000, 3.695381
35.000000, 35.000000, 4.074313
36.000000, 35.000000, 4.451159
37.000000, 35.000000, 4.696653
38.000000, 35.000000, 4.644826
39.000000, 35.000000, 4.326950
40.000000, 35.000000, 3.914391
41.000000, 35.000000, 3.501721
42.000000, 35.000000, 3.110601
0.000000, 36.000000, 5.160654
1.000000, 36.000000, 5.230334
2.000000, 36.000000, 5.313969
3.000000, 36.000000, 5.415422
4.000000, 36.000000, 5.540287
5.000000, 36.000000, 5.694244
6.000000, 36.000000, 5.882209
7.000000, 36.000000, 6.104485
8.000000, 36.000000, 6.352217
9.000000, 36.000000, 6.571519
10.000000, 36.000000, 6.496468
11.000000, 36.000000, 5.711573
12.000000, 36.000000, 4.597226
13.000000, 36.000000, 3.539329
14.000000, 36.000000, 2.709826
15.000000, 36.000000, 2.102238
16.000000, 36.000000, 1.683181
17.000000, 36.000000, 1.424793
18.000000, 36.000000, 1.299812
19.000000, 36.000000, 1.276667
20.000000, 36.000000, 1.321553
21.000000, 36.000000, 1.401742
22.000000, 36.000000, 1.494316
23.000000, 36.000000, 1.593379
24.000000, 36.000000, 1.695056
25.000000, 36.000000, 1.796159
26.000000, 36.000000, 1.903438
27.000000, 36.000000, 2.027357
28.000000, 36.000000, 2.174269
29.000000, 36.000000, 2.349180
30.000000, 36.000000, 2.557258
31.000000, 36.000000, 2.805704
32.000000, 36.000000, 3.105344
33.000000, 36.000000, 3.471691
34.000000, 36.000000, 3.915845
35.000000, 36.000000, 4.447767
36.000000, 36.000000, 5.070567
37.000000, 36.000000, 5.569203
38.000000, 36.000000, 5.478878
39.000000, 36.000000, 4.887060
40.000000, 36.000000, 4.243417
41.000000, 36.000000, 3.691407
42.000000, 36.000000, 3.226109
0.000000, 37.000000, 5.138480
1.000000, 37.000000, 5.204762
2.000000, 37.000000, 5.284269
3.000000, 37.000000, 5.382138
4.000000, 37.000000, 5.502759
5.000000, 37.000000, 5.653301
6.000000, 37.000000, 5.842538
7.000000, 37.000000, 6.078692
8.000000, 37.000000, 6.370667
9.000000, 37.000000, 6.717436
10.000000, 37.000000, 5.786995
11.000000, 37.000000, 5.656653
12.000000, 37.000000, 4.341792
13.000000, 37.000000, 3.175843
14.000000, 37.000000, 2.313766
15.000000, 37.000000, 1.698915
16.000000, 37.000000, 1.290457
17.000000, 37.000000, 1.062471
18.000000, 37.000000, 0.986850
19.000000, 37.000000, 1.018150
20.000000, 37.000000, 1.101603
21.000000, 37.000000, 1.209095
22.000000, 37.000000, 1.330883
23.000000, 37.000000, 1.459168
24.000000, 37.000000, 1.588971
25.000000, 37.000000, 1.704644
26.000000, 37.000000, 1.819009
27.000000, 37.000000, 1.952328
28.000000, 37.000000, 2.110300
29.000000, 37.000000, 2.298057
30.000000, 37.000000, 2.521791
31.000000, 37.000000, 2.789876
32.000000, 37.000000, 3.115243
33.000000, 37.000000, 3.518769
34.000000, 37.000000, 4.024038
35.000000, 37.000000, 4.673205
36.000000, 37.000000, 5.553470
37.000000, 37.000000, 5.235658
38.000000, 37.000000, 5.663494
39.000000, 37.000000, 5.288457
40.000000, 37.000000, 4.439223
41.000000, 37.000000, 3.802607
42.000000, 37.000000, 3.286830
0.000000, 38.000000, 5.103943
1.000000, 38.000000, 5.160912
2.000000, 38.000000, 5.229613
3.000000, 38.000000, 5.312304
4.000000, 38.000000, 5.413937
5.000000, 38.000000, 5.538909
6.000000, 38.000000, 5.693250
7.000000, 38.000000, 5.882949
8.000000, 38.000000, 6.103284
9.000000, 38.000000, 6.260202
10.000000, 38.000000, 5.835102
11.000000, 38.000000, 5.027168
12.000000, 38.000000, 3.756584
13.000000, 38.000000, 2.677266
14.000000, 38.000000, 1.862664
15.000000, 38.000000, 1.269787
16.000000, 38.000000, 0.879538
17.000000, 38.000000, 0.689663
18.000000, 38.000000, 0.676056
19.000000, 38.000000, 0.757621
20.000000, 38.000000, 0.881754
21.000000, 38.000000, 1.027924
22.000000, 38.000000, 1.178944
23.000000, 38.000000, 1.327978
24.000000, 38.000000, 1.472172
25.000000, 38.000000, 1.603142
26.000000, 38.000000, 1.729581
27.000000, 38.000000, 1.870295
28.000000, 38.000000, 2.034003
29.000000, 38.000000, 2.227142
30.000000, 38.000000, 2.456532
31.000000, 38.000000, 2.730511
32.000000, 38.000000, 3.060687
33.000000, 38.000000, 3.467126
34.000000, 38.000000, 3.971484
35.000000, 38.000000, 4.607602
36.000000, 38.000000, 5.439150
37.000000, 38.000000, 5.639197
38.000000, 38.000000, 5.774646
39.000000, 38.000000, 5.186253
40.000000, 38.000000, 4.397728
41.000000, 38.000000, 3.782875
42.000000, 38.000000, 3.270545
0.000000, 39.000000, 5.058254
1.000000, 39.000000, 5.101875
2.000000, 39.000000, 5.152694
3.000000, 39.000000, 5.211742
4.000000, 39.000000, 5.280221
5.000000, 39.000000, 5.359674
6.000000, 39.000000, 5.447918
7.000000, 39.000000, 5.538854
8.000000, 39.000000, 5.608371
9.000000, 39.000000, 5.546827
10.000000, 39.000000, 4.983379
11.000000, 39.000000, 4.108140
12.000000, 39.000000, 3.100623
13.000000, 39.000000, 2.175903
14.000000, 39.000000, 1.431744
15.000000, 39.000000, 0.866450
16.000000, 39.000000, 0.481971
17.000000, 39.000000, 0.325329
18.000000, 39.000000, 0.386112
19.000000, 39.000000, 0.533093
20.000000, 39.000000, 0.696686
21.000000, 39.000000, 0.876267
22.000000, 39.000000, 1.045605
23.000000, 39.000000, 1.203637
24.000000, 39.000000, 1.351618
25.000000, 39.000000, 1.490753
26.000000, 39.000000, 1.629287
27.000000, 39.000000, 1.778809
28.000000, 39.000000, 1.946946
29.000000, 39.000000, 2.140242
30.000000, 39.000000, 2.366081
31.000000, 39.000000, 2.632409
32.000000, 39.000000, 2.948386
33.000000, 39.000000, 3.326455
34.000000, 39.000000, 3.772811
35.000000, 39.000000, 4.278047
36.000000, 39.000000, 4.831883
37.000000, 39.000000, 5.249548
38.000000, 39.000000, 5.174249
39.000000, 39.000000, 4.682849
40.000000, 39.000000, 4.129630
41.000000, 39.000000, 3.635821
42.000000, 39.000000, 3.183584
0.000000, 40.000000, 5.003665
1.000000, 40.000000, 5.030018
2.000000, 40.000000, 5.059158
3.000000, 40.000000, 5.088716
4.000000, 40.000000, 5.116429
5.000000, 40.000000, 5.138723
6.000000, 40.000000, 5.146260
7.000000, 40.000000, 5.120119
8.000000, 40.000000, 5.015482
9.000000, 40.000000, 4.734934
10.000000, 40.000000, 4.176247
11.000000, 40.000000, 3.410962
12.000000, 40.000000, 2.573562
13.000000, 40.000000, 1.774300
14.000000, 40.000000, 1.093204
15.000000, 40.000000, 0.559603
16.000000, 40.000000, 0.166978
17.000000, 40.000000, 0.014552
18.000000, 40.000000, 0.190348
19.000000, 40.000000, 0.399866
20.000000, 40.000000, 0.589719
21.000000, 40.000000, 0.770915
22.000000, 40.000000, 0.938776
23.000000, 40.000000, 1.094528
24.000000, 40.000000, 1.240413
25.000000, 40.000000, 1.380712
26.000000, 40.000000, 1.521656
27.000000, 40.000000, 1.672424
28.000000, 40.000000, 1.840765
29.000000, 40.000000, 2.032611
30.000000, 40.000000, 2.252650
31.000000, 40.000000, 2.505306
32.000000, 40.000000, 2.795680
33.000000, 40.000000, 3.125036
34.000000, 40.000000, 3.482263
35.000000, 40.000000, 3.849133
36.000000, 40.000000, 4.197822
37.000000, 40.000000, 4.416120
38.000000, 40.000000, 4.382304
39.000000, 40.000000, 4.127725
40.000000, 40.000000, 3.776634
41.000000, 40.000000, 3.413024
42.000000, 40.000000, 3.046788
0.000000, 41.000000, 4.904714
1.000000, 41.000000, 4.938125
2.000000, 41.000000, 4.955570
3.000000, 41.000000, 4.954924
4.000000, 41.000000, 4.940549
5.000000, 41.000000, 4.905849
6.000000, 41.000000, 4.837917
7.000000, 41.000000, 4.712607
8.000000, 41.000000, 4.492125
9.000000, 41.000000, 4.126152
10.000000, 41.000000, 3.590546
11.000000, 41.000000, 2.926086
12.000000, 41.000000, 2.213045
13.000000, 41.000000, 1.520688
14.000000, 41.000000, 0.899759
15.000000, 41.000000, 0.442112
16.000000, 41.000000, 0.116330
17.000000, 41.000000, 0.008747
18.000000, 41.000000, 0.176953
19.000000, 41.000000, 0.373037
20.000000, 41.000000, 0.548764
21.000000, 41.000000, 0.709935
22.000000, 41.000000, 0.860775
23.000000, 41.000000, 1.002916
24.000000, 41.000000, 1.140153
25.000000, 41.000000, 1.275867
26.000000, 41.000000, 1.414203
27.000000, 41.000000, 1.561626
28.000000, 41.000000, 1.724271
29.000000, 41.000000, 1.906908
30.000000, 41.000000, 2.113244
31.000000, 41.000000, 2.345071
32.000000, 41.000000, 2.597493
33.000000, 41.000000, 2.868833
34.000000, 41.000000, 3.157622
35.000000, 41.000000, 3.433077
36.000000, 41.000000, 3.668635
37.000000, 41.000000, 3.798039
38.000000, 41.000000, 3.787339
39.000000, 41.000000, 3.649227
40.000000, 41.000000, 3.429946
41.000000, 41.000000, 3.169840
42.000000, 41.000000, 2.883617
0.000000, 42.000000, 4.810318
1.000000, 42.000000, 4.825150
2.000000, 42.000000, 4.829168
3.000000, 42.000000, 4.814963
4.000000, 42.000000, 4.769762
5.000000, 42.000000, 4.687985
6.000000, 42.000000, 4.560536
7.000000, 42.000000, 4.369503
8.000000, 42.000000, 4.088926
9.000000, 42.000000, 3.697639
10.000000, 42.000000, 3.195662
11.000000, 42.000000, 2.614167
12.000000, 42.000000, 2.006415
13.000000, 42.000000, 1.426382
14.000000, 42.000000, 0.909760
15.000000, 42.000000, 0.526161
16.000000, 42.000000, 0.286615
17.000000, 42.000000, 0.216946
18.000000, 42.000000, 0.292831
19.000000, 42.000000, 0.420631
20.000000, 42.000000, 0.552759
21.000000, 42.000000, 0.680759
22.000000, 42.000000, 0.804182
23.000000, 42.000000, 0.926273
24.000000, 42.000000, 1.049232
25.000000, 42.000000, 1.176264
26.000000, 42.000000, 1.308528
27.000000, 42.000000, 1.450034
28.000000, 42.000000, 1.605089
29.000000, 42.000000, 1.775876
30.000000, 42.000000, 1.960137
31.000000, 42.000000, 2.155592
32.000000, 42.000000, 2.369122
33.000000, 42.000000, 2.600465
34.000000, 42.000000, 2.839708
35.000000, 42.000000, 3.055779
36.000000, 42.000000, 3.220662
37.000000, 42.000000, 3.309167
38.000000, 42.000000, 3.317237
39.000000, 42.000000, 3.245278
40.000000, 42.000000, 3.111360
41.000000, 42.000000, 2.929441
42.000000, 42.000000, 2.711569
