S
I=71,J=71
0.0, 0.0, 2.265347
0.0, 0.0, 2.266668
0.0, 0.0, 2.263222
0.0, 0.0, 2.254417
0.0, 0.0, 2.239632
0.0, 0.0, 2.218236
0.0, 0.0, 2.189619
0.0, 0.0, 2.153233
0.0, 0.0, 2.108666
0.0, 0.0, 2.055756
0.0, 0.0, 1.993905
0.0, 0.0, 1.925066
0.0, 0.0, 1.849435
0.0, 0.0, 1.767437
0.0, 0.0, 1.679774
0.0, 0.0, 1.587477
0.0, 0.0, 1.491959
0.0, 0.0, 1.395064
0.0, 0.0, 1.299138
0.0, 0.0, 1.207085
0.0, 0.0, 1.122418
0.0, 0.0, 1.049231
0.0, 0.0, 0.992003
0.0, 0.0, 0.955088
0.0, 0.0, 0.941896
0.0, 0.0, 0.954009
0.0, 0.0, 0.990772
0.0, 0.0, 1.049640
0.0, 0.0, 1.127048
0.0, 0.0, 1.219245
0.0, 0.0, 1.322807
0.0, 0.0, 1.434797
0.0, 0.0, 1.552729
0.0, 0.0, 1.674458
0.0, 0.0, 1.812100
0.0, 0.0, 1.955511
0.0, 0.0, 2.091435
0.0, 0.0, 2.215827
0.0, 0.0, 2.325155
0.0, 0.0, 2.416768
0.0, 0.0, 2.489150
0.0, 0.0, 2.558751
0.0, 0.0, 2.601708
0.0, 0.0, 2.620538
0.0, 0.0, 2.618371
0.0, 0.0, 2.598348
0.0, 0.0, 2.563352
0.0, 0.0, 2.515847
0.0, 0.0, 2.457829
0.0, 0.0, 2.390843
0.0, 0.0, 2.316042
0.0, 0.0, 2.234272
0.0, 0.0, 2.146158
0.0, 0.0, 2.052197
0.0, 0.0, 1.952841
0.0, 0.0, 1.848569
0.0, 0.0, 1.739949
0.0, 0.0, 1.627669
0.0, 0.0, 1.512564
0.0, 0.0, 1.395602
0.0, 0.0, 1.277861
0.0, 0.0, 1.160481
0.0, 0.0, 1.044609
0.0, 0.0, 0.931344
0.0, 0.0, 0.821687
0.0, 0.0, 0.716505
0.0, 0.0, 0.616507
0.0, 0.0, 0.522241
0.0, 0.0, 0.435864
0.0, 0.0, 0.375609
0.0, 0.0, 0.343548
0.0, 0.0, 2.349284
0.0, 0.0, 2.352943
0.0, 0.0, 2.351358
0.0, 0.0, 2.343964
0.0, 0.0, 2.330015
0.0, 0.0, 2.308732
0.0, 0.0, 2.279317
0.0, 0.0, 2.241005
0.0, 0.0, 2.193134
0.0, 0.0, 2.135680
0.0, 0.0, 2.069754
0.0, 0.0, 1.995574
0.0, 0.0, 1.913221
0.0, 0.0, 1.823022
0.0, 0.0, 1.725619
0.0, 0.0, 1.622024
0.0, 0.0, 1.513683
0.0, 0.0, 1.402551
0.0, 0.0, 1.291170
0.0, 0.0, 1.182793
0.0, 0.0, 1.081514
0.0, 0.0, 0.992377
0.0, 0.0, 0.921285
0.0, 0.0, 0.874424
0.0, 0.0, 0.856935
0.0, 0.0, 0.871247
0.0, 0.0, 0.916197
0.0, 0.0, 0.987765
0.0, 0.0, 1.080763
0.0, 0.0, 1.190243
0.0, 0.0, 1.312117
0.0, 0.0, 1.443182
0.0, 0.0, 1.580966
0.0, 0.0, 1.730375
0.0, 0.0, 1.898898
0.0, 0.0, 2.065523
0.0, 0.0, 2.222875
0.0, 0.0, 2.365763
0.0, 0.0, 2.489580
0.0, 0.0, 2.590926
0.0, 0.0, 2.668254
0.0, 0.0, 2.727719
0.0, 0.0, 2.770541
0.0, 0.0, 2.786478
0.0, 0.0, 2.778867
0.0, 0.0, 2.751972
0.0, 0.0, 2.709499
0.0, 0.0, 2.654452
0.0, 0.0, 2.589116
0.0, 0.0, 2.515138
0.0, 0.0, 2.433642
0.0, 0.0, 2.345349
0.0, 0.0, 2.250718
0.0, 0.0, 2.150059
0.0, 0.0, 2.043649
0.0, 0.0, 1.931822
0.0, 0.0, 1.815056
0.0, 0.0, 1.694022
0.0, 0.0, 1.569609
0.0, 0.0, 1.442915
0.0, 0.0, 1.315209
0.0, 0.0, 1.187865
0.0, 0.0, 1.062280
0.0, 0.0, 0.939798
0.0, 0.0, 0.821645
0.0, 0.0, 0.708879
0.0, 0.0, 0.602373
0.0, 0.0, 0.502892
0.0, 0.0, 0.417383
0.0, 0.0, 0.362894
0.0, 0.0, 0.340089
0.0, 0.0, 2.439941
0.0, 0.0, 2.446320
0.0, 0.0, 2.447107
0.0, 0.0, 2.441651
0.0, 0.0, 2.429071
0.0, 0.0, 2.408419
0.0, 0.0, 2.378694
0.0, 0.0, 2.338873
0.0, 0.0, 2.288048
0.0, 0.0, 2.227280
0.0, 0.0, 2.157535
0.0, 0.0, 2.078135
0.0, 0.0, 1.988987
0.0, 0.0, 1.890278
0.0, 0.0, 1.782548
0.0, 0.0, 1.666755
0.0, 0.0, 1.544345
0.0, 0.0, 1.417333
0.0, 0.0, 1.288404
0.0, 0.0, 1.161069
0.0, 0.0, 1.039923
0.0, 0.0, 0.930978
0.0, 0.0, 0.841912
0.0, 0.0, 0.781640
0.0, 0.0, 0.758306
0.0, 0.0, 0.775871
0.0, 0.0, 0.832066
0.0, 0.0, 0.920102
0.0, 0.0, 1.032213
0.0, 0.0, 1.161944
0.0, 0.0, 1.304663
0.0, 0.0, 1.457178
0.0, 0.0, 1.618697
0.0, 0.0, 1.805106
0.0, 0.0, 2.003412
0.0, 0.0, 2.197346
0.0, 0.0, 2.380182
0.0, 0.0, 2.544989
0.0, 0.0, 2.685430
0.0, 0.0, 2.796916
0.0, 0.0, 2.877475
0.0, 0.0, 2.928862
0.0, 0.0, 2.962267
0.0, 0.0, 2.971372
0.0, 0.0, 2.954731
0.0, 0.0, 2.917920
0.0, 0.0, 2.865610
0.0, 0.0, 2.801347
0.0, 0.0, 2.727634
0.0, 0.0, 2.646115
0.0, 0.0, 2.557757
0.0, 0.0, 2.463048
0.0, 0.0, 2.362161
0.0, 0.0, 2.255113
0.0, 0.0, 2.141907
0.0, 0.0, 2.022656
0.0, 0.0, 1.897690
0.0, 0.0, 1.767626
0.0, 0.0, 1.633414
0.0, 0.0, 1.496318
0.0, 0.0, 1.357867
0.0, 0.0, 1.219753
0.0, 0.0, 1.083726
0.0, 0.0, 0.951475
0.0, 0.0, 0.824543
0.0, 0.0, 0.704280
0.0, 0.0, 0.591835
0.0, 0.0, 0.488244
0.0, 0.0, 0.401088
0.0, 0.0, 0.356030
0.0, 0.0, 0.346589
0.0, 0.0, 2.537869
0.0, 0.0, 2.547529
0.0, 0.0, 2.551277
0.0, 0.0, 2.548373
0.0, 0.0, 2.537798
0.0, 0.0, 2.518427
0.0, 0.0, 2.489033
0.0, 0.0, 2.448309
0.0, 0.0, 2.395288
0.0, 0.0, 2.332428
0.0, 0.0, 2.259371
0.0, 0.0, 2.175088
0.0, 0.0, 2.079279
0.0, 0.0, 1.971945
0.0, 0.0, 1.853479
0.0, 0.0, 1.724749
0.0, 0.0, 1.587172
0.0, 0.0, 1.442790
0.0, 0.0, 1.294365
0.0, 0.0, 1.145543
0.0, 0.0, 1.001204
0.0, 0.0, 0.868108
0.0, 0.0, 0.755827
0.0, 0.0, 0.677199
0.0, 0.0, 0.645789
0.0, 0.0, 0.668628
0.0, 0.0, 0.740888
0.0, 0.0, 0.850418
0.0, 0.0, 0.985555
0.0, 0.0, 1.138317
0.0, 0.0, 1.304001
0.0, 0.0, 1.480036
0.0, 0.0, 1.673720
0.0, 0.0, 1.898865
0.0, 0.0, 2.129381
0.0, 0.0, 2.355772
0.0, 0.0, 2.569542
0.0, 0.0, 2.760981
0.0, 0.0, 2.920839
0.0, 0.0, 3.042527
0.0, 0.0, 3.123791
0.0, 0.0, 3.166933
0.0, 0.0, 3.181069
0.0, 0.0, 3.176058
0.0, 0.0, 3.145467
0.0, 0.0, 3.094888
0.0, 0.0, 3.030002
0.0, 0.0, 2.954790
0.0, 0.0, 2.871807
0.0, 0.0, 2.782506
0.0, 0.0, 2.687534
0.0, 0.0, 2.586982
0.0, 0.0, 2.480593
0.0, 0.0, 2.367963
0.0, 0.0, 2.248699
0.0, 0.0, 2.122583
0.0, 0.0, 1.989715
0.0, 0.0, 1.850616
0.0, 0.0, 1.706293
0.0, 0.0, 1.558232
0.0, 0.0, 1.408315
0.0, 0.0, 1.258691
0.0, 0.0, 1.111607
0.0, 0.0, 0.969251
0.0, 0.0, 0.833638
0.0, 0.0, 0.706564
0.0, 0.0, 0.589650
0.0, 0.0, 0.484486
0.0, 0.0, 0.397321
0.0, 0.0, 0.363928
0.0, 0.0, 0.370904
0.0, 0.0, 2.643652
0.0, 0.0, 2.657230
0.0, 0.0, 2.664612
0.0, 0.0, 2.664980
0.0, 0.0, 2.657174
0.0, 0.0, 2.639889
0.0, 0.0, 2.611662
0.0, 0.0, 2.570881
0.0, 0.0, 2.516903
0.0, 0.0, 2.453047
0.0, 0.0, 2.377413
0.0, 0.0, 2.288845
0.0, 0.0, 2.186769
0.0, 0.0, 2.070937
0.0, 0.0, 1.941541
0.0, 0.0, 1.799325
0.0, 0.0, 1.645666
0.0, 0.0, 1.482634
0.0, 0.0, 1.313035
0.0, 0.0, 1.140529
0.0, 0.0, 0.969963
0.0, 0.0, 0.808244
0.0, 0.0, 0.666265
0.0, 0.0, 0.561831
0.0, 0.0, 0.518702
0.0, 0.0, 0.550895
0.0, 0.0, 0.647063
0.0, 0.0, 0.784408
0.0, 0.0, 0.946232
0.0, 0.0, 1.123900
0.0, 0.0, 1.313673
0.0, 0.0, 1.515297
0.0, 0.0, 1.750068
0.0, 0.0, 2.011660
0.0, 0.0, 2.279238
0.0, 0.0, 2.544927
0.0, 0.0, 2.797489
0.0, 0.0, 3.022659
0.0, 0.0, 3.206020
0.0, 0.0, 3.337414
0.0, 0.0, 3.414407
0.0, 0.0, 3.442347
0.0, 0.0, 3.431821
0.0, 0.0, 3.400286
0.0, 0.0, 3.349097
0.0, 0.0, 3.280090
0.0, 0.0, 3.199657
0.0, 0.0, 3.111905
0.0, 0.0, 3.019123
0.0, 0.0, 2.922303
0.0, 0.0, 2.821543
0.0, 0.0, 2.716347
0.0, 0.0, 2.605869
0.0, 0.0, 2.489125
0.0, 0.0, 2.365176
0.0, 0.0, 2.233338
0.0, 0.0, 2.093362
0.0, 0.0, 1.945600
0.0, 0.0, 1.791111
0.0, 0.0, 1.631668
0.0, 0.0, 1.469653
0.0, 0.0, 1.307866
0.0, 0.0, 1.149275
0.0, 0.0, 0.996789
0.0, 0.0, 0.853115
0.0, 0.0, 0.720713
0.0, 0.0, 0.601902
0.0, 0.0, 0.499061
0.0, 0.0, 0.416977
0.0, 0.0, 0.394632
0.0, 0.0, 0.418159
0.0, 0.0, 2.757909
0.0, 0.0, 2.776115
0.0, 0.0, 2.787896
0.0, 0.0, 2.792360
0.0, 0.0, 2.788219
0.0, 0.0, 2.773992
0.0, 0.0, 2.747979
0.0, 0.0, 2.708263
0.0, 0.0, 2.654916
0.0, 0.0, 2.591190
0.0, 0.0, 2.514035
0.0, 0.0, 2.422121
0.0, 0.0, 2.314515
0.0, 0.0, 2.190632
0.0, 0.0, 2.050395
0.0, 0.0, 1.894388
0.0, 0.0, 1.723963
0.0, 0.0, 1.541273
0.0, 0.0, 1.349246
0.0, 0.0, 1.151548
0.0, 0.0, 0.952722
0.0, 0.0, 0.758924
0.0, 0.0, 0.580450
0.0, 0.0, 0.438952
0.0, 0.0, 0.377167
0.0, 0.0, 0.427627
0.0, 0.0, 0.560006
0.0, 0.0, 0.731366
0.0, 0.0, 0.921590
0.0, 0.0, 1.123973
0.0, 0.0, 1.337217
0.0, 0.0, 1.568088
0.0, 0.0, 1.844681
0.0, 0.0, 2.143293
0.0, 0.0, 2.453748
0.0, 0.0, 2.768008
0.0, 0.0, 3.071235
0.0, 0.0, 3.341631
0.0, 0.0, 3.555059
0.0, 0.0, 3.694479
0.0, 0.0, 3.757877
0.0, 0.0, 3.757479
0.0, 0.0, 3.711968
0.0, 0.0, 3.641701
0.0, 0.0, 3.560882
0.0, 0.0, 3.468341
0.0, 0.0, 3.369595
0.0, 0.0, 3.268255
0.0, 0.0, 3.165851
0.0, 0.0, 3.062549
0.0, 0.0, 2.957640
0.0, 0.0, 2.849844
0.0, 0.0, 2.737559
0.0, 0.0, 2.619055
0.0, 0.0, 2.492680
0.0, 0.0, 2.357095
0.0, 0.0, 2.211538
0.0, 0.0, 2.056069
0.0, 0.0, 1.891762
0.0, 0.0, 1.720764
0.0, 0.0, 1.546161
0.0, 0.0, 1.371705
0.0, 0.0, 1.201398
0.0, 0.0, 1.039193
0.0, 0.0, 0.888755
0.0, 0.0, 0.753350
0.0, 0.0, 0.636077
0.0, 0.0, 0.539967
0.0, 0.0, 0.468479
0.0, 0.0, 0.454618
0.0, 0.0, 0.491361
0.0, 0.0, 2.881295
0.0, 0.0, 2.904917
0.0, 0.0, 2.921942
0.0, 0.0, 2.931431
0.0, 0.0, 2.931976
0.0, 0.0, 2.921914
0.0, 0.0, 2.899276
0.0, 0.0, 2.861825
0.0, 0.0, 2.810709
0.0, 0.0, 2.748161
0.0, 0.0, 2.670787
0.0, 0.0, 2.577013
0.0, 0.0, 2.465389
0.0, 0.0, 2.334579
0.0, 0.0, 2.184144
0.0, 0.0, 2.014470
0.0, 0.0, 1.826864
0.0, 0.0, 1.623788
0.0, 0.0, 1.408548
0.0, 0.0, 1.185089
0.0, 0.0, 0.957761
0.0, 0.0, 0.731437
0.0, 0.0, 0.513048
0.0, 0.0, 0.320283
0.0, 0.0, 0.224251
0.0, 0.0, 0.314271
0.0, 0.0, 0.497468
0.0, 0.0, 0.703968
0.0, 0.0, 0.919739
0.0, 0.0, 1.143399
0.0, 0.0, 1.377252
0.0, 0.0, 1.641103
0.0, 0.0, 1.953428
0.0, 0.0, 2.290477
0.0, 0.0, 2.649990
0.0, 0.0, 3.025108
0.0, 0.0, 3.397415
0.0, 0.0, 3.732998
0.0, 0.0, 3.988199
0.0, 0.0, 4.131208
0.0, 0.0, 4.162876
0.0, 0.0, 4.111816
0.0, 0.0, 4.012746
0.0, 0.0, 3.892809
0.0, 0.0, 3.771926
0.0, 0.0, 3.651222
0.0, 0.0, 3.532413
0.0, 0.0, 3.417591
0.0, 0.0, 3.306878
0.0, 0.0, 3.199224
0.0, 0.0, 3.092859
0.0, 0.0, 2.985568
0.0, 0.0, 2.874852
0.0, 0.0, 2.758092
0.0, 0.0, 2.632731
0.0, 0.0, 2.496552
0.0, 0.0, 2.348040
0.0, 0.0, 2.186892
0.0, 0.0, 2.014557
0.0, 0.0, 1.834158
0.0, 0.0, 1.649944
0.0, 0.0, 1.466750
0.0, 0.0, 1.288709
0.0, 0.0, 1.120315
0.0, 0.0, 0.966165
0.0, 0.0, 0.829636
0.0, 0.0, 0.714285
0.0, 0.0, 0.623753
0.0, 0.0, 0.560399
0.0, 0.0, 0.548737
0.0, 0.0, 0.591612
0.0, 0.0, 3.014518
0.0, 0.0, 3.044333
0.0, 0.0, 3.066957
0.0, 0.0, 3.080364
0.0, 0.0, 3.082058
0.0, 0.0, 3.070682
0.0, 0.0, 3.045990
0.0, 0.0, 3.006403
0.0, 0.0, 2.955380
0.0, 0.0, 2.894152
0.0, 0.0, 2.818716
0.0, 0.0, 2.726860
0.0, 0.0, 2.616283
0.0, 0.0, 2.484715
0.0, 0.0, 2.330813
0.0, 0.0, 2.153765
0.0, 0.0, 1.954055
0.0, 0.0, 1.733573
0.0, 0.0, 1.496378
0.0, 0.0, 1.247943
0.0, 0.0, 0.994047
0.0, 0.0, 0.739590
0.0, 0.0, 0.488583
0.0, 0.0, 0.246689
0.0, 0.0, 0.096840
0.0, 0.0, 0.256921
0.0, 0.0, 0.484666
0.0, 0.0, 0.714660
0.0, 0.0, 0.946897
0.0, 0.0, 1.184832
0.0, 0.0, 1.434559
0.0, 0.0, 1.729283
0.0, 0.0, 2.069952
0.0, 0.0, 2.444661
0.0, 0.0, 2.857962
0.0, 0.0, 3.308341
0.0, 0.0, 3.777651
0.0, 0.0, 4.215266
0.0, 0.0, 4.535872
0.0, 0.0, 4.670787
0.0, 0.0, 4.633628
0.0, 0.0, 4.494806
0.0, 0.0, 4.317079
0.0, 0.0, 4.135635
0.0, 0.0, 3.967838
0.0, 0.0, 3.816520
0.0, 0.0, 3.678126
0.0, 0.0, 3.551842
0.0, 0.0, 3.435739
0.0, 0.0, 3.327228
0.0, 0.0, 3.223352
0.0, 0.0, 3.120893
0.0, 0.0, 3.016413
0.0, 0.0, 2.906332
0.0, 0.0, 2.787283
0.0, 0.0, 2.657135
0.0, 0.0, 2.515200
0.0, 0.0, 2.360518
0.0, 0.0, 2.192179
0.0, 0.0, 2.011554
0.0, 0.0, 1.822743
0.0, 0.0, 1.631693
0.0, 0.0, 1.445033
0.0, 0.0, 1.269046
0.0, 0.0, 1.109081
0.0, 0.0, 0.969376
0.0, 0.0, 0.853103
0.0, 0.0, 0.762378
0.0, 0.0, 0.698103
0.0, 0.0, 0.677583
0.0, 0.0, 0.714345
0.0, 0.0, 3.158344
0.0, 0.0, 3.178668
0.0, 0.0, 3.192064
0.0, 0.0, 3.196981
0.0, 0.0, 3.194464
0.0, 0.0, 3.183548
0.0, 0.0, 3.162276
0.0, 0.0, 3.128238
0.0, 0.0, 3.084225
0.0, 0.0, 3.030421
0.0, 0.0, 2.962097
0.0, 0.0, 2.876284
0.0, 0.0, 2.769842
0.0, 0.0, 2.639740
0.0, 0.0, 2.483556
0.0, 0.0, 2.300135
0.0, 0.0, 2.090200
0.0, 0.0, 1.856680
0.0, 0.0, 1.604434
0.0, 0.0, 1.339299
0.0, 0.0, 1.067186
0.0, 0.0, 0.794753
0.0, 0.0, 0.531011
0.0, 0.0, 0.293422
0.0, 0.0, 0.178634
0.0, 0.0, 0.317237
0.0, 0.0, 0.537709
0.0, 0.0, 0.768707
0.0, 0.0, 1.004240
0.0, 0.0, 1.247005
0.0, 0.0, 1.506869
0.0, 0.0, 1.822911
0.0, 0.0, 2.183459
0.0, 0.0, 2.590155
0.0, 0.0, 3.056014
0.0, 0.0, 3.592160
0.0, 0.0, 4.194454
0.0, 0.0, 4.803616
0.0, 0.0, 5.245541
0.0, 0.0, 5.338338
0.0, 0.0, 5.153494
0.0, 0.0, 4.872173
0.0, 0.0, 4.591231
0.0, 0.0, 4.341311
0.0, 0.0, 4.128027
0.0, 0.0, 3.948539
0.0, 0.0, 3.794653
0.0, 0.0, 3.661556
0.0, 0.0, 3.544923
0.0, 0.0, 3.440572
0.0, 0.0, 3.344429
0.0, 0.0, 3.252444
0.0, 0.0, 3.161041
0.0, 0.0, 3.068443
0.0, 0.0, 2.971796
0.0, 0.0, 2.864630
0.0, 0.0, 2.740865
0.0, 0.0, 2.596716
0.0, 0.0, 2.431017
0.0, 0.0, 2.245920
0.0, 0.0, 2.047108
0.0, 0.0, 1.842892
0.0, 0.0, 1.642458
0.0, 0.0, 1.454160
0.0, 0.0, 1.284499
0.0, 0.0, 1.137887
0.0, 0.0, 1.016855
0.0, 0.0, 0.922302
0.0, 0.0, 0.853667
0.0, 0.0, 0.823297
0.0, 0.0, 0.849576
0.0, 0.0, 3.252753
0.0, 0.0, 3.271465
0.0, 0.0, 3.286476
0.0, 0.0, 3.296763
0.0, 0.0, 3.301099
0.0, 0.0, 3.297888
0.0, 0.0, 3.285057
0.0, 0.0, 3.260190
0.0, 0.0, 3.226647
0.0, 0.0, 3.183827
0.0, 0.0, 3.126686
0.0, 0.0, 3.051589
0.0, 0.0, 2.954376
0.0, 0.0, 2.830652
0.0, 0.0, 2.676459
0.0, 0.0, 2.489305
0.0, 0.0, 2.269346
0.0, 0.0, 2.020215
0.0, 0.0, 1.748980
0.0, 0.0, 1.465103
0.0, 0.0, 1.178979
0.0, 0.0, 0.901230
0.0, 0.0, 0.645154
0.0, 0.0, 0.441896
0.0, 0.0, 0.367540
0.0, 0.0, 0.462343
0.0, 0.0, 0.646665
0.0, 0.0, 0.860297
0.0, 0.0, 1.086538
0.0, 0.0, 1.324101
0.0, 0.0, 1.587036
0.0, 0.0, 1.910329
0.0, 0.0, 2.278895
0.0, 0.0, 2.704216
0.0, 0.0, 3.208223
0.0, 0.0, 3.820357
0.0, 0.0, 4.573666
0.0, 0.0, 5.460807
0.0, 0.0, 6.155649
0.0, 0.0, 6.113304
0.0, 0.0, 5.634433
0.0, 0.0, 5.165458
0.0, 0.0, 4.780507
0.0, 0.0, 4.472923
0.0, 0.0, 4.227295
0.0, 0.0, 4.029977
0.0, 0.0, 3.869251
0.0, 0.0, 3.736923
0.0, 0.0, 3.626576
0.0, 0.0, 3.532828
0.0, 0.0, 3.451640
0.0, 0.0, 3.381858
0.0, 0.0, 3.320303
0.0, 0.0, 3.259216
0.0, 0.0, 3.191685
0.0, 0.0, 3.111126
0.0, 0.0, 3.010517
0.0, 0.0, 2.883291
0.0, 0.0, 2.725322
0.0, 0.0, 2.537342
0.0, 0.0, 2.326228
0.0, 0.0, 2.103783
0.0, 0.0, 1.883380
0.0, 0.0, 1.676619
0.0, 0.0, 1.491624
0.0, 0.0, 1.332972
0.0, 0.0, 1.202417
0.0, 0.0, 1.099663
0.0, 0.0, 1.022971
0.0, 0.0, 0.981483
0.0, 0.0, 0.995593
0.0, 0.0, 3.337039
0.0, 0.0, 3.361465
0.0, 0.0, 3.382833
0.0, 0.0, 3.400256
0.0, 0.0, 3.412639
0.0, 0.0, 3.418539
0.0, 0.0, 3.416029
0.0, 0.0, 3.402840
0.0, 0.0, 3.382612
0.0, 0.0, 3.354511
0.0, 0.0, 3.313331
0.0, 0.0, 3.254861
0.0, 0.0, 3.173818
0.0, 0.0, 3.064028
0.0, 0.0, 2.919165
0.0, 0.0, 2.734291
0.0, 0.0, 2.508040
0.0, 0.0, 2.244588
0.0, 0.0, 1.954069
0.0, 0.0, 1.650895
0.0, 0.0, 1.351153
0.0, 0.0, 1.071337
0.0, 0.0, 0.830436
0.0, 0.0, 0.656119
0.0, 0.0, 0.586812
0.0, 0.0, 0.642556
0.0, 0.0, 0.788508
0.0, 0.0, 0.976016
0.0, 0.0, 1.183535
0.0, 0.0, 1.406616
0.0, 0.0, 1.663348
0.0, 0.0, 1.978687
0.0, 0.0, 2.339488
0.0, 0.0, 2.761642
0.0, 0.0, 3.271525
0.0, 0.0, 3.909642
0.0, 0.0, 4.740098
0.0, 0.0, 5.837850
0.0, 0.0, 5.499489
0.0, 0.0, 6.540234
0.0, 0.0, 5.838298
0.0, 0.0, 5.254334
0.0, 0.0, 4.821709
0.0, 0.0, 4.494297
0.0, 0.0, 4.242340
0.0, 0.0, 4.045600
0.0, 0.0, 3.890879
0.0, 0.0, 3.769345
0.0, 0.0, 3.673971
0.0, 0.0, 3.602207
0.0, 0.0, 3.552016
0.0, 0.0, 3.515363
0.0, 0.0, 3.486278
0.0, 0.0, 3.459877
0.0, 0.0, 3.430174
0.0, 0.0, 3.389228
0.0, 0.0, 3.326738
0.0, 0.0, 3.230776
0.0, 0.0, 3.090790
0.0, 0.0, 2.903037
0.0, 0.0, 2.675209
0.0, 0.0, 2.425259
0.0, 0.0, 2.174277
0.0, 0.0, 1.939398
0.0, 0.0, 1.731071
0.0, 0.0, 1.553874
0.0, 0.0, 1.408436
0.0, 0.0, 1.293072
0.0, 0.0, 1.204839
0.0, 0.0, 1.150934
0.0, 0.0, 1.151472
0.0, 0.0, 3.422923
0.0, 0.0, 3.453376
0.0, 0.0, 3.481536
0.0, 0.0, 3.506688
0.0, 0.0, 3.527950
0.0, 0.0, 3.544138
0.0, 0.0, 3.553633
0.0, 0.0, 3.554477
0.0, 0.0, 3.550342
0.0, 0.0, 3.540875
0.0, 0.0, 3.521022
0.0, 0.0, 3.486319
0.0, 0.0, 3.430524
0.0, 0.0, 3.345369
0.0, 0.0, 3.221017
0.0, 0.0, 3.048002
0.0, 0.0, 2.821104
0.0, 0.0, 2.543920
0.0, 0.0, 2.230778
0.0, 0.0, 1.903641
0.0, 0.0, 1.586336
0.0, 0.0, 1.300870
0.0, 0.0, 1.067798
0.0, 0.0, 0.907973
0.0, 0.0, 0.838518
0.0, 0.0, 0.859924
0.0, 0.0, 0.953956
0.0, 0.0, 1.101815
0.0, 0.0, 1.282746
0.0, 0.0, 1.483192
0.0, 0.0, 1.723161
0.0, 0.0, 2.015856
0.0, 0.0, 2.351075
0.0, 0.0, 2.743706
0.0, 0.0, 3.216644
0.0, 0.0, 3.802439
0.0, 0.0, 4.542262
0.0, 0.0, 5.447359
0.0, 0.0, 6.158599
0.0, 0.0, 6.082804
0.0, 0.0, 5.546843
0.0, 0.0, 5.060326
0.0, 0.0, 4.679208
0.0, 0.0, 4.386037
0.0, 0.0, 4.160631
0.0, 0.0, 3.986614
0.0, 0.0, 3.852947
0.0, 0.0, 3.755138
0.0, 0.0, 3.691867
0.0, 0.0, 3.655110
0.0, 0.0, 3.636997
0.0, 0.0, 3.633923
0.0, 0.0, 3.642882
0.0, 0.0, 3.660313
0.0, 0.0, 3.681043
0.0, 0.0, 3.696751
0.0, 0.0, 3.694006
0.0, 0.0, 3.652936
0.0, 0.0, 3.549895
0.0, 0.0, 3.368575
0.0, 0.0, 3.115291
0.0, 0.0, 2.820467
0.0, 0.0, 2.521008
0.0, 0.0, 2.243648
0.0, 0.0, 2.001536
0.0, 0.0, 1.798274
0.0, 0.0, 1.632412
0.0, 0.0, 1.500271
0.0, 0.0, 1.397411
0.0, 0.0, 1.330013
0.0, 0.0, 1.315753
0.0, 0.0, 3.509784
0.0, 0.0, 3.546434
0.0, 0.0, 3.581626
0.0, 0.0, 3.614859
0.0, 0.0, 3.645535
0.0, 0.0, 3.672832
0.0, 0.0, 3.695598
0.0, 0.0, 3.712384
0.0, 0.0, 3.726737
0.0, 0.0, 3.739539
0.0, 0.0, 3.746460
0.0, 0.0, 3.743504
0.0, 0.0, 3.724205
0.0, 0.0, 3.678486
0.0, 0.0, 3.591909
0.0, 0.0, 3.446990
0.0, 0.0, 3.229238
0.0, 0.0, 2.937840
0.0, 0.0, 2.592785
0.0, 0.0, 2.228832
0.0, 0.0, 1.881494
0.0, 0.0, 1.578304
0.0, 0.0, 1.338490
0.0, 0.0, 1.175043
0.0, 0.0, 1.093541
0.0, 0.0, 1.088469
0.0, 0.0, 1.144181
0.0, 0.0, 1.242969
0.0, 0.0, 1.376273
0.0, 0.0, 1.543087
0.0, 0.0, 1.755438
0.0, 0.0, 2.012849
0.0, 0.0, 2.305986
0.0, 0.0, 2.645462
0.0, 0.0, 3.045633
0.0, 0.0, 3.521463
0.0, 0.0, 4.076043
0.0, 0.0, 4.657558
0.0, 0.0, 5.080545
0.0, 0.0, 5.137054
0.0, 0.0, 4.920514
0.0, 0.0, 4.634733
0.0, 0.0, 4.372587
0.0, 0.0, 4.156344
0.0, 0.0, 3.985515
0.0, 0.0, 3.853987
0.0, 0.0, 3.760065
0.0, 0.0, 3.706307
0.0, 0.0, 3.680809
0.0, 0.0, 3.677510
0.0, 0.0, 3.693976
0.0, 0.0, 3.728820
0.0, 0.0, 3.781145
0.0, 0.0, 3.849906
0.0, 0.0, 3.932770
0.0, 0.0, 4.023920
0.0, 0.0, 4.109825
0.0, 0.0, 4.162383
0.0, 0.0, 4.133927
0.0, 0.0, 3.973418
0.0, 0.0, 3.675993
0.0, 0.0, 3.302343
0.0, 0.0, 2.924978
0.0, 0.0, 2.585609
0.0, 0.0, 2.297792
0.0, 0.0, 2.061084
0.0, 0.0, 1.869956
0.0, 0.0, 1.717699
0.0, 0.0, 1.597879
0.0, 0.0, 1.516332
0.0, 0.0, 1.486418
0.0, 0.0, 3.596966
0.0, 0.0, 3.639803
0.0, 0.0, 3.682032
0.0, 0.0, 3.723395
0.0, 0.0, 3.763620
0.0, 0.0, 3.802331
0.0, 0.0, 3.838971
0.0, 0.0, 3.872799
0.0, 0.0, 3.907201
0.0, 0.0, 3.944905
0.0, 0.0, 3.983142
0.0, 0.0, 4.019585
0.0, 0.0, 4.049237
0.0, 0.0, 4.062075
0.0, 0.0, 4.039549
0.0, 0.0, 3.951754
0.0, 0.0, 3.762970
0.0, 0.0, 3.455826
0.0, 0.0, 3.058160
0.0, 0.0, 2.631172
0.0, 0.0, 2.231202
0.0, 0.0, 1.891934
0.0, 0.0, 1.628790
0.0, 0.0, 1.446570
0.0, 0.0, 1.342680
0.0, 0.0, 1.307732
0.0, 0.0, 1.327476
0.0, 0.0, 1.386938
0.0, 0.0, 1.474263
0.0, 0.0, 1.586091
0.0, 0.0, 1.753723
0.0, 0.0, 1.965616
0.0, 0.0, 2.205022
0.0, 0.0, 2.477791
0.0, 0.0, 2.790885
0.0, 0.0, 3.146456
0.0, 0.0, 3.532237
0.0, 0.0, 3.902670
0.0, 0.0, 4.173229
0.0, 0.0, 4.274222
0.0, 0.0, 4.224808
0.0, 0.0, 4.100586
0.0, 0.0, 3.961313
0.0, 0.0, 3.836164
0.0, 0.0, 3.735170
0.0, 0.0, 3.666461
0.0, 0.0, 3.630685
0.0, 0.0, 3.620861
0.0, 0.0, 3.633277
0.0, 0.0, 3.666242
0.0, 0.0, 3.719455
0.0, 0.0, 3.793804
0.0, 0.0, 3.891196
0.0, 0.0, 4.014283
0.0, 0.0, 4.165858
0.0, 0.0, 4.347117
0.0, 0.0, 4.552656
0.0, 0.0, 4.756582
0.0, 0.0, 4.881095
0.0, 0.0, 4.780800
0.0, 0.0, 4.393318
0.0, 0.0, 3.872287
0.0, 0.0, 3.373725
0.0, 0.0, 2.951391
0.0, 0.0, 2.608220
0.0, 0.0, 2.333327
0.0, 0.0, 2.114302
0.0, 0.0, 1.940289
0.0, 0.0, 1.802449
0.0, 0.0, 1.706881
0.0, 0.0, 1.660945
0.0, 0.0, 3.683808
0.0, 0.0, 3.732633
0.0, 0.0, 3.781646
0.0, 0.0, 3.830835
0.0, 0.0, 3.880269
0.0, 0.0, 3.930046
0.0, 0.0, 3.980281
0.0, 0.0, 4.031103
0.0, 0.0, 4.085743
0.0, 0.0, 4.149018
0.0, 0.0, 4.220702
0.0, 0.0, 4.301543
0.0, 0.0, 4.390690
0.0, 0.0, 4.482708
0.0, 0.0, 4.560684
0.0, 0.0, 4.582473
0.0, 0.0, 4.468461
0.0, 0.0, 4.143963
0.0, 0.0, 3.647504
0.0, 0.0, 3.108667
0.0, 0.0, 2.622926
0.0, 0.0, 2.226410
0.0, 0.0, 1.924698
0.0, 0.0, 1.712083
0.0, 0.0, 1.578249
0.0, 0.0, 1.510029
0.0, 0.0, 1.492769
0.0, 0.0, 1.512439
0.0, 0.0, 1.557635
0.0, 0.0, 1.622354
0.0, 0.0, 1.729920
0.0, 0.0, 1.881712
0.0, 0.0, 2.065406
0.0, 0.0, 2.272675
0.0, 0.0, 2.504222
0.0, 0.0, 2.757356
0.0, 0.0, 3.019782
0.0, 0.0, 3.264672
0.0, 0.0, 3.454598
0.0, 0.0, 3.562002
0.0, 0.0, 3.589753
0.0, 0.0, 3.565226
0.0, 0.0, 3.518732
0.0, 0.0, 3.472341
0.0, 0.0, 3.447521
0.0, 0.0, 3.448318
0.0, 0.0, 3.466196
0.0, 0.0, 3.501823
0.0, 0.0, 3.554112
0.0, 0.0, 3.623807
0.0, 0.0, 3.712894
0.0, 0.0, 3.824640
0.0, 0.0, 3.963853
0.0, 0.0, 4.137180
0.0, 0.0, 4.353520
0.0, 0.0, 4.624290
0.0, 0.0, 4.962235
0.0, 0.0, 5.372107
0.0, 0.0, 5.793894
0.0, 0.0, 5.856915
0.0, 0.0, 5.270916
0.0, 0.0, 4.482315
0.0, 0.0, 3.824355
0.0, 0.0, 3.311600
0.0, 0.0, 2.913422
0.0, 0.0, 2.601984
0.0, 0.0, 2.356469
0.0, 0.0, 2.161685
0.0, 0.0, 2.006596
0.0, 0.0, 1.898765
0.0, 0.0, 1.836453
0.0, 0.0, 3.769701
0.0, 0.0, 3.824124
0.0, 0.0, 3.879407
0.0, 0.0, 3.935754
0.0, 0.0, 3.993543
0.0, 0.0, 4.053319
0.0, 0.0, 4.115843
0.0, 0.0, 4.182156
0.0, 0.0, 4.255397
0.0, 0.0, 4.342090
0.0, 0.0, 4.445202
0.0, 0.0, 4.569489
0.0, 0.0, 4.720671
0.0, 0.0, 4.904010
0.0, 0.0, 5.118415
0.0, 0.0, 5.332951
0.0, 0.0, 5.409773
0.0, 0.0, 5.071314
0.0, 0.0, 4.363500
0.0, 0.0, 3.633490
0.0, 0.0, 3.027453
0.0, 0.0, 2.558419
0.0, 0.0, 2.209367
0.0, 0.0, 1.960364
0.0, 0.0, 1.792968
0.0, 0.0, 1.690066
0.0, 0.0, 1.635790
0.0, 0.0, 1.616164
0.0, 0.0, 1.619471
0.0, 0.0, 1.639563
0.0, 0.0, 1.698301
0.0, 0.0, 1.785040
0.0, 0.0, 1.900094
0.0, 0.0, 2.043795
0.0, 0.0, 2.202923
0.0, 0.0, 2.373552
0.0, 0.0, 2.548307
0.0, 0.0, 2.714028
0.0, 0.0, 2.854530
0.0, 0.0, 2.957872
0.0, 0.0, 3.022918
0.0, 0.0, 3.058718
0.0, 0.0, 3.079331
0.0, 0.0, 3.108330
0.0, 0.0, 3.152654
0.0, 0.0, 3.205470
0.0, 0.0, 3.270555
0.0, 0.0, 3.352433
0.0, 0.0, 3.448772
0.0, 0.0, 3.555862
0.0, 0.0, 3.677304
0.0, 0.0, 3.820618
0.0, 0.0, 3.993322
0.0, 0.0, 4.204962
0.0, 0.0, 4.468665
0.0, 0.0, 4.803110
0.0, 0.0, 5.235764
0.0, 0.0, 5.807555
0.0, 0.0, 6.510602
0.0, 0.0, 5.285073
0.0, 0.0, 5.988456
0.0, 0.0, 4.968909
0.0, 0.0, 4.195882
0.0, 0.0, 3.623658
0.0, 0.0, 3.188925
0.0, 0.0, 2.851850
0.0, 0.0, 2.586435
0.0, 0.0, 2.374985
0.0, 0.0, 2.205441
0.0, 0.0, 2.087743
0.0, 0.0, 2.009947
0.0, 0.0, 3.854131
0.0, 0.0, 3.913596
0.0, 0.0, 3.974399
0.0, 0.0, 4.036901
0.0, 0.0, 4.101713
0.0, 0.0, 4.169724
0.0, 0.0, 4.242209
0.0, 0.0, 4.320966
0.0, 0.0, 4.409198
0.0, 0.0, 4.513911
0.0, 0.0, 4.641188
0.0, 0.0, 4.799240
0.0, 0.0, 4.999982
0.0, 0.0, 5.260746
0.0, 0.0, 5.606361
0.0, 0.0, 6.065235
0.0, 0.0, 6.268775
0.0, 0.0, 5.841657
0.0, 0.0, 5.089897
0.0, 0.0, 4.115954
0.0, 0.0, 3.391043
0.0, 0.0, 2.856159
0.0, 0.0, 2.463957
0.0, 0.0, 2.180779
0.0, 0.0, 1.981517
0.0, 0.0, 1.846185
0.0, 0.0, 1.756969
0.0, 0.0, 1.698169
0.0, 0.0, 1.659188
0.0, 0.0, 1.634845
0.0, 0.0, 1.646315
0.0, 0.0, 1.681494
0.0, 0.0, 1.729018
0.0, 0.0, 1.801340
0.0, 0.0, 1.898032
0.0, 0.0, 2.004055
0.0, 0.0, 2.115865
0.0, 0.0, 2.228799
0.0, 0.0, 2.336716
0.0, 0.0, 2.434221
0.0, 0.0, 2.518962
0.0, 0.0, 2.593047
0.0, 0.0, 2.672820
0.0, 0.0, 2.764683
0.0, 0.0, 2.858087
0.0, 0.0, 2.954372
0.0, 0.0, 3.059548
0.0, 0.0, 3.178171
0.0, 0.0, 3.310148
0.0, 0.0, 3.456282
0.0, 0.0, 3.615057
0.0, 0.0, 3.785290
0.0, 0.0, 3.979760
0.0, 0.0, 4.212337
0.0, 0.0, 4.496540
0.0, 0.0, 4.849576
0.0, 0.0, 5.292847
0.0, 0.0, 5.845255
0.0, 0.0, 6.461094
0.0, 0.0, 6.624399
0.0, 0.0, 6.032279
0.0, 0.0, 5.140895
0.0, 0.0, 4.412712
0.0, 0.0, 3.850240
0.0, 0.0, 3.413377
0.0, 0.0, 3.069492
0.0, 0.0, 2.795205
0.0, 0.0, 2.573908
0.0, 0.0, 2.394871
0.0, 0.0, 2.270361
0.0, 0.0, 2.178619
0.0, 0.0, 3.936724
0.0, 0.0, 4.000554
0.0, 0.0, 4.065950
0.0, 0.0, 4.133344
0.0, 0.0, 4.203460
0.0, 0.0, 4.277380
0.0, 0.0, 4.356662
0.0, 0.0, 4.443538
0.0, 0.0, 4.541302
0.0, 0.0, 4.655990
0.0, 0.0, 4.795485
0.0, 0.0, 4.969309
0.0, 0.0, 5.191106
0.0, 0.0, 5.481002
0.0, 0.0, 5.868793
0.0, 0.0, 6.393041
0.0, 0.0, 6.596773
0.0, 0.0, 6.140440
0.0, 0.0, 5.443854
0.0, 0.0, 4.412220
0.0, 0.0, 3.650518
0.0, 0.0, 3.088295
0.0, 0.0, 2.672459
0.0, 0.0, 2.365883
0.0, 0.0, 2.141016
0.0, 0.0, 1.975304
0.0, 0.0, 1.850897
0.0, 0.0, 1.754579
0.0, 0.0, 1.676354
0.0, 0.0, 1.610343
0.0, 0.0, 1.576513
0.0, 0.0, 1.564612
0.0, 0.0, 1.560291
0.0, 0.0, 1.565715
0.0, 0.0, 1.596938
0.0, 0.0, 1.650964
0.0, 0.0, 1.716044
0.0, 0.0, 1.792174
0.0, 0.0, 1.878358
0.0, 0.0, 1.971992
0.0, 0.0, 2.070181
0.0, 0.0, 2.181254
0.0, 0.0, 2.312032
0.0, 0.0, 2.444883
0.0, 0.0, 2.576772
0.0, 0.0, 2.708497
0.0, 0.0, 2.847566
0.0, 0.0, 2.996974
0.0, 0.0, 3.155896
0.0, 0.0, 3.326128
0.0, 0.0, 3.510859
0.0, 0.0, 3.712894
0.0, 0.0, 3.928422
0.0, 0.0, 4.165419
0.0, 0.0, 4.443522
0.0, 0.0, 4.773472
0.0, 0.0, 5.158312
0.0, 0.0, 5.576737
0.0, 0.0, 5.931970
0.0, 0.0, 5.996240
0.0, 0.0, 5.629613
0.0, 0.0, 5.046341
0.0, 0.0, 4.472576
0.0, 0.0, 3.981545
0.0, 0.0, 3.577439
0.0, 0.0, 3.247355
0.0, 0.0, 2.976934
0.0, 0.0, 2.753977
0.0, 0.0, 2.572029
0.0, 0.0, 2.443388
0.0, 0.0, 2.340154
0.0, 0.0, 4.017287
0.0, 0.0, 4.084744
0.0, 0.0, 4.153710
0.0, 0.0, 4.224582
0.0, 0.0, 4.298067
0.0, 0.0, 4.375235
0.0, 0.0, 4.457653
0.0, 0.0, 4.547576
0.0, 0.0, 4.648177
0.0, 0.0, 4.763649
0.0, 0.0, 4.901232
0.0, 0.0, 5.069324
0.0, 0.0, 5.277637
0.0, 0.0, 5.536999
0.0, 0.0, 5.853380
0.0, 0.0, 6.200095
0.0, 0.0, 6.411409
0.0, 0.0, 6.099537
0.0, 0.0, 5.299127
0.0, 0.0, 4.466067
0.0, 0.0, 3.777127
0.0, 0.0, 3.239693
0.0, 0.0, 2.826243
0.0, 0.0, 2.507687
0.0, 0.0, 2.261948
0.0, 0.0, 2.069959
0.0, 0.0, 1.916141
0.0, 0.0, 1.787969
0.0, 0.0, 1.675497
0.0, 0.0, 1.572071
0.0, 0.0, 1.495989
0.0, 0.0, 1.441436
0.0, 0.0, 1.390907
0.0, 0.0, 1.345848
0.0, 0.0, 1.313298
0.0, 0.0, 1.314288
0.0, 0.0, 1.342403
0.0, 0.0, 1.392024
0.0, 0.0, 1.464891
0.0, 0.0, 1.559210
0.0, 0.0, 1.677280
0.0, 0.0, 1.829677
0.0, 0.0, 1.993142
0.0, 0.0, 2.157482
0.0, 0.0, 2.319416
0.0, 0.0, 2.478813
0.0, 0.0, 2.645284
0.0, 0.0, 2.819042
0.0, 0.0, 2.998303
0.0, 0.0, 3.185141
0.0, 0.0, 3.382860
0.0, 0.0, 3.595629
0.0, 0.0, 3.827585
0.0, 0.0, 4.074852
0.0, 0.0, 4.332936
0.0, 0.0, 4.617777
0.0, 0.0, 4.923842
0.0, 0.0, 5.217120
0.0, 0.0, 5.422747
0.0, 0.0, 5.438550
0.0, 0.0, 5.222303
0.0, 0.0, 4.849892
0.0, 0.0, 4.431957
0.0, 0.0, 4.035721
0.0, 0.0, 3.685740
0.0, 0.0, 3.385331
0.0, 0.0, 3.129987
0.0, 0.0, 2.913248
0.0, 0.0, 2.735723
0.0, 0.0, 2.604796
0.0, 0.0, 2.492952
0.0, 0.0, 4.095826
0.0, 0.0, 4.166183
0.0, 0.0, 4.237697
0.0, 0.0, 4.310628
0.0, 0.0, 4.385518
0.0, 0.0, 4.463226
0.0, 0.0, 4.545058
0.0, 0.0, 4.632897
0.0, 0.0, 4.729370
0.0, 0.0, 4.837005
0.0, 0.0, 4.959732
0.0, 0.0, 5.103570
0.0, 0.0, 5.271783
0.0, 0.0, 5.463012
0.0, 0.0, 5.661818
0.0, 0.0, 5.816861
0.0, 0.0, 5.813834
0.0, 0.0, 5.525452
0.0, 0.0, 4.984075
0.0, 0.0, 4.364897
0.0, 0.0, 3.795407
0.0, 0.0, 3.313467
0.0, 0.0, 2.916787
0.0, 0.0, 2.598116
0.0, 0.0, 2.341921
0.0, 0.0, 2.132818
0.0, 0.0, 1.957392
0.0, 0.0, 1.804228
0.0, 0.0, 1.663771
0.0, 0.0, 1.528694
0.0, 0.0, 1.414411
0.0, 0.0, 1.322284
0.0, 0.0, 1.230424
0.0, 0.0, 1.140103
0.0, 0.0, 1.057831
0.0, 0.0, 0.999536
0.0, 0.0, 0.990004
0.0, 0.0, 1.019971
0.0, 0.0, 1.087914
0.0, 0.0, 1.193374
0.0, 0.0, 1.348398
0.0, 0.0, 1.531057
0.0, 0.0, 1.721001
0.0, 0.0, 1.910211
0.0, 0.0, 2.094640
0.0, 0.0, 2.274397
0.0, 0.0, 2.461783
0.0, 0.0, 2.652966
0.0, 0.0, 2.845618
0.0, 0.0, 3.042056
0.0, 0.0, 3.245487
0.0, 0.0, 3.459507
0.0, 0.0, 3.687551
0.0, 0.0, 3.931803
0.0, 0.0, 4.185284
0.0, 0.0, 4.428111
0.0, 0.0, 4.664957
0.0, 0.0, 4.873377
0.0, 0.0, 5.006586
0.0, 0.0, 5.015933
0.0, 0.0, 4.884406
0.0, 0.0, 4.643155
0.0, 0.0, 4.346788
0.0, 0.0, 4.040870
0.0, 0.0, 3.751376
0.0, 0.0, 3.489139
0.0, 0.0, 3.256568
0.0, 0.0, 3.052432
0.0, 0.0, 2.885772
0.0, 0.0, 2.753814
0.0, 0.0, 2.636240
0.0, 0.0, 4.172552
0.0, 0.0, 4.245167
0.0, 0.0, 4.318316
0.0, 0.0, 4.392021
0.0, 0.0, 4.466524
0.0, 0.0, 4.542311
0.0, 0.0, 4.620193
0.0, 0.0, 4.701394
0.0, 0.0, 4.787624
0.0, 0.0, 4.880344
0.0, 0.0, 4.979109
0.0, 0.0, 5.087147
0.0, 0.0, 5.202805
0.0, 0.0, 5.317491
0.0, 0.0, 5.409822
0.0, 0.0, 5.437975
0.0, 0.0, 5.342457
0.0, 0.0, 5.080841
0.0, 0.0, 4.676707
0.0, 0.0, 4.208844
0.0, 0.0, 3.743466
0.0, 0.0, 3.315835
0.0, 0.0, 2.949883
0.0, 0.0, 2.643582
0.0, 0.0, 2.387396
0.0, 0.0, 2.170265
0.0, 0.0, 1.981377
0.0, 0.0, 1.810800
0.0, 0.0, 1.649672
0.0, 0.0, 1.490471
0.0, 0.0, 1.343453
0.0, 0.0, 1.219819
0.0, 0.0, 1.092678
0.0, 0.0, 0.961409
0.0, 0.0, 0.832088
0.0, 0.0, 0.719825
0.0, 0.0, 0.657871
0.0, 0.0, 0.670882
0.0, 0.0, 0.746684
0.0, 0.0, 0.888561
0.0, 0.0, 1.081600
0.0, 0.0, 1.291000
0.0, 0.0, 1.503003
0.0, 0.0, 1.710335
0.0, 0.0, 1.909573
0.0, 0.0, 2.102456
0.0, 0.0, 2.304258
0.0, 0.0, 2.505572
0.0, 0.0, 2.704576
0.0, 0.0, 2.903882
0.0, 0.0, 3.106610
0.0, 0.0, 3.315843
0.0, 0.0, 3.534003
0.0, 0.0, 3.761976
0.0, 0.0, 3.997633
0.0, 0.0, 4.227376
0.0, 0.0, 4.419932
0.0, 0.0, 4.575479
0.0, 0.0, 4.673968
0.0, 0.0, 4.689622
0.0, 0.0, 4.613056
0.0, 0.0, 4.457551
0.0, 0.0, 4.250780
0.0, 0.0, 4.021037
0.0, 0.0, 3.789123
0.0, 0.0, 3.567286
0.0, 0.0, 3.361396
0.0, 0.0, 3.174767
0.0, 0.0, 3.022325
0.0, 0.0, 2.890874
0.0, 0.0, 2.770046
0.0, 0.0, 4.247862
0.0, 0.0, 4.322252
0.0, 0.0, 4.396327
0.0, 0.0, 4.469785
0.0, 0.0, 4.542466
0.0, 0.0, 4.614347
0.0, 0.0, 4.685601
0.0, 0.0, 4.756638
0.0, 0.0, 4.828103
0.0, 0.0, 4.900567
0.0, 0.0, 4.970989
0.0, 0.0, 5.038762
0.0, 0.0, 5.100866
0.0, 0.0, 5.147158
0.0, 0.0, 5.159580
0.0, 0.0, 5.111689
0.0, 0.0, 4.975451
0.0, 0.0, 4.737973
0.0, 0.0, 4.416090
0.0, 0.0, 4.040574
0.0, 0.0, 3.643177
0.0, 0.0, 3.271627
0.0, 0.0, 2.941809
0.0, 0.0, 2.655181
0.0, 0.0, 2.407027
0.0, 0.0, 2.189892
0.0, 0.0, 1.995437
0.0, 0.0, 1.815325
0.0, 0.0, 1.641627
0.0, 0.0, 1.467039
0.0, 0.0, 1.295678
0.0, 0.0, 1.148189
0.0, 0.0, 0.995129
0.0, 0.0, 0.831528
0.0, 0.0, 0.659727
0.0, 0.0, 0.490314
0.0, 0.0, 0.358251
0.0, 0.0, 0.346291
0.0, 0.0, 0.463972
0.0, 0.0, 0.664632
0.0, 0.0, 0.891369
0.0, 0.0, 1.122083
0.0, 0.0, 1.347979
0.0, 0.0, 1.564493
0.0, 0.0, 1.769720
0.0, 0.0, 1.968778
0.0, 0.0, 2.177664
0.0, 0.0, 2.381510
0.0, 0.0, 2.579898
0.0, 0.0, 2.775780
0.0, 0.0, 2.972256
0.0, 0.0, 3.172083
0.0, 0.0, 3.377089
0.0, 0.0, 3.587417
0.0, 0.0, 3.800522
0.0, 0.0, 4.009797
0.0, 0.0, 4.195590
0.0, 0.0, 4.325424
0.0, 0.0, 4.407547
0.0, 0.0, 4.433446
0.0, 0.0, 4.396203
0.0, 0.0, 4.300613
0.0, 0.0, 4.160460
0.0, 0.0, 3.992512
0.0, 0.0, 3.811603
0.0, 0.0, 3.628559
0.0, 0.0, 3.450292
0.0, 0.0, 3.285474
0.0, 0.0, 3.146533
0.0, 0.0, 3.017323
0.0, 0.0, 2.895068
0.0, 0.0, 4.322300
0.0, 0.0, 4.398201
0.0, 0.0, 4.472779
0.0, 0.0, 4.545342
0.0, 0.0, 4.615250
0.0, 0.0, 4.681891
0.0, 0.0, 4.744721
0.0, 0.0, 4.803293
0.0, 0.0, 4.857242
0.0, 0.0, 4.906164
0.0, 0.0, 4.947183
0.0, 0.0, 4.975312
0.0, 0.0, 4.988736
0.0, 0.0, 4.979328
0.0, 0.0, 4.935001
0.0, 0.0, 4.841482
0.0, 0.0, 4.687196
0.0, 0.0, 4.470476
0.0, 0.0, 4.195636
0.0, 0.0, 3.864488
0.0, 0.0, 3.524611
0.0, 0.0, 3.201996
0.0, 0.0, 2.907439
0.0, 0.0, 2.643954
0.0, 0.0, 2.409456
0.0, 0.0, 2.198991
0.0, 0.0, 2.006236
0.0, 0.0, 1.824375
0.0, 0.0, 1.646575
0.0, 0.0, 1.466252
0.0, 0.0, 1.282251
0.0, 0.0, 1.120280
0.0, 0.0, 0.955492
0.0, 0.0, 0.777377
0.0, 0.0, 0.585140
0.0, 0.0, 0.380919
0.0, 0.0, 0.179967
0.0, 0.0, 0.140492
0.0, 0.0, 0.331847
0.0, 0.0, 0.565780
0.0, 0.0, 0.803981
0.0, 0.0, 1.038080
0.0, 0.0, 1.263376
0.0, 0.0, 1.477077
0.0, 0.0, 1.678121
0.0, 0.0, 1.876593
0.0, 0.0, 2.084322
0.0, 0.0, 2.282990
0.0, 0.0, 2.474047
0.0, 0.0, 2.660739
0.0, 0.0, 2.846219
0.0, 0.0, 3.033116
0.0, 0.0, 3.223045
0.0, 0.0, 3.416015
0.0, 0.0, 3.609725
0.0, 0.0, 3.798880
0.0, 0.0, 3.974475
0.0, 0.0, 4.113081
0.0, 0.0, 4.192184
0.0, 0.0, 4.229516
0.0, 0.0, 4.222747
0.0, 0.0, 4.171952
0.0, 0.0, 4.083055
0.0, 0.0, 3.965265
0.0, 0.0, 3.828325
0.0, 0.0, 3.680727
0.0, 0.0, 3.529394
0.0, 0.0, 3.389154
0.0, 0.0, 3.260932
0.0, 0.0, 3.135104
0.0, 0.0, 3.012491
0.0, 0.0, 4.396509
0.0, 0.0, 4.473923
0.0, 0.0, 4.548926
0.0, 0.0, 4.620390
0.0, 0.0, 4.687148
0.0, 0.0, 4.747945
0.0, 0.0, 4.801497
0.0, 0.0, 4.846526
0.0, 0.0, 4.881798
0.0, 0.0, 4.906103
0.0, 0.0, 4.917556
0.0, 0.0, 4.909729
0.0, 0.0, 4.880954
0.0, 0.0, 4.827295
0.0, 0.0, 4.742385
0.0, 0.0, 4.620296
0.0, 0.0, 4.458215
0.0, 0.0, 4.255111
0.0, 0.0, 3.991553
0.0, 0.0, 3.697606
0.0, 0.0, 3.402729
0.0, 0.0, 3.120276
0.0, 0.0, 2.858076
0.0, 0.0, 2.618937
0.0, 0.0, 2.401871
0.0, 0.0, 2.203438
0.0, 0.0, 2.018807
0.0, 0.0, 1.842495
0.0, 0.0, 1.668853
0.0, 0.0, 1.492408
0.0, 0.0, 1.309676
0.0, 0.0, 1.143339
0.0, 0.0, 0.983409
0.0, 0.0, 0.814423
0.0, 0.0, 0.638994
0.0, 0.0, 0.467557
0.0, 0.0, 0.333366
0.0, 0.0, 0.317887
0.0, 0.0, 0.441441
0.0, 0.0, 0.624939
0.0, 0.0, 0.831777
0.0, 0.0, 1.043280
0.0, 0.0, 1.250251
0.0, 0.0, 1.447893
0.0, 0.0, 1.634434
0.0, 0.0, 1.826310
0.0, 0.0, 2.023701
0.0, 0.0, 2.209751
0.0, 0.0, 2.387228
0.0, 0.0, 2.559582
0.0, 0.0, 2.730046
0.0, 0.0, 2.901288
0.0, 0.0, 3.074991
0.0, 0.0, 3.251395
0.0, 0.0, 3.428806
0.0, 0.0, 3.603202
0.0, 0.0, 3.768108
0.0, 0.0, 3.914135
0.0, 0.0, 4.014422
0.0, 0.0, 4.065081
0.0, 0.0, 4.083808
0.0, 0.0, 4.068922
0.0, 0.0, 4.021382
0.0, 0.0, 3.945226
0.0, 0.0, 3.846145
0.0, 0.0, 3.730237
0.0, 0.0, 3.605669
0.0, 0.0, 3.488106
0.0, 0.0, 3.368712
0.0, 0.0, 3.246479
0.0, 0.0, 3.123768
0.0, 0.0, 4.471165
0.0, 0.0, 4.550385
0.0, 0.0, 4.626114
0.0, 0.0, 4.696766
0.0, 0.0, 4.760609
0.0, 0.0, 4.815719
0.0, 0.0, 4.860056
0.0, 0.0, 4.891561
0.0, 0.0, 4.908265
0.0, 0.0, 4.908416
0.0, 0.0, 4.890529
0.0, 0.0, 4.850905
0.0, 0.0, 4.785906
0.0, 0.0, 4.696436
0.0, 0.0, 4.581065
0.0, 0.0, 4.439527
0.0, 0.0, 4.273038
0.0, 0.0, 4.062056
0.0, 0.0, 3.807800
0.0, 0.0, 3.544356
0.0, 0.0, 3.283676
0.0, 0.0, 3.034214
0.0, 0.0, 2.801169
0.0, 0.0, 2.586462
0.0, 0.0, 2.389332
0.0, 0.0, 2.207137
0.0, 0.0, 2.036073
0.0, 0.0, 1.871761
0.0, 0.0, 1.709705
0.0, 0.0, 1.545716
0.0, 0.0, 1.376659
0.0, 0.0, 1.216405
0.0, 0.0, 1.074225
0.0, 0.0, 0.931383
0.0, 0.0, 0.793732
0.0, 0.0, 0.676038
0.0, 0.0, 0.602991
0.0, 0.0, 0.594143
0.0, 0.0, 0.669915
0.0, 0.0, 0.795723
0.0, 0.0, 0.952708
0.0, 0.0, 1.125142
0.0, 0.0, 1.300394
0.0, 0.0, 1.471032
0.0, 0.0, 1.635001
0.0, 0.0, 1.814207
0.0, 0.0, 1.992589
0.0, 0.0, 2.159292
0.0, 0.0, 2.317644
0.0, 0.0, 2.471196
0.0, 0.0, 2.623297
0.0, 0.0, 2.776765
0.0, 0.0, 2.933529
0.0, 0.0, 3.094247
0.0, 0.0, 3.257940
0.0, 0.0, 3.421717
0.0, 0.0, 3.580723
0.0, 0.0, 3.728454
0.0, 0.0, 3.854365
0.0, 0.0, 3.930395
0.0, 0.0, 3.972438
0.0, 0.0, 3.988561
0.0, 0.0, 3.976365
0.0, 0.0, 3.936064
0.0, 0.0, 3.870101
0.0, 0.0, 3.782597
0.0, 0.0, 3.685983
0.0, 0.0, 3.585012
0.0, 0.0, 3.473132
0.0, 0.0, 3.353777
0.0, 0.0, 3.230431
0.0, 0.0, 4.546898
0.0, 0.0, 4.628514
0.0, 0.0, 4.705667
0.0, 0.0, 4.776299
0.0, 0.0, 4.838091
0.0, 0.0, 4.888422
0.0, 0.0, 4.924473
0.0, 0.0, 4.943404
0.0, 0.0, 4.942584
0.0, 0.0, 4.919898
0.0, 0.0, 4.874049
0.0, 0.0, 4.804344
0.0, 0.0, 4.708089
0.0, 0.0, 4.588120
0.0, 0.0, 4.447873
0.0, 0.0, 4.291080
0.0, 0.0, 4.112018
0.0, 0.0, 3.885287
0.0, 0.0, 3.644533
0.0, 0.0, 3.403640
0.0, 0.0, 3.169595
0.0, 0.0, 2.947671
0.0, 0.0, 2.740936
0.0, 0.0, 2.550269
0.0, 0.0, 2.374706
0.0, 0.0, 2.211945
0.0, 0.0, 2.058844
0.0, 0.0, 1.911874
0.0, 0.0, 1.767541
0.0, 0.0, 1.622837
0.0, 0.0, 1.475862
0.0, 0.0, 1.332365
0.0, 0.0, 1.213238
0.0, 0.0, 1.102357
0.0, 0.0, 1.002772
0.0, 0.0, 0.925905
0.0, 0.0, 0.881642
0.0, 0.0, 0.872846
0.0, 0.0, 0.924873
0.0, 0.0, 1.017455
0.0, 0.0, 1.130671
0.0, 0.0, 1.261524
0.0, 0.0, 1.399334
0.0, 0.0, 1.536361
0.0, 0.0, 1.674288
0.0, 0.0, 1.833495
0.0, 0.0, 1.985694
0.0, 0.0, 2.127364
0.0, 0.0, 2.261904
0.0, 0.0, 2.392930
0.0, 0.0, 2.523945
0.0, 0.0, 2.658010
0.0, 0.0, 2.797405
0.0, 0.0, 2.943289
0.0, 0.0, 3.095377
0.0, 0.0, 3.251704
0.0, 0.0, 3.408559
0.0, 0.0, 3.560668
0.0, 0.0, 3.701562
0.0, 0.0, 3.814801
0.0, 0.0, 3.883157
0.0, 0.0, 3.928248
0.0, 0.0, 3.948288
0.0, 0.0, 3.940375
0.0, 0.0, 3.904207
0.0, 0.0, 3.844156
0.0, 0.0, 3.772974
0.0, 0.0, 3.683535
0.0, 0.0, 3.577289
0.0, 0.0, 3.459211
0.0, 0.0, 3.333899
0.0, 0.0, 4.624208
0.0, 0.0, 4.709095
0.0, 0.0, 4.788753
0.0, 0.0, 4.860661
0.0, 0.0, 4.921896
0.0, 0.0, 4.969097
0.0, 0.0, 4.998607
0.0, 0.0, 5.006727
0.0, 0.0, 4.990108
0.0, 0.0, 4.946202
0.0, 0.0, 4.873808
0.0, 0.0, 4.773549
0.0, 0.0, 4.647267
0.0, 0.0, 4.498227
0.0, 0.0, 4.334626
0.0, 0.0, 4.161842
0.0, 0.0, 3.955492
0.0, 0.0, 3.724736
0.0, 0.0, 3.494900
0.0, 0.0, 3.271913
0.0, 0.0, 3.059900
0.0, 0.0, 2.861822
0.0, 0.0, 2.679178
0.0, 0.0, 2.511986
0.0, 0.0, 2.358975
0.0, 0.0, 2.217944
0.0, 0.0, 2.086145
0.0, 0.0, 1.960652
0.0, 0.0, 1.838727
0.0, 0.0, 1.718249
0.0, 0.0, 1.598283
0.0, 0.0, 1.480921
0.0, 0.0, 1.384760
0.0, 0.0, 1.305493
0.0, 0.0, 1.238608
0.0, 0.0, 1.191054
0.0, 0.0, 1.159835
0.0, 0.0, 1.152857
0.0, 0.0, 1.189358
0.0, 0.0, 1.259978
0.0, 0.0, 1.339954
0.0, 0.0, 1.432560
0.0, 0.0, 1.532177
0.0, 0.0, 1.632726
0.0, 0.0, 1.745646
0.0, 0.0, 1.875893
0.0, 0.0, 1.996526
0.0, 0.0, 2.108609
0.0, 0.0, 2.215533
0.0, 0.0, 2.321027
0.0, 0.0, 2.428811
0.0, 0.0, 2.542270
0.0, 0.0, 2.664109
0.0, 0.0, 2.796007
0.0, 0.0, 2.938310
0.0, 0.0, 3.089786
0.0, 0.0, 3.247512
0.0, 0.0, 3.406951
0.0, 0.0, 3.562238
0.0, 0.0, 3.705409
0.0, 0.0, 3.811307
0.0, 0.0, 3.885927
0.0, 0.0, 3.937456
0.0, 0.0, 3.960447
0.0, 0.0, 3.952514
0.0, 0.0, 3.922110
0.0, 0.0, 3.868532
0.0, 0.0, 3.787344
0.0, 0.0, 3.684013
0.0, 0.0, 3.564713
0.0, 0.0, 3.435291
0.0, 0.0, 4.703385
0.0, 0.0, 4.792657
0.0, 0.0, 4.876253
0.0, 0.0, 4.951210
0.0, 0.0, 5.013999
0.0, 0.0, 5.060413
0.0, 0.0, 5.085404
0.0, 0.0, 5.082955
0.0, 0.0, 5.047768
0.0, 0.0, 4.977594
0.0, 0.0, 4.873334
0.0, 0.0, 4.738234
0.0, 0.0, 4.577916
0.0, 0.0, 4.399393
0.0, 0.0, 4.212231
0.0, 0.0, 4.015276
0.0, 0.0, 3.785661
0.0, 0.0, 3.556203
0.0, 0.0, 3.336881
0.0, 0.0, 3.131294
0.0, 0.0, 2.941565
0.0, 0.0, 2.768493
0.0, 0.0, 2.611670
0.0, 0.0, 2.469816
0.0, 0.0, 2.341162
0.0, 0.0, 2.223799
0.0, 0.0, 2.115717
0.0, 0.0, 2.014674
0.0, 0.0, 1.918505
0.0, 0.0, 1.825629
0.0, 0.0, 1.735564
0.0, 0.0, 1.649599
0.0, 0.0, 1.577370
0.0, 0.0, 1.527508
0.0, 0.0, 1.489282
0.0, 0.0, 1.464053
0.0, 0.0, 1.440820
0.0, 0.0, 1.436764
0.0, 0.0, 1.461999
0.0, 0.0, 1.512682
0.0, 0.0, 1.567587
0.0, 0.0, 1.625273
0.0, 0.0, 1.687263
0.0, 0.0, 1.751401
0.0, 0.0, 1.839434
0.0, 0.0, 1.933172
0.0, 0.0, 2.018241
0.0, 0.0, 2.097170
0.0, 0.0, 2.173464
0.0, 0.0, 2.251058
0.0, 0.0, 2.333982
0.0, 0.0, 2.426022
0.0, 0.0, 2.530361
0.0, 0.0, 2.649204
0.0, 0.0, 2.783452
0.0, 0.0, 2.932437
0.0, 0.0, 3.093770
0.0, 0.0, 3.263337
0.0, 0.0, 3.435446
0.0, 0.0, 3.603082
0.0, 0.0, 3.751130
0.0, 0.0, 3.860200
0.0, 0.0, 3.944588
0.0, 0.0, 3.998889
0.0, 0.0, 4.022205
0.0, 0.0, 4.018230
0.0, 0.0, 3.976393
0.0, 0.0, 3.899902
0.0, 0.0, 3.795780
0.0, 0.0, 3.671765
0.0, 0.0, 3.535223
0.0, 0.0, 4.784410
0.0, 0.0, 4.879352
0.0, 0.0, 4.968590
0.0, 0.0, 5.048519
0.0, 0.0, 5.113141
0.0, 0.0, 5.153895
0.0, 0.0, 5.165828
0.0, 0.0, 5.146862
0.0, 0.0, 5.093534
0.0, 0.0, 5.002427
0.0, 0.0, 4.872694
0.0, 0.0, 4.707441
0.0, 0.0, 4.514165
0.0, 0.0, 4.304227
0.0, 0.0, 4.090601
0.0, 0.0, 3.858977
0.0, 0.0, 3.614774
0.0, 0.0, 3.384352
0.0, 0.0, 3.172516
0.0, 0.0, 2.981391
0.0, 0.0, 2.811373
0.0, 0.0, 2.661562
0.0, 0.0, 2.530207
0.0, 0.0, 2.415085
0.0, 0.0, 2.313787
0.0, 0.0, 2.223915
0.0, 0.0, 2.143187
0.0, 0.0, 2.069581
0.0, 0.0, 2.001692
0.0, 0.0, 1.938734
0.0, 0.0, 1.880497
0.0, 0.0, 1.827863
0.0, 0.0, 1.784433
0.0, 0.0, 1.761216
0.0, 0.0, 1.750225
0.0, 0.0, 1.743315
0.0, 0.0, 1.729368
0.0, 0.0, 1.728564
0.0, 0.0, 1.744660
0.0, 0.0, 1.775663
0.0, 0.0, 1.808315
0.0, 0.0, 1.832687
0.0, 0.0, 1.856846
0.0, 0.0, 1.888513
0.0, 0.0, 1.945124
0.0, 0.0, 1.997896
0.0, 0.0, 2.044257
0.0, 0.0, 2.087187
0.0, 0.0, 2.130452
0.0, 0.0, 2.178303
0.0, 0.0, 2.235178
0.0, 0.0, 2.305353
0.0, 0.0, 2.392534
0.0, 0.0, 2.499453
0.0, 0.0, 2.627481
0.0, 0.0, 2.776359
0.0, 0.0, 2.944034
0.0, 0.0, 3.126621
0.0, 0.0, 3.318445
0.0, 0.0, 3.512181
0.0, 0.0, 3.697772
0.0, 0.0, 3.850295
0.0, 0.0, 3.971112
0.0, 0.0, 4.060764
0.0, 0.0, 4.120177
0.0, 0.0, 4.134761
0.0, 0.0, 4.100862
0.0, 0.0, 4.024470
0.0, 0.0, 3.914576
0.0, 0.0, 3.781151
0.0, 0.0, 3.633535
0.0, 0.0, 4.866882
0.0, 0.0, 4.968443
0.0, 0.0, 5.061054
0.0, 0.0, 5.135386
0.0, 0.0, 5.190836
0.0, 0.0, 5.227152
0.0, 0.0, 5.238643
0.0, 0.0, 5.217559
0.0, 0.0, 5.156306
0.0, 0.0, 5.049271
0.0, 0.0, 4.894866
0.0, 0.0, 4.697216
0.0, 0.0, 4.466647
0.0, 0.0, 4.218640
0.0, 0.0, 3.967092
0.0, 0.0, 3.698819
0.0, 0.0, 3.440798
0.0, 0.0, 3.206974
0.0, 0.0, 3.000702
0.0, 0.0, 2.822561
0.0, 0.0, 2.671153
0.0, 0.0, 2.543876
0.0, 0.0, 2.437567
0.0, 0.0, 2.348980
0.0, 0.0, 2.275094
0.0, 0.0, 2.213279
0.0, 0.0, 2.161387
0.0, 0.0, 2.117796
0.0, 0.0, 2.081380
0.0, 0.0, 2.051227
0.0, 0.0, 2.026843
0.0, 0.0, 2.009021
0.0, 0.0, 1.999393
0.0, 0.0, 2.003212
0.0, 0.0, 2.020195
0.0, 0.0, 2.031191
0.0, 0.0, 2.030289
0.0, 0.0, 2.033640
0.0, 0.0, 2.041619
0.0, 0.0, 2.052868
0.0, 0.0, 2.061070
0.0, 0.0, 2.051816
0.0, 0.0, 2.037072
0.0, 0.0, 2.040295
0.0, 0.0, 2.054894
0.0, 0.0, 2.063633
0.0, 0.0, 2.068570
0.0, 0.0, 2.073119
0.0, 0.0, 2.081399
0.0, 0.0, 2.098070
0.0, 0.0, 2.128081
0.0, 0.0, 2.176295
0.0, 0.0, 2.247018
0.0, 0.0, 2.343488
0.0, 0.0, 2.467444
0.0, 0.0, 2.618854
0.0, 0.0, 2.795802
0.0, 0.0, 2.994497
0.0, 0.0, 3.209261
0.0, 0.0, 3.432490
0.0, 0.0, 3.654454
0.0, 0.0, 3.855738
0.0, 0.0, 4.020215
0.0, 0.0, 4.156584
0.0, 0.0, 4.247334
0.0, 0.0, 4.277050
0.0, 0.0, 4.246614
0.0, 0.0, 4.164062
0.0, 0.0, 4.041619
0.0, 0.0, 3.892582
0.0, 0.0, 3.728902
0.0, 0.0, 4.949947
0.0, 0.0, 5.040633
0.0, 0.0, 5.122838
0.0, 0.0, 5.197353
0.0, 0.0, 5.260904
0.0, 0.0, 5.306898
0.0, 0.0, 5.326660
0.0, 0.0, 5.309836
0.0, 0.0, 5.245635
0.0, 0.0, 5.125286
0.0, 0.0, 4.945389
0.0, 0.0, 4.710851
0.0, 0.0, 4.435720
0.0, 0.0, 4.141068
0.0, 0.0, 3.838741
0.0, 0.0, 3.532878
0.0, 0.0, 3.257670
0.0, 0.0, 3.018391
0.0, 0.0, 2.816659
0.0, 0.0, 2.651119
0.0, 0.0, 2.518306
0.0, 0.0, 2.413744
0.0, 0.0, 2.332776
0.0, 0.0, 2.271107
0.0, 0.0, 2.225105
0.0, 0.0, 2.191894
0.0, 0.0, 2.169360
0.0, 0.0, 2.156097
0.0, 0.0, 2.151346
0.0, 0.0, 2.154939
0.0, 0.0, 2.167095
0.0, 0.0, 2.187505
0.0, 0.0, 2.215568
0.0, 0.0, 2.252467
0.0, 0.0, 2.299389
0.0, 0.0, 2.332504
0.0, 0.0, 2.349514
0.0, 0.0, 2.359141
0.0, 0.0, 2.359451
0.0, 0.0, 2.349486
0.0, 0.0, 2.327897
0.0, 0.0, 2.282087
0.0, 0.0, 2.229802
0.0, 0.0, 2.197443
0.0, 0.0, 2.163145
0.0, 0.0, 2.124865
0.0, 0.0, 2.085855
0.0, 0.0, 2.049940
0.0, 0.0, 2.021599
0.0, 0.0, 2.005961
0.0, 0.0, 2.008613
0.0, 0.0, 2.035203
0.0, 0.0, 2.090851
0.0, 0.0, 2.179269
0.0, 0.0, 2.302058
0.0, 0.0, 2.458606
0.0, 0.0, 2.646844
0.0, 0.0, 2.863312
0.0, 0.0, 3.102961
0.0, 0.0, 3.358681
0.0, 0.0, 3.620567
0.0, 0.0, 3.873504
0.0, 0.0, 4.099567
0.0, 0.0, 4.287417
0.0, 0.0, 4.408695
0.0, 0.0, 4.452002
0.0, 0.0, 4.418833
0.0, 0.0, 4.321163
0.0, 0.0, 4.176785
0.0, 0.0, 4.004042
0.0, 0.0, 3.818278
0.0, 0.0, 4.992253
0.0, 0.0, 5.082143
0.0, 0.0, 5.171669
0.0, 0.0, 5.257414
0.0, 0.0, 5.334556
0.0, 0.0, 5.395860
0.0, 0.0, 5.431044
0.0, 0.0, 5.426605
0.0, 0.0, 5.366936
0.0, 0.0, 5.237671
0.0, 0.0, 5.031327
0.0, 0.0, 4.752986
0.0, 0.0, 4.422094
0.0, 0.0, 4.067949
0.0, 0.0, 3.706129
0.0, 0.0, 3.359531
0.0, 0.0, 3.059395
0.0, 0.0, 2.812978
0.0, 0.0, 2.615911
0.0, 0.0, 2.463853
0.0, 0.0, 2.350765
0.0, 0.0, 2.269973
0.0, 0.0, 2.215167
0.0, 0.0, 2.180973
0.0, 0.0, 2.163188
0.0, 0.0, 2.158781
0.0, 0.0, 2.165776
0.0, 0.0, 2.183087
0.0, 0.0, 2.210363
0.0, 0.0, 2.247819
0.0, 0.0, 2.296046
0.0, 0.0, 2.355711
0.0, 0.0, 2.426673
0.0, 0.0, 2.505833
0.0, 0.0, 2.588568
0.0, 0.0, 2.652076
0.0, 0.0, 2.694071
0.0, 0.0, 2.713916
0.0, 0.0, 2.706712
0.0, 0.0, 2.672001
0.0, 0.0, 2.612963
0.0, 0.0, 2.525047
0.0, 0.0, 2.436330
0.0, 0.0, 2.352868
0.0, 0.0, 2.265131
0.0, 0.0, 2.176748
0.0, 0.0, 2.091454
0.0, 0.0, 2.013276
0.0, 0.0, 1.947036
0.0, 0.0, 1.899055
0.0, 0.0, 1.877115
0.0, 0.0, 1.887178
0.0, 0.0, 1.932037
0.0, 0.0, 2.013679
0.0, 0.0, 2.133832
0.0, 0.0, 2.293033
0.0, 0.0, 2.490297
0.0, 0.0, 2.723174
0.0, 0.0, 2.987659
0.0, 0.0, 3.277636
0.0, 0.0, 3.584089
0.0, 0.0, 3.899763
0.0, 0.0, 4.199615
0.0, 0.0, 4.443707
0.0, 0.0, 4.604304
0.0, 0.0, 4.663254
0.0, 0.0, 4.621111
0.0, 0.0, 4.496519
0.0, 0.0, 4.317447
0.0, 0.0, 4.110731
0.0, 0.0, 3.896109
0.0, 0.0, 5.018114
0.0, 0.0, 5.115207
0.0, 0.0, 5.214615
0.0, 0.0, 5.313605
0.0, 0.0, 5.407952
0.0, 0.0, 5.490533
0.0, 0.0, 5.549960
0.0, 0.0, 5.569276
0.0, 0.0, 5.526019
0.0, 0.0, 5.396054
0.0, 0.0, 5.163096
0.0, 0.0, 4.830715
0.0, 0.0, 4.427050
0.0, 0.0, 3.995087
0.0, 0.0, 3.565383
0.0, 0.0, 3.174640
0.0, 0.0, 2.844654
0.0, 0.0, 2.585768
0.0, 0.0, 2.394622
0.0, 0.0, 2.258467
0.0, 0.0, 2.167526
0.0, 0.0, 2.112480
0.0, 0.0, 2.085163
0.0, 0.0, 2.079110
0.0, 0.0, 2.089657
0.0, 0.0, 2.113769
0.0, 0.0, 2.149780
0.0, 0.0, 2.197113
0.0, 0.0, 2.255991
0.0, 0.0, 2.327053
0.0, 0.0, 2.411007
0.0, 0.0, 2.508628
0.0, 0.0, 2.620286
0.0, 0.0, 2.744968
0.0, 0.0, 2.873489
0.0, 0.0, 2.978072
0.0, 0.0, 3.055369
0.0, 0.0, 3.091813
0.0, 0.0, 3.076922
0.0, 0.0, 3.011207
0.0, 0.0, 2.905200
0.0, 0.0, 2.774170
0.0, 0.0, 2.637923
0.0, 0.0, 2.496470
0.0, 0.0, 2.353850
0.0, 0.0, 2.214185
0.0, 0.0, 2.081504
0.0, 0.0, 1.962331
0.0, 0.0, 1.865911
0.0, 0.0, 1.795836
0.0, 0.0, 1.753079
0.0, 0.0, 1.742169
0.0, 0.0, 1.768969
0.0, 0.0, 1.838373
0.0, 0.0, 1.953307
0.0, 0.0, 2.114561
0.0, 0.0, 2.321227
0.0, 0.0, 2.571306
0.0, 0.0, 2.861927
0.0, 0.0, 3.189176
0.0, 0.0, 3.553023
0.0, 0.0, 3.943337
0.0, 0.0, 4.319513
0.0, 0.0, 4.636997
0.0, 0.0, 4.849102
0.0, 0.0, 4.922606
0.0, 0.0, 4.857718
0.0, 0.0, 4.687545
0.0, 0.0, 4.457093
0.0, 0.0, 4.204196
0.0, 0.0, 3.953595
0.0, 0.0, 5.034757
0.0, 0.0, 5.138390
0.0, 0.0, 5.247464
0.0, 0.0, 5.360415
0.0, 0.0, 5.474419
0.0, 0.0, 5.583680
0.0, 0.0, 5.677197
0.0, 0.0, 5.735518
0.0, 0.0, 5.727724
0.0, 0.0, 5.613228
0.0, 0.0, 5.356606
0.0, 0.0, 4.954891
0.0, 0.0, 4.451979
0.0, 0.0, 3.917297
0.0, 0.0, 3.408521
0.0, 0.0, 2.967531
0.0, 0.0, 2.610301
0.0, 0.0, 2.338696
0.0, 0.0, 2.150850
0.0, 0.0, 2.034170
0.0, 0.0, 1.969231
0.0, 0.0, 1.942820
0.0, 0.0, 1.944715
0.0, 0.0, 1.967426
0.0, 0.0, 2.006028
0.0, 0.0, 2.057687
0.0, 0.0, 2.120847
0.0, 0.0, 2.194264
0.0, 0.0, 2.278112
0.0, 0.0, 2.375566
0.0, 0.0, 2.490487
0.0, 0.0, 2.625704
0.0, 0.0, 2.782641
0.0, 0.0, 2.960131
0.0, 0.0, 3.147281
0.0, 0.0, 3.315564
0.0, 0.0, 3.450824
0.0, 0.0, 3.517766
0.0, 0.0, 3.493621
0.0, 0.0, 3.381181
0.0, 0.0, 3.209658
0.0, 0.0, 3.019761
0.0, 0.0, 2.810794
0.0, 0.0, 2.602206
0.0, 0.0, 2.402345
0.0, 0.0, 2.217230
0.0, 0.0, 2.056153
0.0, 0.0, 1.917892
0.0, 0.0, 1.796485
0.0, 0.0, 1.695173
0.0, 0.0, 1.621800
0.0, 0.0, 1.584499
0.0, 0.0, 1.591032
0.0, 0.0, 1.647639
0.0, 0.0, 1.757737
0.0, 0.0, 1.921785
0.0, 0.0, 2.138372
0.0, 0.0, 2.405627
0.0, 0.0, 2.722668
0.0, 0.0, 3.096213
0.0, 0.0, 3.525154
0.0, 0.0, 3.986665
0.0, 0.0, 4.455332
0.0, 0.0, 4.876822
0.0, 0.0, 5.165979
0.0, 0.0, 5.254613
0.0, 0.0, 5.141659
0.0, 0.0, 4.893533
0.0, 0.0, 4.587568
0.0, 0.0, 4.275489
0.0, 0.0, 3.982845
0.0, 0.0, 5.039704
0.0, 0.0, 5.148106
0.0, 0.0, 5.265084
0.0, 0.0, 5.390635
0.0, 0.0, 5.524179
0.0, 0.0, 5.662886
0.0, 0.0, 5.798950
0.0, 0.0, 5.914230
0.0, 0.0, 5.971205
0.0, 0.0, 5.904677
0.0, 0.0, 5.636810
0.0, 0.0, 5.141637
0.0, 0.0, 4.496064
0.0, 0.0, 3.825224
0.0, 0.0, 3.223328
0.0, 0.0, 2.727940
0.0, 0.0, 2.346125
0.0, 0.0, 2.071543
0.0, 0.0, 1.891779
0.0, 0.0, 1.793626
0.0, 0.0, 1.758862
0.0, 0.0, 1.764717
0.0, 0.0, 1.797665
0.0, 0.0, 1.849329
0.0, 0.0, 1.913757
0.0, 0.0, 1.985600
0.0, 0.0, 2.064746
0.0, 0.0, 2.156228
0.0, 0.0, 2.263865
0.0, 0.0, 2.390813
0.0, 0.0, 2.540673
0.0, 0.0, 2.717477
0.0, 0.0, 2.924990
0.0, 0.0, 3.164915
0.0, 0.0, 3.426631
0.0, 0.0, 3.682511
0.0, 0.0, 3.911016
0.0, 0.0, 4.037864
0.0, 0.0, 4.001974
0.0, 0.0, 3.814746
0.0, 0.0, 3.552439
0.0, 0.0, 3.266874
0.0, 0.0, 2.968331
0.0, 0.0, 2.684841
0.0, 0.0, 2.430919
0.0, 0.0, 2.212048
0.0, 0.0, 2.018646
0.0, 0.0, 1.847353
0.0, 0.0, 1.699045
0.0, 0.0, 1.575465
0.0, 0.0, 1.478163
0.0, 0.0, 1.414697
0.0, 0.0, 1.399388
0.0, 0.0, 1.442493
0.0, 0.0, 1.548208
0.0, 0.0, 1.715898
0.0, 0.0, 1.942595
0.0, 0.0, 2.227072
0.0, 0.0, 2.578315
0.0, 0.0, 2.996427
0.0, 0.0, 3.473487
0.0, 0.0, 4.008393
0.0, 0.0, 4.589489
0.0, 0.0, 5.162466
0.0, 0.0, 5.581212
0.0, 0.0, 5.686318
0.0, 0.0, 5.472747
0.0, 0.0, 5.094986
0.0, 0.0, 4.686612
0.0, 0.0, 4.307136
0.0, 0.0, 3.973708
0.0, 0.0, 5.030721
0.0, 0.0, 5.140898
0.0, 0.0, 5.262143
0.0, 0.0, 5.396091
0.0, 0.0, 5.544853
0.0, 0.0, 5.709919
0.0, 0.0, 5.890164
0.0, 0.0, 6.076261
0.0, 0.0, 6.235908
0.0, 0.0, 6.281098
0.0, 0.0, 6.043350
0.0, 0.0, 5.411851
0.0, 0.0, 4.547601
0.0, 0.0, 3.699092
0.0, 0.0, 2.993739
0.0, 0.0, 2.446445
0.0, 0.0, 2.046967
0.0, 0.0, 1.778168
0.0, 0.0, 1.619930
0.0, 0.0, 1.549447
0.0, 0.0, 1.544419
0.0, 0.0, 1.584529
0.0, 0.0, 1.648494
0.0, 0.0, 1.720887
0.0, 0.0, 1.797819
0.0, 0.0, 1.884447
0.0, 0.0, 1.983629
0.0, 0.0, 2.097621
0.0, 0.0, 2.229549
0.0, 0.0, 2.383593
0.0, 0.0, 2.565079
0.0, 0.0, 2.780589
0.0, 0.0, 3.037807
0.0, 0.0, 3.344455
0.0, 0.0, 3.697038
0.0, 0.0, 4.076924
0.0, 0.0, 4.454478
0.0, 0.0, 4.700183
0.0, 0.0, 4.647909
0.0, 0.0, 4.328758
0.0, 0.0, 3.913990
0.0, 0.0, 3.498189
0.0, 0.0, 3.102939
0.0, 0.0, 2.759877
0.0, 0.0, 2.464478
0.0, 0.0, 2.203283
0.0, 0.0, 1.970276
0.0, 0.0, 1.762367
0.0, 0.0, 1.579227
0.0, 0.0, 1.423792
0.0, 0.0, 1.302611
0.0, 0.0, 1.224239
0.0, 0.0, 1.194957
0.0, 0.0, 1.225512
0.0, 0.0, 1.327714
0.0, 0.0, 1.500574
0.0, 0.0, 1.740846
0.0, 0.0, 2.052802
0.0, 0.0, 2.428834
0.0, 0.0, 2.866935
0.0, 0.0, 3.377191
0.0, 0.0, 3.974456
0.0, 0.0, 4.673373
0.0, 0.0, 5.456894
0.0, 0.0, 6.123319
0.0, 0.0, 6.248774
0.0, 0.0, 5.812783
0.0, 0.0, 5.236223
0.0, 0.0, 4.712135
0.0, 0.0, 4.272542
0.0, 0.0, 3.909898
0.0, 0.0, 5.006262
0.0, 0.0, 5.114131
0.0, 0.0, 5.234183
0.0, 0.0, 5.369256
0.0, 0.0, 5.523665
0.0, 0.0, 5.703057
0.0, 0.0, 5.914324
0.0, 0.0, 6.163778
0.0, 0.0, 6.447463
0.0, 0.0, 6.704106
0.0, 0.0, 6.626613
0.0, 0.0, 5.767876
0.0, 0.0, 4.555588
0.0, 0.0, 3.502582
0.0, 0.0, 2.703748
0.0, 0.0, 2.118562
0.0, 0.0, 1.712992
0.0, 0.0, 1.460611
0.0, 0.0, 1.335301
0.0, 0.0, 1.306038
0.0, 0.0, 1.340213
0.0, 0.0, 1.406922
0.0, 0.0, 1.485361
0.0, 0.0, 1.573073
0.0, 0.0, 1.669669
0.0, 0.0, 1.775837
0.0, 0.0, 1.893634
0.0, 0.0, 2.026189
0.0, 0.0, 2.177645
0.0, 0.0, 2.353339
0.0, 0.0, 2.560171
0.0, 0.0, 2.807169
0.0, 0.0, 3.106244
0.0, 0.0, 3.472914
0.0, 0.0, 3.917832
0.0, 0.0, 4.450496
0.0, 0.0, 5.073678
0.0, 0.0, 5.572128
0.0, 0.0, 5.480877
0.0, 0.0, 4.887307
0.0, 0.0, 4.240981
0.0, 0.0, 3.685365
0.0, 0.0, 3.215417
0.0, 0.0, 2.819618
0.0, 0.0, 2.479375
0.0, 0.0, 2.180863
0.0, 0.0, 1.914593
0.0, 0.0, 1.674773
0.0, 0.0, 1.459221
0.0, 0.0, 1.269873
0.0, 0.0, 1.113930
0.0, 0.0, 1.004885
0.0, 0.0, 0.960524
0.0, 0.0, 0.993042
0.0, 0.0, 1.101528
0.0, 0.0, 1.290594
0.0, 0.0, 1.556183
0.0, 0.0, 1.880516
0.0, 0.0, 2.259692
0.0, 0.0, 2.700721
0.0, 0.0, 3.219294
0.0, 0.0, 3.841788
0.0, 0.0, 4.611505
0.0, 0.0, 5.591621
0.0, 0.0, 6.400177
0.0, 0.0, 6.504741
0.0, 0.0, 5.983753
0.0, 0.0, 5.207326
0.0, 0.0, 4.609461
0.0, 0.0, 4.145287
0.0, 0.0, 3.778510
0.0, 0.0, 4.965916
0.0, 0.0, 5.066741
0.0, 0.0, 5.178934
0.0, 0.0, 5.305569
0.0, 0.0, 5.451612
0.0, 0.0, 5.624328
0.0, 0.0, 5.834570
0.0, 0.0, 6.098890
0.0, 0.0, 6.442438
0.0, 0.0, 6.888992
0.0, 0.0, 6.025966
0.0, 0.0, 5.803703
0.0, 0.0, 4.377112
0.0, 0.0, 3.193040
0.0, 0.0, 2.350016
0.0, 0.0, 1.751737
0.0, 0.0, 1.352155
0.0, 0.0, 1.126397
0.0, 0.0, 1.047126
0.0, 0.0, 1.069204
0.0, 0.0, 1.137309
0.0, 0.0, 1.223824
0.0, 0.0, 1.323180
0.0, 0.0, 1.431278
0.0, 0.0, 1.545813
0.0, 0.0, 1.667228
0.0, 0.0, 1.798855
0.0, 0.0, 1.944827
0.0, 0.0, 2.110030
0.0, 0.0, 2.300519
0.0, 0.0, 2.524096
0.0, 0.0, 2.791199
0.0, 0.0, 3.116328
0.0, 0.0, 3.520354
0.0, 0.0, 4.026277
0.0, 0.0, 4.675855
0.0, 0.0, 5.556046
0.0, 0.0, 5.237466
0.0, 0.0, 5.663837
0.0, 0.0, 5.286479
0.0, 0.0, 4.433968
0.0, 0.0, 3.793149
0.0, 0.0, 3.272181
0.0, 0.0, 2.839406
0.0, 0.0, 2.470535
0.0, 0.0, 2.147121
0.0, 0.0, 1.856942
0.0, 0.0, 1.592243
0.0, 0.0, 1.349082
0.0, 0.0, 1.127758
0.0, 0.0, 0.934738
0.0, 0.0, 0.786520
0.0, 0.0, 0.712345
0.0, 0.0, 0.743662
0.0, 0.0, 0.885202
0.0, 0.0, 1.104796
0.0, 0.0, 1.379669
0.0, 0.0, 1.703395
0.0, 0.0, 2.074665
0.0, 0.0, 2.500288
0.0, 0.0, 2.995502
0.0, 0.0, 3.585814
0.0, 0.0, 4.313221
0.0, 0.0, 5.242538
0.0, 0.0, 5.997826
0.0, 0.0, 6.098697
0.0, 0.0, 5.627659
0.0, 0.0, 4.900906
0.0, 0.0, 4.343916
0.0, 0.0, 3.913807
0.0, 0.0, 3.576094
0.0, 0.0, 4.910694
0.0, 0.0, 4.999793
0.0, 0.0, 5.097373
0.0, 0.0, 5.205597
0.0, 0.0, 5.328034
0.0, 0.0, 5.469726
0.0, 0.0, 5.637677
0.0, 0.0, 5.840897
0.0, 0.0, 6.086968
0.0, 0.0, 6.351679
0.0, 0.0, 6.163180
0.0, 0.0, 5.245783
0.0, 0.0, 3.887558
0.0, 0.0, 2.775349
0.0, 0.0, 1.959674
0.0, 0.0, 1.371366
0.0, 0.0, 0.981412
0.0, 0.0, 0.787852
0.0, 0.0, 0.767002
0.0, 0.0, 0.837671
0.0, 0.0, 0.943068
0.0, 0.0, 1.059947
0.0, 0.0, 1.179881
0.0, 0.0, 1.302017
0.0, 0.0, 1.428361
0.0, 0.0, 1.561235
0.0, 0.0, 1.702582
0.0, 0.0, 1.856672
0.0, 0.0, 2.029437
0.0, 0.0, 2.227258
0.0, 0.0, 2.457871
0.0, 0.0, 2.731440
0.0, 0.0, 3.061882
0.0, 0.0, 3.468889
0.0, 0.0, 3.973582
0.0, 0.0, 4.609584
0.0, 0.0, 5.440456
0.0, 0.0, 5.639115
0.0, 0.0, 5.772404
0.0, 0.0, 5.181027
0.0, 0.0, 4.388736
0.0, 0.0, 3.769047
0.0, 0.0, 3.250969
0.0, 0.0, 2.814956
0.0, 0.0, 2.439150
0.0, 0.0, 2.105977
0.0, 0.0, 1.803328
0.0, 0.0, 1.522961
0.0, 0.0, 1.259751
0.0, 0.0, 1.011859
0.0, 0.0, 0.782648
0.0, 0.0, 0.588683
0.0, 0.0, 0.480494
0.0, 0.0, 0.521434
0.0, 0.0, 0.692578
0.0, 0.0, 0.933336
0.0, 0.0, 1.213409
0.0, 0.0, 1.529393
0.0, 0.0, 1.882804
0.0, 0.0, 2.276776
0.0, 0.0, 2.721380
0.0, 0.0, 3.230956
0.0, 0.0, 3.821347
0.0, 0.0, 4.491056
0.0, 0.0, 5.063184
0.0, 0.0, 5.179965
0.0, 0.0, 4.826889
0.0, 0.0, 4.359590
0.0, 0.0, 3.939581
0.0, 0.0, 3.592896
0.0, 0.0, 3.312423
0.0, 0.0, 4.843072
0.0, 0.0, 4.916583
0.0, 0.0, 4.994023
0.0, 0.0, 5.075761
0.0, 0.0, 5.162481
0.0, 0.0, 5.254388
0.0, 0.0, 5.349804
0.0, 0.0, 5.441012
0.0, 0.0, 5.501678
0.0, 0.0, 5.450783
0.0, 0.0, 5.095692
0.0, 0.0, 4.288491
0.0, 0.0, 3.270530
0.0, 0.0, 2.337245
0.0, 0.0, 1.591526
0.0, 0.0, 1.021548
0.0, 0.0, 0.626987
0.0, 0.0, 0.458506
0.0, 0.0, 0.507755
0.0, 0.0, 0.643853
0.0, 0.0, 0.790434
0.0, 0.0, 0.929468
0.0, 0.0, 1.060894
0.0, 0.0, 1.188959
0.0, 0.0, 1.318578
0.0, 0.0, 1.454395
0.0, 0.0, 1.600615
0.0, 0.0, 1.760730
0.0, 0.0, 1.937847
0.0, 0.0, 2.136990
0.0, 0.0, 2.365725
0.0, 0.0, 2.632970
0.0, 0.0, 2.949335
0.0, 0.0, 3.327547
0.0, 0.0, 3.773716
0.0, 0.0, 4.278219
0.0, 0.0, 4.830700
0.0, 0.0, 5.246313
0.0, 0.0, 5.168221
0.0, 0.0, 4.673211
0.0, 0.0, 4.115522
0.0, 0.0, 3.616354
0.0, 0.0, 3.157885
0.0, 0.0, 2.751313
0.0, 0.0, 2.389857
0.0, 0.0, 2.062250
0.0, 0.0, 1.759287
0.0, 0.0, 1.473834
0.0, 0.0, 1.200312
0.0, 0.0, 0.934715
0.0, 0.0, 0.677226
0.0, 0.0, 0.438803
0.0, 0.0, 0.274854
0.0, 0.0, 0.324160
0.0, 0.0, 0.537743
0.0, 0.0, 0.798499
0.0, 0.0, 1.078224
0.0, 0.0, 1.373826
0.0, 0.0, 1.695282
0.0, 0.0, 2.046271
0.0, 0.0, 2.425577
0.0, 0.0, 2.835927
0.0, 0.0, 3.274723
0.0, 0.0, 3.718951
0.0, 0.0, 4.045557
0.0, 0.0, 4.137238
0.0, 0.0, 3.995874
0.0, 0.0, 3.738744
0.0, 0.0, 3.464980
0.0, 0.0, 3.217532
0.0, 0.0, 3.007568
0.0, 0.0, 4.766733
0.0, 0.0, 4.821867
0.0, 0.0, 4.876225
0.0, 0.0, 4.927013
0.0, 0.0, 4.972097
0.0, 0.0, 5.006822
0.0, 0.0, 5.022076
0.0, 0.0, 4.999613
0.0, 0.0, 4.903406
0.0, 0.0, 4.669711
0.0, 0.0, 4.221046
0.0, 0.0, 3.545160
0.0, 0.0, 2.751495
0.0, 0.0, 1.978698
0.0, 0.0, 1.311480
0.0, 0.0, 0.765658
0.0, 0.0, 0.350433
0.0, 0.0, 0.177837
0.0, 0.0, 0.335476
0.0, 0.0, 0.528221
0.0, 0.0, 0.694366
0.0, 0.0, 0.838398
0.0, 0.0, 0.968901
0.0, 0.0, 1.093764
0.0, 0.0, 1.219562
0.0, 0.0, 1.351630
0.0, 0.0, 1.494361
0.0, 0.0, 1.651614
0.0, 0.0, 1.827116
0.0, 0.0, 2.024723
0.0, 0.0, 2.248490
0.0, 0.0, 2.503143
0.0, 0.0, 2.794212
0.0, 0.0, 3.123567
0.0, 0.0, 3.480141
0.0, 0.0, 3.845746
0.0, 0.0, 4.192535
0.0, 0.0, 4.408221
0.0, 0.0, 4.370993
0.0, 0.0, 4.112221
0.0, 0.0, 3.756052
0.0, 0.0, 3.386480
0.0, 0.0, 3.013456
0.0, 0.0, 2.659651
0.0, 0.0, 2.328996
0.0, 0.0, 2.018864
0.0, 0.0, 1.724528
0.0, 0.0, 1.441177
0.0, 0.0, 1.165346
0.0, 0.0, 0.894645
0.0, 0.0, 0.627490
0.0, 0.0, 0.364188
0.0, 0.0, 0.132672
0.0, 0.0, 0.198623
0.0, 0.0, 0.452725
0.0, 0.0, 0.717947
0.0, 0.0, 0.985787
0.0, 0.0, 1.256238
0.0, 0.0, 1.531737
0.0, 0.0, 1.824604
0.0, 0.0, 2.135079
0.0, 0.0, 2.451288
0.0, 0.0, 2.766220
0.0, 0.0, 3.062230
0.0, 0.0, 3.265043
0.0, 0.0, 3.335126
0.0, 0.0, 3.279489
0.0, 0.0, 3.145217
0.0, 0.0, 2.982968
0.0, 0.0, 2.824654
0.0, 0.0, 2.684356
0.0, 0.0, 4.646300
0.0, 0.0, 4.707982
0.0, 0.0, 4.750619
0.0, 0.0, 4.772062
0.0, 0.0, 4.776222
0.0, 0.0, 4.757179
0.0, 0.0, 4.702611
0.0, 0.0, 4.592895
0.0, 0.0, 4.398997
0.0, 0.0, 4.085469
0.0, 0.0, 3.627697
0.0, 0.0, 3.041384
0.0, 0.0, 2.389841
0.0, 0.0, 1.747024
0.0, 0.0, 1.164045
0.0, 0.0, 0.681271
0.0, 0.0, 0.324116
0.0, 0.0, 0.190156
0.0, 0.0, 0.335135
0.0, 0.0, 0.507903
0.0, 0.0, 0.656395
0.0, 0.0, 0.784777
0.0, 0.0, 0.901542
0.0, 0.0, 1.014605
0.0, 0.0, 1.130445
0.0, 0.0, 1.254072
0.0, 0.0, 1.389306
0.0, 0.0, 1.539191
0.0, 0.0, 1.706421
0.0, 0.0, 1.893657
0.0, 0.0, 2.103592
0.0, 0.0, 2.337600
0.0, 0.0, 2.590967
0.0, 0.0, 2.862316
0.0, 0.0, 3.150281
0.0, 0.0, 3.424055
0.0, 0.0, 3.657310
0.0, 0.0, 3.783548
0.0, 0.0, 3.768973
0.0, 0.0, 3.626189
0.0, 0.0, 3.401250
0.0, 0.0, 3.134801
0.0, 0.0, 2.841235
0.0, 0.0, 2.542290
0.0, 0.0, 2.250304
0.0, 0.0, 1.966473
0.0, 0.0, 1.689838
0.0, 0.0, 1.419823
0.0, 0.0, 1.155125
0.0, 0.0, 0.894996
0.0, 0.0, 0.640434
0.0, 0.0, 0.398303
0.0, 0.0, 0.213600
0.0, 0.0, 0.253401
0.0, 0.0, 0.461440
0.0, 0.0, 0.698373
0.0, 0.0, 0.938069
0.0, 0.0, 1.174783
0.0, 0.0, 1.406433
0.0, 0.0, 1.633399
0.0, 0.0, 1.867239
0.0, 0.0, 2.101935
0.0, 0.0, 2.323978
0.0, 0.0, 2.521165
0.0, 0.0, 2.649746
0.0, 0.0, 2.699601
0.0, 0.0, 2.679936
0.0, 0.0, 2.614176
0.0, 0.0, 2.528163
0.0, 0.0, 2.440766
0.0, 0.0, 2.362024
0.0, 0.0, 4.531263
0.0, 0.0, 4.574518
0.0, 0.0, 4.604832
0.0, 0.0, 4.614213
0.0, 0.0, 4.590407
0.0, 0.0, 4.528694
0.0, 0.0, 4.422256
0.0, 0.0, 4.255949
0.0, 0.0, 4.010987
0.0, 0.0, 3.671147
0.0, 0.0, 3.233480
0.0, 0.0, 2.719001
0.0, 0.0, 2.171820
0.0, 0.0, 1.640951
0.0, 0.0, 1.152625
0.0, 0.0, 0.761233
0.0, 0.0, 0.497949
0.0, 0.0, 0.402675
0.0, 0.0, 0.453550
0.0, 0.0, 0.555953
0.0, 0.0, 0.660594
0.0, 0.0, 0.758189
0.0, 0.0, 0.851703
0.0, 0.0, 0.946695
0.0, 0.0, 1.048329
0.0, 0.0, 1.160522
0.0, 0.0, 1.285963
0.0, 0.0, 1.426466
0.0, 0.0, 1.583342
0.0, 0.0, 1.756908
0.0, 0.0, 1.943680
0.0, 0.0, 2.141071
0.0, 0.0, 2.355298
0.0, 0.0, 2.586650
0.0, 0.0, 2.824803
0.0, 0.0, 3.039130
0.0, 0.0, 3.201281
0.0, 0.0, 3.286275
0.0, 0.0, 3.290066
0.0, 0.0, 3.212983
0.0, 0.0, 3.073079
0.0, 0.0, 2.884150
0.0, 0.0, 2.658560
0.0, 0.0, 2.417659
0.0, 0.0, 2.166355
0.0, 0.0, 1.914915
0.0, 0.0, 1.664887
0.0, 0.0, 1.416561
0.0, 0.0, 1.171605
0.0, 0.0, 0.932839
0.0, 0.0, 0.706383
0.0, 0.0, 0.508854
0.0, 0.0, 0.385645
0.0, 0.0, 0.403516
0.0, 0.0, 0.542847
0.0, 0.0, 0.730887
0.0, 0.0, 0.930173
0.0, 0.0, 1.125928
0.0, 0.0, 1.311183
0.0, 0.0, 1.482188
0.0, 0.0, 1.638828
0.0, 0.0, 1.794140
0.0, 0.0, 1.944715
0.0, 0.0, 2.070495
0.0, 0.0, 2.147128
0.0, 0.0, 2.177811
0.0, 0.0, 2.173014
0.0, 0.0, 2.146956
0.0, 0.0, 2.113060
0.0, 0.0, 2.080605
0.0, 0.0, 2.054212
0.0, 0.0, 4.425118
0.0, 0.0, 4.450461
0.0, 0.0, 4.459909
0.0, 0.0, 4.448005
0.0, 0.0, 4.407416
0.0, 0.0, 4.327151
0.0, 0.0, 4.193679
0.0, 0.0, 3.997570
0.0, 0.0, 3.731953
0.0, 0.0, 3.392747
0.0, 0.0, 2.986064
0.0, 0.0, 2.533170
0.0, 0.0, 2.069025
0.0, 0.0, 1.632897
0.0, 0.0, 1.232138
0.0, 0.0, 0.907553
0.0, 0.0, 0.692860
0.0, 0.0, 0.594417
0.0, 0.0, 0.587316
0.0, 0.0, 0.627152
0.0, 0.0, 0.683069
0.0, 0.0, 0.744011
0.0, 0.0, 0.809694
0.0, 0.0, 0.883537
0.0, 0.0, 0.969147
0.0, 0.0, 1.068957
0.0, 0.0, 1.183938
0.0, 0.0, 1.313063
0.0, 0.0, 1.452473
0.0, 0.0, 1.600236
0.0, 0.0, 1.761043
0.0, 0.0, 1.937574
0.0, 0.0, 2.128640
0.0, 0.0, 2.329977
0.0, 0.0, 2.532512
0.0, 0.0, 2.705887
0.0, 0.0, 2.820343
0.0, 0.0, 2.890099
0.0, 0.0, 2.908790
0.0, 0.0, 2.873979
0.0, 0.0, 2.791884
0.0, 0.0, 2.660157
0.0, 0.0, 2.490549
0.0, 0.0, 2.303155
0.0, 0.0, 2.095345
0.0, 0.0, 1.877837
0.0, 0.0, 1.656703
0.0, 0.0, 1.434498
0.0, 0.0, 1.214107
0.0, 0.0, 1.001135
0.0, 0.0, 0.806493
0.0, 0.0, 0.649041
0.0, 0.0, 0.559577
0.0, 0.0, 0.566083
0.0, 0.0, 0.658373
0.0, 0.0, 0.797915
0.0, 0.0, 0.952843
0.0, 0.0, 1.104477
0.0, 0.0, 1.242136
0.0, 0.0, 1.359796
0.0, 0.0, 1.455045
0.0, 0.0, 1.532280
0.0, 0.0, 1.617429
0.0, 0.0, 1.686105
0.0, 0.0, 1.721723
0.0, 0.0, 1.734198
0.0, 0.0, 1.735156
0.0, 0.0, 1.734804
0.0, 0.0, 1.740045
0.0, 0.0, 1.754499
0.0, 0.0, 1.778365
0.0, 0.0, 4.330431
0.0, 0.0, 4.341235
0.0, 0.0, 4.334098
0.0, 0.0, 4.303639
0.0, 0.0, 4.243296
0.0, 0.0, 4.145357
0.0, 0.0, 4.001313
0.0, 0.0, 3.802560
0.0, 0.0, 3.542479
0.0, 0.0, 3.221455
0.0, 0.0, 2.850649
0.0, 0.0, 2.451739
0.0, 0.0, 2.053772
0.0, 0.0, 1.684662
0.0, 0.0, 1.350267
0.0, 0.0, 1.065698
0.0, 0.0, 0.867568
0.0, 0.0, 0.753069
0.0, 0.0, 0.703328
0.0, 0.0, 0.693291
0.0, 0.0, 0.704405
0.0, 0.0, 0.728743
0.0, 0.0, 0.765823
0.0, 0.0, 0.817946
0.0, 0.0, 0.886594
0.0, 0.0, 0.970636
0.0, 0.0, 1.067448
0.0, 0.0, 1.176750
0.0, 0.0, 1.299791
0.0, 0.0, 1.436647
0.0, 0.0, 1.586604
0.0, 0.0, 1.748594
0.0, 0.0, 1.920658
0.0, 0.0, 2.098993
0.0, 0.0, 2.275402
0.0, 0.0, 2.411803
0.0, 0.0, 2.503231
0.0, 0.0, 2.567943
0.0, 0.0, 2.599779
0.0, 0.0, 2.595505
0.0, 0.0, 2.555093
0.0, 0.0, 2.466484
0.0, 0.0, 2.344165
0.0, 0.0, 2.202300
0.0, 0.0, 2.039433
0.0, 0.0, 1.857849
0.0, 0.0, 1.668732
0.0, 0.0, 1.476554
0.0, 0.0, 1.285990
0.0, 0.0, 1.103472
0.0, 0.0, 0.939000
0.0, 0.0, 0.808564
0.0, 0.0, 0.733456
0.0, 0.0, 0.728604
0.0, 0.0, 0.787204
0.0, 0.0, 0.885185
0.0, 0.0, 0.997590
0.0, 0.0, 1.105482
0.0, 0.0, 1.196413
0.0, 0.0, 1.262914
0.0, 0.0, 1.302361
0.0, 0.0, 1.318757
0.0, 0.0, 1.334468
0.0, 0.0, 1.349881
0.0, 0.0, 1.350331
0.0, 0.0, 1.347010
0.0, 0.0, 1.354341
0.0, 0.0, 1.380715
0.0, 0.0, 1.425869
0.0, 0.0, 1.483521
0.0, 0.0, 1.546326
0.0, 0.0, 4.249064
0.0, 0.0, 4.249061
0.0, 0.0, 4.230174
0.0, 0.0, 4.187399
0.0, 0.0, 4.114944
0.0, 0.0, 4.006481
0.0, 0.0, 3.855751
0.0, 0.0, 3.657734
0.0, 0.0, 3.410440
0.0, 0.0, 3.117081
0.0, 0.0, 2.787949
0.0, 0.0, 2.440724
0.0, 0.0, 2.091329
0.0, 0.0, 1.765767
0.0, 0.0, 1.479361
0.0, 0.0, 1.217260
0.0, 0.0, 1.018278
0.0, 0.0, 0.881568
0.0, 0.0, 0.793899
0.0, 0.0, 0.739728
0.0, 0.0, 0.708193
0.0, 0.0, 0.694146
0.0, 0.0, 0.698358
0.0, 0.0, 0.723169
0.0, 0.0, 0.770708
0.0, 0.0, 0.840628
0.0, 0.0, 0.930458
0.0, 0.0, 1.036832
0.0, 0.0, 1.156696
0.0, 0.0, 1.287796
0.0, 0.0, 1.428596
0.0, 0.0, 1.577861
0.0, 0.0, 1.734036
0.0, 0.0, 1.894402
0.0, 0.0, 2.044328
0.0, 0.0, 2.153765
0.0, 0.0, 2.235326
0.0, 0.0, 2.299709
0.0, 0.0, 2.343809
0.0, 0.0, 2.363954
0.0, 0.0, 2.354973
0.0, 0.0, 2.301219
0.0, 0.0, 2.219857
0.0, 0.0, 2.118325
0.0, 0.0, 1.997733
0.0, 0.0, 1.853404
0.0, 0.0, 1.697619
0.0, 0.0, 1.537321
0.0, 0.0, 1.378264
0.0, 0.0, 1.227702
0.0, 0.0, 1.095108
0.0, 0.0, 0.992133
0.0, 0.0, 0.930392
0.0, 0.0, 0.916184
0.0, 0.0, 0.945335
0.0, 0.0, 1.003764
0.0, 0.0, 1.073315
0.0, 0.0, 1.136935
0.0, 0.0, 1.181865
0.0, 0.0, 1.199379
0.0, 0.0, 1.186641
0.0, 0.0, 1.151621
0.0, 0.0, 1.111602
0.0, 0.0, 1.069049
0.0, 0.0, 1.039753
0.0, 0.0, 1.025485
0.0, 0.0, 1.039910
0.0, 0.0, 1.087321
0.0, 0.0, 1.161481
0.0, 0.0, 1.251111
0.0, 0.0, 1.345396
0.0, 0.0, 4.182111
0.0, 0.0, 4.175093
0.0, 0.0, 4.149214
0.0, 0.0, 4.099998
0.0, 0.0, 4.022507
0.0, 0.0, 3.911656
0.0, 0.0, 3.762852
0.0, 0.0, 3.573010
0.0, 0.0, 3.341939
0.0, 0.0, 3.073872
0.0, 0.0, 2.778623
0.0, 0.0, 2.466187
0.0, 0.0, 2.143909
0.0, 0.0, 1.844999
0.0, 0.0, 1.584242
0.0, 0.0, 1.335274
0.0, 0.0, 1.124226
0.0, 0.0, 0.960355
0.0, 0.0, 0.834901
0.0, 0.0, 0.738280
0.0, 0.0, 0.664513
0.0, 0.0, 0.613303
0.0, 0.0, 0.589118
0.0, 0.0, 0.597221
0.0, 0.0, 0.638812
0.0, 0.0, 0.709601
0.0, 0.0, 0.802529
0.0, 0.0, 0.910929
0.0, 0.0, 1.029923
0.0, 0.0, 1.156477
0.0, 0.0, 1.288958
0.0, 0.0, 1.426568
0.0, 0.0, 1.568708
0.0, 0.0, 1.712969
0.0, 0.0, 1.831787
0.0, 0.0, 1.926442
0.0, 0.0, 2.004311
0.0, 0.0, 2.070963
0.0, 0.0, 2.127037
0.0, 0.0, 2.168431
0.0, 0.0, 2.183518
0.0, 0.0, 2.160761
0.0, 0.0, 2.116017
0.0, 0.0, 2.051667
0.0, 0.0, 1.969009
0.0, 0.0, 1.862963
0.0, 0.0, 1.740428
0.0, 0.0, 1.612078
0.0, 0.0, 1.483995
0.0, 0.0, 1.363243
0.0, 0.0, 1.257993
0.0, 0.0, 1.176801
0.0, 0.0, 1.126616
0.0, 0.0, 1.109819
0.0, 0.0, 1.121995
0.0, 0.0, 1.152400
0.0, 0.0, 1.186840
0.0, 0.0, 1.210954
0.0, 0.0, 1.212637
0.0, 0.0, 1.183690
0.0, 0.0, 1.121494
0.0, 0.0, 1.040621
0.0, 0.0, 0.947905
0.0, 0.0, 0.843975
0.0, 0.0, 0.768289
0.0, 0.0, 0.734714
0.0, 0.0, 0.753620
0.0, 0.0, 0.825240
0.0, 0.0, 0.932472
0.0, 0.0, 1.055416
0.0, 0.0, 1.179474
0.0, 0.0, 4.129918
0.0, 0.0, 4.119526
0.0, 0.0, 4.091087
0.0, 0.0, 4.040729
0.0, 0.0, 3.964329
0.0, 0.0, 3.857850
0.0, 0.0, 3.717900
0.0, 0.0, 3.542557
0.0, 0.0, 3.332402
0.0, 0.0, 3.091587
0.0, 0.0, 2.826969
0.0, 0.0, 2.533296
0.0, 0.0, 2.231857
0.0, 0.0, 1.946796
0.0, 0.0, 1.690145
0.0, 0.0, 1.447620
0.0, 0.0, 1.217827
0.0, 0.0, 1.023557
0.0, 0.0, 0.860470
0.0, 0.0, 0.722787
0.0, 0.0, 0.607874
0.0, 0.0, 0.519139
0.0, 0.0, 0.466722
0.0, 0.0, 0.461947
0.0, 0.0, 0.505677
0.0, 0.0, 0.585986
0.0, 0.0, 0.688374
0.0, 0.0, 0.802444
0.0, 0.0, 0.922176
0.0, 0.0, 1.044585
0.0, 0.0, 1.168637
0.0, 0.0, 1.294520
0.0, 0.0, 1.423007
0.0, 0.0, 1.547049
0.0, 0.0, 1.638509
0.0, 0.0, 1.722630
0.0, 0.0, 1.800048
0.0, 0.0, 1.870811
0.0, 0.0, 1.939141
0.0, 0.0, 2.000107
0.0, 0.0, 2.034413
0.0, 0.0, 2.041442
0.0, 0.0, 2.030629
0.0, 0.0, 2.001325
0.0, 0.0, 1.953779
0.0, 0.0, 1.885275
0.0, 0.0, 1.795487
0.0, 0.0, 1.698222
0.0, 0.0, 1.599844
0.0, 0.0, 1.506702
0.0, 0.0, 1.425494
0.0, 0.0, 1.362384
0.0, 0.0, 1.321509
0.0, 0.0, 1.303215
0.0, 0.0, 1.302945
0.0, 0.0, 1.311556
0.0, 0.0, 1.317003
0.0, 0.0, 1.306614
0.0, 0.0, 1.269264
0.0, 0.0, 1.197186
0.0, 0.0, 1.089868
0.0, 0.0, 0.968484
0.0, 0.0, 0.823381
0.0, 0.0, 0.660568
0.0, 0.0, 0.517636
0.0, 0.0, 0.453258
0.0, 0.0, 0.486780
0.0, 0.0, 0.600105
0.0, 0.0, 0.749701
0.0, 0.0, 0.906637
0.0, 0.0, 1.056607
0.0, 0.0, 4.092155
0.0, 0.0, 4.081723
0.0, 0.0, 4.054696
0.0, 0.0, 4.007818
0.0, 0.0, 3.937725
0.0, 0.0, 3.841238
0.0, 0.0, 3.715815
0.0, 0.0, 3.560174
0.0, 0.0, 3.375035
0.0, 0.0, 3.163700
0.0, 0.0, 2.922208
0.0, 0.0, 2.645927
0.0, 0.0, 2.363431
0.0, 0.0, 2.087056
0.0, 0.0, 1.825541
0.0, 0.0, 1.578570
0.0, 0.0, 1.329573
0.0, 0.0, 1.102248
0.0, 0.0, 0.899730
0.0, 0.0, 0.718898
0.0, 0.0, 0.558735
0.0, 0.0, 0.424399
0.0, 0.0, 0.333649
0.0, 0.0, 0.315763
0.0, 0.0, 0.374319
0.0, 0.0, 0.476227
0.0, 0.0, 0.594358
0.0, 0.0, 0.716199
0.0, 0.0, 0.836570
0.0, 0.0, 0.953724
0.0, 0.0, 1.067885
0.0, 0.0, 1.180628
0.0, 0.0, 1.294058
0.0, 0.0, 1.390322
0.0, 0.0, 1.461866
0.0, 0.0, 1.536083
0.0, 0.0, 1.613531
0.0, 0.0, 1.690603
0.0, 0.0, 1.772202
0.0, 0.0, 1.850918
0.0, 0.0, 1.903669
0.0, 0.0, 1.940349
0.0, 0.0, 1.962138
0.0, 0.0, 1.966545
0.0, 0.0, 1.952686
0.0, 0.0, 1.919583
0.0, 0.0, 1.862421
0.0, 0.0, 1.795018
0.0, 0.0, 1.725016
0.0, 0.0, 1.657881
0.0, 0.0, 1.598951
0.0, 0.0, 1.552603
0.0, 0.0, 1.521129
0.0, 0.0, 1.503593
0.0, 0.0, 1.495183
0.0, 0.0, 1.487442
0.0, 0.0, 1.469453
0.0, 0.0, 1.429654
0.0, 0.0, 1.357867
0.0, 0.0, 1.247254
0.0, 0.0, 1.106633
0.0, 0.0, 0.950393
0.0, 0.0, 0.761167
0.0, 0.0, 0.546080
0.0, 0.0, 0.325615
0.0, 0.0, 0.186785
0.0, 0.0, 0.266843
0.0, 0.0, 0.448150
0.0, 0.0, 0.639438
0.0, 0.0, 0.821099
0.0, 0.0, 0.986698
0.0, 0.0, 4.067912
0.0, 0.0, 4.060367
0.0, 0.0, 4.038173
0.0, 0.0, 3.998690
0.0, 0.0, 3.939255
0.0, 0.0, 3.857415
0.0, 0.0, 3.751257
0.0, 0.0, 3.619842
0.0, 0.0, 3.463675
0.0, 0.0, 3.283022
0.0, 0.0, 3.059229
0.0, 0.0, 2.807445
0.0, 0.0, 2.544393
0.0, 0.0, 2.276459
0.0, 0.0, 2.008997
0.0, 0.0, 1.745025
0.0, 0.0, 1.477149
0.0, 0.0, 1.215151
0.0, 0.0, 0.972213
0.0, 0.0, 0.748093
0.0, 0.0, 0.542054
0.0, 0.0, 0.356000
0.0, 0.0, 0.204969
0.0, 0.0, 0.161895
0.0, 0.0, 0.260740
0.0, 0.0, 0.396045
0.0, 0.0, 0.530977
0.0, 0.0, 0.658309
0.0, 0.0, 0.776265
0.0, 0.0, 0.885067
0.0, 0.0, 0.986368
0.0, 0.0, 1.083187
0.0, 0.0, 1.177356
0.0, 0.0, 1.242162
0.0, 0.0, 1.296554
0.0, 0.0, 1.360579
0.0, 0.0, 1.437009
0.0, 0.0, 1.523141
0.0, 0.0, 1.619991
0.0, 0.0, 1.713529
0.0, 0.0, 1.788843
0.0, 0.0, 1.855875
0.0, 0.0, 1.910030
0.0, 0.0, 1.947466
0.0, 0.0, 1.966409
0.0, 0.0, 1.966489
0.0, 0.0, 1.941965
0.0, 0.0, 1.903163
0.0, 0.0, 1.860412
0.0, 0.0, 1.818376
0.0, 0.0, 1.781259
0.0, 0.0, 1.752102
0.0, 0.0, 1.731894
0.0, 0.0, 1.718738
0.0, 0.0, 1.707398
0.0, 0.0, 1.689484
0.0, 0.0, 1.654449
0.0, 0.0, 1.591316
0.0, 0.0, 1.490827
0.0, 0.0, 1.349861
0.0, 0.0, 1.191489
0.0, 0.0, 1.008033
0.0, 0.0, 0.793978
0.0, 0.0, 0.559291
0.0, 0.0, 0.322828
0.0, 0.0, 0.166150
0.0, 0.0, 0.255297
0.0, 0.0, 0.442292
0.0, 0.0, 0.633767
0.0, 0.0, 0.813708
0.0, 0.0, 0.977141
0.0, 0.0, 4.055797
0.0, 0.0, 4.053587
0.0, 0.0, 4.039044
0.0, 0.0, 4.010140
0.0, 0.0, 3.964878
0.0, 0.0, 3.901463
0.0, 0.0, 3.818519
0.0, 0.0, 3.715339
0.0, 0.0, 3.592041
0.0, 0.0, 3.439282
0.0, 0.0, 3.240619
0.0, 0.0, 3.019543
0.0, 0.0, 2.780650
0.0, 0.0, 2.525747
0.0, 0.0, 2.256383
0.0, 0.0, 1.974005
0.0, 0.0, 1.679790
0.0, 0.0, 1.382314
0.0, 0.0, 1.099057
0.0, 0.0, 0.834919
0.0, 0.0, 0.591420
0.0, 0.0, 0.369151
0.0, 0.0, 0.173102
0.0, 0.0, 0.092969
0.0, 0.0, 0.221685
0.0, 0.0, 0.372202
0.0, 0.0, 0.510658
0.0, 0.0, 0.634495
0.0, 0.0, 0.743625
0.0, 0.0, 0.839099
0.0, 0.0, 0.923274
0.0, 0.0, 1.000156
0.0, 0.0, 1.067629
0.0, 0.0, 1.101003
0.0, 0.0, 1.136603
0.0, 0.0, 1.189483
0.0, 0.0, 1.264862
0.0, 0.0, 1.362239
0.0, 0.0, 1.476771
0.0, 0.0, 1.585198
0.0, 0.0, 1.689093
0.0, 0.0, 1.788230
0.0, 0.0, 1.875311
0.0, 0.0, 1.945500
0.0, 0.0, 1.996497
0.0, 0.0, 2.028069
0.0, 0.0, 2.035665
0.0, 0.0, 2.024335
0.0, 0.0, 2.007906
0.0, 0.0, 1.990622
0.0, 0.0, 1.975833
0.0, 0.0, 1.965627
0.0, 0.0, 1.960065
0.0, 0.0, 1.956472
0.0, 0.0, 1.949012
0.0, 0.0, 1.928802
0.0, 0.0, 1.884867
0.0, 0.0, 1.806072
0.0, 0.0, 1.684118
0.0, 0.0, 1.529038
0.0, 0.0, 1.357343
0.0, 0.0, 1.157061
0.0, 0.0, 0.937716
0.0, 0.0, 0.718136
0.0, 0.0, 0.531655
0.0, 0.0, 0.440349
0.0, 0.0, 0.476226
0.0, 0.0, 0.589325
0.0, 0.0, 0.734374
0.0, 0.0, 0.884425
0.0, 0.0, 1.027313
0.0, 0.0, 4.054047
0.0, 0.0, 4.059098
0.0, 0.0, 4.054381
0.0, 0.0, 4.038480
0.0, 0.0, 4.010052
0.0, 0.0, 3.967957
0.0, 0.0, 3.911367
0.0, 0.0, 3.839879
0.0, 0.0, 3.752415
0.0, 0.0, 3.626363
0.0, 0.0, 3.465047
0.0, 0.0, 3.282774
0.0, 0.0, 3.077479
0.0, 0.0, 2.845646
0.0, 0.0, 2.583498
0.0, 0.0, 2.289113
0.0, 0.0, 1.964949
0.0, 0.0, 1.624995
0.0, 0.0, 1.299365
0.0, 0.0, 0.998158
0.0, 0.0, 0.728093
0.0, 0.0, 0.496158
0.0, 0.0, 0.319460
0.0, 0.0, 0.248728
0.0, 0.0, 0.308618
0.0, 0.0, 0.422431
0.0, 0.0, 0.540279
0.0, 0.0, 0.647381
0.0, 0.0, 0.739395
0.0, 0.0, 0.815621
0.0, 0.0, 0.877705
0.0, 0.0, 0.929660
0.0, 0.0, 0.961877
0.0, 0.0, 0.962909
0.0, 0.0, 0.975511
0.0, 0.0, 1.015675
0.0, 0.0, 1.091959
0.0, 0.0, 1.203819
0.0, 0.0, 1.335840
0.0, 0.0, 1.468170
0.0, 0.0, 1.606230
0.0, 0.0, 1.740075
0.0, 0.0, 1.860984
0.0, 0.0, 1.963640
0.0, 0.0, 2.045723
0.0, 0.0, 2.107270
0.0, 0.0, 2.145673
0.0, 0.0, 2.160798
0.0, 0.0, 2.169787
0.0, 0.0, 2.177200
0.0, 0.0, 2.185867
0.0, 0.0, 2.197328
0.0, 0.0, 2.211102
0.0, 0.0, 2.223974
0.0, 0.0, 2.229428
0.0, 0.0, 2.217543
0.0, 0.0, 2.175823
0.0, 0.0, 2.091594
0.0, 0.0, 1.960266
0.0, 0.0, 1.802760
0.0, 0.0, 1.614768
0.0, 0.0, 1.402044
0.0, 0.0, 1.182712
0.0, 0.0, 0.980532
0.0, 0.0, 0.825309
0.0, 0.0, 0.749205
0.0, 0.0, 0.758332
0.0, 0.0, 0.816126
0.0, 0.0, 0.908311
0.0, 0.0, 1.016606
0.0, 0.0, 1.127812
0.0, 0.0, 4.060637
0.0, 0.0, 4.074317
0.0, 0.0, 4.080933
0.0, 0.0, 4.079665
0.0, 0.0, 4.069837
0.0, 0.0, 4.050991
0.0, 0.0, 4.022943
0.0, 0.0, 3.985776
0.0, 0.0, 3.934039
0.0, 0.0, 3.841247
0.0, 0.0, 3.727288
0.0, 0.0, 3.595048
0.0, 0.0, 3.438135
0.0, 0.0, 3.246533
0.0, 0.0, 3.007893
0.0, 0.0, 2.712618
0.0, 0.0, 2.361766
0.0, 0.0, 1.972160
0.0, 0.0, 1.589049
0.0, 0.0, 1.246406
0.0, 0.0, 0.950360
0.0, 0.0, 0.711120
0.0, 0.0, 0.542546
0.0, 0.0, 0.462665
0.0, 0.0, 0.471136
0.0, 0.0, 0.534331
0.0, 0.0, 0.615979
0.0, 0.0, 0.695372
0.0, 0.0, 0.762840
0.0, 0.0, 0.814392
0.0, 0.0, 0.849635
0.0, 0.0, 0.871125
0.0, 0.0, 0.860424
0.0, 0.0, 0.823888
0.0, 0.0, 0.806273
0.0, 0.0, 0.831365
0.0, 0.0, 0.913398
0.0, 0.0, 1.046811
0.0, 0.0, 1.198255
0.0, 0.0, 1.368061
0.0, 0.0, 1.546061
0.0, 0.0, 1.717285
0.0, 0.0, 1.872487
0.0, 0.0, 2.006670
0.0, 0.0, 2.118148
0.0, 0.0, 2.207652
0.0, 0.0, 2.274616
0.0, 0.0, 2.315014
0.0, 0.0, 2.348257
0.0, 0.0, 2.380230
0.0, 0.0, 2.413645
0.0, 0.0, 2.449970
0.0, 0.0, 2.488720
0.0, 0.0, 2.526631
0.0, 0.0, 2.556770
0.0, 0.0, 2.567830
0.0, 0.0, 2.544353
0.0, 0.0, 2.470351
0.0, 0.0, 2.348931
0.0, 0.0, 2.183028
0.0, 0.0, 1.974123
0.0, 0.0, 1.742198
0.0, 0.0, 1.512826
0.0, 0.0, 1.311264
0.0, 0.0, 1.159984
0.0, 0.0, 1.075393
0.0, 0.0, 1.058902
0.0, 0.0, 1.077473
0.0, 0.0, 1.123261
0.0, 0.0, 1.189391
0.0, 0.0, 1.265223
0.0, 0.0, 4.073388
0.0, 0.0, 4.096506
0.0, 0.0, 4.115272
0.0, 0.0, 4.129455
0.0, 0.0, 4.139034
0.0, 0.0, 4.144277
0.0, 0.0, 4.145759
0.0, 0.0, 4.144174
0.0, 0.0, 4.125574
0.0, 0.0, 4.075878
0.0, 0.0, 4.017726
0.0, 0.0, 3.948930
0.0, 0.0, 3.860707
0.0, 0.0, 3.736349
0.0, 0.0, 3.549959
0.0, 0.0, 3.273622
0.0, 0.0, 2.898258
0.0, 0.0, 2.451433
0.0, 0.0, 1.988417
0.0, 0.0, 1.581204
0.0, 0.0, 1.247277
0.0, 0.0, 0.986853
0.0, 0.0, 0.804374
0.0, 0.0, 0.701362
0.0, 0.0, 0.669370
0.0, 0.0, 0.686877
0.0, 0.0, 0.728575
0.0, 0.0, 0.774823
0.0, 0.0, 0.813173
0.0, 0.0, 0.836486
0.0, 0.0, 0.841525
0.0, 0.0, 0.827412
0.0, 0.0, 0.767568
0.0, 0.0, 0.683094
0.0, 0.0, 0.622131
0.0, 0.0, 0.628189
0.0, 0.0, 0.727396
0.0, 0.0, 0.891950
0.0, 0.0, 1.082579
0.0, 0.0, 1.297364
0.0, 0.0, 1.519902
0.0, 0.0, 1.729640
0.0, 0.0, 1.917934
0.0, 0.0, 2.081156
0.0, 0.0, 2.218976
0.0, 0.0, 2.333297
0.0, 0.0, 2.425422
0.0, 0.0, 2.489240
0.0, 0.0, 2.544955
0.0, 0.0, 2.600817
0.0, 0.0, 2.659848
0.0, 0.0, 2.724013
0.0, 0.0, 2.793580
0.0, 0.0, 2.866183
0.0, 0.0, 2.935493
0.0, 0.0, 2.989378
0.0, 0.0, 3.008374
0.0, 0.0, 2.973370
0.0, 0.0, 2.872546
0.0, 0.0, 2.692349
0.0, 0.0, 2.448355
0.0, 0.0, 2.177264
0.0, 0.0, 1.916415
0.0, 0.0, 1.693020
0.0, 0.0, 1.523704
0.0, 0.0, 1.416100
0.0, 0.0, 1.368611
0.0, 0.0, 1.355027
0.0, 0.0, 1.359570
0.0, 0.0, 1.386142
0.0, 0.0, 1.426810
0.0, 0.0, 4.090087
0.0, 0.0, 4.122897
0.0, 0.0, 4.153959
0.0, 0.0, 4.183583
0.0, 0.0, 4.212383
0.0, 0.0, 4.241348
0.0, 0.0, 4.271892
0.0, 0.0, 4.304801
0.0, 0.0, 4.317732
0.0, 0.0, 4.316959
0.0, 0.0, 4.320583
0.0, 0.0, 4.327700
0.0, 0.0, 4.331580
0.0, 0.0, 4.313190
0.0, 0.0, 4.230351
0.0, 0.0, 4.014612
0.0, 0.0, 3.615570
0.0, 0.0, 3.077843
0.0, 0.0, 2.511260
0.0, 0.0, 2.003368
0.0, 0.0, 1.606824
0.0, 0.0, 1.308681
0.0, 0.0, 1.096681
0.0, 0.0, 0.962015
0.0, 0.0, 0.891785
0.0, 0.0, 0.868072
0.0, 0.0, 0.871073
0.0, 0.0, 0.883296
0.0, 0.0, 0.891366
0.0, 0.0, 0.885762
0.0, 0.0, 0.860143
0.0, 0.0, 0.808520
0.0, 0.0, 0.696731
0.0, 0.0, 0.551311
0.0, 0.0, 0.421187
0.0, 0.0, 0.399605
0.0, 0.0, 0.543596
0.0, 0.0, 0.765906
0.0, 0.0, 1.020361
0.0, 0.0, 1.282756
0.0, 0.0, 1.545617
0.0, 0.0, 1.790897
0.0, 0.0, 2.007853
0.0, 0.0, 2.195057
0.0, 0.0, 2.354108
0.0, 0.0, 2.488446
0.0, 0.0, 2.601193
0.0, 0.0, 2.685095
0.0, 0.0, 2.760505
0.0, 0.0, 2.838542
0.0, 0.0, 2.922918
0.0, 0.0, 3.016673
0.0, 0.0, 3.121722
0.0, 0.0, 3.238051
0.0, 0.0, 3.362147
0.0, 0.0, 3.483821
0.0, 0.0, 3.581761
0.0, 0.0, 3.626927
0.0, 0.0, 3.567800
0.0, 0.0, 3.366350
0.0, 0.0, 3.053818
0.0, 0.0, 2.705665
0.0, 0.0, 2.382104
0.0, 0.0, 2.112618
0.0, 0.0, 1.907102
0.0, 0.0, 1.765592
0.0, 0.0, 1.682437
0.0, 0.0, 1.638095
0.0, 0.0, 1.605298
0.0, 0.0, 1.595030
0.0, 0.0, 1.602216
0.0, 0.0, 4.108591
0.0, 0.0, 4.150836
0.0, 0.0, 4.193704
0.0, 0.0, 4.237979
0.0, 0.0, 4.284832
0.0, 0.0, 4.335905
0.0, 0.0, 4.393413
0.0, 0.0, 4.456517
0.0, 0.0, 4.500096
0.0, 0.0, 4.547564
0.0, 0.0, 4.613142
0.0, 0.0, 4.701484
0.0, 0.0, 4.814811
0.0, 0.0, 4.945273
0.0, 0.0, 5.050548
0.0, 0.0, 4.995613
0.0, 0.0, 4.575884
0.0, 0.0, 3.859157
0.0, 0.0, 3.124017
0.0, 0.0, 2.501087
0.0, 0.0, 2.015265
0.0, 0.0, 1.663623
0.0, 0.0, 1.412913
0.0, 0.0, 1.242112
0.0, 0.0, 1.134606
0.0, 0.0, 1.073206
0.0, 0.0, 1.040640
0.0, 0.0, 1.021050
0.0, 0.0, 1.000968
0.0, 0.0, 0.969362
0.0, 0.0, 0.917225
0.0, 0.0, 0.832926
0.0, 0.0, 0.678298
0.0, 0.0, 0.474630
0.0, 0.0, 0.247101
0.0, 0.0, 0.182174
0.0, 0.0, 0.432122
0.0, 0.0, 0.740888
0.0, 0.0, 1.057133
0.0, 0.0, 1.362216
0.0, 0.0, 1.648717
0.0, 0.0, 1.917614
0.0, 0.0, 2.154130
0.0, 0.0, 2.356793
0.0, 0.0, 2.529328
0.0, 0.0, 2.676835
0.0, 0.0, 2.804018
0.0, 0.0, 2.903044
0.0, 0.0, 2.994077
0.0, 0.0, 3.091069
0.0, 0.0, 3.198644
0.0, 0.0, 3.321285
0.0, 0.0, 3.463298
0.0, 0.0, 3.628510
0.0, 0.0, 3.819076
0.0, 0.0, 4.029644
0.0, 0.0, 4.252013
0.0, 0.0, 4.449031
0.0, 0.0, 4.496430
0.0, 0.0, 4.257229
0.0, 0.0, 3.800228
0.0, 0.0, 3.311736
0.0, 0.0, 2.888223
0.0, 0.0, 2.551118
0.0, 0.0, 2.296475
0.0, 0.0, 2.114261
0.0, 0.0, 1.993309
0.0, 0.0, 1.917458
0.0, 0.0, 1.851733
0.0, 0.0, 1.807289
0.0, 0.0, 1.783287
0.0, 0.0, 4.126928
0.0, 0.0, 4.177903
0.0, 0.0, 4.231537
0.0, 0.0, 4.288986
0.0, 0.0, 4.351844
0.0, 0.0, 4.422258
0.0, 0.0, 4.503038
0.0, 0.0, 4.589438
0.0, 0.0, 4.660818
0.0, 0.0, 4.749475
0.0, 0.0, 4.868208
0.0, 0.0, 5.028170
0.0, 0.0, 5.244278
0.0, 0.0, 5.534800
0.0, 0.0, 5.908867
0.0, 0.0, 6.161014
0.0, 0.0, 5.721890
0.0, 0.0, 4.720166
0.0, 0.0, 3.748283
0.0, 0.0, 3.004428
0.0, 0.0, 2.445598
0.0, 0.0, 2.035498
0.0, 0.0, 1.743776
0.0, 0.0, 1.537320
0.0, 0.0, 1.395337
0.0, 0.0, 1.300601
0.0, 0.0, 1.237152
0.0, 0.0, 1.190386
0.0, 0.0, 1.147283
0.0, 0.0, 1.096324
0.0, 0.0, 1.027130
0.0, 0.0, 0.925182
0.0, 0.0, 0.755074
0.0, 0.0, 0.543886
0.0, 0.0, 0.332897
0.0, 0.0, 0.311290
0.0, 0.0, 0.567231
0.0, 0.0, 0.898508
0.0, 0.0, 1.239476
0.0, 0.0, 1.564693
0.0, 0.0, 1.860542
0.0, 0.0, 2.127722
0.0, 0.0, 2.368090
0.0, 0.0, 2.573724
0.0, 0.0, 2.749090
0.0, 0.0, 2.900738
0.0, 0.0, 3.034404
0.0, 0.0, 3.141942
0.0, 0.0, 3.243076
0.0, 0.0, 3.354027
0.0, 0.0, 3.480228
0.0, 0.0, 3.627533
0.0, 0.0, 3.802680
0.0, 0.0, 4.013124
0.0, 0.0, 4.261810
0.0, 0.0, 4.564368
0.0, 0.0, 4.948951
0.0, 0.0, 5.401510
0.0, 0.0, 5.699416
0.0, 0.0, 5.392559
0.0, 0.0, 4.641517
0.0, 0.0, 3.937960
0.0, 0.0, 3.391338
0.0, 0.0, 2.978981
0.0, 0.0, 2.672352
0.0, 0.0, 2.449029
0.0, 0.0, 2.291815
0.0, 0.0, 2.184945
0.0, 0.0, 2.091444
0.0, 0.0, 2.015918
0.0, 0.0, 1.963501
0.0, 0.0, 4.143391
0.0, 0.0, 4.202034
0.0, 0.0, 4.264966
0.0, 0.0, 4.333576
0.0, 0.0, 4.409716
0.0, 0.0, 4.495804
0.0, 0.0, 4.594868
0.0, 0.0, 4.696727
0.0, 0.0, 4.789595
0.0, 0.0, 4.907159
0.0, 0.0, 5.061176
0.0, 0.0, 5.265619
0.0, 0.0, 5.540967
0.0, 0.0, 5.918197
0.0, 0.0, 6.442336
0.0, 0.0, 6.546456
0.0, 0.0, 6.049915
0.0, 0.0, 5.327724
0.0, 0.0, 4.240006
0.0, 0.0, 3.437316
0.0, 0.0, 2.839724
0.0, 0.0, 2.396168
0.0, 0.0, 2.073911
0.0, 0.0, 1.840916
0.0, 0.0, 1.670809
0.0, 0.0, 1.548959
0.0, 0.0, 1.461036
0.0, 0.0, 1.393779
0.0, 0.0, 1.335217
0.0, 0.0, 1.274492
0.0, 0.0, 1.201618
0.0, 0.0, 1.102955
0.0, 0.0, 0.952453
0.0, 0.0, 0.791260
0.0, 0.0, 0.685387
0.0, 0.0, 0.737369
0.0, 0.0, 0.952862
0.0, 0.0, 1.259595
0.0, 0.0, 1.592403
0.0, 0.0, 1.911111
0.0, 0.0, 2.195796
0.0, 0.0, 2.441770
0.0, 0.0, 2.658576
0.0, 0.0, 2.850159
0.0, 0.0, 3.014995
0.0, 0.0, 3.159868
0.0, 0.0, 3.290830
0.0, 0.0, 3.398634
0.0, 0.0, 3.503027
0.0, 0.0, 3.621250
0.0, 0.0, 3.759033
0.0, 0.0, 3.922897
0.0, 0.0, 4.119072
0.0, 0.0, 4.347455
0.0, 0.0, 4.629920
0.0, 0.0, 5.004569
0.0, 0.0, 5.507740
0.0, 0.0, 6.185561
0.0, 0.0, 5.588343
0.0, 0.0, 5.794682
0.0, 0.0, 5.342767
0.0, 0.0, 4.462616
0.0, 0.0, 3.826903
0.0, 0.0, 3.359288
0.0, 0.0, 3.012303
0.0, 0.0, 2.755483
0.0, 0.0, 2.567946
0.0, 0.0, 2.433588
0.0, 0.0, 2.317813
0.0, 0.0, 2.215133
0.0, 0.0, 2.137591
0.0, 0.0, 4.156592
0.0, 0.0, 4.221602
0.0, 0.0, 4.292073
0.0, 0.0, 4.369500
0.0, 0.0, 4.455797
0.0, 0.0, 4.553395
0.0, 0.0, 4.665039
0.0, 0.0, 4.774663
0.0, 0.0, 4.880308
0.0, 0.0, 5.011969
0.0, 0.0, 5.178968
0.0, 0.0, 5.392175
0.0, 0.0, 5.664577
0.0, 0.0, 6.006941
0.0, 0.0, 6.402543
0.0, 0.0, 6.678123
0.0, 0.0, 6.332117
0.0, 0.0, 5.415047
0.0, 0.0, 4.496970
0.0, 0.0, 3.748520
0.0, 0.0, 3.164057
0.0, 0.0, 2.715502
0.0, 0.0, 2.378457
0.0, 0.0, 2.133061
0.0, 0.0, 1.953827
0.0, 0.0, 1.815731
0.0, 0.0, 1.711423
0.0, 0.0, 1.631835
0.0, 0.0, 1.566842
0.0, 0.0, 1.507303
0.0, 0.0, 1.445164
0.0, 0.0, 1.370198
0.0, 0.0, 1.265584
0.0, 0.0, 1.180584
0.0, 0.0, 1.176902
0.0, 0.0, 1.289178
0.0, 0.0, 1.515756
0.0, 0.0, 1.814725
0.0, 0.0, 2.129268
0.0, 0.0, 2.417118
0.0, 0.0, 2.661343
0.0, 0.0, 2.863503
0.0, 0.0, 3.033277
0.0, 0.0, 3.185394
0.0, 0.0, 3.324140
0.0, 0.0, 3.450293
0.0, 0.0, 3.568659
0.0, 0.0, 3.667693
0.0, 0.0, 3.767745
0.0, 0.0, 3.885398
0.0, 0.0, 4.025481
0.0, 0.0, 4.188523
0.0, 0.0, 4.372185
0.0, 0.0, 4.600221
0.0, 0.0, 4.895976
0.0, 0.0, 5.278345
0.0, 0.0, 5.766920
0.0, 0.0, 6.357780
0.0, 0.0, 6.736646
0.0, 0.0, 6.439447
0.0, 0.0, 5.583705
0.0, 0.0, 4.768003
0.0, 0.0, 4.139033
0.0, 0.0, 3.660970
0.0, 0.0, 3.297417
0.0, 0.0, 3.021348
0.0, 0.0, 2.813144
0.0, 0.0, 2.657872
0.0, 0.0, 2.525207
0.0, 0.0, 2.400285
0.0, 0.0, 2.301382
0.0, 0.0, 4.165505
0.0, 0.0, 4.235448
0.0, 0.0, 4.311579
0.0, 0.0, 4.395362
0.0, 0.0, 4.488605
0.0, 0.0, 4.593507
0.0, 0.0, 4.711991
0.0, 0.0, 4.823069
0.0, 0.0, 4.932153
0.0, 0.0, 5.064105
0.0, 0.0, 5.224264
0.0, 0.0, 5.416948
0.0, 0.0, 5.642409
0.0, 0.0, 5.886965
0.0, 0.0, 6.097394
0.0, 0.0, 6.139717
0.0, 0.0, 5.846372
0.0, 0.0, 5.250913
0.0, 0.0, 4.567225
0.0, 0.0, 3.939093
0.0, 0.0, 3.411027
0.0, 0.0, 2.985210
0.0, 0.0, 2.651874
0.0, 0.0, 2.399204
0.0, 0.0, 2.215300
0.0, 0.0, 2.084525
0.0, 0.0, 1.983166
0.0, 0.0, 1.901755
0.0, 0.0, 1.839700
0.0, 0.0, 1.791936
0.0, 0.0, 1.753441
0.0, 0.0, 1.718585
0.0, 0.0, 1.678563
0.0, 0.0, 1.687046
0.0, 0.0, 1.780358
0.0, 0.0, 1.975703
0.0, 0.0, 2.261933
0.0, 0.0, 2.585399
0.0, 0.0, 2.875831
0.0, 0.0, 3.097706
0.0, 0.0, 3.258824
0.0, 0.0, 3.381026
0.0, 0.0, 3.482237
0.0, 0.0, 3.574561
0.0, 0.0, 3.667971
0.0, 0.0, 3.763704
0.0, 0.0, 3.860030
0.0, 0.0, 3.941553
0.0, 0.0, 4.029565
0.0, 0.0, 4.135294
0.0, 0.0, 4.252671
0.0, 0.0, 4.388530
0.0, 0.0, 4.560884
0.0, 0.0, 4.779876
0.0, 0.0, 5.052811
0.0, 0.0, 5.383190
0.0, 0.0, 5.759482
0.0, 0.0, 6.120949
0.0, 0.0, 6.291508
0.0, 0.0, 6.049374
0.0, 0.0, 5.482332
0.0, 0.0, 4.861673
0.0, 0.0, 4.317427
0.0, 0.0, 3.872821
0.0, 0.0, 3.518591
0.0, 0.0, 3.239663
0.0, 0.0, 3.022025
0.0, 0.0, 2.853809
0.0, 0.0, 2.709934
0.0, 0.0, 2.567961
0.0, 0.0, 2.451766
0.0, 0.0, 4.169461
0.0, 0.0, 4.242887
0.0, 0.0, 4.322824
0.0, 0.0, 4.410595
0.0, 0.0, 4.507769
0.0, 0.0, 4.616141
0.0, 0.0, 4.736454
0.0, 0.0, 4.843985
0.0, 0.0, 4.948985
0.0, 0.0, 5.071098
0.0, 0.0, 5.211708
0.0, 0.0, 5.369092
0.0, 0.0, 5.534689
0.0, 0.0, 5.685516
0.0, 0.0, 5.773468
0.0, 0.0, 5.724419
0.0, 0.0, 5.478426
0.0, 0.0, 5.056034
0.0, 0.0, 4.548993
0.0, 0.0, 4.044888
0.0, 0.0, 3.591883
0.0, 0.0, 3.207601
0.0, 0.0, 2.894338
0.0, 0.0, 2.648057
0.0, 0.0, 2.462277
0.0, 0.0, 2.329433
0.0, 0.0, 2.240879
0.0, 0.0, 2.183900
0.0, 0.0, 2.143656
0.0, 0.0, 2.118824
0.0, 0.0, 2.113928
0.0, 0.0, 2.131001
0.0, 0.0, 2.169946
0.0, 0.0, 2.276179
0.0, 0.0, 2.483961
0.0, 0.0, 2.810842
0.0, 0.0, 3.233472
0.0, 0.0, 3.637727
0.0, 0.0, 3.878479
0.0, 0.0, 3.958786
0.0, 0.0, 3.970004
0.0, 0.0, 3.968700
0.0, 0.0, 3.975542
0.0, 0.0, 3.996594
0.0, 0.0, 4.033576
0.0, 0.0, 4.087615
0.0, 0.0, 4.153404
0.0, 0.0, 4.206918
0.0, 0.0, 4.263299
0.0, 0.0, 4.332305
0.0, 0.0, 4.424480
0.0, 0.0, 4.546403
0.0, 0.0, 4.701836
0.0, 0.0, 4.893206
0.0, 0.0, 5.119756
0.0, 0.0, 5.372817
0.0, 0.0, 5.625925
0.0, 0.0, 5.819460
0.0, 0.0, 5.857840
0.0, 0.0, 5.668129
0.0, 0.0, 5.288720
0.0, 0.0, 4.833911
0.0, 0.0, 4.392836
0.0, 0.0, 4.004504
0.0, 0.0, 3.677954
0.0, 0.0, 3.409883
0.0, 0.0, 3.193103
0.0, 0.0, 3.019794
0.0, 0.0, 2.869646
0.0, 0.0, 2.716061
0.0, 0.0, 2.586694
0.0, 0.0, 4.168132
0.0, 0.0, 4.243670
0.0, 0.0, 4.325700
0.0, 0.0, 4.415345
0.0, 0.0, 4.513845
0.0, 0.0, 4.622519
0.0, 0.0, 4.741028
0.0, 0.0, 4.841734
0.0, 0.0, 4.937518
0.0, 0.0, 5.044152
0.0, 0.0, 5.160046
0.0, 0.0, 5.279910
0.0, 0.0, 5.392096
0.0, 0.0, 5.474980
0.0, 0.0, 5.495080
0.0, 0.0, 5.413613
0.0, 0.0, 5.207009
0.0, 0.0, 4.888318
0.0, 0.0, 4.503035
0.0, 0.0, 4.102649
0.0, 0.0, 3.724839
0.0, 0.0, 3.390365
0.0, 0.0, 3.107904
0.0, 0.0, 2.879230
0.0, 0.0, 2.702536
0.0, 0.0, 2.574209
0.0, 0.0, 2.489769
0.0, 0.0, 2.444505
0.0, 0.0, 2.433927
0.0, 0.0, 2.453320
0.0, 0.0, 2.498408
0.0, 0.0, 2.577292
0.0, 0.0, 2.698554
0.0, 0.0, 2.905024
0.0, 0.0, 3.244948
0.0, 0.0, 3.759724
0.0, 0.0, 4.454652
0.0, 0.0, 5.081333
0.0, 0.0, 5.171232
0.0, 0.0, 4.948134
0.0, 0.0, 4.729769
0.0, 0.0, 4.573012
0.0, 0.0, 4.472545
0.0, 0.0, 4.416484
0.0, 0.0, 4.394503
0.0, 0.0, 4.397536
0.0, 0.0, 4.414239
0.0, 0.0, 4.421834
0.0, 0.0, 4.446158
0.0, 0.0, 4.495154
0.0, 0.0, 4.570029
0.0, 0.0, 4.671721
0.0, 0.0, 4.800336
0.0, 0.0, 4.953955
0.0, 0.0, 5.126477
0.0, 0.0, 5.304036
0.0, 0.0, 5.460126
0.0, 0.0, 5.552795
0.0, 0.0, 5.533539
0.0, 0.0, 5.375339
0.0, 0.0, 5.098246
0.0, 0.0, 4.756852
0.0, 0.0, 4.404812
0.0, 0.0, 4.075869
0.0, 0.0, 3.785175
0.0, 0.0, 3.536571
0.0, 0.0, 3.328338
0.0, 0.0, 3.156426
0.0, 0.0, 3.004321
0.0, 0.0, 2.843748
0.0, 0.0, 2.705105
0.0, 0.0, 4.161476
0.0, 0.0, 4.237903
0.0, 0.0, 4.320548
0.0, 0.0, 4.410300
0.0, 0.0, 4.508056
0.0, 0.0, 4.614654
0.0, 0.0, 4.728928
0.0, 0.0, 4.821319
0.0, 0.0, 4.905330
0.0, 0.0, 4.994645
0.0, 0.0, 5.086025
0.0, 0.0, 5.172946
0.0, 0.0, 5.244245
0.0, 0.0, 5.283061
0.0, 0.0, 5.267936
0.0, 0.0, 5.178333
0.0, 0.0, 5.004437
0.0, 0.0, 4.754995
0.0, 0.0, 4.455315
0.0, 0.0, 4.136659
0.0, 0.0, 3.826075
0.0, 0.0, 3.542195
0.0, 0.0, 3.295777
0.0, 0.0, 3.091951
0.0, 0.0, 2.932337
0.0, 0.0, 2.816564
0.0, 0.0, 2.743289
0.0, 0.0, 2.710973
0.0, 0.0, 2.717936
0.0, 0.0, 2.761369
0.0, 0.0, 2.849279
0.0, 0.0, 2.995483
0.0, 0.0, 3.201958
0.0, 0.0, 3.502977
0.0, 0.0, 3.961812
0.0, 0.0, 4.653583
0.0, 0.0, 5.663368
0.0, 0.0, 5.442105
0.0, 0.0, 6.426112
0.0, 0.0, 5.843141
0.0, 0.0, 5.402441
0.0, 0.0, 5.108100
0.0, 0.0, 4.910938
0.0, 0.0, 4.779774
0.0, 0.0, 4.696111
0.0, 0.0, 4.649149
0.0, 0.0, 4.625217
0.0, 0.0, 4.604432
0.0, 0.0, 4.607992
0.0, 0.0, 4.636620
0.0, 0.0, 4.689849
0.0, 0.0, 4.766381
0.0, 0.0, 4.863718
0.0, 0.0, 4.977184
0.0, 0.0, 5.098352
0.0, 0.0, 5.213115
0.0, 0.0, 5.300280
0.0, 0.0, 5.332992
0.0, 0.0, 5.286099
0.0, 0.0, 5.148689
0.0, 0.0, 4.932453
0.0, 0.0, 4.666433
0.0, 0.0, 4.382872
0.0, 0.0, 4.106596
0.0, 0.0, 3.852381
0.0, 0.0, 3.626951
0.0, 0.0, 3.431924
0.0, 0.0, 3.266079
0.0, 0.0, 3.115378
0.0, 0.0, 2.951258
0.0, 0.0, 2.806803
0.0, 0.0, 4.149688
0.0, 0.0, 4.225965
0.0, 0.0, 4.308019
0.0, 0.0, 4.396504
0.0, 0.0, 4.492002
0.0, 0.0, 4.594925
0.0, 0.0, 4.703626
0.0, 0.0, 4.787749
0.0, 0.0, 4.859416
0.0, 0.0, 4.932080
0.0, 0.0, 5.001958
0.0, 0.0, 5.062727
0.0, 0.0, 5.105106
0.0, 0.0, 5.116954
0.0, 0.0, 5.084833
0.0, 0.0, 4.997602
0.0, 0.0, 4.851185
0.0, 0.0, 4.651762
0.0, 0.0, 4.414748
0.0, 0.0, 4.160054
0.0, 0.0, 3.906829
0.0, 0.0, 3.670301
0.0, 0.0, 3.461043
0.0, 0.0, 3.285650
0.0, 0.0, 3.147869
0.0, 0.0, 3.049655
0.0, 0.0, 2.991832
0.0, 0.0, 2.972555
0.0, 0.0, 2.989866
0.0, 0.0, 3.054886
0.0, 0.0, 3.177787
0.0, 0.0, 3.368284
0.0, 0.0, 3.631954
0.0, 0.0, 3.989391
0.0, 0.0, 4.501723
0.0, 0.0, 5.224883
0.0, 0.0, 6.188743
0.0, 0.0, 6.896773
0.0, 0.0, 6.873845
0.0, 0.0, 6.306648
0.0, 0.0, 5.830337
0.0, 0.0, 5.483016
0.0, 0.0, 5.234680
0.0, 0.0, 5.059276
0.0, 0.0, 4.938675
0.0, 0.0, 4.860714
0.0, 0.0, 4.805166
0.0, 0.0, 4.758793
0.0, 0.0, 4.742260
0.0, 0.0, 4.752207
0.0, 0.0, 4.783314
0.0, 0.0, 4.833466
0.0, 0.0, 4.899378
0.0, 0.0, 4.975193
0.0, 0.0, 5.052211
0.0, 0.0, 5.118232
0.0, 0.0, 5.157684
0.0, 0.0, 5.153671
0.0, 0.0, 5.092564
0.0, 0.0, 4.969699
0.0, 0.0, 4.792388
0.0, 0.0, 4.577419
0.0, 0.0, 4.344736
0.0, 0.0, 4.111747
0.0, 0.0, 3.890707
0.0, 0.0, 3.688733
0.0, 0.0, 3.509005
0.0, 0.0, 3.352076
0.0, 0.0, 3.204743
0.0, 0.0, 3.039623
0.0, 0.0, 2.892263
0.0, 0.0, 4.133126
0.0, 0.0, 4.208419
0.0, 0.0, 4.288956
0.0, 0.0, 4.375185
0.0, 0.0, 4.467415
0.0, 0.0, 4.565742
0.0, 0.0, 4.668400
0.0, 0.0, 4.745438
0.0, 0.0, 4.805468
0.0, 0.0, 4.863468
0.0, 0.0, 4.915812
0.0, 0.0, 4.957034
0.0, 0.0, 4.979946
0.0, 0.0, 4.976101
0.0, 0.0, 4.937117
0.0, 0.0, 4.856842
0.0, 0.0, 4.733784
0.0, 0.0, 4.572523
0.0, 0.0, 4.383169
0.0, 0.0, 4.179048
0.0, 0.0, 3.973892
0.0, 0.0, 3.779759
0.0, 0.0, 3.606122
0.0, 0.0, 3.459877
0.0, 0.0, 3.345731
0.0, 0.0, 3.265387
0.0, 0.0, 3.216181
0.0, 0.0, 3.203522
0.0, 0.0, 3.237879
0.0, 0.0, 3.325231
0.0, 0.0, 3.471930
0.0, 0.0, 3.687036
0.0, 0.0, 3.977642
0.0, 0.0, 4.344046
0.0, 0.0, 4.828314
0.0, 0.0, 5.440373
0.0, 0.0, 6.116433
0.0, 0.0, 6.609961
0.0, 0.0, 6.641078
0.0, 0.0, 6.349175
0.0, 0.0, 5.996911
0.0, 0.0, 5.689042
0.0, 0.0, 5.444772
0.0, 0.0, 5.259148
0.0, 0.0, 5.122895
0.0, 0.0, 5.027017
0.0, 0.0, 4.946363
0.0, 0.0, 4.880599
0.0, 0.0, 4.844534
0.0, 0.0, 4.834823
0.0, 0.0, 4.847208
0.0, 0.0, 4.875416
0.0, 0.0, 4.913433
0.0, 0.0, 4.956593
0.0, 0.0, 4.997704
0.0, 0.0, 5.027029
0.0, 0.0, 5.033445
0.0, 0.0, 5.006182
0.0, 0.0, 4.937478
0.0, 0.0, 4.825262
0.0, 0.0, 4.674322
0.0, 0.0, 4.494977
0.0, 0.0, 4.299998
0.0, 0.0, 4.101485
0.0, 0.0, 3.908956
0.0, 0.0, 3.728817
0.0, 0.0, 3.564694
0.0, 0.0, 3.418063
0.0, 0.0, 3.274818
0.0, 0.0, 3.110374
0.0, 0.0, 2.962437
0.0, 0.0, 4.112257
0.0, 0.0, 4.185931
0.0, 0.0, 4.264285
0.0, 0.0, 4.347600
0.0, 0.0, 4.435982
0.0, 0.0, 4.529303
0.0, 0.0, 4.626070
0.0, 0.0, 4.697946
0.0, 0.0, 4.747722
0.0, 0.0, 4.793508
0.0, 0.0, 4.832226
0.0, 0.0, 4.859432
0.0, 0.0, 4.869765
0.0, 0.0, 4.857452
0.0, 0.0, 4.817250
0.0, 0.0, 4.745765
0.0, 0.0, 4.642734
0.0, 0.0, 4.511700
0.0, 0.0, 4.359713
0.0, 0.0, 4.196113
0.0, 0.0, 4.030984
0.0, 0.0, 3.873813
0.0, 0.0, 3.732556
0.0, 0.0, 3.612164
0.0, 0.0, 3.513114
0.0, 0.0, 3.440068
0.0, 0.0, 3.403011
0.0, 0.0, 3.407968
0.0, 0.0, 3.459139
0.0, 0.0, 3.561091
0.0, 0.0, 3.719372
0.0, 0.0, 3.940891
0.0, 0.0, 4.231600
0.0, 0.0, 4.576066
0.0, 0.0, 4.990052
0.0, 0.0, 5.462962
0.0, 0.0, 5.925286
0.0, 0.0, 6.249114
0.0, 0.0, 6.332259
0.0, 0.0, 6.208701
0.0, 0.0, 5.989743
0.0, 0.0, 5.758097
0.0, 0.0, 5.551046
0.0, 0.0, 5.380083
0.0, 0.0, 5.245927
0.0, 0.0, 5.143294
0.0, 0.0, 5.045530
0.0, 0.0, 4.967342
0.0, 0.0, 4.916296
0.0, 0.0, 4.888843
0.0, 0.0, 4.881097
0.0, 0.0, 4.888621
0.0, 0.0, 4.905858
0.0, 0.0, 4.925363
0.0, 0.0, 4.939559
0.0, 0.0, 4.941914
0.0, 0.0, 4.925349
0.0, 0.0, 4.883016
0.0, 0.0, 4.810277
0.0, 0.0, 4.706190
0.0, 0.0, 4.573977
0.0, 0.0, 4.420284
0.0, 0.0, 4.253549
0.0, 0.0, 4.082231
0.0, 0.0, 3.913531
0.0, 0.0, 3.752805
0.0, 0.0, 3.603535
0.0, 0.0, 3.467528
0.0, 0.0, 3.327961
0.0, 0.0, 3.165291
0.0, 0.0, 3.018557
0.0, 0.0, 4.087601
0.0, 0.0, 4.158796
0.0, 0.0, 4.234894
0.0, 0.0, 4.314945
0.0, 0.0, 4.399219
0.0, 0.0, 4.487490
0.0, 0.0, 4.578729
0.0, 0.0, 4.647783
0.0, 0.0, 4.689107
0.0, 0.0, 4.725113
0.0, 0.0, 4.753600
0.0, 0.0, 4.771094
0.0, 0.0, 4.773686
0.0, 0.0, 4.757460
0.0, 0.0, 4.719151
0.0, 0.0, 4.656940
0.0, 0.0, 4.571167
0.0, 0.0, 4.464674
0.0, 0.0, 4.342622
0.0, 0.0, 4.211760
0.0, 0.0, 4.079060
0.0, 0.0, 3.949747
0.0, 0.0, 3.827597
0.0, 0.0, 3.720155
0.0, 0.0, 3.636690
0.0, 0.0, 3.583456
0.0, 0.0, 3.564910
0.0, 0.0, 3.585022
0.0, 0.0, 3.647630
0.0, 0.0, 3.756657
0.0, 0.0, 3.916231
0.0, 0.0, 4.130548
0.0, 0.0, 4.402619
0.0, 0.0, 4.713963
0.0, 0.0, 5.051699
0.0, 0.0, 5.409947
0.0, 0.0, 5.738930
0.0, 0.0, 5.972217
0.0, 0.0, 6.064073
0.0, 0.0, 6.023013
0.0, 0.0, 5.897559
0.0, 0.0, 5.738101
0.0, 0.0, 5.577944
0.0, 0.0, 5.434083
0.0, 0.0, 5.313329
0.0, 0.0, 5.209980
0.0, 0.0, 5.103984
0.0, 0.0, 5.019464
0.0, 0.0, 4.958243
0.0, 0.0, 4.917290
0.0, 0.0, 4.893105
0.0, 0.0, 4.881655
0.0, 0.0, 4.878279
0.0, 0.0, 4.877627
0.0, 0.0, 4.873637
0.0, 0.0, 4.859637
0.0, 0.0, 4.829246
0.0, 0.0, 4.777944
0.0, 0.0, 4.703513
0.0, 0.0, 4.605944
0.0, 0.0, 4.487600
0.0, 0.0, 4.352946
0.0, 0.0, 4.207717
0.0, 0.0, 4.057896
0.0, 0.0, 3.908881
0.0, 0.0, 3.764987
0.0, 0.0, 3.629301
0.0, 0.0, 3.503481
0.0, 0.0, 3.365574
0.0, 0.0, 3.206202
0.0, 0.0, 3.061975
0.0, 0.0, 4.016883
0.0, 0.0, 4.104393
0.0, 0.0, 4.190350
0.0, 0.0, 4.273995
0.0, 0.0, 4.357041
0.0, 0.0, 4.441438
0.0, 0.0, 4.527622
0.0, 0.0, 4.596435
0.0, 0.0, 4.631504
0.0, 0.0, 4.659911
0.0, 0.0, 4.680936
0.0, 0.0, 4.691934
0.0, 0.0, 4.690091
0.0, 0.0, 4.672774
0.0, 0.0, 4.637968
0.0, 0.0, 4.584673
0.0, 0.0, 4.513340
0.0, 0.0, 4.425624
0.0, 0.0, 4.324068
0.0, 0.0, 4.212361
0.0, 0.0, 4.096465
0.0, 0.0, 3.984382
0.0, 0.0, 3.883502
0.0, 0.0, 3.799850
0.0, 0.0, 3.738581
0.0, 0.0, 3.704245
0.0, 0.0, 3.700877
0.0, 0.0, 3.732103
0.0, 0.0, 3.801219
0.0, 0.0, 3.911232
0.0, 0.0, 4.064753
0.0, 0.0, 4.263593
0.0, 0.0, 4.507777
0.0, 0.0, 4.784859
0.0, 0.0, 5.058862
0.0, 0.0, 5.332187
0.0, 0.0, 5.575925
0.0, 0.0, 5.753456
0.0, 0.0, 5.841049
0.0, 0.0, 5.840072
0.0, 0.0, 5.772998
0.0, 0.0, 5.668810
0.0, 0.0, 5.551682
0.0, 0.0, 5.437544
0.0, 0.0, 5.334935
0.0, 0.0, 5.231703
0.0, 0.0, 5.126035
0.0, 0.0, 5.039896
0.0, 0.0, 4.972770
0.0, 0.0, 4.922387
0.0, 0.0, 4.885862
0.0, 0.0, 4.859763
0.0, 0.0, 4.840144
0.0, 0.0, 4.822595
0.0, 0.0, 4.802381
0.0, 0.0, 4.774723
0.0, 0.0, 4.735199
0.0, 0.0, 4.680262
0.0, 0.0, 4.607760
0.0, 0.0, 4.517398
0.0, 0.0, 4.410830
0.0, 0.0, 4.291301
0.0, 0.0, 4.163064
0.0, 0.0, 4.030540
0.0, 0.0, 3.897793
0.0, 0.0, 3.768316
0.0, 0.0, 3.644728
0.0, 0.0, 3.528055
0.0, 0.0, 3.389509
0.0, 0.0, 3.233662
0.0, 0.0, 3.091868
0.0, 0.0, 3.931256
0.0, 0.0, 4.016536
0.0, 0.0, 4.103092
0.0, 0.0, 4.190965
0.0, 0.0, 4.279738
0.0, 0.0, 4.368724
0.0, 0.0, 4.457394
0.0, 0.0, 4.532295
0.0, 0.0, 4.567073
0.0, 0.0, 4.591644
0.0, 0.0, 4.607968
0.0, 0.0, 4.614719
0.0, 0.0, 4.609613
0.0, 0.0, 4.590648
0.0, 0.0, 4.556855
0.0, 0.0, 4.507001
0.0, 0.0, 4.441947
0.0, 0.0, 4.363762
0.0, 0.0, 4.276089
0.0, 0.0, 4.183394
0.0, 0.0, 4.090661
0.0, 0.0, 4.003075
0.0, 0.0, 3.925769
0.0, 0.0, 3.863616
0.0, 0.0, 3.821092
0.0, 0.0, 3.802223
0.0, 0.0, 3.810572
0.0, 0.0, 3.849241
0.0, 0.0, 3.920863
0.0, 0.0, 4.027524
0.0, 0.0, 4.170554
0.0, 0.0, 4.350087
0.0, 0.0, 4.564272
0.0, 0.0, 4.806119
0.0, 0.0, 5.037178
0.0, 0.0, 5.249040
0.0, 0.0, 5.435524
0.0, 0.0, 5.575332
0.0, 0.0, 5.654760
0.0, 0.0, 5.673049
0.0, 0.0, 5.641170
0.0, 0.0, 5.575776
0.0, 0.0, 5.493152
0.0, 0.0, 5.405982
0.0, 0.0, 5.320188
0.0, 0.0, 5.217278
0.0, 0.0, 5.117474
0.0, 0.0, 5.033009
0.0, 0.0, 4.963390
0.0, 0.0, 4.907096
0.0, 0.0, 4.861918
0.0, 0.0, 4.825096
0.0, 0.0, 4.793427
0.0, 0.0, 4.763378
0.0, 0.0, 4.731247
0.0, 0.0, 4.693399
0.0, 0.0, 4.646575
0.0, 0.0, 4.588240
0.0, 0.0, 4.516907
0.0, 0.0, 4.432345
0.0, 0.0, 4.335598
0.0, 0.0, 4.228793
0.0, 0.0, 4.114793
0.0, 0.0, 3.996772
0.0, 0.0, 3.877816
0.0, 0.0, 3.760644
0.0, 0.0, 3.647424
0.0, 0.0, 3.537566
0.0, 0.0, 3.395673
0.0, 0.0, 3.243707
0.0, 0.0, 3.104736
0.0, 0.0, 3.848097
0.0, 0.0, 3.929571
0.0, 0.0, 4.012195
0.0, 0.0, 4.096030
0.0, 0.0, 4.180837
0.0, 0.0, 4.266278
0.0, 0.0, 4.351899
0.0, 0.0, 4.430795
0.0, 0.0, 4.467866
0.0, 0.0, 4.489665
0.0, 0.0, 4.503534
0.0, 0.0, 4.508079
0.0, 0.0, 4.501967
0.0, 0.0, 4.484139
0.0, 0.0, 4.454023
0.0, 0.0, 4.411730
0.0, 0.0, 4.358213
0.0, 0.0, 4.295335
0.0, 0.0, 4.225825
0.0, 0.0, 4.153133
0.0, 0.0, 4.081212
0.0, 0.0, 4.014273
0.0, 0.0, 3.956566
0.0, 0.0, 3.912184
0.0, 0.0, 3.884941
0.0, 0.0, 3.878279
0.0, 0.0, 3.895211
0.0, 0.0, 3.938270
0.0, 0.0, 4.009440
0.0, 0.0, 4.110029
0.0, 0.0, 4.240446
0.0, 0.0, 4.399839
0.0, 0.0, 4.585567
0.0, 0.0, 4.792407
0.0, 0.0, 4.997822
0.0, 0.0, 5.167435
0.0, 0.0, 5.313669
0.0, 0.0, 5.426304
0.0, 0.0, 5.496767
0.0, 0.0, 5.523732
0.0, 0.0, 5.512742
0.0, 0.0, 5.473514
0.0, 0.0, 5.416732
0.0, 0.0, 5.351688
0.0, 0.0, 5.274949
0.0, 0.0, 5.176291
0.0, 0.0, 5.084449
0.0, 0.0, 5.003701
0.0, 0.0, 4.934083
0.0, 0.0, 4.874696
0.0, 0.0, 4.823954
0.0, 0.0, 4.779739
0.0, 0.0, 4.739543
0.0, 0.0, 4.700605
0.0, 0.0, 4.660068
0.0, 0.0, 4.615173
0.0, 0.0, 4.563497
0.0, 0.0, 4.503174
0.0, 0.0, 4.433111
0.0, 0.0, 4.353103
0.0, 0.0, 4.263835
0.0, 0.0, 4.166769
0.0, 0.0, 4.063909
0.0, 0.0, 3.957539
0.0, 0.0, 3.849959
0.0, 0.0, 3.743267
0.0, 0.0, 3.639219
0.0, 0.0, 3.533248
0.0, 0.0, 3.388004
0.0, 0.0, 3.241154
0.0, 0.0, 3.106167
0.0, 0.0, 3.767311
0.0, 0.0, 3.845043
0.0, 0.0, 3.923814
0.0, 0.0, 4.003683
0.0, 0.0, 4.084435
0.0, 0.0, 4.165794
0.0, 0.0, 4.247414
0.0, 0.0, 4.326665
0.0, 0.0, 4.369371
0.0, 0.0, 4.388499
0.0, 0.0, 4.400410
0.0, 0.0, 4.404245
0.0, 0.0, 4.399110
0.0, 0.0, 4.384372
0.0, 0.0, 4.359800
0.0, 0.0, 4.325707
0.0, 0.0, 4.283043
0.0, 0.0, 4.233434
0.0, 0.0, 4.179150
0.0, 0.0, 4.123010
0.0, 0.0, 4.068227
0.0, 0.0, 4.018245
0.0, 0.0, 3.976559
0.0, 0.0, 3.946573
0.0, 0.0, 3.931469
0.0, 0.0, 3.934115
0.0, 0.0, 3.956981
0.0, 0.0, 4.002059
0.0, 0.0, 4.070774
0.0, 0.0, 4.163846
0.0, 0.0, 4.281109
0.0, 0.0, 4.421247
0.0, 0.0, 4.581498
0.0, 0.0, 4.757371
0.0, 0.0, 4.939855
0.0, 0.0, 5.089251
0.0, 0.0, 5.206393
0.0, 0.0, 5.298585
0.0, 0.0, 5.360415
0.0, 0.0, 5.390503
0.0, 0.0, 5.391679
0.0, 0.0, 5.369708
0.0, 0.0, 5.331550
0.0, 0.0, 5.282420
0.0, 0.0, 5.205713
0.0, 0.0, 5.116282
0.0, 0.0, 5.032710
0.0, 0.0, 4.956754
0.0, 0.0, 4.888813
0.0, 0.0, 4.828450
0.0, 0.0, 4.774592
0.0, 0.0, 4.725679
0.0, 0.0, 4.679806
0.0, 0.0, 4.634864
0.0, 0.0, 4.588672
0.0, 0.0, 4.539152
0.0, 0.0, 4.484488
0.0, 0.0, 4.423294
0.0, 0.0, 4.354749
0.0, 0.0, 4.278670
0.0, 0.0, 4.195512
0.0, 0.0, 4.106285
0.0, 0.0, 4.012417
0.0, 0.0, 3.915570
0.0, 0.0, 3.817463
0.0, 0.0, 3.719719
0.0, 0.0, 3.623699
0.0, 0.0, 3.516512
0.0, 0.0, 3.369962
0.0, 0.0, 3.228767
0.0, 0.0, 3.098322
