S
I=43,J=43
0.000000, 0.000000, 2.158038
1.000000, 0.000000, 2.156383
2.000000, 0.000000, 2.149859
3.000000, 0.000000, 2.137876
4.000000, 0.000000, 2.119818
5.000000, 0.000000, 2.095057
6.000000, 0.000000, 2.062985
7.000000, 0.000000, 2.023055
8.000000, 0.000000, 1.974855
9.000000, 0.000000, 1.918215
10.000000, 0.000000, 1.852522
11.000000, 0.000000, 1.779695
12.000000, 0.000000, 1.699839
13.000000, 0.000000, 1.613122
14.000000, 0.000000, 1.519339
15.000000, 0.000000, 1.416880
16.000000, 0.000000, 1.307687
17.000000, 0.000000, 1.210007
18.000000, 0.000000, 1.121282
19.000000, 0.000000, 1.036217
20.000000, 0.000000, 0.957861
21.000000, 0.000000, 0.890250
22.000000, 0.000000, 0.837833
23.000000, 0.000000, 0.804940
24.000000, 0.000000, 0.794956
25.000000, 0.000000, 0.809446
26.000000, 0.000000, 0.847753
27.000000, 0.000000, 0.907345
28.000000, 0.000000, 0.984691
29.000000, 0.000000, 1.076089
30.000000, 0.000000, 1.178179
31.000000, 0.000000, 1.288094
32.000000, 0.000000, 1.403424
33.000000, 0.000000, 1.522102
34.000000, 0.000000, 1.656320
35.000000, 0.000000, 1.796014
36.000000, 0.000000, 1.928002
37.000000, 0.000000, 2.048311
38.000000, 0.000000, 2.153477
39.000000, 0.000000, 2.240907
40.000000, 0.000000, 2.309134
41.000000, 0.000000, 2.374643
42.000000, 0.000000, 2.413597
0.000000, 1.000000, 2.254435
1.000000, 1.000000, 2.255306
2.000000, 1.000000, 2.250840
3.000000, 1.000000, 2.240481
4.000000, 1.000000, 2.223489
5.000000, 1.000000, 2.199095
6.000000, 1.000000, 2.166508
7.000000, 1.000000, 2.124977
8.000000, 1.000000, 2.073852
9.000000, 1.000000, 2.013128
10.000000, 1.000000, 1.943940
11.000000, 1.000000, 1.866542
12.000000, 1.000000, 1.781073
13.000000, 1.000000, 1.687961
14.000000, 1.000000, 1.587936
15.000000, 1.000000, 1.478172
16.000000, 1.000000, 1.358532
17.000000, 1.000000, 1.243549
18.000000, 1.000000, 1.134676
19.000000, 1.000000, 1.030991
20.000000, 1.000000, 0.934779
21.000000, 1.000000, 0.850464
22.000000, 1.000000, 0.783684
23.000000, 1.000000, 0.740482
24.000000, 1.000000, 0.725900
25.000000, 1.000000, 0.742305
26.000000, 1.000000, 0.788498
27.000000, 1.000000, 0.860455
28.000000, 1.000000, 0.953019
29.000000, 1.000000, 1.061298
30.000000, 1.000000, 1.181275
31.000000, 1.000000, 1.309827
32.000000, 1.000000, 1.444567
33.000000, 1.000000, 1.590482
34.000000, 1.000000, 1.755148
35.000000, 1.000000, 1.917634
36.000000, 1.000000, 2.070651
37.000000, 1.000000, 2.209086
38.000000, 1.000000, 2.328406
39.000000, 1.000000, 2.425279
40.000000, 1.000000, 2.498209
41.000000, 1.000000, 2.553391
42.000000, 1.000000, 2.592068
0.000000, 2.000000, 2.357604
1.000000, 2.000000, 2.361387
2.000000, 2.000000, 2.359497
3.000000, 2.000000, 2.351294
4.000000, 2.000000, 2.335903
5.000000, 2.000000, 2.312395
6.000000, 2.000000, 2.279780
7.000000, 2.000000, 2.237054
8.000000, 2.000000, 2.183333
9.000000, 2.000000, 2.119707
10.000000, 2.000000, 2.047181
11.000000, 2.000000, 1.965127
12.000000, 2.000000, 1.873508
13.000000, 2.000000, 1.772512
14.000000, 2.000000, 1.662258
15.000000, 2.000000, 1.541839
16.000000, 2.000000, 1.413203
17.000000, 2.000000, 1.282769
18.000000, 2.000000, 1.154110
19.000000, 2.000000, 1.029364
20.000000, 2.000000, 0.911819
21.000000, 2.000000, 0.806711
22.000000, 2.000000, 0.721286
23.000000, 2.000000, 0.664192
24.000000, 2.000000, 0.643389
25.000000, 2.000000, 0.662704
26.000000, 2.000000, 0.719785
27.000000, 2.000000, 0.807818
28.000000, 2.000000, 0.919063
29.000000, 2.000000, 1.047134
30.000000, 2.000000, 1.187482
31.000000, 2.000000, 1.337007
32.000000, 2.000000, 1.495006
33.000000, 2.000000, 1.677452
34.000000, 2.000000, 1.871441
35.000000, 2.000000, 2.060793
36.000000, 2.000000, 2.238871
37.000000, 2.000000, 2.398836
38.000000, 2.000000, 2.534432
39.000000, 2.000000, 2.641147
40.000000, 2.000000, 2.717070
41.000000, 2.000000, 2.763995
42.000000, 2.000000, 2.793135
0.000000, 3.000000, 2.468056
1.000000, 3.000000, 2.475312
2.000000, 3.000000, 2.476586
3.000000, 3.000000, 2.471147
4.000000, 3.000000, 2.457990
5.000000, 3.000000, 2.436005
6.000000, 3.000000, 2.403985
7.000000, 3.000000, 2.360642
8.000000, 3.000000, 2.305035
9.000000, 3.000000, 2.239649
10.000000, 3.000000, 2.164156
11.000000, 3.000000, 2.077550
12.000000, 3.000000, 1.979522
13.000000, 3.000000, 1.869955
14.000000, 3.000000, 1.748905
15.000000, 3.000000, 1.616873
16.000000, 3.000000, 1.475850
17.000000, 3.000000, 1.329304
18.000000, 3.000000, 1.180692
19.000000, 3.000000, 1.033354
20.000000, 3.000000, 0.891527
21.000000, 3.000000, 0.761395
22.000000, 3.000000, 0.652105
23.000000, 3.000000, 0.576181
24.000000, 3.000000, 0.546933
25.000000, 3.000000, 0.571183
26.000000, 3.000000, 0.643956
27.000000, 3.000000, 0.753047
28.000000, 3.000000, 0.886835
29.000000, 3.000000, 1.037430
30.000000, 3.000000, 1.200235
31.000000, 3.000000, 1.372781
32.000000, 3.000000, 1.562455
33.000000, 3.000000, 1.783156
34.000000, 3.000000, 2.008882
35.000000, 3.000000, 2.230231
36.000000, 3.000000, 2.438804
37.000000, 3.000000, 2.624993
38.000000, 3.000000, 2.779645
39.000000, 3.000000, 2.896261
40.000000, 3.000000, 2.972655
41.000000, 3.000000, 3.011174
42.000000, 3.000000, 3.020956
0.000000, 4.000000, 2.586333
1.000000, 4.000000, 2.597697
2.000000, 4.000000, 2.602800
3.000000, 4.000000, 2.600838
4.000000, 4.000000, 2.590665
5.000000, 4.000000, 2.570993
6.000000, 4.000000, 2.540377
7.000000, 4.000000, 2.497227
8.000000, 4.000000, 2.440922
9.000000, 4.000000, 2.374800
10.000000, 4.000000, 2.296979
11.000000, 4.000000, 2.206306
12.000000, 4.000000, 2.102175
13.000000, 4.000000, 1.984257
14.000000, 4.000000, 1.852634
15.000000, 4.000000, 1.708063
16.000000, 4.000000, 1.552282
17.000000, 4.000000, 1.387932
18.000000, 4.000000, 1.218182
19.000000, 4.000000, 1.046655
20.000000, 4.000000, 0.877906
21.000000, 4.000000, 0.718486
22.000000, 4.000000, 0.578960
23.000000, 4.000000, 0.476836
24.000000, 4.000000, 0.435581
25.000000, 4.000000, 0.468913
26.000000, 4.000000, 0.565236
27.000000, 4.000000, 0.701669
28.000000, 4.000000, 0.861607
29.000000, 4.000000, 1.036570
30.000000, 4.000000, 1.222950
31.000000, 4.000000, 1.420593
32.000000, 4.000000, 1.650876
33.000000, 4.000000, 1.907552
34.000000, 4.000000, 2.169867
35.000000, 4.000000, 2.430046
36.000000, 4.000000, 2.676956
37.000000, 4.000000, 2.896450
38.000000, 4.000000, 3.074228
39.000000, 4.000000, 3.200239
40.000000, 4.000000, 3.272136
41.000000, 4.000000, 3.295318
42.000000, 4.000000, 3.280387
0.000000, 5.000000, 2.713018
1.000000, 5.000000, 2.729192
2.000000, 5.000000, 2.738880
3.000000, 5.000000, 2.741205
4.000000, 5.000000, 2.734895
5.000000, 5.000000, 2.718486
6.000000, 5.000000, 2.690297
7.000000, 5.000000, 2.648428
8.000000, 5.000000, 2.592970
9.000000, 5.000000, 2.527194
10.000000, 5.000000, 2.448054
11.000000, 5.000000, 2.354223
12.000000, 5.000000, 2.244748
13.000000, 5.000000, 2.119017
14.000000, 5.000000, 1.976949
15.000000, 5.000000, 1.819210
16.000000, 5.000000, 1.647365
17.000000, 5.000000, 1.463836
18.000000, 5.000000, 1.271735
19.000000, 5.000000, 1.074740
20.000000, 5.000000, 0.877260
21.000000, 5.000000, 0.685246
22.000000, 5.000000, 0.508774
23.000000, 5.000000, 0.369266
24.000000, 5.000000, 0.309182
25.000000, 5.000000, 0.360647
26.000000, 5.000000, 0.492861
27.000000, 5.000000, 0.662765
28.000000, 5.000000, 0.850514
29.000000, 5.000000, 1.049661
30.000000, 5.000000, 1.259042
31.000000, 5.000000, 1.485496
32.000000, 5.000000, 1.757171
33.000000, 5.000000, 2.050426
34.000000, 5.000000, 2.355161
35.000000, 5.000000, 2.663439
36.000000, 5.000000, 2.960540
37.000000, 5.000000, 3.224807
38.000000, 5.000000, 3.432248
39.000000, 5.000000, 3.565962
40.000000, 5.000000, 3.624045
41.000000, 5.000000, 3.618783
42.000000, 5.000000, 3.568868
0.000000, 6.000000, 2.848731
1.000000, 6.000000, 2.870491
2.000000, 6.000000, 2.885596
3.000000, 6.000000, 2.893123
4.000000, 6.000000, 2.891678
5.000000, 6.000000, 2.879618
6.000000, 6.000000, 2.854990
7.000000, 6.000000, 2.815576
8.000000, 6.000000, 2.762538
9.000000, 6.000000, 2.698126
10.000000, 6.000000, 2.618950
11.000000, 6.000000, 2.523443
12.000000, 6.000000, 2.410152
13.000000, 6.000000, 2.277745
14.000000, 6.000000, 2.125813
15.000000, 6.000000, 1.954816
16.000000, 6.000000, 1.766186
17.000000, 6.000000, 1.562524
18.000000, 6.000000, 1.347230
19.000000, 6.000000, 1.124260
20.000000, 6.000000, 0.897897
21.000000, 6.000000, 0.672897
22.000000, 6.000000, 0.456056
23.000000, 6.000000, 0.264928
24.000000, 6.000000, 0.170460
25.000000, 6.000000, 0.261590
26.000000, 6.000000, 0.444349
27.000000, 6.000000, 0.648675
28.000000, 6.000000, 0.861406
29.000000, 6.000000, 1.081425
30.000000, 6.000000, 1.311078
31.000000, 6.000000, 1.570184
32.000000, 6.000000, 1.877240
33.000000, 6.000000, 2.208541
34.000000, 6.000000, 2.561898
35.000000, 6.000000, 2.930556
36.000000, 6.000000, 3.296236
37.000000, 6.000000, 3.625192
38.000000, 6.000000, 3.873958
39.000000, 6.000000, 4.010907
40.000000, 6.000000, 4.037040
41.000000, 6.000000, 3.981049
42.000000, 6.000000, 3.877645
0.000000, 7.000000, 2.994146
1.000000, 7.000000, 3.022256
2.000000, 7.000000, 3.043119
3.000000, 7.000000, 3.054723
4.000000, 7.000000, 3.054589
5.000000, 7.000000, 3.041376
6.000000, 7.000000, 3.014859
7.000000, 7.000000, 2.973474
8.000000, 7.000000, 2.920698
9.000000, 7.000000, 2.857772
10.000000, 7.000000, 2.780707
11.000000, 7.000000, 2.687298
12.000000, 7.000000, 2.575252
13.000000, 7.000000, 2.442318
14.000000, 7.000000, 2.287183
15.000000, 7.000000, 2.109091
16.000000, 7.000000, 1.908597
17.000000, 7.000000, 1.687662
18.000000, 7.000000, 1.450389
19.000000, 7.000000, 1.202250
20.000000, 7.000000, 0.948976
21.000000, 7.000000, 0.695391
22.000000, 7.000000, 0.445413
23.000000, 7.000000, 0.204617
24.000000, 7.000000, 0.055854
25.000000, 7.000000, 0.216857
26.000000, 7.000000, 0.443897
27.000000, 7.000000, 0.671314
28.000000, 7.000000, 0.900364
29.000000, 7.000000, 1.134551
30.000000, 7.000000, 1.379943
31.000000, 7.000000, 1.669728
32.000000, 7.000000, 2.004864
33.000000, 7.000000, 2.373483
34.000000, 7.000000, 2.780207
35.000000, 7.000000, 3.223632
36.000000, 7.000000, 3.685766
37.000000, 7.000000, 4.116187
38.000000, 7.000000, 4.429827
39.000000, 7.000000, 4.558267
40.000000, 7.000000, 4.515341
41.000000, 7.000000, 4.371570
42.000000, 7.000000, 4.189678
0.000000, 8.000000, 3.149999
1.000000, 8.000000, 3.168762
2.000000, 8.000000, 3.180538
3.000000, 8.000000, 3.183791
4.000000, 8.000000, 3.179587
5.000000, 8.000000, 3.166977
6.000000, 8.000000, 3.144023
7.000000, 8.000000, 3.108332
8.000000, 8.000000, 3.062713
9.000000, 8.000000, 3.007365
10.000000, 8.000000, 2.937571
11.000000, 8.000000, 2.850375
12.000000, 8.000000, 2.742653
13.000000, 8.000000, 2.611391
14.000000, 8.000000, 2.454192
15.000000, 8.000000, 2.269937
16.000000, 8.000000, 2.059388
17.000000, 8.000000, 1.825504
18.000000, 8.000000, 1.573155
19.000000, 8.000000, 1.308164
20.000000, 8.000000, 1.036394
21.000000, 8.000000, 0.764433
22.000000, 8.000000, 0.501205
23.000000, 8.000000, 0.264075
24.000000, 8.000000, 0.149562
25.000000, 8.000000, 0.288014
26.000000, 8.000000, 0.507463
27.000000, 8.000000, 0.736397
28.000000, 8.000000, 0.969035
29.000000, 8.000000, 1.208178
30.000000, 8.000000, 1.463707
31.000000, 8.000000, 1.774701
32.000000, 8.000000, 2.129502
33.000000, 8.000000, 2.529790
34.000000, 8.000000, 2.988651
35.000000, 8.000000, 3.517319
36.000000, 8.000000, 4.111822
37.000000, 8.000000, 4.713113
38.000000, 8.000000, 5.147409
39.000000, 8.000000, 5.233198
40.000000, 8.000000, 5.042317
41.000000, 8.000000, 4.756099
42.000000, 8.000000, 4.471305
0.000000, 9.000000, 3.256240
1.000000, 9.000000, 3.273519
2.000000, 9.000000, 3.287033
3.000000, 9.000000, 3.295778
4.000000, 9.000000, 3.298546
5.000000, 9.000000, 3.293761
6.000000, 9.000000, 3.279368
7.000000, 9.000000, 3.252972
8.000000, 9.000000, 3.217953
9.000000, 9.000000, 3.173723
10.000000, 9.000000, 3.115259
11.000000, 9.000000, 3.038939
12.000000, 9.000000, 2.940619
13.000000, 9.000000, 2.815921
14.000000, 9.000000, 2.660908
15.000000, 9.000000, 2.473106
16.000000, 9.000000, 2.252688
17.000000, 9.000000, 2.003295
18.000000, 9.000000, 1.731986
19.000000, 9.000000, 1.448191
20.000000, 9.000000, 1.162253
21.000000, 9.000000, 0.884721
22.000000, 9.000000, 0.628802
23.000000, 9.000000, 0.425541
24.000000, 9.000000, 0.350904
25.000000, 9.000000, 0.445003
26.000000, 9.000000, 0.628035
27.000000, 9.000000, 0.839668
28.000000, 9.000000, 1.063145
29.000000, 9.000000, 1.297154
30.000000, 9.000000, 1.555728
31.000000, 9.000000, 1.873846
32.000000, 9.000000, 2.236438
33.000000, 9.000000, 2.655020
34.000000, 9.000000, 3.151589
35.000000, 9.000000, 3.755687
36.000000, 9.000000, 4.500518
37.000000, 9.000000, 5.378977
38.000000, 9.000000, 6.065320
39.000000, 9.000000, 6.015217
40.000000, 9.000000, 5.529945
41.000000, 9.000000, 5.056243
42.000000, 9.000000, 4.667990
0.000000, 10.000000, 3.352140
1.000000, 10.000000, 3.375242
2.000000, 10.000000, 3.395216
3.000000, 10.000000, 3.411196
4.000000, 10.000000, 3.422107
5.000000, 10.000000, 3.426528
6.000000, 10.000000, 3.422554
7.000000, 10.000000, 3.407936
8.000000, 10.000000, 3.386338
9.000000, 10.000000, 3.356944
10.000000, 10.000000, 3.314568
11.000000, 10.000000, 3.255017
12.000000, 10.000000, 3.173027
13.000000, 10.000000, 3.062438
14.000000, 10.000000, 2.916940
15.000000, 10.000000, 2.731608
16.000000, 10.000000, 2.505079
17.000000, 10.000000, 2.241522
18.000000, 10.000000, 1.951049
19.000000, 10.000000, 1.648033
20.000000, 10.000000, 1.348500
21.000000, 10.000000, 1.068866
22.000000, 10.000000, 0.828027
23.000000, 10.000000, 0.653549
24.000000, 10.000000, 0.583752
25.000000, 10.000000, 0.638571
26.000000, 10.000000, 0.783059
27.000000, 10.000000, 0.968457
28.000000, 10.000000, 1.173131
29.000000, 10.000000, 1.392554
30.000000, 10.000000, 1.644770
31.000000, 10.000000, 1.954712
32.000000, 10.000000, 2.309242
33.000000, 10.000000, 2.724283
34.000000, 10.000000, 3.226268
35.000000, 10.000000, 3.855781
36.000000, 10.000000, 4.677044
37.000000, 10.000000, 5.765206
38.000000, 10.000000, 5.417220
39.000000, 10.000000, 6.449049
40.000000, 10.000000, 5.740117
41.000000, 10.000000, 5.151847
42.000000, 10.000000, 4.716879
0.000000, 11.000000, 3.449397
1.000000, 11.000000, 3.478615
2.000000, 11.000000, 3.505461
3.000000, 11.000000, 3.529245
4.000000, 11.000000, 3.549105
5.000000, 11.000000, 3.563883
6.000000, 11.000000, 3.571982
7.000000, 11.000000, 3.571469
8.000000, 11.000000, 3.566042
9.000000, 11.000000, 3.555372
10.000000, 11.000000, 3.534428
11.000000, 11.000000, 3.498766
12.000000, 11.000000, 3.442166
13.000000, 11.000000, 3.356376
14.000000, 11.000000, 3.231575
15.000000, 11.000000, 3.058305
16.000000, 11.000000, 2.831347
17.000000, 11.000000, 2.554287
18.000000, 11.000000, 2.241428
19.000000, 11.000000, 1.914688
20.000000, 11.000000, 1.597831
21.000000, 11.000000, 1.312776
22.000000, 11.000000, 1.079974
23.000000, 11.000000, 0.920153
24.000000, 11.000000, 0.850308
25.000000, 11.000000, 0.870804
26.000000, 11.000000, 0.963301
27.000000, 11.000000, 1.108911
28.000000, 11.000000, 1.286798
29.000000, 11.000000, 1.483338
30.000000, 11.000000, 1.718493
31.000000, 11.000000, 2.005445
32.000000, 11.000000, 2.334002
33.000000, 11.000000, 2.719092
34.000000, 11.000000, 3.183667
35.000000, 11.000000, 3.760340
36.000000, 11.000000, 4.490355
37.000000, 11.000000, 5.385045
38.000000, 11.000000, 6.085453
39.000000, 11.000000, 5.998975
40.000000, 11.000000, 5.454712
41.000000, 11.000000, 4.965035
42.000000, 11.000000, 4.583123
0.000000, 12.000000, 3.547367
1.000000, 12.000000, 3.582850
2.000000, 12.000000, 3.616786
3.000000, 12.000000, 3.648699
4.000000, 12.000000, 3.678013
5.000000, 12.000000, 3.703935
6.000000, 12.000000, 3.725341
7.000000, 12.000000, 3.740809
8.000000, 12.000000, 3.753915
9.000000, 12.000000, 3.765570
10.000000, 12.000000, 3.771471
11.000000, 12.000000, 3.767648
12.000000, 12.000000, 3.747661
13.000000, 12.000000, 3.701453
14.000000, 12.000000, 3.614605
15.000000, 12.000000, 3.469645
16.000000, 12.000000, 3.252087
17.000000, 12.000000, 2.961110
18.000000, 12.000000, 2.616683
19.000000, 12.000000, 2.253528
20.000000, 12.000000, 1.907096
21.000000, 12.000000, 1.604828
22.000000, 12.000000, 1.365824
23.000000, 12.000000, 1.202900
24.000000, 12.000000, 1.121421
25.000000, 12.000000, 1.115669
26.000000, 12.000000, 1.169870
27.000000, 12.000000, 1.266260
28.000000, 12.000000, 1.396252
29.000000, 12.000000, 1.558808
30.000000, 12.000000, 1.765929
31.000000, 12.000000, 2.017135
32.000000, 12.000000, 2.303126
33.000000, 12.000000, 2.634579
34.000000, 12.000000, 3.025934
35.000000, 12.000000, 3.492237
36.000000, 12.000000, 4.036644
37.000000, 12.000000, 4.607382
38.000000, 12.000000, 5.019009
39.000000, 12.000000, 5.063648
40.000000, 12.000000, 4.836487
41.000000, 12.000000, 4.549698
42.000000, 12.000000, 4.287683
0.000000, 13.000000, 3.645380
1.000000, 13.000000, 3.687095
2.000000, 13.000000, 3.728097
3.000000, 13.000000, 3.768156
4.000000, 13.000000, 3.807027
5.000000, 13.000000, 3.844364
6.000000, 13.000000, 3.879641
7.000000, 13.000000, 3.912149
8.000000, 13.000000, 3.945308
9.000000, 13.000000, 3.981878
10.000000, 13.000000, 4.019124
11.000000, 13.000000, 4.054749
12.000000, 13.000000, 4.083790
13.000000, 13.000000, 4.096251
14.000000, 13.000000, 4.073607
15.000000, 13.000000, 3.985974
16.000000, 13.000000, 3.797646
17.000000, 13.000000, 3.491258
18.000000, 13.000000, 3.094640
19.000000, 13.000000, 2.668972
20.000000, 13.000000, 2.270549
21.000000, 13.000000, 1.932978
22.000000, 13.000000, 1.671542
23.000000, 13.000000, 1.490796
24.000000, 13.000000, 1.387743
25.000000, 13.000000, 1.352549
26.000000, 13.000000, 1.370809
27.000000, 13.000000, 1.427656
28.000000, 13.000000, 1.511331
29.000000, 13.000000, 1.618486
30.000000, 13.000000, 1.780404
31.000000, 13.000000, 1.985551
32.000000, 13.000000, 2.217247
33.000000, 13.000000, 2.481457
34.000000, 13.000000, 2.785291
35.000000, 13.000000, 3.131044
36.000000, 13.000000, 3.506572
37.000000, 13.000000, 3.866436
38.000000, 13.000000, 4.126295
39.000000, 13.000000, 4.216990
40.000000, 13.000000, 4.159520
41.000000, 13.000000, 4.031483
42.000000, 13.000000, 3.890470
0.000000, 14.000000, 3.742763
1.000000, 14.000000, 3.790484
2.000000, 14.000000, 3.838272
3.000000, 14.000000, 3.886141
4.000000, 14.000000, 3.934190
5.000000, 14.000000, 3.982552
6.000000, 14.000000, 4.031377
7.000000, 14.000000, 4.080829
8.000000, 14.000000, 4.134178
9.000000, 14.000000, 4.196279
10.000000, 14.000000, 4.266944
11.000000, 14.000000, 4.346962
12.000000, 14.000000, 4.435518
13.000000, 14.000000, 4.527215
14.000000, 14.000000, 4.605174
15.000000, 14.000000, 4.627282
16.000000, 14.000000, 4.513955
17.000000, 14.000000, 4.190528
18.000000, 14.000000, 3.695541
19.000000, 14.000000, 3.158581
20.000000, 14.000000, 2.675110
21.000000, 14.000000, 2.281223
22.000000, 14.000000, 1.982414
23.000000, 14.000000, 1.772759
24.000000, 14.000000, 1.641262
25.000000, 14.000000, 1.573351
26.000000, 14.000000, 1.554321
27.000000, 14.000000, 1.570995
28.000000, 14.000000, 1.612195
29.000000, 14.000000, 1.671878
30.000000, 14.000000, 1.773285
31.000000, 14.000000, 1.917782
32.000000, 14.000000, 2.093149
33.000000, 14.000000, 2.291266
34.000000, 14.000000, 2.513086
35.000000, 14.000000, 2.756154
36.000000, 14.000000, 3.008382
37.000000, 14.000000, 3.243152
38.000000, 14.000000, 3.423336
39.000000, 14.000000, 3.521906
40.000000, 14.000000, 3.542520
41.000000, 14.000000, 3.512963
42.000000, 14.000000, 3.462933
0.000000, 15.000000, 3.838896
1.000000, 15.000000, 3.892209
2.000000, 15.000000, 3.946236
3.000000, 15.000000, 4.001211
4.000000, 15.000000, 4.057545
5.000000, 15.000000, 4.115819
6.000000, 15.000000, 4.176835
7.000000, 15.000000, 4.241673
8.000000, 15.000000, 4.313516
9.000000, 15.000000, 4.398931
10.000000, 15.000000, 4.500930
11.000000, 15.000000, 4.624314
12.000000, 15.000000, 4.774848
13.000000, 15.000000, 4.957840
14.000000, 15.000000, 5.172246
15.000000, 15.000000, 5.387173
16.000000, 15.000000, 5.464820
17.000000, 15.000000, 5.127661
18.000000, 15.000000, 4.421654
19.000000, 15.000000, 3.693985
20.000000, 15.000000, 3.090842
21.000000, 15.000000, 2.625265
22.000000, 15.000000, 2.280220
23.000000, 15.000000, 2.035720
24.000000, 15.000000, 1.872969
25.000000, 15.000000, 1.770746
26.000000, 15.000000, 1.714091
27.000000, 15.000000, 1.691301
28.000000, 15.000000, 1.690598
29.000000, 15.000000, 1.705618
30.000000, 15.000000, 1.757998
31.000000, 15.000000, 1.837005
32.000000, 15.000000, 1.943104
33.000000, 15.000000, 2.076995
34.000000, 15.000000, 2.225872
35.000000, 15.000000, 2.386154
36.000000, 15.000000, 2.550731
37.000000, 15.000000, 2.706675
38.000000, 15.000000, 2.838060
39.000000, 15.000000, 2.933257
40.000000, 15.000000, 2.991422
41.000000, 15.000000, 3.021657
42.000000, 15.000000, 3.037716
0.000000, 16.000000, 3.933263
1.000000, 16.000000, 3.991585
2.000000, 16.000000, 4.051070
3.000000, 16.000000, 4.112109
4.000000, 16.000000, 4.175351
5.000000, 16.000000, 4.241724
6.000000, 16.000000, 4.312549
7.000000, 16.000000, 4.389665
8.000000, 16.000000, 4.476325
9.000000, 16.000000, 4.579583
10.000000, 16.000000, 4.705573
11.000000, 16.000000, 4.862554
12.000000, 16.000000, 5.062496
13.000000, 16.000000, 5.322783
14.000000, 16.000000, 5.668302
15.000000, 16.000000, 6.127513
16.000000, 16.000000, 6.331881
17.000000, 16.000000, 5.906135
18.000000, 16.000000, 5.156337
19.000000, 16.000000, 4.184983
20.000000, 16.000000, 3.463308
21.000000, 16.000000, 2.932302
22.000000, 16.000000, 2.544553
23.000000, 16.000000, 2.266151
24.000000, 16.000000, 2.071094
25.000000, 16.000000, 1.937513
26.000000, 16.000000, 1.847485
27.000000, 16.000000, 1.786498
28.000000, 16.000000, 1.744292
29.000000, 16.000000, 1.715516
30.000000, 16.000000, 1.720957
31.000000, 16.000000, 1.748223
32.000000, 16.000000, 1.786173
33.000000, 16.000000, 1.847953
34.000000, 16.000000, 1.933823
35.000000, 16.000000, 2.029188
36.000000, 16.000000, 2.130768
37.000000, 16.000000, 2.234087
38.000000, 16.000000, 2.333179
39.000000, 16.000000, 2.422809
40.000000, 16.000000, 2.500723
41.000000, 16.000000, 2.568976
42.000000, 16.000000, 2.643675
0.000000, 17.000000, 4.025492
1.000000, 17.000000, 4.088120
2.000000, 17.000000, 4.152102
3.000000, 17.000000, 4.217905
4.000000, 17.000000, 4.286290
5.000000, 17.000000, 4.358385
6.000000, 17.000000, 4.435794
7.000000, 17.000000, 4.520798
8.000000, 17.000000, 4.616745
9.000000, 17.000000, 4.729722
10.000000, 17.000000, 4.867665
11.000000, 17.000000, 5.040154
12.000000, 17.000000, 5.260890
13.000000, 17.000000, 5.550057
14.000000, 17.000000, 5.937514
15.000000, 17.000000, 6.461889
16.000000, 17.000000, 6.666275
17.000000, 17.000000, 6.211184
18.000000, 17.000000, 5.516480
19.000000, 17.000000, 4.487401
20.000000, 17.000000, 3.728920
21.000000, 17.000000, 3.170523
22.000000, 17.000000, 2.758954
23.000000, 17.000000, 2.456716
24.000000, 17.000000, 2.235573
25.000000, 17.000000, 2.072175
26.000000, 17.000000, 1.948421
27.000000, 17.000000, 1.851403
28.000000, 17.000000, 1.771382
29.000000, 17.000000, 1.702360
30.000000, 17.000000, 1.663654
31.000000, 17.000000, 1.644058
32.000000, 17.000000, 1.629452
33.000000, 17.000000, 1.623522
34.000000, 17.000000, 1.643416
35.000000, 17.000000, 1.686569
36.000000, 17.000000, 1.741396
37.000000, 17.000000, 1.807997
38.000000, 17.000000, 1.885477
39.000000, 17.000000, 1.971323
40.000000, 17.000000, 2.062673
41.000000, 17.000000, 2.167797
42.000000, 17.000000, 2.293305
0.000000, 18.000000, 4.115399
1.000000, 18.000000, 4.181572
2.000000, 18.000000, 4.248995
3.000000, 18.000000, 4.318106
4.000000, 18.000000, 4.389653
5.000000, 18.000000, 4.464754
6.000000, 18.000000, 4.545027
7.000000, 18.000000, 4.632781
8.000000, 18.000000, 4.731244
9.000000, 18.000000, 4.844666
10.000000, 18.000000, 4.980344
11.000000, 18.000000, 5.146735
12.000000, 18.000000, 5.353609
13.000000, 18.000000, 5.611858
14.000000, 18.000000, 5.927518
15.000000, 18.000000, 6.273975
16.000000, 18.000000, 6.485571
17.000000, 18.000000, 6.174591
18.000000, 18.000000, 5.375739
19.000000, 18.000000, 4.544921
20.000000, 18.000000, 3.858872
21.000000, 18.000000, 3.324867
22.000000, 18.000000, 2.915176
23.000000, 18.000000, 2.600375
24.000000, 18.000000, 2.357945
25.000000, 18.000000, 2.168398
26.000000, 18.000000, 2.015962
27.000000, 18.000000, 1.888182
28.000000, 18.000000, 1.775277
29.000000, 18.000000, 1.670631
30.000000, 18.000000, 1.591960
31.000000, 18.000000, 1.530573
32.000000, 18.000000, 1.468528
33.000000, 18.000000, 1.411434
34.000000, 18.000000, 1.367460
35.000000, 18.000000, 1.357715
36.000000, 18.000000, 1.375759
37.000000, 18.000000, 1.416004
38.000000, 18.000000, 1.480273
39.000000, 18.000000, 1.566849
40.000000, 18.000000, 1.678062
41.000000, 18.000000, 1.824453
42.000000, 18.000000, 1.982647
0.000000, 19.000000, 4.203006
1.000000, 19.000000, 4.271970
2.000000, 19.000000, 4.341784
3.000000, 19.000000, 4.412746
4.000000, 19.000000, 4.485444
5.000000, 19.000000, 4.560790
6.000000, 19.000000, 4.640144
7.000000, 19.000000, 4.725449
8.000000, 19.000000, 4.819391
9.000000, 19.000000, 4.924557
10.000000, 19.000000, 5.044936
11.000000, 19.000000, 5.186607
12.000000, 19.000000, 5.352892
13.000000, 19.000000, 5.542495
14.000000, 19.000000, 5.740043
15.000000, 19.000000, 5.894271
16.000000, 19.000000, 5.890954
17.000000, 19.000000, 5.602897
18.000000, 19.000000, 5.062525
19.000000, 19.000000, 4.445052
20.000000, 19.000000, 3.877900
21.000000, 19.000000, 3.398781
22.000000, 19.000000, 3.005181
23.000000, 19.000000, 2.689570
24.000000, 19.000000, 2.436117
25.000000, 19.000000, 2.229181
26.000000, 19.000000, 2.055210
27.000000, 19.000000, 1.902792
28.000000, 19.000000, 1.762469
29.000000, 19.000000, 1.627015
30.000000, 19.000000, 1.511709
31.000000, 19.000000, 1.414098
32.000000, 19.000000, 1.310546
33.000000, 19.000000, 1.208937
34.000000, 19.000000, 1.116137
35.000000, 19.000000, 1.047866
36.000000, 19.000000, 1.028787
37.000000, 19.000000, 1.049698
38.000000, 19.000000, 1.109236
39.000000, 19.000000, 1.207071
40.000000, 19.000000, 1.355290
41.000000, 19.000000, 1.531927
42.000000, 19.000000, 1.716512
0.000000, 20.000000, 4.288542
1.000000, 20.000000, 4.359637
2.000000, 20.000000, 4.430900
3.000000, 20.000000, 4.502390
4.000000, 20.000000, 4.574402
5.000000, 20.000000, 4.647479
6.000000, 20.000000, 4.722493
7.000000, 20.000000, 4.800731
8.000000, 20.000000, 4.883967
9.000000, 20.000000, 4.973725
10.000000, 20.000000, 5.069620
11.000000, 20.000000, 5.174938
12.000000, 20.000000, 5.288081
13.000000, 20.000000, 5.400515
14.000000, 20.000000, 5.490918
15.000000, 20.000000, 5.517539
16.000000, 20.000000, 5.420974
17.000000, 20.000000, 5.158907
18.000000, 20.000000, 4.755029
19.000000, 20.000000, 4.288168
20.000000, 20.000000, 3.824445
21.000000, 20.000000, 3.398912
22.000000, 20.000000, 3.035250
23.000000, 20.000000, 2.731193
24.000000, 20.000000, 2.476991
25.000000, 20.000000, 2.261411
26.000000, 20.000000, 2.073536
27.000000, 20.000000, 1.903387
28.000000, 20.000000, 1.742070
29.000000, 20.000000, 1.581921
30.000000, 20.000000, 1.432591
31.000000, 20.000000, 1.303852
32.000000, 20.000000, 1.168856
33.000000, 20.000000, 1.028974
34.000000, 20.000000, 0.891103
35.000000, 20.000000, 0.770279
36.000000, 20.000000, 0.699625
37.000000, 20.000000, 0.704047
38.000000, 20.000000, 0.771764
39.000000, 20.000000, 0.906283
40.000000, 20.000000, 1.092735
41.000000, 20.000000, 1.296253
42.000000, 20.000000, 1.502934
0.000000, 21.000000, 4.372428
1.000000, 21.000000, 4.445159
2.000000, 21.000000, 4.517135
3.000000, 21.000000, 4.588098
4.000000, 21.000000, 4.657947
5.000000, 21.000000, 4.726720
6.000000, 21.000000, 4.794660
7.000000, 21.000000, 4.862245
8.000000, 21.000000, 4.930192
9.000000, 21.000000, 4.999137
10.000000, 21.000000, 5.066100
11.000000, 21.000000, 5.130530
12.000000, 21.000000, 5.189459
13.000000, 21.000000, 5.232792
14.000000, 21.000000, 5.242520
15.000000, 21.000000, 5.192256
16.000000, 21.000000, 5.054051
17.000000, 21.000000, 4.815147
18.000000, 21.000000, 4.492579
19.000000, 21.000000, 4.117263
20.000000, 21.000000, 3.720806
21.000000, 21.000000, 3.350586
22.000000, 21.000000, 3.022194
23.000000, 21.000000, 2.736886
24.000000, 21.000000, 2.489804
25.000000, 21.000000, 2.273385
26.000000, 21.000000, 2.079209
27.000000, 21.000000, 1.898870
28.000000, 21.000000, 1.724348
29.000000, 21.000000, 1.548156
30.000000, 21.000000, 1.374078
31.000000, 21.000000, 1.222444
32.000000, 21.000000, 1.064020
33.000000, 21.000000, 0.894502
34.000000, 21.000000, 0.716607
35.000000, 21.000000, 0.540555
36.000000, 21.000000, 0.400753
37.000000, 21.000000, 0.380677
38.000000, 21.000000, 0.490729
39.000000, 21.000000, 0.684501
40.000000, 21.000000, 0.905073
41.000000, 21.000000, 1.130235
42.000000, 21.000000, 1.351032
0.000000, 22.000000, 4.455241
1.000000, 22.000000, 4.529332
2.000000, 22.000000, 4.601576
3.000000, 22.000000, 4.671334
4.000000, 22.000000, 4.738027
5.000000, 22.000000, 4.801115
6.000000, 22.000000, 4.860132
7.000000, 22.000000, 4.914712
8.000000, 22.000000, 4.964565
9.000000, 22.000000, 5.009358
10.000000, 22.000000, 5.046281
11.000000, 22.000000, 5.070399
12.000000, 22.000000, 5.079946
13.000000, 22.000000, 5.066831
14.000000, 22.000000, 5.019001
15.000000, 22.000000, 4.922216
16.000000, 22.000000, 4.764950
17.000000, 22.000000, 4.545643
18.000000, 22.000000, 4.268927
19.000000, 22.000000, 3.937145
20.000000, 22.000000, 3.597584
21.000000, 22.000000, 3.275520
22.000000, 22.000000, 2.981446
23.000000, 22.000000, 2.718267
24.000000, 22.000000, 2.483840
25.000000, 22.000000, 2.273165
26.000000, 22.000000, 2.079874
27.000000, 22.000000, 1.897098
28.000000, 22.000000, 1.717933
29.000000, 22.000000, 1.535691
30.000000, 22.000000, 1.349111
31.000000, 22.000000, 1.183883
32.000000, 22.000000, 1.015339
33.000000, 22.000000, 0.833306
34.000000, 22.000000, 0.637267
35.000000, 22.000000, 0.428943
36.000000, 22.000000, 0.220872
37.000000, 22.000000, 0.173777
38.000000, 22.000000, 0.358259
39.000000, 22.000000, 0.586054
40.000000, 22.000000, 0.818733
41.000000, 22.000000, 1.047783
42.000000, 22.000000, 1.268353
0.000000, 23.000000, 4.537653
1.000000, 23.000000, 4.613104
2.000000, 23.000000, 4.685524
3.000000, 23.000000, 4.753842
4.000000, 23.000000, 4.816962
5.000000, 23.000000, 4.873716
6.000000, 23.000000, 4.922909
7.000000, 23.000000, 4.963356
8.000000, 23.000000, 4.993909
9.000000, 23.000000, 5.013436
10.000000, 23.000000, 5.020123
11.000000, 23.000000, 5.007596
12.000000, 23.000000, 4.974230
13.000000, 23.000000, 4.916121
14.000000, 23.000000, 4.826925
15.000000, 23.000000, 4.700726
16.000000, 23.000000, 4.534720
17.000000, 23.000000, 4.327895
18.000000, 23.000000, 4.060951
19.000000, 23.000000, 3.765589
20.000000, 23.000000, 3.470482
21.000000, 23.000000, 3.187642
22.000000, 23.000000, 2.924844
23.000000, 23.000000, 2.684913
24.000000, 23.000000, 2.466884
25.000000, 23.000000, 2.267327
26.000000, 23.000000, 2.081403
27.000000, 23.000000, 1.903606
28.000000, 23.000000, 1.728244
29.000000, 23.000000, 1.549800
30.000000, 23.000000, 1.364762
31.000000, 23.000000, 1.195843
32.000000, 23.000000, 1.033160
33.000000, 23.000000, 0.861399
34.000000, 23.000000, 0.683243
35.000000, 23.000000, 0.508598
36.000000, 23.000000, 0.369123
37.000000, 23.000000, 0.347709
38.000000, 23.000000, 0.465718
39.000000, 23.000000, 0.644136
40.000000, 23.000000, 0.846283
41.000000, 23.000000, 1.053376
42.000000, 23.000000, 1.256102
0.000000, 24.000000, 4.620376
1.000000, 24.000000, 4.697485
2.000000, 24.000000, 4.770369
3.000000, 24.000000, 4.837506
4.000000, 24.000000, 4.897253
5.000000, 24.000000, 4.947783
6.000000, 24.000000, 4.987167
7.000000, 24.000000, 5.013455
8.000000, 24.000000, 5.024779
9.000000, 24.000000, 5.019475
10.000000, 24.000000, 4.996136
11.000000, 24.000000, 4.951120
12.000000, 24.000000, 4.880832
13.000000, 24.000000, 4.786208
14.000000, 24.000000, 4.665836
15.000000, 24.000000, 4.519464
16.000000, 24.000000, 4.348328
17.000000, 24.000000, 4.132950
18.000000, 24.000000, 3.874821
19.000000, 24.000000, 3.608773
20.000000, 24.000000, 3.346340
21.000000, 24.000000, 3.095149
22.000000, 24.000000, 2.860248
23.000000, 24.000000, 2.643595
24.000000, 24.000000, 2.444490
25.000000, 24.000000, 2.260343
26.000000, 24.000000, 2.087368
27.000000, 24.000000, 1.921174
28.000000, 24.000000, 1.757232
29.000000, 24.000000, 1.591314
30.000000, 24.000000, 1.420262
31.000000, 24.000000, 1.257952
32.000000, 24.000000, 1.113678
33.000000, 24.000000, 0.968711
34.000000, 24.000000, 0.828806
35.000000, 24.000000, 0.708411
36.000000, 24.000000, 0.631912
37.000000, 24.000000, 0.619128
38.000000, 24.000000, 0.690899
39.000000, 24.000000, 0.812808
40.000000, 24.000000, 0.966008
41.000000, 24.000000, 1.134725
42.000000, 24.000000, 1.306263
0.000000, 25.000000, 4.704072
1.000000, 25.000000, 4.783443
2.000000, 25.000000, 4.857481
3.000000, 25.000000, 4.924204
4.000000, 25.000000, 4.981397
5.000000, 25.000000, 5.026565
6.000000, 25.000000, 5.057020
7.000000, 25.000000, 5.070056
8.000000, 25.000000, 5.063161
9.000000, 25.000000, 5.034325
10.000000, 25.000000, 4.982334
11.000000, 25.000000, 4.906559
12.000000, 25.000000, 4.804349
13.000000, 25.000000, 4.678572
14.000000, 25.000000, 4.532683
15.000000, 25.000000, 4.370435
16.000000, 25.000000, 4.186145
17.000000, 25.000000, 3.954500
18.000000, 25.000000, 3.709317
19.000000, 25.000000, 3.464616
20.000000, 25.000000, 3.227206
21.000000, 25.000000, 3.002060
22.000000, 25.000000, 2.792139
23.000000, 25.000000, 2.598373
24.000000, 25.000000, 2.419903
25.000000, 25.000000, 2.254508
26.000000, 25.000000, 2.099071
27.000000, 25.000000, 1.950031
28.000000, 25.000000, 1.803833
29.000000, 25.000000, 1.657403
30.000000, 25.000000, 1.508794
31.000000, 25.000000, 1.363722
32.000000, 25.000000, 1.243054
33.000000, 25.000000, 1.130626
34.000000, 25.000000, 1.029398
35.000000, 25.000000, 0.950652
36.000000, 25.000000, 0.904175
37.000000, 25.000000, 0.892860
38.000000, 25.000000, 0.942170
39.000000, 25.000000, 1.031911
40.000000, 25.000000, 1.142182
41.000000, 25.000000, 1.269973
42.000000, 25.000000, 1.404579
0.000000, 26.000000, 4.789275
1.000000, 26.000000, 4.871806
2.000000, 26.000000, 4.948075
3.000000, 26.000000, 5.015648
4.000000, 26.000000, 5.071735
5.000000, 26.000000, 5.113133
6.000000, 26.000000, 5.136350
7.000000, 26.000000, 5.137852
8.000000, 26.000000, 5.114433
9.000000, 26.000000, 5.063668
10.000000, 26.000000, 4.984450
11.000000, 26.000000, 4.877469
12.000000, 26.000000, 4.744607
13.000000, 26.000000, 4.589159
14.000000, 26.000000, 4.419335
15.000000, 26.000000, 4.240528
16.000000, 26.000000, 4.028378
17.000000, 26.000000, 3.792085
18.000000, 26.000000, 3.557017
19.000000, 26.000000, 3.329092
20.000000, 26.000000, 3.112343
21.000000, 26.000000, 2.909640
22.000000, 26.000000, 2.722510
23.000000, 26.000000, 2.551121
24.000000, 26.000000, 2.394394
25.000000, 26.000000, 2.250249
26.000000, 26.000000, 2.115932
27.000000, 26.000000, 1.988419
28.000000, 26.000000, 1.864843
29.000000, 26.000000, 1.742970
30.000000, 26.000000, 1.621788
31.000000, 26.000000, 1.503335
32.000000, 26.000000, 1.406168
33.000000, 26.000000, 1.325932
34.000000, 26.000000, 1.258051
35.000000, 26.000000, 1.209390
36.000000, 26.000000, 1.176877
37.000000, 26.000000, 1.168374
38.000000, 26.000000, 1.203107
39.000000, 26.000000, 1.271712
40.000000, 26.000000, 1.349422
41.000000, 26.000000, 1.439510
42.000000, 26.000000, 1.536358
0.000000, 27.000000, 4.876299
1.000000, 27.000000, 4.963143
2.000000, 27.000000, 5.043071
3.000000, 27.000000, 5.113231
4.000000, 27.000000, 5.170262
5.000000, 27.000000, 5.210161
6.000000, 27.000000, 5.228096
7.000000, 27.000000, 5.218254
8.000000, 27.000000, 5.175514
9.000000, 27.000000, 5.097767
10.000000, 27.000000, 4.986020
11.000000, 27.000000, 4.843582
12.000000, 27.000000, 4.676115
13.000000, 27.000000, 4.490646
14.000000, 27.000000, 4.296741
15.000000, 27.000000, 4.093237
16.000000, 27.000000, 3.857256
17.000000, 27.000000, 3.621602
18.000000, 27.000000, 3.396219
19.000000, 27.000000, 3.184652
20.000000, 27.000000, 2.988964
21.000000, 27.000000, 2.809955
22.000000, 27.000000, 2.647370
23.000000, 27.000000, 2.500256
24.000000, 27.000000, 2.367217
25.000000, 27.000000, 2.246525
26.000000, 27.000000, 2.136055
27.000000, 27.000000, 2.033305
28.000000, 27.000000, 1.935875
29.000000, 27.000000, 1.842026
30.000000, 27.000000, 1.751187
31.000000, 27.000000, 1.664596
32.000000, 27.000000, 1.591854
33.000000, 27.000000, 1.541553
34.000000, 27.000000, 1.502905
35.000000, 27.000000, 1.477201
36.000000, 27.000000, 1.453358
37.000000, 27.000000, 1.448480
38.000000, 27.000000, 1.472615
39.000000, 27.000000, 1.521873
40.000000, 27.000000, 1.575001
41.000000, 27.000000, 1.630560
42.000000, 27.000000, 1.690100
0.000000, 28.000000, 4.965146
1.000000, 28.000000, 5.057642
2.000000, 28.000000, 5.142929
3.000000, 28.000000, 5.217545
4.000000, 28.000000, 5.275713
5.000000, 28.000000, 5.309146
6.000000, 28.000000, 5.313174
7.000000, 28.000000, 5.285979
8.000000, 28.000000, 5.224313
9.000000, 28.000000, 5.124923
10.000000, 28.000000, 4.987070
11.000000, 28.000000, 4.813923
12.000000, 28.000000, 4.613002
13.000000, 28.000000, 4.395662
14.000000, 28.000000, 4.174856
15.000000, 28.000000, 3.936234
16.000000, 28.000000, 3.685169
17.000000, 28.000000, 3.447960
18.000000, 28.000000, 3.229338
19.000000, 28.000000, 3.031340
20.000000, 28.000000, 2.854292
21.000000, 28.000000, 2.697313
22.000000, 28.000000, 2.558874
23.000000, 28.000000, 2.437335
24.000000, 28.000000, 2.331102
25.000000, 28.000000, 2.238080
26.000000, 28.000000, 2.155494
27.000000, 28.000000, 2.080741
28.000000, 28.000000, 2.012079
29.000000, 28.000000, 1.948572
30.000000, 28.000000, 1.889952
31.000000, 28.000000, 1.837078
32.000000, 28.000000, 1.793535
33.000000, 28.000000, 1.770302
34.000000, 28.000000, 1.759342
35.000000, 28.000000, 1.752434
36.000000, 28.000000, 1.738371
37.000000, 28.000000, 1.737230
38.000000, 28.000000, 1.752675
39.000000, 28.000000, 1.782637
40.000000, 28.000000, 1.813813
41.000000, 28.000000, 1.836280
42.000000, 28.000000, 1.858167
0.000000, 29.000000, 5.055418
1.000000, 29.000000, 5.154593
2.000000, 29.000000, 5.242963
3.000000, 29.000000, 5.311384
4.000000, 29.000000, 5.359559
5.000000, 29.000000, 5.387613
6.000000, 29.000000, 5.390234
7.000000, 29.000000, 5.360008
8.000000, 29.000000, 5.289603
9.000000, 29.000000, 5.173589
10.000000, 29.000000, 5.010487
11.000000, 29.000000, 4.804469
12.000000, 29.000000, 4.565861
13.000000, 29.000000, 4.310112
14.000000, 29.000000, 4.051066
15.000000, 29.000000, 3.775470
16.000000, 29.000000, 3.510224
17.000000, 29.000000, 3.269185
18.000000, 29.000000, 3.055603
19.000000, 29.000000, 2.869946
20.000000, 29.000000, 2.710714
21.000000, 29.000000, 2.575251
22.000000, 29.000000, 2.460511
23.000000, 29.000000, 2.363938
24.000000, 29.000000, 2.284585
25.000000, 29.000000, 2.220551
26.000000, 29.000000, 2.167749
27.000000, 29.000000, 2.123626
28.000000, 29.000000, 2.086828
29.000000, 29.000000, 2.056406
30.000000, 29.000000, 2.031877
31.000000, 29.000000, 2.014055
32.000000, 29.000000, 2.004576
33.000000, 29.000000, 2.008669
34.000000, 29.000000, 2.025998
35.000000, 29.000000, 2.037328
36.000000, 29.000000, 2.036644
37.000000, 29.000000, 2.039976
38.000000, 29.000000, 2.047586
39.000000, 29.000000, 2.058012
40.000000, 29.000000, 2.064873
41.000000, 29.000000, 2.053762
42.000000, 29.000000, 2.036762
0.000000, 30.000000, 5.146246
1.000000, 30.000000, 5.234721
2.000000, 30.000000, 5.312376
3.000000, 30.000000, 5.380251
4.000000, 30.000000, 5.435513
5.000000, 30.000000, 5.472107
6.000000, 30.000000, 5.481878
7.000000, 30.000000, 5.454907
8.000000, 30.000000, 5.380716
9.000000, 30.000000, 5.250730
10.000000, 30.000000, 5.061642
11.000000, 30.000000, 4.818381
12.000000, 30.000000, 4.534956
13.000000, 30.000000, 4.232373
14.000000, 30.000000, 3.922387
15.000000, 30.000000, 3.609044
16.000000, 30.000000, 3.326434
17.000000, 30.000000, 3.079730
18.000000, 30.000000, 2.870443
19.000000, 30.000000, 2.697103
20.000000, 30.000000, 2.556134
21.000000, 30.000000, 2.442965
22.000000, 30.000000, 2.352896
23.000000, 30.000000, 2.281795
24.000000, 30.000000, 2.229670
25.000000, 30.000000, 2.195733
26.000000, 30.000000, 2.172799
27.000000, 30.000000, 2.159137
28.000000, 30.000000, 2.154015
29.000000, 30.000000, 2.157325
30.000000, 30.000000, 2.169347
31.000000, 30.000000, 2.189810
32.000000, 30.000000, 2.218126
33.000000, 30.000000, 2.255449
34.000000, 30.000000, 2.302902
35.000000, 30.000000, 2.336555
36.000000, 30.000000, 2.353988
37.000000, 30.000000, 2.363788
38.000000, 30.000000, 2.363886
39.000000, 30.000000, 2.353200
40.000000, 30.000000, 2.330285
41.000000, 30.000000, 2.282505
42.000000, 30.000000, 2.227764
0.000000, 31.000000, 5.196228
1.000000, 31.000000, 5.284259
2.000000, 31.000000, 5.368887
3.000000, 31.000000, 5.447042
4.000000, 31.000000, 5.514576
5.000000, 31.000000, 5.565053
6.000000, 31.000000, 5.588922
7.000000, 31.000000, 5.573232
8.000000, 31.000000, 5.502733
9.000000, 31.000000, 5.363246
10.000000, 31.000000, 5.147346
11.000000, 31.000000, 4.860088
12.000000, 31.000000, 4.520832
13.000000, 31.000000, 4.158756
14.000000, 31.000000, 3.789311
15.000000, 31.000000, 3.435268
16.000000, 31.000000, 3.127761
17.000000, 31.000000, 2.873949
18.000000, 31.000000, 2.669376
19.000000, 31.000000, 2.509617
20.000000, 31.000000, 2.388570
21.000000, 31.000000, 2.299555
22.000000, 31.000000, 2.236413
23.000000, 31.000000, 2.194427
24.000000, 31.000000, 2.171123
25.000000, 31.000000, 2.164015
26.000000, 31.000000, 2.169525
27.000000, 31.000000, 2.185763
28.000000, 31.000000, 2.212195
29.000000, 31.000000, 2.249032
30.000000, 31.000000, 2.296898
31.000000, 31.000000, 2.356491
32.000000, 31.000000, 2.427666
33.000000, 31.000000, 2.507280
34.000000, 31.000000, 2.590622
35.000000, 31.000000, 2.654769
36.000000, 31.000000, 2.697293
37.000000, 31.000000, 2.717405
38.000000, 31.000000, 2.710059
39.000000, 31.000000, 2.674663
40.000000, 31.000000, 2.614282
41.000000, 31.000000, 2.524272
42.000000, 31.000000, 2.432721
0.000000, 32.000000, 5.229553
1.000000, 32.000000, 5.325436
2.000000, 32.000000, 5.419518
3.000000, 32.000000, 5.509583
4.000000, 32.000000, 5.592513
5.000000, 32.000000, 5.662428
6.000000, 32.000000, 5.708968
7.000000, 32.000000, 5.715851
8.000000, 32.000000, 5.660979
9.000000, 32.000000, 5.520349
10.000000, 32.000000, 5.277663
11.000000, 32.000000, 4.936394
12.000000, 32.000000, 4.524527
13.000000, 32.000000, 4.084869
14.000000, 32.000000, 3.647792
15.000000, 32.000000, 3.249844
16.000000, 32.000000, 2.912713
17.000000, 32.000000, 2.646676
18.000000, 32.000000, 2.448322
19.000000, 32.000000, 2.304861
20.000000, 32.000000, 2.206512
21.000000, 32.000000, 2.144028
22.000000, 32.000000, 2.109477
23.000000, 32.000000, 2.096873
24.000000, 32.000000, 2.102157
25.000000, 32.000000, 2.122475
26.000000, 32.000000, 2.155780
27.000000, 32.000000, 2.201077
28.000000, 32.000000, 2.258383
29.000000, 32.000000, 2.328282
30.000000, 32.000000, 2.411486
31.000000, 32.000000, 2.508781
32.000000, 32.000000, 2.620512
33.000000, 32.000000, 2.745593
34.000000, 32.000000, 2.874720
35.000000, 32.000000, 2.979968
36.000000, 32.000000, 3.057823
37.000000, 32.000000, 3.094555
38.000000, 32.000000, 3.079533
39.000000, 32.000000, 3.013138
40.000000, 32.000000, 2.905809
41.000000, 32.000000, 2.772781
42.000000, 32.000000, 2.634035
0.000000, 33.000000, 5.253166
1.000000, 33.000000, 5.356788
2.000000, 33.000000, 5.459942
3.000000, 33.000000, 5.561921
4.000000, 33.000000, 5.661900
5.000000, 33.000000, 5.756110
6.000000, 33.000000, 5.834941
7.000000, 33.000000, 5.879673
8.000000, 33.000000, 5.859655
9.000000, 33.000000, 5.734302
10.000000, 33.000000, 5.468061
11.000000, 33.000000, 5.057775
12.000000, 33.000000, 4.547113
13.000000, 33.000000, 4.005255
14.000000, 33.000000, 3.489609
15.000000, 33.000000, 3.041846
16.000000, 33.000000, 2.677860
17.000000, 33.000000, 2.399516
18.000000, 33.000000, 2.204939
19.000000, 33.000000, 2.081525
20.000000, 33.000000, 2.009864
21.000000, 33.000000, 1.976819
22.000000, 33.000000, 1.972336
23.000000, 33.000000, 1.989175
24.000000, 33.000000, 2.022660
25.000000, 33.000000, 2.070055
26.000000, 33.000000, 2.129725
27.000000, 33.000000, 2.200290
28.000000, 33.000000, 2.281837
29.000000, 33.000000, 2.377528
30.000000, 33.000000, 2.491243
31.000000, 33.000000, 2.625820
32.000000, 33.000000, 2.782641
33.000000, 33.000000, 2.960434
34.000000, 33.000000, 3.148148
35.000000, 33.000000, 3.317073
36.000000, 33.000000, 3.452865
37.000000, 33.000000, 3.520060
38.000000, 33.000000, 3.495744
39.000000, 33.000000, 3.382601
40.000000, 33.000000, 3.209785
41.000000, 33.000000, 3.018026
42.000000, 33.000000, 2.806778
0.000000, 34.000000, 5.263886
1.000000, 34.000000, 5.374634
2.000000, 34.000000, 5.484725
3.000000, 34.000000, 5.595834
4.000000, 34.000000, 5.711496
5.000000, 34.000000, 5.832195
6.000000, 34.000000, 5.951769
7.000000, 34.000000, 6.052602
8.000000, 34.000000, 6.097156
9.000000, 34.000000, 6.019998
10.000000, 34.000000, 5.743006
11.000000, 34.000000, 5.239924
12.000000, 34.000000, 4.587384
13.000000, 34.000000, 3.910224
14.000000, 34.000000, 3.302263
15.000000, 34.000000, 2.800690
16.000000, 34.000000, 2.412616
17.000000, 34.000000, 2.131840
18.000000, 34.000000, 1.945964
19.000000, 34.000000, 1.841760
20.000000, 34.000000, 1.801005
21.000000, 34.000000, 1.800971
22.000000, 34.000000, 1.828218
23.000000, 34.000000, 1.874490
24.000000, 34.000000, 1.933952
25.000000, 34.000000, 2.001320
26.000000, 34.000000, 2.076498
27.000000, 34.000000, 2.164517
28.000000, 34.000000, 2.269223
29.000000, 34.000000, 2.393836
30.000000, 34.000000, 2.542029
31.000000, 34.000000, 2.717874
32.000000, 34.000000, 2.925084
33.000000, 34.000000, 3.165219
34.000000, 34.000000, 3.427449
35.000000, 34.000000, 3.683921
36.000000, 34.000000, 3.912891
37.000000, 34.000000, 4.039908
38.000000, 34.000000, 4.003761
39.000000, 34.000000, 3.815768
40.000000, 34.000000, 3.552157
41.000000, 34.000000, 3.264785
42.000000, 34.000000, 2.964037
0.000000, 35.000000, 5.257409
1.000000, 35.000000, 5.375167
2.000000, 35.000000, 5.487554
3.000000, 35.000000, 5.600552
4.000000, 35.000000, 5.726022
5.000000, 35.000000, 5.870105
6.000000, 35.000000, 6.032729
7.000000, 35.000000, 6.204358
8.000000, 35.000000, 6.352159
9.000000, 35.000000, 6.387589
10.000000, 35.000000, 6.141709
11.000000, 35.000000, 5.503339
12.000000, 35.000000, 4.633187
13.000000, 35.000000, 3.779496
14.000000, 35.000000, 3.069309
15.000000, 35.000000, 2.516457
16.000000, 35.000000, 2.111350
17.000000, 35.000000, 1.837097
18.000000, 35.000000, 1.673526
19.000000, 35.000000, 1.597780
20.000000, 35.000000, 1.587537
21.000000, 35.000000, 1.622483
22.000000, 35.000000, 1.681368
23.000000, 35.000000, 1.748813
24.000000, 35.000000, 1.820983
25.000000, 35.000000, 1.903082
26.000000, 35.000000, 1.998015
27.000000, 35.000000, 2.108101
28.000000, 35.000000, 2.236569
29.000000, 35.000000, 2.387747
30.000000, 35.000000, 2.567122
31.000000, 35.000000, 2.781376
32.000000, 35.000000, 3.038148
33.000000, 35.000000, 3.344955
34.000000, 35.000000, 3.698018
35.000000, 35.000000, 4.078432
36.000000, 35.000000, 4.456347
37.000000, 35.000000, 4.702091
38.000000, 35.000000, 4.649428
39.000000, 35.000000, 4.329404
40.000000, 35.000000, 3.913270
41.000000, 35.000000, 3.495644
42.000000, 35.000000, 3.098190
0.000000, 36.000000, 5.224685
1.000000, 36.000000, 5.353453
2.000000, 36.000000, 5.458955
3.000000, 36.000000, 5.561347
4.000000, 36.000000, 5.687527
5.000000, 36.000000, 5.845025
6.000000, 36.000000, 6.039567
7.000000, 36.000000, 6.276147
8.000000, 36.000000, 6.549762
9.000000, 36.000000, 6.798375
10.000000, 36.000000, 6.714345
11.000000, 36.000000, 5.850168
12.000000, 36.000000, 4.633238
13.000000, 36.000000, 3.576129
14.000000, 36.000000, 2.773353
15.000000, 36.000000, 2.183869
16.000000, 36.000000, 1.773841
17.000000, 36.000000, 1.517045
18.000000, 36.000000, 1.387361
19.000000, 36.000000, 1.353733
20.000000, 36.000000, 1.383528
21.000000, 36.000000, 1.445828
22.000000, 36.000000, 1.519828
23.000000, 36.000000, 1.603077
24.000000, 36.000000, 1.695204
25.000000, 36.000000, 1.796927
26.000000, 36.000000, 1.910353
27.000000, 36.000000, 2.038701
28.000000, 36.000000, 2.186259
29.000000, 36.000000, 2.358580
30.000000, 36.000000, 2.562844
31.000000, 36.000000, 2.808314
32.000000, 36.000000, 3.106884
33.000000, 36.000000, 3.473742
34.000000, 36.000000, 3.919132
35.000000, 36.000000, 4.452238
36.000000, 36.000000, 5.075631
37.000000, 36.000000, 5.573938
38.000000, 36.000000, 5.482119
39.000000, 36.000000, 4.887525
40.000000, 36.000000, 4.239722
41.000000, 36.000000, 3.682213
42.000000, 36.000000, 3.210015
0.000000, 37.000000, 5.143689
1.000000, 37.000000, 5.269454
2.000000, 37.000000, 5.365453
3.000000, 37.000000, 5.459547
4.000000, 37.000000, 5.581139
5.000000, 37.000000, 5.736598
6.000000, 37.000000, 5.934528
7.000000, 37.000000, 6.189816
8.000000, 37.000000, 6.526529
9.000000, 37.000000, 6.967743
10.000000, 37.000000, 6.100414
11.000000, 37.000000, 5.874561
12.000000, 37.000000, 4.444856
13.000000, 37.000000, 3.257929
14.000000, 37.000000, 2.412086
15.000000, 37.000000, 1.810849
16.000000, 37.000000, 1.408152
17.000000, 37.000000, 1.179173
18.000000, 37.000000, 1.096599
19.000000, 37.000000, 1.115288
20.000000, 37.000000, 1.179904
21.000000, 37.000000, 1.262813
22.000000, 37.000000, 1.358427
23.000000, 37.000000, 1.462628
24.000000, 37.000000, 1.573102
25.000000, 37.000000, 1.690301
26.000000, 37.000000, 1.817601
27.000000, 37.000000, 1.959225
28.000000, 37.000000, 2.120209
29.000000, 37.000000, 2.306844
30.000000, 37.000000, 2.527314
31.000000, 37.000000, 2.792595
32.000000, 37.000000, 3.117308
33.000000, 37.000000, 3.521661
34.000000, 37.000000, 4.028042
35.000000, 37.000000, 4.677914
36.000000, 37.000000, 5.558097
37.000000, 37.000000, 5.239135
38.000000, 37.000000, 5.664714
39.000000, 37.000000, 5.286144
40.000000, 37.000000, 4.432012
41.000000, 37.000000, 3.789198
42.000000, 37.000000, 3.265906
0.000000, 38.000000, 5.010035
1.000000, 38.000000, 5.103677
2.000000, 38.000000, 5.195671
3.000000, 38.000000, 5.292955
4.000000, 38.000000, 5.406380
5.000000, 38.000000, 5.541838
6.000000, 38.000000, 5.705482
7.000000, 38.000000, 5.905608
8.000000, 38.000000, 6.149347
9.000000, 38.000000, 6.412211
10.000000, 38.000000, 6.222170
11.000000, 38.000000, 5.303404
12.000000, 38.000000, 3.943881
13.000000, 38.000000, 2.830345
14.000000, 38.000000, 2.013224
15.000000, 38.000000, 1.423284
16.000000, 38.000000, 1.031491
17.000000, 38.000000, 0.835896
18.000000, 38.000000, 0.812831
19.000000, 38.000000, 0.881111
20.000000, 38.000000, 0.983942
21.000000, 38.000000, 1.098061
22.000000, 38.000000, 1.215013
23.000000, 38.000000, 1.333910
24.000000, 38.000000, 1.456724
25.000000, 38.000000, 1.585765
26.000000, 38.000000, 1.723010
27.000000, 38.000000, 1.872820
28.000000, 38.000000, 2.041271
29.000000, 38.000000, 2.234933
30.000000, 38.000000, 2.461821
31.000000, 38.000000, 2.733032
32.000000, 38.000000, 3.063481
33.000000, 38.000000, 3.470956
34.000000, 38.000000, 3.975949
35.000000, 38.000000, 4.611967
36.000000, 38.000000, 5.442524
37.000000, 38.000000, 5.640507
38.000000, 38.000000, 5.772746
39.000000, 38.000000, 5.179945
40.000000, 38.000000, 4.385870
41.000000, 38.000000, 3.764067
42.000000, 38.000000, 3.243578
0.000000, 39.000000, 4.852286
1.000000, 39.000000, 4.914510
2.000000, 39.000000, 4.992443
3.000000, 39.000000, 5.084927
4.000000, 39.000000, 5.181938
5.000000, 39.000000, 5.281320
6.000000, 39.000000, 5.381983
7.000000, 39.000000, 5.476931
8.000000, 39.000000, 5.540315
9.000000, 39.000000, 5.491419
10.000000, 39.000000, 5.137791
11.000000, 39.000000, 4.331627
12.000000, 39.000000, 3.314338
13.000000, 39.000000, 2.381387
14.000000, 39.000000, 1.635676
15.000000, 39.000000, 1.065387
16.000000, 39.000000, 0.670209
17.000000, 39.000000, 0.500827
18.000000, 39.000000, 0.548911
19.000000, 39.000000, 0.683599
20.000000, 39.000000, 0.828529
21.000000, 39.000000, 0.965665
22.000000, 39.000000, 1.094917
23.000000, 39.000000, 1.220483
24.000000, 39.000000, 1.347219
25.000000, 39.000000, 1.479726
26.000000, 39.000000, 1.622234
27.000000, 39.000000, 1.778354
28.000000, 39.000000, 1.951380
29.000000, 39.000000, 2.146555
30.000000, 39.000000, 2.371727
31.000000, 39.000000, 2.636603
32.000000, 39.000000, 2.952530
33.000000, 39.000000, 3.330703
34.000000, 39.000000, 3.776697
35.000000, 39.000000, 4.280787
36.000000, 39.000000, 4.832572
37.000000, 39.000000, 5.247184
38.000000, 39.000000, 5.167772
39.000000, 39.000000, 4.671123
40.000000, 39.000000, 4.111486
41.000000, 39.000000, 3.610081
42.000000, 39.000000, 3.149112
0.000000, 40.000000, 4.697441
1.000000, 40.000000, 4.720489
2.000000, 40.000000, 4.781929
3.000000, 40.000000, 4.866949
4.000000, 40.000000, 4.937966
5.000000, 40.000000, 4.991170
6.000000, 40.000000, 5.019705
7.000000, 40.000000, 5.006995
8.000000, 40.000000, 4.918110
9.000000, 40.000000, 4.690017
10.000000, 40.000000, 4.245688
11.000000, 40.000000, 3.573175
12.000000, 40.000000, 2.782119
13.000000, 40.000000, 2.011299
14.000000, 40.000000, 1.345517
15.000000, 40.000000, 0.800655
16.000000, 40.000000, 0.385965
17.000000, 40.000000, 0.213525
18.000000, 40.000000, 0.370979
19.000000, 40.000000, 0.563231
20.000000, 40.000000, 0.728595
21.000000, 40.000000, 0.871564
22.000000, 40.000000, 1.000708
23.000000, 40.000000, 1.123863
24.000000, 40.000000, 1.247516
25.000000, 40.000000, 1.376900
26.000000, 40.000000, 1.516406
27.000000, 40.000000, 1.670071
28.000000, 40.000000, 1.841898
29.000000, 40.000000, 2.036031
30.000000, 40.000000, 2.256832
31.000000, 40.000000, 2.509348
32.000000, 40.000000, 2.799130
33.000000, 40.000000, 3.127634
34.000000, 40.000000, 3.483427
35.000000, 40.000000, 3.848143
36.000000, 40.000000, 4.193851
37.000000, 40.000000, 4.408221
38.000000, 40.000000, 4.369420
39.000000, 40.000000, 4.108810
40.000000, 40.000000, 3.750542
41.000000, 40.000000, 3.378622
42.000000, 40.000000, 3.003017
0.000000, 41.000000, 4.533422
1.000000, 41.000000, 4.572230
2.000000, 41.000000, 4.620941
3.000000, 41.000000, 4.671594
4.000000, 41.000000, 4.703906
5.000000, 41.000000, 4.707495
6.000000, 41.000000, 4.670525
7.000000, 41.000000, 4.574470
8.000000, 41.000000, 4.391261
9.000000, 41.000000, 4.086184
10.000000, 41.000000, 3.635152
11.000000, 41.000000, 3.054247
12.000000, 41.000000, 2.407048
13.000000, 41.000000, 1.767707
14.000000, 41.000000, 1.187476
15.000000, 41.000000, 0.706829
16.000000, 41.000000, 0.351261
17.000000, 41.000000, 0.218417
18.000000, 41.000000, 0.364094
19.000000, 41.000000, 0.537191
20.000000, 41.000000, 0.685681
21.000000, 41.000000, 0.813756
22.000000, 41.000000, 0.929918
23.000000, 41.000000, 1.042057
24.000000, 41.000000, 1.156552
25.000000, 41.000000, 1.278193
26.000000, 41.000000, 1.410683
27.000000, 41.000000, 1.557374
28.000000, 41.000000, 1.721358
29.000000, 41.000000, 1.905568
30.000000, 41.000000, 2.112885
31.000000, 41.000000, 2.344785
32.000000, 41.000000, 2.596512
33.000000, 41.000000, 2.866516
34.000000, 41.000000, 3.153238
35.000000, 41.000000, 3.425733
36.000000, 41.000000, 3.657584
37.000000, 41.000000, 3.782243
38.000000, 41.000000, 3.765885
39.000000, 41.000000, 3.621099
40.000000, 41.000000, 3.393936
41.000000, 41.000000, 3.125047
42.000000, 41.000000, 2.828836
0.000000, 42.000000, 4.401858
1.000000, 42.000000, 4.434701
2.000000, 42.000000, 4.469652
3.000000, 42.000000, 4.496977
4.000000, 42.000000, 4.495517
5.000000, 42.000000, 4.455008
6.000000, 42.000000, 4.366871
7.000000, 42.000000, 4.215813
8.000000, 42.000000, 3.983405
9.000000, 42.000000, 3.653878
10.000000, 42.000000, 3.224693
11.000000, 42.000000, 2.717202
12.000000, 42.000000, 2.175782
13.000000, 42.000000, 1.649655
14.000000, 42.000000, 1.165210
15.000000, 42.000000, 0.776964
16.000000, 42.000000, 0.516190
17.000000, 42.000000, 0.422870
18.000000, 42.000000, 0.475213
19.000000, 42.000000, 0.578654
20.000000, 42.000000, 0.683953
21.000000, 42.000000, 0.781866
22.000000, 42.000000, 0.875393
23.000000, 42.000000, 0.970113
24.000000, 42.000000, 1.071169
25.000000, 42.000000, 1.182190
26.000000, 42.000000, 1.305229
27.000000, 42.000000, 1.442904
28.000000, 42.000000, 1.596991
29.000000, 42.000000, 1.767958
30.000000, 42.000000, 1.952405
31.000000, 42.000000, 2.147773
32.000000, 42.000000, 2.360243
33.000000, 42.000000, 2.590014
34.000000, 42.000000, 2.826655
35.000000, 42.000000, 3.039445
36.000000, 42.000000, 3.199966
37.000000, 42.000000, 3.283190
38.000000, 42.000000, 3.285042
39.000000, 42.000000, 3.205836
40.000000, 42.000000, 3.063617
41.000000, 42.000000, 2.872183
42.000000, 42.000000, 2.643904
