S
I=43,J=43
0.000000, 0.000000, 2.423414
1.000000, 0.000000, 2.421638
2.000000, 0.000000, 2.418255
3.000000, 0.000000, 2.412515
4.000000, 0.000000, 2.403394
5.000000, 0.000000, 2.389301
6.000000, 0.000000, 2.366996
7.000000, 0.000000, 2.329145
8.000000, 0.000000, 2.266012
9.000000, 0.000000, 2.180682
10.000000, 0.000000, 2.085372
11.000000, 0.000000, 1.988989
12.000000, 0.000000, 1.893136
13.000000, 0.000000, 1.797512
14.000000, 0.000000, 1.701644
15.000000, 0.000000, 1.605539
16.000000, 0.000000, 1.509866
17.000000, 0.000000, 1.415895
18.000000, 0.000000, 1.325185
19.000000, 0.000000, 1.238554
20.000000, 0.000000, 1.155257
21.000000, 0.000000, 1.079293
22.000000, 0.000000, 1.019512
23.000000, 0.000000, 0.982025
24.000000, 0.000000, 0.970242
25.000000, 0.000000, 0.985306
26.000000, 0.000000, 1.026120
27.000000, 0.000000, 1.089792
28.000000, 0.000000, 1.172507
29.000000, 0.000000, 1.270327
30.000000, 0.000000, 1.379690
31.000000, 0.000000, 1.497558
32.000000, 0.000000, 1.621397
33.000000, 0.000000, 1.749083
34.000000, 0.000000, 1.892794
35.000000, 0.000000, 2.042465
36.000000, 0.000000, 2.184912
37.000000, 0.000000, 2.316147
38.000000, 0.000000, 2.432684
39.000000, 0.000000, 2.531909
40.000000, 0.000000, 2.612337
41.000000, 0.000000, 2.690443
42.000000, 0.000000, 2.742393
0.000000, 1.000000, 2.470496
1.000000, 1.000000, 2.470440
2.000000, 1.000000, 2.468713
3.000000, 1.000000, 2.464668
4.000000, 1.000000, 2.457459
5.000000, 1.000000, 2.446249
6.000000, 1.000000, 2.429617
7.000000, 1.000000, 2.400683
8.000000, 1.000000, 2.330233
9.000000, 1.000000, 2.225463
10.000000, 1.000000, 2.118938
11.000000, 1.000000, 2.015974
12.000000, 1.000000, 1.914973
13.000000, 1.000000, 1.813658
14.000000, 1.000000, 1.710578
15.000000, 1.000000, 1.605406
16.000000, 1.000000, 1.498871
17.000000, 1.000000, 1.392668
18.000000, 1.000000, 1.289322
19.000000, 1.000000, 1.191443
20.000000, 1.000000, 1.093215
21.000000, 1.000000, 0.998619
22.000000, 1.000000, 0.925134
23.000000, 1.000000, 0.879128
24.000000, 1.000000, 0.864788
25.000000, 1.000000, 0.883692
26.000000, 1.000000, 0.934090
27.000000, 1.000000, 1.011597
28.000000, 1.000000, 1.110809
29.000000, 1.000000, 1.226630
30.000000, 1.000000, 1.354846
31.000000, 1.000000, 1.492145
32.000000, 1.000000, 1.636006
33.000000, 1.000000, 1.791396
34.000000, 1.000000, 1.965925
35.000000, 1.000000, 2.138706
36.000000, 1.000000, 2.302455
37.000000, 1.000000, 2.452048
38.000000, 1.000000, 2.582925
39.000000, 1.000000, 2.691722
40.000000, 1.000000, 2.776927
41.000000, 1.000000, 2.844720
42.000000, 1.000000, 2.896345
0.000000, 2.000000, 2.522758
1.000000, 2.000000, 2.524043
2.000000, 2.000000, 2.523504
3.000000, 2.000000, 2.520137
4.000000, 2.000000, 2.512725
5.000000, 2.000000, 2.500348
6.000000, 2.000000, 2.482507
7.000000, 2.000000, 2.457076
8.000000, 2.000000, 2.378475
9.000000, 2.000000, 2.260676
10.000000, 2.000000, 2.150560
11.000000, 2.000000, 2.046832
12.000000, 2.000000, 1.944444
13.000000, 2.000000, 1.839360
14.000000, 2.000000, 1.729550
15.000000, 2.000000, 1.614637
16.000000, 2.000000, 1.495490
17.000000, 2.000000, 1.374036
18.000000, 2.000000, 1.253135
19.000000, 2.000000, 1.135717
20.000000, 2.000000, 1.018694
21.000000, 2.000000, 0.907815
22.000000, 2.000000, 0.819832
23.000000, 2.000000, 0.763711
24.000000, 2.000000, 0.746325
25.000000, 2.000000, 0.770674
26.000000, 2.000000, 0.833955
27.000000, 2.000000, 0.929139
28.000000, 2.000000, 1.048369
29.000000, 2.000000, 1.185142
30.000000, 2.000000, 1.334740
31.000000, 2.000000, 1.493819
32.000000, 2.000000, 1.661499
33.000000, 2.000000, 1.853801
34.000000, 2.000000, 2.057964
35.000000, 2.000000, 2.257895
36.000000, 2.000000, 2.446969
37.000000, 2.000000, 2.618320
38.000000, 2.000000, 2.765655
39.000000, 2.000000, 2.884420
40.000000, 2.000000, 2.972672
41.000000, 2.000000, 3.032196
42.000000, 2.000000, 3.074205
0.000000, 3.000000, 2.581352
1.000000, 3.000000, 2.583928
2.000000, 3.000000, 2.584513
3.000000, 3.000000, 2.581218
4.000000, 3.000000, 2.571700
5.000000, 3.000000, 2.553578
6.000000, 3.000000, 2.523567
7.000000, 3.000000, 2.473687
8.000000, 3.000000, 2.388954
9.000000, 3.000000, 2.283495
10.000000, 3.000000, 2.182382
11.000000, 3.000000, 2.085969
12.000000, 3.000000, 1.986589
13.000000, 3.000000, 1.879590
14.000000, 3.000000, 1.763347
15.000000, 3.000000, 1.637933
16.000000, 3.000000, 1.504488
17.000000, 3.000000, 1.364998
18.000000, 3.000000, 1.222175
19.000000, 3.000000, 1.079139
20.000000, 3.000000, 0.939596
21.000000, 3.000000, 0.811569
22.000000, 3.000000, 0.706747
23.000000, 3.000000, 0.637308
24.000000, 3.000000, 0.615510
25.000000, 3.000000, 0.647647
26.000000, 3.000000, 0.728658
27.000000, 3.000000, 0.846435
28.000000, 3.000000, 0.989451
29.000000, 3.000000, 1.149841
30.000000, 3.000000, 1.322909
31.000000, 3.000000, 1.505838
32.000000, 3.000000, 1.705615
33.000000, 3.000000, 1.936401
34.000000, 3.000000, 2.172544
35.000000, 3.000000, 2.404739
36.000000, 3.000000, 2.624573
37.000000, 3.000000, 2.822386
38.000000, 3.000000, 2.988964
39.000000, 3.000000, 3.117749
40.000000, 3.000000, 3.206516
41.000000, 3.000000, 3.257594
42.000000, 3.000000, 3.280124
0.000000, 4.000000, 2.647798
1.000000, 4.000000, 2.652028
2.000000, 4.000000, 2.654609
3.000000, 4.000000, 2.651999
4.000000, 4.000000, 2.640389
5.000000, 4.000000, 2.615999
6.000000, 4.000000, 2.573907
7.000000, 4.000000, 2.507234
8.000000, 4.000000, 2.412755
9.000000, 4.000000, 2.310151
10.000000, 4.000000, 2.225179
11.000000, 4.000000, 2.142994
12.000000, 4.000000, 2.049145
13.000000, 4.000000, 1.940699
14.000000, 4.000000, 1.817610
15.000000, 4.000000, 1.680790
16.000000, 4.000000, 1.531750
17.000000, 4.000000, 1.372542
18.000000, 4.000000, 1.205865
19.000000, 4.000000, 1.035797
20.000000, 4.000000, 0.869889
21.000000, 4.000000, 0.718963
22.000000, 4.000000, 0.591960
23.000000, 4.000000, 0.502583
24.000000, 4.000000, 0.472937
25.000000, 4.000000, 0.516795
26.000000, 4.000000, 0.623071
27.000000, 4.000000, 0.769407
28.000000, 4.000000, 0.939535
29.000000, 4.000000, 1.125136
30.000000, 4.000000, 1.322653
31.000000, 4.000000, 1.531637
32.000000, 4.000000, 1.772113
33.000000, 4.000000, 2.038965
34.000000, 4.000000, 2.311943
35.000000, 4.000000, 2.583261
36.000000, 4.000000, 2.841725
37.000000, 4.000000, 3.073106
38.000000, 4.000000, 3.263015
39.000000, 4.000000, 3.401323
40.000000, 4.000000, 3.485624
41.000000, 4.000000, 3.521293
42.000000, 4.000000, 3.518945
0.000000, 5.000000, 2.724062
1.000000, 5.000000, 2.730742
2.000000, 5.000000, 2.737653
3.000000, 5.000000, 2.737585
4.000000, 5.000000, 2.725886
5.000000, 5.000000, 2.698604
6.000000, 5.000000, 2.651027
7.000000, 5.000000, 2.577751
8.000000, 5.000000, 2.476992
9.000000, 5.000000, 2.363076
10.000000, 5.000000, 2.302148
11.000000, 5.000000, 2.232643
12.000000, 5.000000, 2.141534
13.000000, 5.000000, 2.029727
14.000000, 5.000000, 1.898457
15.000000, 5.000000, 1.749196
16.000000, 5.000000, 1.583755
17.000000, 5.000000, 1.404312
18.000000, 5.000000, 1.213472
19.000000, 5.000000, 1.014872
20.000000, 5.000000, 0.817286
21.000000, 5.000000, 0.641129
22.000000, 5.000000, 0.486270
23.000000, 5.000000, 0.365157
24.000000, 5.000000, 0.319972
25.000000, 5.000000, 0.383787
26.000000, 5.000000, 0.526972
27.000000, 5.000000, 0.707457
28.000000, 5.000000, 0.905905
29.000000, 5.000000, 1.116076
30.000000, 5.000000, 1.336875
31.000000, 5.000000, 1.574856
32.000000, 5.000000, 1.857155
33.000000, 5.000000, 2.160995
34.000000, 5.000000, 2.476774
35.000000, 5.000000, 2.796560
36.000000, 5.000000, 3.105566
37.000000, 5.000000, 3.382029
38.000000, 5.000000, 3.601843
39.000000, 5.000000, 3.747998
40.000000, 5.000000, 3.818509
41.000000, 5.000000, 3.825630
42.000000, 5.000000, 3.788076
0.000000, 6.000000, 2.814670
1.000000, 6.000000, 2.824815
2.000000, 6.000000, 2.838871
3.000000, 6.000000, 2.842864
4.000000, 6.000000, 2.833660
5.000000, 6.000000, 2.808060
6.000000, 6.000000, 2.762417
7.000000, 6.000000, 2.693457
8.000000, 6.000000, 2.604649
9.000000, 6.000000, 2.513649
10.000000, 6.000000, 2.441379
11.000000, 6.000000, 2.365927
12.000000, 6.000000, 2.270703
13.000000, 6.000000, 2.152514
14.000000, 6.000000, 2.011520
15.000000, 6.000000, 1.848957
16.000000, 6.000000, 1.666738
17.000000, 6.000000, 1.467494
18.000000, 6.000000, 1.254217
19.000000, 6.000000, 1.030398
20.000000, 6.000000, 0.802924
21.000000, 6.000000, 0.599283
22.000000, 6.000000, 0.408454
23.000000, 6.000000, 0.238218
24.000000, 6.000000, 0.160141
25.000000, 6.000000, 0.264305
26.000000, 6.000000, 0.458147
27.000000, 6.000000, 0.673068
28.000000, 6.000000, 0.896454
29.000000, 6.000000, 1.127366
30.000000, 6.000000, 1.368184
31.000000, 6.000000, 1.638538
32.000000, 6.000000, 1.956699
33.000000, 6.000000, 2.299175
34.000000, 6.000000, 2.664060
35.000000, 6.000000, 3.044671
36.000000, 6.000000, 3.422672
37.000000, 6.000000, 3.764203
38.000000, 6.000000, 4.025644
39.000000, 6.000000, 4.175217
40.000000, 6.000000, 4.213806
41.000000, 6.000000, 4.170056
42.000000, 6.000000, 4.078719
0.000000, 7.000000, 2.931523
1.000000, 7.000000, 2.946982
2.000000, 7.000000, 2.962449
3.000000, 7.000000, 2.968166
4.000000, 7.000000, 2.958935
5.000000, 7.000000, 2.932202
6.000000, 7.000000, 2.887178
7.000000, 7.000000, 2.823117
8.000000, 7.000000, 2.747513
9.000000, 7.000000, 2.670381
10.000000, 7.000000, 2.594412
11.000000, 7.000000, 2.511969
12.000000, 7.000000, 2.412722
13.000000, 7.000000, 2.291002
14.000000, 7.000000, 2.144962
15.000000, 7.000000, 1.974338
16.000000, 7.000000, 1.780360
17.000000, 7.000000, 1.565446
18.000000, 7.000000, 1.333828
19.000000, 7.000000, 1.091440
20.000000, 7.000000, 0.847366
21.000000, 7.000000, 0.611770
22.000000, 7.000000, 0.383512
23.000000, 7.000000, 0.162010
24.000000, 7.000000, 0.029048
25.000000, 7.000000, 0.202891
26.000000, 7.000000, 0.440485
27.000000, 7.000000, 0.677789
28.000000, 7.000000, 0.916893
29.000000, 7.000000, 1.161469
30.000000, 7.000000, 1.417614
31.000000, 7.000000, 1.718448
32.000000, 7.000000, 2.064871
33.000000, 7.000000, 2.445079
34.000000, 7.000000, 2.863803
35.000000, 7.000000, 3.319670
36.000000, 7.000000, 3.794620
37.000000, 7.000000, 4.238088
38.000000, 7.000000, 4.564802
39.000000, 7.000000, 4.706121
40.000000, 7.000000, 4.675698
41.000000, 7.000000, 4.543980
42.000000, 7.000000, 4.373761
0.000000, 8.000000, 3.067328
1.000000, 8.000000, 3.072896
2.000000, 8.000000, 3.075538
3.000000, 8.000000, 3.070576
4.000000, 8.000000, 3.056757
5.000000, 8.000000, 3.032087
6.000000, 8.000000, 2.994592
7.000000, 8.000000, 2.943121
8.000000, 8.000000, 2.883426
9.000000, 8.000000, 2.819722
10.000000, 8.000000, 2.749376
11.000000, 8.000000, 2.667341
12.000000, 8.000000, 2.566752
13.000000, 8.000000, 2.442257
14.000000, 8.000000, 2.290924
15.000000, 8.000000, 2.112182
16.000000, 8.000000, 1.907849
17.000000, 8.000000, 1.681977
18.000000, 8.000000, 1.440053
19.000000, 8.000000, 1.187897
20.000000, 8.000000, 0.931421
21.000000, 8.000000, 0.676929
22.000000, 8.000000, 0.431266
23.000000, 8.000000, 0.209781
24.000000, 8.000000, 0.108582
25.000000, 8.000000, 0.258353
26.000000, 8.000000, 0.487622
27.000000, 8.000000, 0.725762
28.000000, 8.000000, 0.967777
29.000000, 8.000000, 1.216769
30.000000, 8.000000, 1.482689
31.000000, 8.000000, 1.804597
32.000000, 8.000000, 2.170810
33.000000, 8.000000, 2.583020
34.000000, 8.000000, 3.054338
35.000000, 8.000000, 3.595978
36.000000, 8.000000, 4.203879
37.000000, 8.000000, 4.818819
38.000000, 8.000000, 5.266739
39.000000, 8.000000, 5.365793
40.000000, 8.000000, 5.187508
41.000000, 8.000000, 4.913087
42.000000, 8.000000, 4.639429
0.000000, 9.000000, 3.156750
1.000000, 9.000000, 3.160779
2.000000, 9.000000, 3.163760
3.000000, 9.000000, 3.163261
4.000000, 9.000000, 3.156730
5.000000, 9.000000, 3.141920
6.000000, 9.000000, 3.116905
7.000000, 9.000000, 3.080250
8.000000, 9.000000, 3.036965
9.000000, 9.000000, 2.988039
10.000000, 9.000000, 2.928750
11.000000, 9.000000, 2.854097
12.000000, 9.000000, 2.758074
13.000000, 9.000000, 2.635317
14.000000, 9.000000, 2.482025
15.000000, 9.000000, 2.296676
16.000000, 9.000000, 2.081074
17.000000, 9.000000, 1.840974
18.000000, 9.000000, 1.584826
19.000000, 9.000000, 1.320822
20.000000, 9.000000, 1.055592
21.000000, 9.000000, 0.795891
22.000000, 9.000000, 0.553729
23.000000, 9.000000, 0.361417
24.000000, 9.000000, 0.296337
25.000000, 9.000000, 0.399321
26.000000, 9.000000, 0.590908
27.000000, 9.000000, 0.811119
28.000000, 9.000000, 1.043561
29.000000, 9.000000, 1.287148
30.000000, 9.000000, 1.555987
31.000000, 9.000000, 1.885065
32.000000, 9.000000, 2.259289
33.000000, 9.000000, 2.690168
34.000000, 9.000000, 3.199685
35.000000, 9.000000, 3.817343
36.000000, 9.000000, 4.576251
37.000000, 9.000000, 5.469117
38.000000, 9.000000, 6.169862
39.000000, 9.000000, 6.133641
40.000000, 9.000000, 5.661160
41.000000, 9.000000, 5.198887
42.000000, 9.000000, 4.820998
0.000000, 10.000000, 3.238316
1.000000, 10.000000, 3.248522
2.000000, 10.000000, 3.257789
3.000000, 10.000000, 3.264560
4.000000, 10.000000, 3.267078
5.000000, 10.000000, 3.263596
6.000000, 10.000000, 3.252378
7.000000, 10.000000, 3.231785
8.000000, 10.000000, 3.206229
9.000000, 10.000000, 3.175185
10.000000, 10.000000, 3.132645
11.000000, 10.000000, 3.072664
12.000000, 10.000000, 2.988779
13.000000, 10.000000, 2.875162
14.000000, 10.000000, 2.726634
15.000000, 10.000000, 2.539592
16.000000, 10.000000, 2.314631
17.000000, 10.000000, 2.059588
18.000000, 10.000000, 1.788693
19.000000, 10.000000, 1.513962
20.000000, 10.000000, 1.242565
21.000000, 10.000000, 0.981398
22.000000, 10.000000, 0.748898
23.000000, 10.000000, 0.579346
24.000000, 10.000000, 0.514624
25.000000, 10.000000, 0.575506
26.000000, 10.000000, 0.727049
27.000000, 10.000000, 0.920398
28.000000, 10.000000, 1.133871
29.000000, 10.000000, 1.362937
30.000000, 10.000000, 1.625623
31.000000, 10.000000, 1.946836
32.000000, 10.000000, 2.313407
33.000000, 10.000000, 2.741235
34.000000, 10.000000, 3.256728
35.000000, 10.000000, 3.900435
36.000000, 10.000000, 4.736513
37.000000, 10.000000, 5.839966
38.000000, 10.000000, 5.507433
39.000000, 10.000000, 6.554183
40.000000, 10.000000, 5.858478
41.000000, 10.000000, 5.281023
42.000000, 10.000000, 4.855238
0.000000, 11.000000, 3.323343
1.000000, 11.000000, 3.340278
2.000000, 11.000000, 3.356841
3.000000, 11.000000, 3.372010
4.000000, 11.000000, 3.384624
5.000000, 11.000000, 3.393422
6.000000, 11.000000, 3.396999
7.000000, 11.000000, 3.393826
8.000000, 11.000000, 3.387952
9.000000, 11.000000, 3.378795
10.000000, 11.000000, 3.359610
11.000000, 11.000000, 3.322599
12.000000, 11.000000, 3.259971
13.000000, 11.000000, 3.165950
14.000000, 11.000000, 3.033278
15.000000, 11.000000, 2.853760
16.000000, 11.000000, 2.623327
17.000000, 11.000000, 2.349550
18.000000, 11.000000, 2.059859
19.000000, 11.000000, 1.772240
20.000000, 11.000000, 1.495159
21.000000, 11.000000, 1.228807
22.000000, 11.000000, 0.994408
23.000000, 11.000000, 0.832665
24.000000, 11.000000, 0.763646
25.000000, 11.000000, 0.787713
26.000000, 11.000000, 0.886051
27.000000, 11.000000, 1.039266
28.000000, 11.000000, 1.226122
29.000000, 11.000000, 1.432735
30.000000, 11.000000, 1.678908
31.000000, 11.000000, 1.977732
32.000000, 11.000000, 2.318955
33.000000, 11.000000, 2.717461
34.000000, 11.000000, 3.196168
35.000000, 11.000000, 3.787662
36.000000, 11.000000, 4.533162
37.000000, 11.000000, 5.443959
38.000000, 11.000000, 6.160973
39.000000, 11.000000, 6.091078
40.000000, 11.000000, 5.561196
41.000000, 11.000000, 5.080996
42.000000, 11.000000, 4.706495
0.000000, 12.000000, 3.410849
1.000000, 12.000000, 3.434780
2.000000, 12.000000, 3.459097
3.000000, 12.000000, 3.483180
4.000000, 12.000000, 3.506349
5.000000, 12.000000, 3.527829
6.000000, 12.000000, 3.546692
7.000000, 12.000000, 3.561851
8.000000, 12.000000, 3.577194
9.000000, 12.000000, 3.593565
10.000000, 12.000000, 3.605090
11.000000, 12.000000, 3.600868
12.000000, 12.000000, 3.569419
13.000000, 12.000000, 3.509643
14.000000, 12.000000, 3.411113
15.000000, 12.000000, 3.256876
16.000000, 12.000000, 3.032509
17.000000, 12.000000, 2.738579
18.000000, 12.000000, 2.417948
19.000000, 12.000000, 2.097772
20.000000, 12.000000, 1.794207
21.000000, 12.000000, 1.509402
22.000000, 12.000000, 1.263552
23.000000, 12.000000, 1.095357
24.000000, 12.000000, 1.012353
25.000000, 12.000000, 1.008840
26.000000, 12.000000, 1.068502
27.000000, 12.000000, 1.172796
28.000000, 12.000000, 1.312428
29.000000, 12.000000, 1.485886
30.000000, 12.000000, 1.704899
31.000000, 12.000000, 1.968839
32.000000, 12.000000, 2.268315
33.000000, 12.000000, 2.613934
34.000000, 12.000000, 3.020078
35.000000, 12.000000, 3.501749
36.000000, 12.000000, 4.062086
37.000000, 12.000000, 4.649320
38.000000, 12.000000, 5.078041
39.000000, 12.000000, 5.140353
40.000000, 12.000000, 4.929745
41.000000, 12.000000, 4.650089
42.000000, 12.000000, 4.394332
0.000000, 13.000000, 3.499852
1.000000, 13.000000, 3.530761
2.000000, 13.000000, 3.562853
3.000000, 13.000000, 3.595839
4.000000, 13.000000, 3.629446
5.000000, 13.000000, 3.663381
6.000000, 13.000000, 3.697276
7.000000, 13.000000, 3.730680
8.000000, 13.000000, 3.767306
9.000000, 13.000000, 3.810143
10.000000, 13.000000, 3.856323
11.000000, 13.000000, 3.895447
12.000000, 13.000000, 3.906002
13.000000, 13.000000, 3.901990
14.000000, 13.000000, 3.866502
15.000000, 13.000000, 3.769476
16.000000, 13.000000, 3.575737
17.000000, 13.000000, 3.271399
18.000000, 13.000000, 2.892331
19.000000, 13.000000, 2.496095
20.000000, 13.000000, 2.125629
21.000000, 13.000000, 1.801846
22.000000, 13.000000, 1.540041
23.000000, 13.000000, 1.355483
24.000000, 13.000000, 1.250741
25.000000, 13.000000, 1.217952
26.000000, 13.000000, 1.242594
27.000000, 13.000000, 1.308615
28.000000, 13.000000, 1.403217
29.000000, 13.000000, 1.522470
30.000000, 13.000000, 1.697386
31.000000, 13.000000, 1.916296
32.000000, 13.000000, 2.162422
33.000000, 13.000000, 2.441627
34.000000, 13.000000, 2.760913
35.000000, 13.000000, 3.122477
36.000000, 13.000000, 3.514104
37.000000, 13.000000, 3.890284
38.000000, 13.000000, 4.166543
39.000000, 13.000000, 4.273245
40.000000, 13.000000, 4.229613
41.000000, 13.000000, 4.111317
42.000000, 13.000000, 3.978196
0.000000, 14.000000, 3.589420
1.000000, 14.000000, 3.627037
2.000000, 14.000000, 3.666568
3.000000, 14.000000, 3.707993
4.000000, 14.000000, 3.751386
5.000000, 14.000000, 3.796892
6.000000, 14.000000, 3.844716
7.000000, 14.000000, 3.895107
8.000000, 14.000000, 3.951360
9.000000, 14.000000, 4.018079
10.000000, 14.000000, 4.093551
11.000000, 14.000000, 4.172228
12.000000, 14.000000, 4.249043
13.000000, 14.000000, 4.327431
14.000000, 14.000000, 4.394657
15.000000, 14.000000, 4.409464
16.000000, 14.000000, 4.293145
17.000000, 14.000000, 3.973037
18.000000, 14.000000, 3.489494
19.000000, 14.000000, 2.969475
20.000000, 14.000000, 2.501686
21.000000, 14.000000, 2.116254
22.000000, 14.000000, 1.818100
23.000000, 14.000000, 1.605415
24.000000, 14.000000, 1.472005
25.000000, 14.000000, 1.407924
26.000000, 14.000000, 1.398074
27.000000, 14.000000, 1.426264
28.000000, 14.000000, 1.480094
29.000000, 14.000000, 1.553170
30.000000, 14.000000, 1.668669
31.000000, 14.000000, 1.827943
32.000000, 14.000000, 2.018698
33.000000, 14.000000, 2.232658
34.000000, 14.000000, 2.470585
35.000000, 14.000000, 2.729843
36.000000, 14.000000, 2.998190
37.000000, 14.000000, 3.248847
38.000000, 14.000000, 3.444435
39.000000, 14.000000, 3.557450
40.000000, 14.000000, 3.590826
41.000000, 14.000000, 3.572015
42.000000, 14.000000, 3.531421
0.000000, 15.000000, 3.678734
1.000000, 15.000000, 3.722578
2.000000, 15.000000, 3.768922
3.000000, 15.000000, 3.817946
4.000000, 15.000000, 3.869998
5.000000, 15.000000, 3.925591
6.000000, 15.000000, 3.985437
7.000000, 15.000000, 4.050475
8.000000, 15.000000, 4.123580
9.000000, 15.000000, 4.210617
10.000000, 15.000000, 4.312996
11.000000, 15.000000, 4.433055
12.000000, 15.000000, 4.576155
13.000000, 15.000000, 4.750707
14.000000, 15.000000, 4.958254
15.000000, 15.000000, 5.168889
16.000000, 15.000000, 5.245398
17.000000, 15.000000, 4.910924
18.000000, 15.000000, 4.211417
19.000000, 15.000000, 3.492204
20.000000, 15.000000, 2.896163
21.000000, 15.000000, 2.433650
22.000000, 15.000000, 2.087352
23.000000, 15.000000, 1.839042
24.000000, 15.000000, 1.672419
25.000000, 15.000000, 1.576633
26.000000, 15.000000, 1.533178
27.000000, 15.000000, 1.524066
28.000000, 15.000000, 1.537203
29.000000, 15.000000, 1.566377
30.000000, 15.000000, 1.633497
31.000000, 15.000000, 1.728007
32.000000, 15.000000, 1.850319
33.000000, 15.000000, 2.000854
34.000000, 15.000000, 2.166468
35.000000, 15.000000, 2.343294
36.000000, 15.000000, 2.524006
37.000000, 15.000000, 2.695489
38.000000, 15.000000, 2.841600
39.000000, 15.000000, 2.950444
40.000000, 15.000000, 3.020948
41.000000, 15.000000, 3.062238
42.000000, 15.000000, 3.088477
0.000000, 16.000000, 3.767135
1.000000, 16.000000, 3.816563
2.000000, 16.000000, 3.868875
3.000000, 16.000000, 3.924372
4.000000, 16.000000, 3.983584
5.000000, 16.000000, 4.047281
6.000000, 16.000000, 4.116559
7.000000, 16.000000, 4.192934
8.000000, 16.000000, 4.279154
9.000000, 16.000000, 4.381519
10.000000, 16.000000, 4.505212
11.000000, 16.000000, 4.657973
12.000000, 16.000000, 4.852743
13.000000, 16.000000, 5.108781
14.000000, 16.000000, 5.451727
15.000000, 16.000000, 5.909908
16.000000, 16.000000, 6.114743
17.000000, 16.000000, 5.690972
18.000000, 16.000000, 4.944226
19.000000, 16.000000, 3.975801
20.000000, 16.000000, 3.255352
21.000000, 16.000000, 2.722989
22.000000, 16.000000, 2.332054
23.000000, 16.000000, 2.050813
24.000000, 16.000000, 1.856127
25.000000, 16.000000, 1.729506
26.000000, 16.000000, 1.651463
27.000000, 16.000000, 1.603751
28.000000, 16.000000, 1.574968
29.000000, 16.000000, 1.559862
30.000000, 16.000000, 1.579740
31.000000, 16.000000, 1.622661
32.000000, 16.000000, 1.677401
33.000000, 16.000000, 1.756525
34.000000, 16.000000, 1.859681
35.000000, 16.000000, 1.971882
36.000000, 16.000000, 2.089624
37.000000, 16.000000, 2.208273
38.000000, 16.000000, 2.321720
39.000000, 16.000000, 2.424605
40.000000, 16.000000, 2.514624
41.000000, 16.000000, 2.593957
42.000000, 16.000000, 2.679058
0.000000, 17.000000, 3.854145
1.000000, 17.000000, 3.908419
2.000000, 17.000000, 3.965710
3.000000, 17.000000, 4.026368
4.000000, 17.000000, 4.090982
5.000000, 17.000000, 4.160449
6.000000, 17.000000, 4.236058
7.000000, 17.000000, 4.319659
8.000000, 17.000000, 4.414027
9.000000, 17.000000, 4.524558
10.000000, 17.000000, 4.658585
11.000000, 17.000000, 4.825870
12.000000, 17.000000, 5.042424
13.000000, 17.000000, 5.331334
14.000000, 17.000000, 5.720804
15.000000, 17.000000, 6.247446
16.000000, 17.000000, 6.453900
17.000000, 17.000000, 6.000549
18.000000, 17.000000, 5.306866
19.000000, 17.000000, 4.277342
20.000000, 17.000000, 3.516201
21.000000, 17.000000, 2.952974
22.000000, 17.000000, 2.536396
23.000000, 17.000000, 2.232843
24.000000, 17.000000, 2.015845
25.000000, 17.000000, 1.860725
26.000000, 17.000000, 1.747574
27.000000, 17.000000, 1.661944
28.000000, 17.000000, 1.593400
29.000000, 17.000000, 1.536090
30.000000, 17.000000, 1.510170
31.000000, 17.000000, 1.505589
32.000000, 17.000000, 1.508152
33.000000, 17.000000, 1.520132
34.000000, 17.000000, 1.557643
35.000000, 17.000000, 1.617718
36.000000, 17.000000, 1.688623
37.000000, 17.000000, 1.770366
38.000000, 17.000000, 1.861964
39.000000, 17.000000, 1.960835
40.000000, 17.000000, 2.064116
41.000000, 17.000000, 2.180189
42.000000, 17.000000, 2.315974
0.000000, 18.000000, 3.939498
1.000000, 18.000000, 3.997839
2.000000, 18.000000, 4.059074
3.000000, 18.000000, 4.123494
4.000000, 18.000000, 4.191644
5.000000, 18.000000, 4.264373
6.000000, 18.000000, 4.342942
7.000000, 18.000000, 4.429200
8.000000, 18.000000, 4.525814
9.000000, 18.000000, 4.636400
10.000000, 18.000000, 4.767681
11.000000, 18.000000, 4.927934
12.000000, 18.000000, 5.129447
13.000000, 18.000000, 5.392768
14.000000, 18.000000, 5.715119
15.000000, 18.000000, 6.066671
16.000000, 18.000000, 6.281799
17.000000, 18.000000, 5.972809
18.000000, 18.000000, 5.174151
19.000000, 18.000000, 4.341257
20.000000, 18.000000, 3.650393
21.000000, 18.000000, 3.108897
22.000000, 18.000000, 2.691193
23.000000, 18.000000, 2.376055
24.000000, 18.000000, 2.141928
25.000000, 18.000000, 1.962182
26.000000, 18.000000, 1.819403
27.000000, 18.000000, 1.700895
28.000000, 18.000000, 1.596888
29.000000, 18.000000, 1.501009
30.000000, 18.000000, 1.431843
31.000000, 18.000000, 1.383806
32.000000, 18.000000, 1.339544
33.000000, 18.000000, 1.300583
34.000000, 18.000000, 1.273988
35.000000, 18.000000, 1.280780
36.000000, 18.000000, 1.314526
37.000000, 18.000000, 1.369589
38.000000, 18.000000, 1.447704
39.000000, 18.000000, 1.547085
40.000000, 18.000000, 1.670052
41.000000, 18.000000, 1.827217
42.000000, 18.000000, 1.995374
0.000000, 19.000000, 4.023134
1.000000, 19.000000, 4.084796
2.000000, 19.000000, 4.148967
3.000000, 19.000000, 4.215792
4.000000, 19.000000, 4.285648
5.000000, 19.000000, 4.359171
6.000000, 19.000000, 4.437372
7.000000, 19.000000, 4.521764
8.000000, 19.000000, 4.614548
9.000000, 19.000000, 4.717812
10.000000, 19.000000, 4.835153
11.000000, 19.000000, 4.972692
12.000000, 19.000000, 5.136435
13.000000, 19.000000, 5.332432
14.000000, 19.000000, 5.538189
15.000000, 19.000000, 5.698949
16.000000, 19.000000, 5.700223
17.000000, 19.000000, 5.414740
18.000000, 19.000000, 4.874726
19.000000, 19.000000, 4.255080
20.000000, 19.000000, 3.682935
21.000000, 19.000000, 3.195936
22.000000, 19.000000, 2.792292
23.000000, 19.000000, 2.476833
24.000000, 19.000000, 2.234532
25.000000, 19.000000, 2.037172
26.000000, 19.000000, 1.871278
27.000000, 19.000000, 1.725934
28.000000, 19.000000, 1.592106
29.000000, 19.000000, 1.462925
30.000000, 19.000000, 1.354168
31.000000, 19.000000, 1.267446
32.000000, 19.000000, 1.181002
33.000000, 19.000000, 1.096146
34.000000, 19.000000, 1.019362
35.000000, 19.000000, 0.966518
36.000000, 19.000000, 0.962336
37.000000, 19.000000, 0.997501
38.000000, 19.000000, 1.070464
39.000000, 19.000000, 1.180761
40.000000, 19.000000, 1.340458
41.000000, 19.000000, 1.527661
42.000000, 19.000000, 1.722085
0.000000, 20.000000, 4.105196
1.000000, 20.000000, 4.169526
2.000000, 20.000000, 4.235742
3.000000, 20.000000, 4.303764
4.000000, 20.000000, 4.373684
5.000000, 20.000000, 4.445791
6.000000, 20.000000, 4.520643
7.000000, 20.000000, 4.599173
8.000000, 20.000000, 4.682776
9.000000, 20.000000, 4.772663
10.000000, 20.000000, 4.868365
11.000000, 20.000000, 4.973724
12.000000, 20.000000, 5.088995
13.000000, 20.000000, 5.207244
14.000000, 20.000000, 5.305140
15.000000, 20.000000, 5.338606
16.000000, 20.000000, 5.247334
17.000000, 20.000000, 4.988666
18.000000, 20.000000, 4.586046
19.000000, 20.000000, 4.118121
20.000000, 20.000000, 3.651026
21.000000, 20.000000, 3.220336
22.000000, 20.000000, 2.851804
23.000000, 20.000000, 2.548417
24.000000, 20.000000, 2.300368
25.000000, 20.000000, 2.091341
26.000000, 20.000000, 1.909038
27.000000, 20.000000, 1.743668
28.000000, 20.000000, 1.586850
29.000000, 20.000000, 1.431553
30.000000, 20.000000, 1.288413
31.000000, 20.000000, 1.168876
32.000000, 20.000000, 1.046150
33.000000, 20.000000, 0.919600
34.000000, 20.000000, 0.795210
35.000000, 20.000000, 0.687968
36.000000, 20.000000, 0.631009
37.000000, 20.000000, 0.648906
38.000000, 20.000000, 0.729437
39.000000, 20.000000, 0.875873
40.000000, 20.000000, 1.073323
41.000000, 20.000000, 1.287038
42.000000, 20.000000, 1.503360
0.000000, 21.000000, 4.186002
1.000000, 21.000000, 4.252497
2.000000, 21.000000, 4.320065
3.000000, 21.000000, 4.388321
4.000000, 21.000000, 4.456988
5.000000, 21.000000, 4.525891
6.000000, 21.000000, 4.595013
7.000000, 21.000000, 4.664549
8.000000, 21.000000, 4.734937
9.000000, 21.000000, 4.806616
10.000000, 21.000000, 4.876607
11.000000, 21.000000, 4.944733
12.000000, 21.000000, 5.008713
13.000000, 21.000000, 5.058709
14.000000, 21.000000, 5.075871
15.000000, 21.000000, 5.032655
16.000000, 21.000000, 4.900376
17.000000, 21.000000, 4.665888
18.000000, 21.000000, 4.345935
19.000000, 21.000000, 3.971266
20.000000, 21.000000, 3.573735
21.000000, 21.000000, 3.201541
22.000000, 21.000000, 2.871744
23.000000, 21.000000, 2.587231
24.000000, 21.000000, 2.342984
25.000000, 21.000000, 2.129836
26.000000, 21.000000, 1.938498
27.000000, 21.000000, 1.760636
28.000000, 21.000000, 1.588719
29.000000, 21.000000, 1.415902
30.000000, 21.000000, 1.246673
31.000000, 21.000000, 1.101899
32.000000, 21.000000, 0.952200
33.000000, 21.000000, 0.792530
34.000000, 21.000000, 0.625066
35.000000, 21.000000, 0.460201
36.000000, 21.000000, 0.332731
37.000000, 21.000000, 0.325291
38.000000, 21.000000, 0.447357
39.000000, 21.000000, 0.652257
40.000000, 21.000000, 0.883119
41.000000, 21.000000, 1.117915
42.000000, 21.000000, 1.347965
0.000000, 22.000000, 4.266013
1.000000, 22.000000, 4.334370
2.000000, 22.000000, 4.402849
3.000000, 22.000000, 4.470706
4.000000, 22.000000, 4.537227
5.000000, 22.000000, 4.601699
6.000000, 22.000000, 4.663455
7.000000, 22.000000, 4.721903
8.000000, 22.000000, 4.776535
9.000000, 22.000000, 4.826831
10.000000, 22.000000, 4.869878
11.000000, 22.000000, 4.900754
12.000000, 22.000000, 4.917722
13.000000, 22.000000, 4.912516
14.000000, 22.000000, 4.872603
15.000000, 22.000000, 4.783225
16.000000, 22.000000, 4.632523
17.000000, 22.000000, 4.418759
18.000000, 22.000000, 4.146257
19.000000, 22.000000, 3.816862
20.000000, 22.000000, 3.478228
21.000000, 22.000000, 3.156543
22.000000, 22.000000, 2.862945
23.000000, 22.000000, 2.600668
24.000000, 22.000000, 2.367362
25.000000, 22.000000, 2.157556
26.000000, 22.000000, 1.964723
27.000000, 22.000000, 1.782277
28.000000, 22.000000, 1.603820
29.000000, 22.000000, 1.423215
30.000000, 22.000000, 1.239657
31.000000, 22.000000, 1.079064
32.000000, 22.000000, 0.916622
33.000000, 22.000000, 0.741684
34.000000, 22.000000, 0.553206
35.000000, 22.000000, 0.353056
36.000000, 22.000000, 0.156267
37.000000, 22.000000, 0.120907
38.000000, 22.000000, 0.316267
39.000000, 22.000000, 0.554091
40.000000, 22.000000, 0.796117
41.000000, 22.000000, 1.034057
42.000000, 22.000000, 1.263328
0.000000, 23.000000, 4.345780
1.000000, 23.000000, 4.415935
2.000000, 23.000000, 4.485191
3.000000, 23.000000, 4.552403
4.000000, 23.000000, 4.616376
5.000000, 23.000000, 4.675811
6.000000, 23.000000, 4.729365
7.000000, 23.000000, 4.775678
8.000000, 23.000000, 4.813406
9.000000, 23.000000, 4.841192
10.000000, 23.000000, 4.856950
11.000000, 23.000000, 4.853973
12.000000, 23.000000, 4.830227
13.000000, 23.000000, 4.781362
14.000000, 23.000000, 4.700686
15.000000, 23.000000, 4.582174
16.000000, 23.000000, 4.423142
17.000000, 23.000000, 4.222763
18.000000, 23.000000, 3.961750
19.000000, 23.000000, 3.670198
20.000000, 23.000000, 3.377502
21.000000, 23.000000, 3.096873
22.000000, 23.000000, 2.835917
23.000000, 23.000000, 2.597135
24.000000, 23.000000, 2.379270
25.000000, 23.000000, 2.178885
26.000000, 23.000000, 1.991505
27.000000, 23.000000, 1.812183
28.000000, 23.000000, 1.635789
29.000000, 23.000000, 1.457278
30.000000, 23.000000, 1.273497
31.000000, 23.000000, 1.107341
32.000000, 23.000000, 0.948855
33.000000, 23.000000, 0.782386
34.000000, 23.000000, 0.610201
35.000000, 23.000000, 0.442380
36.000000, 23.000000, 0.311912
37.000000, 23.000000, 0.300117
38.000000, 23.000000, 0.427265
39.000000, 23.000000, 0.614285
40.000000, 23.000000, 0.824632
41.000000, 23.000000, 1.039727
42.000000, 23.000000, 1.250486
0.000000, 24.000000, 4.425896
1.000000, 24.000000, 4.498044
2.000000, 24.000000, 4.568274
3.000000, 24.000000, 4.635022
4.000000, 24.000000, 4.696570
5.000000, 24.000000, 4.751009
6.000000, 24.000000, 4.796304
7.000000, 24.000000, 4.830377
8.000000, 24.000000, 4.851190
9.000000, 24.000000, 4.856820
10.000000, 24.000000, 4.845439
11.000000, 24.000000, 4.812759
12.000000, 24.000000, 4.754337
13.000000, 24.000000, 4.670299
14.000000, 24.000000, 4.558872
15.000000, 24.000000, 4.420078
16.000000, 24.000000, 4.255771
17.000000, 24.000000, 4.046972
18.000000, 24.000000, 3.795169
19.000000, 24.000000, 3.534433
20.000000, 24.000000, 3.276486
21.000000, 24.000000, 3.029367
22.000000, 24.000000, 2.797670
23.000000, 24.000000, 2.582629
24.000000, 24.000000, 2.383110
25.000000, 24.000000, 2.196837
26.000000, 24.000000, 2.020895
27.000000, 24.000000, 1.851725
28.000000, 24.000000, 1.685363
29.000000, 24.000000, 1.517959
30.000000, 24.000000, 1.346655
31.000000, 24.000000, 1.185578
32.000000, 24.000000, 1.044099
33.000000, 24.000000, 0.903258
34.000000, 24.000000, 0.768432
35.000000, 24.000000, 0.653931
36.000000, 24.000000, 0.584156
37.000000, 24.000000, 0.578534
38.000000, 24.000000, 0.657465
39.000000, 24.000000, 0.786407
40.000000, 24.000000, 0.946578
41.000000, 24.000000, 1.122350
42.000000, 24.000000, 1.301202
0.000000, 25.000000, 4.506932
1.000000, 25.000000, 4.581530
2.000000, 25.000000, 4.653287
3.000000, 25.000000, 4.720191
4.000000, 25.000000, 4.779980
5.000000, 25.000000, 4.830102
6.000000, 25.000000, 4.867808
7.000000, 25.000000, 4.890314
8.000000, 25.000000, 4.894995
9.000000, 25.000000, 4.879609
10.000000, 25.000000, 4.842467
11.000000, 25.000000, 4.782038
12.000000, 25.000000, 4.694268
13.000000, 25.000000, 4.580508
14.000000, 25.000000, 4.443606
15.000000, 25.000000, 4.288162
16.000000, 25.000000, 4.109912
17.000000, 25.000000, 3.884462
18.000000, 25.000000, 3.645777
19.000000, 25.000000, 3.407602
20.000000, 25.000000, 3.176526
21.000000, 25.000000, 2.957243
22.000000, 25.000000, 2.752002
23.000000, 25.000000, 2.560586
24.000000, 25.000000, 2.381289
25.000000, 25.000000, 2.212606
26.000000, 25.000000, 2.053053
27.000000, 25.000000, 1.900118
28.000000, 25.000000, 1.750655
29.000000, 25.000000, 1.601768
30.000000, 25.000000, 1.451715
31.000000, 25.000000, 1.306577
32.000000, 25.000000, 1.187575
33.000000, 25.000000, 1.078365
34.000000, 25.000000, 0.981290
35.000000, 25.000000, 0.907205
36.000000, 25.000000, 0.865734
37.000000, 25.000000, 0.859671
38.000000, 25.000000, 0.914399
39.000000, 25.000000, 1.009719
40.000000, 25.000000, 1.125800
41.000000, 25.000000, 1.259744
42.000000, 25.000000, 1.400975
0.000000, 26.000000, 4.589355
1.000000, 26.000000, 4.667128
2.000000, 26.000000, 4.741305
3.000000, 26.000000, 4.809438
4.000000, 26.000000, 4.868690
5.000000, 26.000000, 4.915812
6.000000, 26.000000, 4.947276
7.000000, 26.000000, 4.959527
8.000000, 26.000000, 4.949336
9.000000, 26.000000, 4.914179
10.000000, 26.000000, 4.852602
11.000000, 26.000000, 4.764366
12.000000, 26.000000, 4.649338
13.000000, 26.000000, 4.507788
14.000000, 26.000000, 4.346350
15.000000, 26.000000, 4.172555
16.000000, 26.000000, 3.965065
17.000000, 26.000000, 3.734452
18.000000, 26.000000, 3.506154
19.000000, 26.000000, 3.285668
20.000000, 26.000000, 3.076531
21.000000, 26.000000, 2.881084
22.000000, 26.000000, 2.700090
23.000000, 26.000000, 2.532235
24.000000, 26.000000, 2.374288
25.000000, 26.000000, 2.225580
26.000000, 26.000000, 2.086500
27.000000, 26.000000, 1.954902
28.000000, 26.000000, 1.827912
29.000000, 26.000000, 1.703198
30.000000, 26.000000, 1.579769
31.000000, 26.000000, 1.460067
32.000000, 26.000000, 1.363589
33.000000, 26.000000, 1.285904
34.000000, 26.000000, 1.221269
35.000000, 26.000000, 1.176031
36.000000, 26.000000, 1.147062
37.000000, 26.000000, 1.142289
38.000000, 26.000000, 1.181022
39.000000, 26.000000, 1.253990
40.000000, 26.000000, 1.336526
41.000000, 26.000000, 1.431999
42.000000, 26.000000, 1.534883
0.000000, 27.000000, 4.673468
1.000000, 27.000000, 4.755361
2.000000, 27.000000, 4.833189
3.000000, 27.000000, 4.904066
4.000000, 27.000000, 4.964568
5.000000, 27.000000, 5.010619
6.000000, 27.000000, 5.037344
7.000000, 27.000000, 5.038939
8.000000, 27.000000, 5.010358
9.000000, 27.000000, 4.949601
10.000000, 27.000000, 4.857695
11.000000, 27.000000, 4.737529
12.000000, 27.000000, 4.592793
13.000000, 27.000000, 4.424697
14.000000, 27.000000, 4.237205
15.000000, 27.000000, 4.035367
16.000000, 27.000000, 3.802416
17.000000, 27.000000, 3.572207
18.000000, 27.000000, 3.354077
19.000000, 27.000000, 3.150707
20.000000, 27.000000, 2.963396
21.000000, 27.000000, 2.792302
22.000000, 27.000000, 2.636606
23.000000, 27.000000, 2.494591
24.000000, 27.000000, 2.360004
25.000000, 27.000000, 2.233637
26.000000, 27.000000, 2.118810
27.000000, 27.000000, 2.012652
28.000000, 27.000000, 1.912358
29.000000, 27.000000, 1.815943
30.000000, 27.000000, 1.722676
31.000000, 27.000000, 1.633840
32.000000, 27.000000, 1.560906
33.000000, 27.000000, 1.512771
34.000000, 27.000000, 1.476362
35.000000, 27.000000, 1.452830
36.000000, 27.000000, 1.431232
37.000000, 27.000000, 1.428836
38.000000, 27.000000, 1.455852
39.000000, 27.000000, 1.508529
40.000000, 27.000000, 1.565731
41.000000, 27.000000, 1.626102
42.000000, 27.000000, 1.691247
0.000000, 28.000000, 4.759308
1.000000, 28.000000, 4.846445
2.000000, 28.000000, 4.929420
3.000000, 28.000000, 5.004704
4.000000, 28.000000, 5.066392
5.000000, 28.000000, 5.106052
6.000000, 28.000000, 5.118906
7.000000, 28.000000, 5.103107
8.000000, 28.000000, 5.055515
9.000000, 28.000000, 4.973139
10.000000, 28.000000, 4.855675
11.000000, 28.000000, 4.706784
12.000000, 28.000000, 4.533944
13.000000, 28.000000, 4.342583
14.000000, 28.000000, 4.122241
15.000000, 28.000000, 3.881306
16.000000, 28.000000, 3.632983
17.000000, 28.000000, 3.402122
18.000000, 28.000000, 3.191816
19.000000, 28.000000, 3.002840
20.000000, 28.000000, 2.834563
21.000000, 28.000000, 2.685336
22.000000, 28.000000, 2.552964
23.000000, 28.000000, 2.434981
24.000000, 28.000000, 2.327755
25.000000, 28.000000, 2.231523
26.000000, 28.000000, 2.146306
27.000000, 28.000000, 2.069380
28.000000, 28.000000, 1.998802
29.000000, 28.000000, 1.933494
30.000000, 28.000000, 1.873063
31.000000, 28.000000, 1.818367
32.000000, 28.000000, 1.774164
33.000000, 28.000000, 1.751740
34.000000, 28.000000, 1.741688
35.000000, 28.000000, 1.735726
36.000000, 28.000000, 1.722792
37.000000, 28.000000, 1.723151
38.000000, 28.000000, 1.740643
39.000000, 28.000000, 1.773357
40.000000, 28.000000, 1.808112
41.000000, 28.000000, 1.835053
42.000000, 28.000000, 1.862312
0.000000, 29.000000, 4.846584
1.000000, 29.000000, 4.939768
2.000000, 29.000000, 5.025442
3.000000, 29.000000, 5.094327
4.000000, 29.000000, 5.145888
5.000000, 29.000000, 5.179964
6.000000, 29.000000, 5.190987
7.000000, 29.000000, 5.171386
8.000000, 29.000000, 5.113827
9.000000, 29.000000, 5.013087
10.000000, 29.000000, 4.868173
11.000000, 29.000000, 4.684028
12.000000, 29.000000, 4.471435
13.000000, 29.000000, 4.240236
14.000000, 29.000000, 3.986044
15.000000, 29.000000, 3.712703
16.000000, 29.000000, 3.454020
17.000000, 29.000000, 3.222230
18.000000, 29.000000, 3.018933
19.000000, 29.000000, 2.843412
20.000000, 29.000000, 2.693291
21.000000, 29.000000, 2.565205
22.000000, 29.000000, 2.455508
23.000000, 29.000000, 2.361323
24.000000, 29.000000, 2.282198
25.000000, 29.000000, 2.217327
26.000000, 29.000000, 2.163398
27.000000, 29.000000, 2.118177
28.000000, 29.000000, 2.080382
29.000000, 29.000000, 2.049024
30.000000, 29.000000, 2.023547
31.000000, 29.000000, 2.004771
32.000000, 29.000000, 1.994556
33.000000, 29.000000, 1.998250
34.000000, 29.000000, 2.015376
35.000000, 29.000000, 2.026696
36.000000, 29.000000, 2.026325
37.000000, 29.000000, 2.030475
38.000000, 29.000000, 2.039588
39.000000, 29.000000, 2.052375
40.000000, 29.000000, 2.062582
41.000000, 29.000000, 2.055863
42.000000, 29.000000, 2.044238
0.000000, 30.000000, 4.934593
1.000000, 30.000000, 5.016221
2.000000, 30.000000, 5.090676
3.000000, 30.000000, 5.158769
4.000000, 30.000000, 5.217247
5.000000, 30.000000, 5.259547
6.000000, 30.000000, 5.277028
7.000000, 30.000000, 5.259384
8.000000, 30.000000, 5.195897
9.000000, 30.000000, 5.077905
10.000000, 30.000000, 4.902198
11.000000, 30.000000, 4.673997
12.000000, 30.000000, 4.407565
13.000000, 30.000000, 4.122615
14.000000, 30.000000, 3.828060
15.000000, 30.000000, 3.528935
16.000000, 30.000000, 3.260586
17.000000, 30.000000, 3.027845
18.000000, 30.000000, 2.831610
19.000000, 30.000000, 2.669860
20.000000, 30.000000, 2.538541
21.000000, 30.000000, 2.432699
22.000000, 30.000000, 2.347474
23.000000, 30.000000, 2.279159
24.000000, 30.000000, 2.228268
25.000000, 30.000000, 2.194015
26.000000, 30.000000, 2.170604
27.000000, 30.000000, 2.156550
28.000000, 30.000000, 2.151163
29.000000, 30.000000, 2.154274
30.000000, 30.000000, 2.166040
31.000000, 30.000000, 2.186087
32.000000, 30.000000, 2.213802
33.000000, 30.000000, 2.250412
34.000000, 30.000000, 2.297171
35.000000, 30.000000, 2.330317
36.000000, 30.000000, 2.347625
37.000000, 30.000000, 2.357887
38.000000, 30.000000, 2.359235
39.000000, 30.000000, 2.350771
40.000000, 30.000000, 2.331204
41.000000, 30.000000, 2.287990
42.000000, 30.000000, 2.238922
0.000000, 31.000000, 4.982164
1.000000, 31.000000, 5.062251
2.000000, 31.000000, 5.143141
3.000000, 31.000000, 5.221398
4.000000, 31.000000, 5.292176
5.000000, 31.000000, 5.348194
6.000000, 31.000000, 5.379107
7.000000, 31.000000, 5.371312
8.000000, 31.000000, 5.309041
9.000000, 31.000000, 5.177675
10.000000, 31.000000, 4.969353
11.000000, 31.000000, 4.688723
12.000000, 31.000000, 4.355730
13.000000, 31.000000, 4.005936
14.000000, 31.000000, 3.661734
15.000000, 31.000000, 3.334389
16.000000, 31.000000, 3.049664
17.000000, 31.000000, 2.814977
18.000000, 31.000000, 2.626437
19.000000, 31.000000, 2.479856
20.000000, 31.000000, 2.369171
21.000000, 31.000000, 2.287714
22.000000, 31.000000, 2.229509
23.000000, 31.000000, 2.190357
24.000000, 31.000000, 2.168397
25.000000, 31.000000, 2.161688
26.000000, 31.000000, 2.167314
27.000000, 31.000000, 2.183733
28.000000, 31.000000, 2.210482
29.000000, 31.000000, 2.247693
30.000000, 31.000000, 2.295833
31.000000, 31.000000, 2.355433
32.000000, 31.000000, 2.426267
33.000000, 31.000000, 2.505252
34.000000, 31.000000, 2.587864
35.000000, 31.000000, 2.651423
36.000000, 31.000000, 2.693744
37.000000, 31.000000, 2.714276
38.000000, 31.000000, 2.708189
39.000000, 31.000000, 2.675087
40.000000, 31.000000, 2.618207
41.000000, 31.000000, 2.533048
42.000000, 31.000000, 2.447729
0.000000, 32.000000, 5.013809
1.000000, 32.000000, 5.100341
2.000000, 32.000000, 5.190218
3.000000, 32.000000, 5.280661
4.000000, 32.000000, 5.367373
5.000000, 32.000000, 5.443133
6.000000, 32.000000, 5.496414
7.000000, 32.000000, 5.510051
8.000000, 32.000000, 5.461275
9.000000, 32.000000, 5.325493
10.000000, 32.000000, 5.085752
11.000000, 32.000000, 4.744723
12.000000, 32.000000, 4.329799
13.000000, 32.000000, 3.891281
14.000000, 32.000000, 3.493512
15.000000, 32.000000, 3.131821
16.000000, 32.000000, 2.823527
17.000000, 32.000000, 2.580524
18.000000, 32.000000, 2.400611
19.000000, 32.000000, 2.271707
20.000000, 32.000000, 2.184441
21.000000, 32.000000, 2.129880
22.000000, 32.000000, 2.100491
23.000000, 32.000000, 2.090874
24.000000, 32.000000, 2.097696
25.000000, 32.000000, 2.118788
26.000000, 32.000000, 2.152620
27.000000, 32.000000, 2.198496
28.000000, 32.000000, 2.256512
29.000000, 32.000000, 2.327170
30.000000, 32.000000, 2.411005
31.000000, 32.000000, 2.508618
32.000000, 32.000000, 2.620268
33.000000, 32.000000, 2.744941
34.000000, 32.000000, 2.873543
35.000000, 32.000000, 2.978406
36.000000, 32.000000, 3.056270
37.000000, 32.000000, 3.093640
38.000000, 32.000000, 3.080104
39.000000, 32.000000, 3.016239
40.000000, 32.000000, 2.912636
41.000000, 32.000000, 2.784613
42.000000, 32.000000, 2.652020
0.000000, 33.000000, 5.036952
1.000000, 33.000000, 5.129301
2.000000, 33.000000, 5.228007
3.000000, 33.000000, 5.331438
4.000000, 33.000000, 5.436676
5.000000, 33.000000, 5.537800
6.000000, 33.000000, 5.623641
7.000000, 33.000000, 5.674520
8.000000, 33.000000, 5.659217
9.000000, 33.000000, 5.536768
10.000000, 33.000000, 5.271365
11.000000, 33.000000, 4.859952
12.000000, 33.000000, 4.348082
13.000000, 33.000000, 3.814881
14.000000, 33.000000, 3.329169
15.000000, 33.000000, 2.915819
16.000000, 33.000000, 2.581776
17.000000, 33.000000, 2.328000
18.000000, 33.000000, 2.153114
19.000000, 33.000000, 2.045115
20.000000, 33.000000, 1.985098
21.000000, 33.000000, 1.960381
22.000000, 33.000000, 1.961417
23.000000, 33.000000, 1.981589
24.000000, 33.000000, 2.016927
25.000000, 33.000000, 2.065370
26.000000, 33.000000, 2.125797
27.000000, 33.000000, 2.197137
28.000000, 33.000000, 2.279573
29.000000, 33.000000, 2.376191
30.000000, 33.000000, 2.490691
31.000000, 33.000000, 2.625734
32.000000, 33.000000, 2.782641
33.000000, 33.000000, 2.960252
34.000000, 33.000000, 3.147755
35.000000, 33.000000, 3.316686
36.000000, 33.000000, 3.452904
37.000000, 33.000000, 3.521149
38.000000, 33.000000, 3.498720
39.000000, 33.000000, 3.388476
40.000000, 33.000000, 3.219692
41.000000, 33.000000, 3.033130
42.000000, 33.000000, 2.828136
0.000000, 34.000000, 5.049294
1.000000, 34.000000, 5.145761
2.000000, 34.000000, 5.251637
3.000000, 34.000000, 5.366846
4.000000, 34.000000, 5.490710
5.000000, 34.000000, 5.620280
6.000000, 34.000000, 5.747604
7.000000, 34.000000, 5.854372
8.000000, 34.000000, 5.902889
9.000000, 34.000000, 5.827850
10.000000, 34.000000, 5.551566
11.000000, 34.000000, 5.048963
12.000000, 34.000000, 4.399667
13.000000, 34.000000, 3.734028
14.000000, 34.000000, 3.148708
15.000000, 34.000000, 2.675487
16.000000, 34.000000, 2.314960
17.000000, 34.000000, 2.058070
18.000000, 34.000000, 1.891840
19.000000, 34.000000, 1.803221
20.000000, 34.000000, 1.774364
21.000000, 34.000000, 1.782974
22.000000, 34.000000, 1.816120
23.000000, 34.000000, 1.866133
24.000000, 34.000000, 1.927815
25.000000, 34.000000, 1.996500
26.000000, 34.000000, 2.072593
27.000000, 34.000000, 2.161449
28.000000, 34.000000, 2.267039
29.000000, 34.000000, 2.392534
30.000000, 34.000000, 2.541454
31.000000, 34.000000, 2.717726
32.000000, 34.000000, 2.925060
33.000000, 34.000000, 3.165199
34.000000, 34.000000, 3.427609
35.000000, 34.000000, 3.684619
36.000000, 34.000000, 3.914566
37.000000, 34.000000, 4.043179
38.000000, 34.000000, 4.009444
39.000000, 34.000000, 3.824832
40.000000, 34.000000, 3.565664
41.000000, 34.000000, 3.283815
42.000000, 34.000000, 2.989609
0.000000, 35.000000, 5.048751
1.000000, 35.000000, 5.146439
2.000000, 35.000000, 5.255982
3.000000, 35.000000, 5.378945
4.000000, 35.000000, 5.517361
5.000000, 35.000000, 5.672627
6.000000, 35.000000, 5.843529
7.000000, 35.000000, 6.020666
8.000000, 35.000000, 6.171727
9.000000, 35.000000, 6.208854
10.000000, 35.000000, 5.964062
11.000000, 35.000000, 5.327677
12.000000, 35.000000, 4.462733
13.000000, 35.000000, 3.620043
14.000000, 35.000000, 2.927609
15.000000, 35.000000, 2.398281
16.000000, 35.000000, 2.017265
17.000000, 35.000000, 1.764790
18.000000, 35.000000, 1.619734
19.000000, 35.000000, 1.559051
20.000000, 35.000000, 1.560567
21.000000, 35.000000, 1.604280
22.000000, 35.000000, 1.669354
23.000000, 35.000000, 1.740910
24.000000, 35.000000, 1.815654
25.000000, 35.000000, 1.899322
26.000000, 35.000000, 1.995275
27.000000, 35.000000, 2.106152
28.000000, 35.000000, 2.235333
29.000000, 35.000000, 2.387138
30.000000, 35.000000, 2.566956
31.000000, 35.000000, 2.781408
32.000000, 35.000000, 3.038231
33.000000, 35.000000, 3.345236
34.000000, 35.000000, 3.699020
35.000000, 35.000000, 4.080622
36.000000, 35.000000, 4.460125
37.000000, 35.000000, 4.708100
38.000000, 35.000000, 4.658470
39.000000, 35.000000, 4.342398
40.000000, 35.000000, 3.931206
41.000000, 35.000000, 3.519531
42.000000, 35.000000, 3.129004
0.000000, 36.000000, 5.033888
1.000000, 36.000000, 5.128822
2.000000, 36.000000, 5.236713
3.000000, 36.000000, 5.360344
4.000000, 36.000000, 5.503974
5.000000, 36.000000, 5.673205
6.000000, 36.000000, 5.874900
7.000000, 36.000000, 6.115392
8.000000, 36.000000, 6.390844
9.000000, 36.000000, 6.640281
10.000000, 36.000000, 6.557198
11.000000, 36.000000, 5.695459
12.000000, 36.000000, 4.484033
13.000000, 36.000000, 3.436816
14.000000, 36.000000, 2.648777
15.000000, 36.000000, 2.078038
16.000000, 36.000000, 1.687942
17.000000, 36.000000, 1.449993
18.000000, 36.000000, 1.336952
19.000000, 36.000000, 1.317304
20.000000, 36.000000, 1.358337
21.000000, 36.000000, 1.429279
22.000000, 36.000000, 1.509605
23.000000, 36.000000, 1.597238
24.000000, 36.000000, 1.692229
25.000000, 36.000000, 1.795720
26.000000, 36.000000, 1.910202
27.000000, 36.000000, 2.039175
28.000000, 36.000000, 2.187085
29.000000, 36.000000, 2.359522
30.000000, 36.000000, 2.563666
31.000000, 36.000000, 2.808889
32.000000, 36.000000, 3.107392
33.000000, 36.000000, 3.474756
34.000000, 36.000000, 3.921503
35.000000, 36.000000, 4.456566
36.000000, 36.000000, 5.082325
37.000000, 36.000000, 5.583612
38.000000, 36.000000, 5.495524
39.000000, 36.000000, 4.905511
40.000000, 36.000000, 4.263204
41.000000, 36.000000, 3.712126
42.000000, 36.000000, 3.247287
0.000000, 37.000000, 5.004369
1.000000, 37.000000, 5.091922
2.000000, 37.000000, 5.191628
3.000000, 37.000000, 5.306526
4.000000, 37.000000, 5.441558
5.000000, 37.000000, 5.603981
6.000000, 37.000000, 5.804677
7.000000, 37.000000, 6.060287
8.000000, 37.000000, 6.396151
9.000000, 37.000000, 6.836387
10.000000, 37.000000, 5.968946
11.000000, 37.000000, 5.744883
12.000000, 37.000000, 4.319870
13.000000, 37.000000, 3.141235
14.000000, 37.000000, 2.307324
15.000000, 37.000000, 1.720816
16.000000, 37.000000, 1.334108
17.000000, 37.000000, 1.120863
18.000000, 37.000000, 1.052719
19.000000, 37.000000, 1.083954
20.000000, 37.000000, 1.158993
21.000000, 37.000000, 1.250192
22.000000, 37.000000, 1.352103
23.000000, 37.000000, 1.460844
24.000000, 37.000000, 1.574388
25.000000, 37.000000, 1.693490
26.000000, 37.000000, 1.821802
27.000000, 37.000000, 1.963759
28.000000, 37.000000, 2.124518
29.000000, 37.000000, 2.310416
30.000000, 37.000000, 2.529757
31.000000, 37.000000, 2.794034
32.000000, 37.000000, 3.118695
33.000000, 37.000000, 3.524212
34.000000, 37.000000, 4.032778
35.000000, 37.000000, 4.685499
36.000000, 37.000000, 5.568974
37.000000, 37.000000, 5.253820
38.000000, 37.000000, 5.683860
39.000000, 37.000000, 5.310511
40.000000, 37.000000, 4.462430
41.000000, 37.000000, 3.826532
42.000000, 37.000000, 3.311031
0.000000, 38.000000, 4.961245
1.000000, 38.000000, 5.036832
2.000000, 38.000000, 5.121714
3.000000, 38.000000, 5.218038
4.000000, 38.000000, 5.329379
5.000000, 38.000000, 5.460802
6.000000, 38.000000, 5.619379
7.000000, 38.000000, 5.814246
8.000000, 38.000000, 6.053195
9.000000, 38.000000, 6.312335
10.000000, 38.000000, 6.120242
11.000000, 38.000000, 5.201718
12.000000, 38.000000, 3.845262
13.000000, 38.000000, 2.737898
14.000000, 38.000000, 1.929886
15.000000, 38.000000, 1.351326
16.000000, 38.000000, 0.972172
17.000000, 38.000000, 0.789421
18.000000, 38.000000, 0.778552
19.000000, 38.000000, 0.857805
20.000000, 38.000000, 0.970070
21.000000, 38.000000, 1.091966
22.000000, 38.000000, 1.215057
23.000000, 38.000000, 1.338558
24.000000, 38.000000, 1.464592
25.000000, 38.000000, 1.595631
26.000000, 38.000000, 1.733803
27.000000, 38.000000, 1.883585
28.000000, 38.000000, 2.051101
29.000000, 38.000000, 2.242894
30.000000, 38.000000, 2.466992
31.000000, 38.000000, 2.735701
32.000000, 38.000000, 3.066965
33.000000, 38.000000, 3.476900
34.000000, 38.000000, 3.985109
35.000000, 38.000000, 4.624841
36.000000, 38.000000, 5.459503
37.000000, 38.000000, 5.662038
38.000000, 38.000000, 5.799396
39.000000, 38.000000, 5.212391
40.000000, 38.000000, 4.424869
41.000000, 38.000000, 3.810421
42.000000, 38.000000, 3.298114
0.000000, 39.000000, 4.907001
1.000000, 39.000000, 4.966842
2.000000, 39.000000, 5.031463
3.000000, 39.000000, 5.101240
4.000000, 39.000000, 5.176876
5.000000, 39.000000, 5.258628
6.000000, 39.000000, 5.344903
7.000000, 39.000000, 5.428123
8.000000, 39.000000, 5.482154
9.000000, 39.000000, 5.426244
10.000000, 39.000000, 5.068075
11.000000, 39.000000, 4.260050
12.000000, 39.000000, 3.243749
13.000000, 39.000000, 2.314638
14.000000, 39.000000, 1.575353
15.000000, 39.000000, 1.013527
16.000000, 39.000000, 0.628109
17.000000, 39.000000, 0.468998
18.000000, 39.000000, 0.527183
19.000000, 39.000000, 0.671286
20.000000, 39.000000, 0.824611
21.000000, 39.000000, 0.968939
22.000000, 39.000000, 1.104112
23.000000, 39.000000, 1.234322
24.000000, 39.000000, 1.364435
25.000000, 39.000000, 1.499065
26.000000, 39.000000, 1.642455
27.000000, 39.000000, 1.798244
28.000000, 39.000000, 1.969768
29.000000, 39.000000, 2.162302
30.000000, 39.000000, 2.383847
31.000000, 39.000000, 2.645747
32.000000, 39.000000, 2.962755
33.000000, 39.000000, 3.343874
34.000000, 39.000000, 3.793547
35.000000, 39.000000, 4.301807
36.000000, 39.000000, 4.858182
37.000000, 39.000000, 5.277840
38.000000, 39.000000, 5.204021
39.000000, 39.000000, 4.713603
40.000000, 39.000000, 4.160911
41.000000, 39.000000, 3.667215
42.000000, 39.000000, 3.214750
0.000000, 40.000000, 4.845310
1.000000, 40.000000, 4.886678
2.000000, 40.000000, 4.928166
3.000000, 40.000000, 4.966993
4.000000, 40.000000, 5.001066
5.000000, 40.000000, 5.025788
6.000000, 40.000000, 5.032141
7.000000, 40.000000, 5.002012
8.000000, 40.000000, 4.899549
9.000000, 40.000000, 4.661215
10.000000, 40.000000, 4.209755
11.000000, 40.000000, 3.533114
12.000000, 40.000000, 2.740845
13.000000, 40.000000, 1.971556
14.000000, 40.000000, 1.309731
15.000000, 40.000000, 0.770774
16.000000, 40.000000, 0.363352
17.000000, 40.000000, 0.198931
18.000000, 40.000000, 0.364601
19.000000, 40.000000, 0.564819
20.000000, 40.000000, 0.737580
21.000000, 40.000000, 0.887175
22.000000, 40.000000, 1.022053
23.000000, 40.000000, 1.149967
24.000000, 40.000000, 1.277279
25.000000, 40.000000, 1.409033
26.000000, 40.000000, 1.549453
27.000000, 40.000000, 1.702584
28.000000, 40.000000, 1.872624
29.000000, 40.000000, 2.064048
30.000000, 40.000000, 2.281842
31.000000, 40.000000, 2.532311
32.000000, 40.000000, 2.822207
33.000000, 40.000000, 3.152762
34.000000, 40.000000, 3.511815
35.000000, 40.000000, 3.880578
36.000000, 40.000000, 4.230940
37.000000, 40.000000, 4.450535
38.000000, 40.000000, 4.417562
39.000000, 40.000000, 4.163437
40.000000, 40.000000, 3.812367
41.000000, 40.000000, 3.448399
42.000000, 40.000000, 3.081531
0.000000, 41.000000, 4.740767
1.000000, 41.000000, 4.788637
2.000000, 41.000000, 4.818394
3.000000, 41.000000, 4.827918
4.000000, 41.000000, 4.821163
5.000000, 41.000000, 4.792275
6.000000, 41.000000, 4.729023
7.000000, 41.000000, 4.611899
8.000000, 41.000000, 4.412014
9.000000, 41.000000, 4.094077
10.000000, 41.000000, 3.633627
11.000000, 41.000000, 3.046485
12.000000, 41.000000, 2.396002
13.000000, 41.000000, 1.756068
14.000000, 41.000000, 1.177593
15.000000, 41.000000, 0.700627
16.000000, 41.000000, 0.350183
17.000000, 41.000000, 0.223408
18.000000, 41.000000, 0.375647
19.000000, 41.000000, 0.555414
20.000000, 41.000000, 0.710401
21.000000, 41.000000, 0.844608
22.000000, 41.000000, 0.966414
23.000000, 41.000000, 1.083602
24.000000, 41.000000, 1.202334
25.000000, 41.000000, 1.326855
26.000000, 41.000000, 1.460259
27.000000, 41.000000, 1.606073
28.000000, 41.000000, 1.768005
29.000000, 41.000000, 1.949575
30.000000, 41.000000, 2.154320
31.000000, 41.000000, 2.384495
32.000000, 41.000000, 2.635956
33.000000, 41.000000, 2.907255
34.000000, 41.000000, 3.196576
35.000000, 41.000000, 3.472677
36.000000, 41.000000, 3.708948
37.000000, 41.000000, 3.838751
38.000000, 41.000000, 3.828240
39.000000, 41.000000, 3.690019
40.000000, 41.000000, 3.470167
41.000000, 41.000000, 3.209362
42.000000, 41.000000, 2.922027
0.000000, 42.000000, 4.642826
1.000000, 42.000000, 4.672252
2.000000, 42.000000, 4.689705
3.000000, 42.000000, 4.687226
4.000000, 42.000000, 4.652608
5.000000, 42.000000, 4.581193
6.000000, 42.000000, 4.466246
7.000000, 42.000000, 4.292722
8.000000, 42.000000, 4.041946
9.000000, 42.000000, 3.697813
10.000000, 42.000000, 3.257471
11.000000, 42.000000, 2.742003
12.000000, 42.000000, 2.195519
13.000000, 42.000000, 1.666955
14.000000, 42.000000, 1.182371
15.000000, 42.000000, 0.795906
16.000000, 42.000000, 0.538425
17.000000, 42.000000, 0.449502
18.000000, 42.000000, 0.506967
19.000000, 42.000000, 0.615934
20.000000, 42.000000, 0.726919
21.000000, 42.000000, 0.830515
22.000000, 42.000000, 0.929633
23.000000, 42.000000, 1.029814
24.000000, 42.000000, 1.136121
25.000000, 42.000000, 1.251240
26.000000, 42.000000, 1.374572
27.000000, 42.000000, 1.510497
28.000000, 42.000000, 1.662126
29.000000, 42.000000, 1.830434
30.000000, 42.000000, 2.012502
31.000000, 42.000000, 2.206262
32.000000, 42.000000, 2.418267
33.000000, 42.000000, 2.648862
34.000000, 42.000000, 2.887556
35.000000, 42.000000, 3.103479
36.000000, 42.000000, 3.268074
37.000000, 42.000000, 3.356222
38.000000, 42.000000, 3.363802
39.000000, 42.000000, 3.291114
40.000000, 42.000000, 3.156209
41.000000, 42.000000, 2.972893
42.000000, 42.000000, 2.753548
