S
I=43,J=43
0.000000, 0.000000, 2.199786
1.000000, 0.000000, 2.190404
2.000000, 0.000000, 2.176884
3.000000, 0.000000, 2.158741
4.000000, 0.000000, 2.135444
5.000000, 0.000000, 2.106433
6.000000, 0.000000, 2.071143
7.000000, 0.000000, 2.029050
8.000000, 0.000000, 1.979750
9.000000, 0.000000, 1.923074
10.000000, 0.000000, 1.858418
11.000000, 0.000000, 1.787737
12.000000, 0.000000, 1.711256
13.000000, 0.000000, 1.629472
14.000000, 0.000000, 1.543235
15.000000, 0.000000, 1.453825
16.000000, 0.000000, 1.363039
17.000000, 0.000000, 1.273199
18.000000, 0.000000, 1.187050
19.000000, 0.000000, 1.107500
20.000000, 0.000000, 1.037456
21.000000, 0.000000, 0.979948
22.000000, 0.000000, 0.938279
23.000000, 0.000000, 0.915734
24.000000, 0.000000, 0.914866
25.000000, 0.000000, 0.936727
26.000000, 0.000000, 0.980592
27.000000, 0.000000, 1.044219
28.000000, 0.000000, 1.124463
29.000000, 0.000000, 1.217926
30.000000, 0.000000, 1.321441
31.000000, 0.000000, 1.432256
32.000000, 0.000000, 1.548035
33.000000, 0.000000, 1.666771
34.000000, 0.000000, 1.800718
35.000000, 0.000000, 1.939880
36.000000, 0.000000, 2.071161
37.000000, 0.000000, 2.190680
38.000000, 0.000000, 2.295070
39.000000, 0.000000, 2.381843
40.000000, 0.000000, 2.449632
41.000000, 0.000000, 2.515020
42.000000, 0.000000, 2.554258
0.000000, 1.000000, 2.280702
1.000000, 1.000000, 2.273263
2.000000, 1.000000, 2.261236
3.000000, 1.000000, 2.244183
4.000000, 1.000000, 2.221467
5.000000, 1.000000, 2.192388
6.000000, 1.000000, 2.156193
7.000000, 1.000000, 2.112132
8.000000, 1.000000, 2.059536
9.000000, 1.000000, 1.998348
10.000000, 1.000000, 1.929647
11.000000, 1.000000, 1.853619
12.000000, 1.000000, 1.770331
13.000000, 1.000000, 1.680144
14.000000, 1.000000, 1.583812
15.000000, 1.000000, 1.482594
16.000000, 1.000000, 1.378412
17.000000, 1.000000, 1.273993
18.000000, 1.000000, 1.172783
19.000000, 1.000000, 1.078392
20.000000, 1.000000, 0.994063
21.000000, 1.000000, 0.923199
22.000000, 1.000000, 0.870110
23.000000, 1.000000, 0.839687
24.000000, 1.000000, 0.835969
25.000000, 1.000000, 0.860622
26.000000, 1.000000, 0.912528
27.000000, 1.000000, 0.988369
28.000000, 1.000000, 1.083657
29.000000, 1.000000, 1.193889
30.000000, 1.000000, 1.315229
31.000000, 1.000000, 1.444633
32.000000, 1.000000, 1.579754
33.000000, 1.000000, 1.725623
34.000000, 1.000000, 1.889863
35.000000, 1.000000, 2.051618
36.000000, 1.000000, 2.203687
37.000000, 1.000000, 2.341059
38.000000, 1.000000, 2.459315
39.000000, 1.000000, 2.555235
40.000000, 1.000000, 2.627440
41.000000, 1.000000, 2.682236
42.000000, 1.000000, 2.720965
0.000000, 2.000000, 2.368793
1.000000, 2.000000, 2.363615
2.000000, 2.000000, 2.353529
3.000000, 2.000000, 2.338050
4.000000, 2.000000, 2.316427
5.000000, 2.000000, 2.287804
6.000000, 2.000000, 2.251228
7.000000, 2.000000, 2.205679
8.000000, 2.000000, 2.150220
9.000000, 2.000000, 2.085855
10.000000, 2.000000, 2.013480
11.000000, 2.000000, 1.932346
12.000000, 2.000000, 1.842302
13.000000, 2.000000, 1.743501
14.000000, 2.000000, 1.636518
15.000000, 2.000000, 1.522472
16.000000, 2.000000, 1.403247
17.000000, 2.000000, 1.281876
18.000000, 2.000000, 1.162900
19.000000, 2.000000, 1.051255
20.000000, 2.000000, 0.950061
21.000000, 2.000000, 0.862429
22.000000, 2.000000, 0.794018
23.000000, 2.000000, 0.752471
24.000000, 2.000000, 0.744616
25.000000, 2.000000, 0.772931
26.000000, 2.000000, 0.835390
27.000000, 2.000000, 0.926864
28.000000, 2.000000, 1.040608
29.000000, 2.000000, 1.170577
30.000000, 2.000000, 1.312312
31.000000, 2.000000, 1.462718
32.000000, 2.000000, 1.621090
33.000000, 2.000000, 1.803417
34.000000, 2.000000, 1.996841
35.000000, 2.000000, 2.185258
36.000000, 2.000000, 2.362136
37.000000, 2.000000, 2.520749
38.000000, 2.000000, 2.654970
39.000000, 2.000000, 2.760415
40.000000, 2.000000, 2.835301
41.000000, 2.000000, 2.881552
42.000000, 2.000000, 2.910497
0.000000, 3.000000, 2.464612
1.000000, 3.000000, 2.462162
2.000000, 3.000000, 2.454528
3.000000, 3.000000, 2.441177
4.000000, 3.000000, 2.421255
5.000000, 3.000000, 2.393747
6.000000, 3.000000, 2.357475
7.000000, 3.000000, 2.311123
8.000000, 3.000000, 2.253667
9.000000, 3.000000, 2.187480
10.000000, 3.000000, 2.112098
11.000000, 3.000000, 2.026381
12.000000, 3.000000, 1.929920
13.000000, 3.000000, 1.822623
14.000000, 3.000000, 1.704819
15.000000, 3.000000, 1.577378
16.000000, 3.000000, 1.441889
17.000000, 3.000000, 1.301152
18.000000, 3.000000, 1.160910
19.000000, 3.000000, 1.030075
20.000000, 3.000000, 0.909800
21.000000, 3.000000, 0.801140
22.000000, 3.000000, 0.711812
23.000000, 3.000000, 0.653977
24.000000, 3.000000, 0.640278
25.000000, 3.000000, 0.673989
26.000000, 3.000000, 0.750886
27.000000, 3.000000, 0.862883
28.000000, 3.000000, 0.999117
29.000000, 3.000000, 1.151753
30.000000, 3.000000, 1.316126
31.000000, 3.000000, 1.489692
32.000000, 3.000000, 1.679796
33.000000, 3.000000, 1.900336
34.000000, 3.000000, 2.125360
35.000000, 3.000000, 2.345560
36.000000, 3.000000, 2.552660
37.000000, 3.000000, 2.737187
38.000000, 3.000000, 2.890130
39.000000, 3.000000, 3.005131
40.000000, 3.000000, 3.080152
41.000000, 3.000000, 3.117685
42.000000, 3.000000, 3.127002
0.000000, 4.000000, 2.568744
1.000000, 4.000000, 2.569537
2.000000, 4.000000, 2.564913
3.000000, 4.000000, 2.554326
4.000000, 4.000000, 2.536830
5.000000, 4.000000, 2.511252
6.000000, 4.000000, 2.476176
7.000000, 4.000000, 2.429960
8.000000, 4.000000, 2.371878
9.000000, 4.000000, 2.305126
10.000000, 4.000000, 2.227664
11.000000, 4.000000, 2.138189
12.000000, 4.000000, 2.035987
13.000000, 4.000000, 1.920680
14.000000, 4.000000, 1.792338
15.000000, 4.000000, 1.651600
16.000000, 4.000000, 1.499766
17.000000, 4.000000, 1.338925
18.000000, 4.000000, 1.173174
19.000000, 4.000000, 1.022520
20.000000, 4.000000, 0.880038
21.000000, 4.000000, 0.744551
22.000000, 4.000000, 0.626471
23.000000, 4.000000, 0.543421
24.000000, 4.000000, 0.518767
25.000000, 4.000000, 0.561731
26.000000, 4.000000, 0.661855
27.000000, 4.000000, 0.801497
28.000000, 4.000000, 0.964361
29.000000, 4.000000, 1.141836
30.000000, 4.000000, 1.330162
31.000000, 4.000000, 1.529076
32.000000, 4.000000, 1.759898
33.000000, 4.000000, 2.016380
34.000000, 4.000000, 2.277840
35.000000, 4.000000, 2.536624
36.000000, 4.000000, 2.781760
37.000000, 4.000000, 2.999259
38.000000, 4.000000, 3.174974
39.000000, 4.000000, 3.299006
40.000000, 4.000000, 3.369164
41.000000, 4.000000, 3.391015
42.000000, 4.000000, 3.375324
0.000000, 5.000000, 2.681814
1.000000, 5.000000, 2.686389
2.000000, 5.000000, 2.685381
3.000000, 5.000000, 2.678266
4.000000, 5.000000, 2.664035
5.000000, 5.000000, 2.641367
6.000000, 5.000000, 2.608603
7.000000, 5.000000, 2.563762
8.000000, 5.000000, 2.506792
9.000000, 5.000000, 2.440778
10.000000, 5.000000, 2.362497
11.000000, 5.000000, 2.270450
12.000000, 5.000000, 2.163551
13.000000, 5.000000, 2.041085
14.000000, 5.000000, 1.902877
15.000000, 5.000000, 1.749469
16.000000, 5.000000, 1.582295
17.000000, 5.000000, 1.404049
18.000000, 5.000000, 1.220531
19.000000, 5.000000, 1.042411
20.000000, 5.000000, 0.869240
21.000000, 5.000000, 0.700648
22.000000, 5.000000, 0.545236
23.000000, 5.000000, 0.423881
24.000000, 5.000000, 0.378274
25.000000, 5.000000, 0.439333
26.000000, 5.000000, 0.577452
27.000000, 5.000000, 0.751995
28.000000, 5.000000, 0.943739
29.000000, 5.000000, 1.146165
30.000000, 5.000000, 1.358008
31.000000, 5.000000, 1.586040
32.000000, 5.000000, 1.858372
33.000000, 5.000000, 2.151371
34.000000, 5.000000, 2.455041
35.000000, 5.000000, 2.761626
36.000000, 5.000000, 3.056619
37.000000, 5.000000, 3.318543
38.000000, 5.000000, 3.523562
39.000000, 5.000000, 3.654919
40.000000, 5.000000, 3.710870
41.000000, 5.000000, 3.703895
42.000000, 5.000000, 3.652890
0.000000, 6.000000, 2.804492
1.000000, 6.000000, 2.813397
2.000000, 6.000000, 2.816626
3.000000, 6.000000, 2.813749
4.000000, 6.000000, 2.803730
5.000000, 6.000000, 2.785097
6.000000, 6.000000, 2.755892
7.000000, 6.000000, 2.713766
8.000000, 6.000000, 2.659675
9.000000, 6.000000, 2.595635
10.000000, 6.000000, 2.518040
11.000000, 6.000000, 2.425129
12.000000, 6.000000, 2.315306
13.000000, 6.000000, 2.187138
14.000000, 6.000000, 2.040160
15.000000, 6.000000, 1.874860
16.000000, 6.000000, 1.692900
17.000000, 6.000000, 1.497688
18.000000, 6.000000, 1.294506
19.000000, 6.000000, 1.089016
20.000000, 6.000000, 0.883728
21.000000, 6.000000, 0.680135
22.000000, 6.000000, 0.482995
23.000000, 6.000000, 0.308678
24.000000, 6.000000, 0.227244
25.000000, 6.000000, 0.327417
26.000000, 6.000000, 0.517127
27.000000, 6.000000, 0.727802
28.000000, 6.000000, 0.945784
29.000000, 6.000000, 1.169855
30.000000, 6.000000, 1.402431
31.000000, 6.000000, 1.663373
32.000000, 6.000000, 1.971158
33.000000, 6.000000, 2.302064
34.000000, 6.000000, 2.654040
35.000000, 6.000000, 3.020626
36.000000, 6.000000, 3.383834
37.000000, 6.000000, 3.710119
38.000000, 6.000000, 3.956134
39.000000, 6.000000, 4.090360
40.000000, 6.000000, 4.113946
41.000000, 6.000000, 4.055807
42.000000, 6.000000, 3.950925
0.000000, 7.000000, 2.937520
1.000000, 7.000000, 2.951189
2.000000, 7.000000, 2.958686
3.000000, 7.000000, 2.958717
4.000000, 7.000000, 2.949286
5.000000, 7.000000, 2.929244
6.000000, 7.000000, 2.898298
7.000000, 7.000000, 2.854658
8.000000, 7.000000, 2.801499
9.000000, 7.000000, 2.739762
10.000000, 7.000000, 2.665189
11.000000, 7.000000, 2.575368
12.000000, 7.000000, 2.467860
13.000000, 7.000000, 2.340337
14.000000, 7.000000, 2.191497
15.000000, 7.000000, 2.020719
16.000000, 7.000000, 1.828905
17.000000, 7.000000, 1.618685
18.000000, 7.000000, 1.395047
19.000000, 7.000000, 1.163810
20.000000, 7.000000, 0.929718
21.000000, 7.000000, 0.695772
22.000000, 7.000000, 0.464217
23.000000, 7.000000, 0.239360
24.000000, 7.000000, 0.103149
25.000000, 7.000000, 0.272981
26.000000, 7.000000, 0.507522
27.000000, 7.000000, 0.742424
28.000000, 7.000000, 0.977352
29.000000, 7.000000, 1.215908
30.000000, 7.000000, 1.464378
31.000000, 7.000000, 1.756097
32.000000, 7.000000, 2.091973
33.000000, 7.000000, 2.459943
34.000000, 7.000000, 2.864788
35.000000, 7.000000, 3.305660
36.000000, 7.000000, 3.764977
37.000000, 7.000000, 4.192482
38.000000, 7.000000, 4.503145
39.000000, 7.000000, 4.628559
40.000000, 7.000000, 4.582660
41.000000, 7.000000, 4.436223
42.000000, 7.000000, 4.252367
0.000000, 8.000000, 3.081738
1.000000, 8.000000, 3.083981
2.000000, 8.000000, 3.080446
3.000000, 8.000000, 3.070672
4.000000, 8.000000, 3.056382
5.000000, 8.000000, 3.036800
6.000000, 8.000000, 3.009782
7.000000, 8.000000, 2.972541
8.000000, 8.000000, 2.927447
9.000000, 8.000000, 2.874302
10.000000, 8.000000, 2.808072
11.000000, 8.000000, 2.725572
12.000000, 8.000000, 2.623538
13.000000, 8.000000, 2.498905
14.000000, 8.000000, 2.349326
15.000000, 8.000000, 2.173844
16.000000, 8.000000, 1.973526
17.000000, 8.000000, 1.751753
18.000000, 8.000000, 1.513763
19.000000, 8.000000, 1.265348
20.000000, 8.000000, 1.011695
21.000000, 8.000000, 0.758234
22.000000, 8.000000, 0.512642
23.000000, 8.000000, 0.291204
24.000000, 8.000000, 0.189699
25.000000, 8.000000, 0.338364
26.000000, 8.000000, 0.566075
27.000000, 8.000000, 0.801992
28.000000, 8.000000, 1.040146
29.000000, 8.000000, 1.283317
30.000000, 8.000000, 1.541619
31.000000, 8.000000, 1.854405
32.000000, 8.000000, 2.210003
33.000000, 8.000000, 2.609282
34.000000, 8.000000, 3.065440
35.000000, 8.000000, 3.591015
36.000000, 8.000000, 4.182486
37.000000, 8.000000, 4.780831
38.000000, 8.000000, 5.212143
39.000000, 8.000000, 5.294757
40.000000, 8.000000, 5.100485
41.000000, 8.000000, 4.810943
42.000000, 8.000000, 4.523515
0.000000, 9.000000, 3.177271
1.000000, 9.000000, 3.175189
2.000000, 9.000000, 3.170748
3.000000, 9.000000, 3.164628
4.000000, 9.000000, 3.156510
5.000000, 9.000000, 3.144847
6.000000, 9.000000, 3.127095
7.000000, 9.000000, 3.100184
8.000000, 9.000000, 3.066865
9.000000, 9.000000, 3.026048
10.000000, 9.000000, 2.972338
11.000000, 9.000000, 2.901875
12.000000, 9.000000, 2.810385
13.000000, 9.000000, 2.693455
14.000000, 9.000000, 2.547209
15.000000, 9.000000, 2.369323
16.000000, 9.000000, 2.160197
17.000000, 9.000000, 1.923718
18.000000, 9.000000, 1.667090
19.000000, 9.000000, 1.399623
20.000000, 9.000000, 1.131172
21.000000, 9.000000, 0.871500
22.000000, 9.000000, 0.632891
23.000000, 9.000000, 0.445508
24.000000, 9.000000, 0.384635
25.000000, 9.000000, 0.490071
26.000000, 9.000000, 0.682102
27.000000, 9.000000, 0.900622
28.000000, 9.000000, 1.129037
29.000000, 9.000000, 1.366280
30.000000, 9.000000, 1.626806
31.000000, 9.000000, 1.946091
32.000000, 9.000000, 2.309448
33.000000, 9.000000, 2.726626
34.000000, 9.000000, 3.219478
35.000000, 9.000000, 3.820223
36.000000, 9.000000, 4.562147
37.000000, 9.000000, 5.438001
38.000000, 9.000000, 6.121743
39.000000, 9.000000, 6.068632
40.000000, 9.000000, 5.579623
41.000000, 9.000000, 5.101681
42.000000, 9.000000, 4.709754
0.000000, 10.000000, 3.263688
1.000000, 10.000000, 3.263353
2.000000, 10.000000, 3.261616
3.000000, 10.000000, 3.260432
4.000000, 10.000000, 3.259826
5.000000, 10.000000, 3.257957
6.000000, 10.000000, 3.251855
7.000000, 10.000000, 3.238186
8.000000, 10.000000, 3.219760
9.000000, 10.000000, 3.195160
10.000000, 10.000000, 3.158804
11.000000, 10.000000, 3.106266
12.000000, 10.000000, 3.032163
13.000000, 10.000000, 2.930321
14.000000, 10.000000, 2.794488
15.000000, 10.000000, 2.619866
16.000000, 10.000000, 2.405258
17.000000, 10.000000, 2.154989
18.000000, 10.000000, 1.879237
19.000000, 10.000000, 1.592267
20.000000, 10.000000, 1.309779
21.000000, 10.000000, 1.047654
22.000000, 10.000000, 0.824108
23.000000, 10.000000, 0.665970
24.000000, 10.000000, 0.610849
25.000000, 10.000000, 0.678089
26.000000, 10.000000, 0.832346
27.000000, 10.000000, 1.024701
28.000000, 10.000000, 1.233647
29.000000, 10.000000, 1.455139
30.000000, 10.000000, 1.707928
31.000000, 10.000000, 2.017636
32.000000, 10.000000, 2.371401
33.000000, 10.000000, 2.784403
34.000000, 10.000000, 3.283241
35.000000, 10.000000, 3.909856
36.000000, 10.000000, 4.728814
37.000000, 10.000000, 5.815165
38.000000, 10.000000, 5.465514
39.000000, 10.000000, 6.495124
40.000000, 10.000000, 5.782385
41.000000, 10.000000, 5.188486
42.000000, 10.000000, 4.748042
0.000000, 11.000000, 3.353276
1.000000, 11.000000, 3.352788
2.000000, 11.000000, 3.352336
3.000000, 11.000000, 3.356259
4.000000, 11.000000, 3.364641
5.000000, 11.000000, 3.374658
6.000000, 11.000000, 3.382634
7.000000, 11.000000, 3.385041
8.000000, 11.000000, 3.384542
9.000000, 11.000000, 3.380171
10.000000, 11.000000, 3.366525
11.000000, 11.000000, 3.338959
12.000000, 11.000000, 3.291166
13.000000, 11.000000, 3.214894
14.000000, 11.000000, 3.100383
15.000000, 11.000000, 2.938283
16.000000, 11.000000, 2.723505
17.000000, 11.000000, 2.459753
18.000000, 11.000000, 2.161384
19.000000, 11.000000, 1.850271
20.000000, 11.000000, 1.549999
21.000000, 11.000000, 1.282168
22.000000, 11.000000, 1.066765
23.000000, 11.000000, 0.923920
24.000000, 11.000000, 0.869872
25.000000, 11.000000, 0.904107
26.000000, 11.000000, 1.007369
27.000000, 11.000000, 1.160082
28.000000, 11.000000, 1.341351
29.000000, 11.000000, 1.538316
30.000000, 11.000000, 1.772144
31.000000, 11.000000, 2.057047
32.000000, 11.000000, 2.383316
33.000000, 11.000000, 2.765897
34.000000, 11.000000, 3.227940
35.000000, 11.000000, 3.802533
36.000000, 11.000000, 4.531167
37.000000, 11.000000, 5.425160
38.000000, 11.000000, 6.125336
39.000000, 11.000000, 6.038441
40.000000, 11.000000, 5.491316
41.000000, 11.000000, 4.993792
42.000000, 11.000000, 4.603165
0.000000, 12.000000, 3.446601
1.000000, 12.000000, 3.441794
2.000000, 12.000000, 3.439752
3.000000, 12.000000, 3.449446
4.000000, 12.000000, 3.469168
5.000000, 12.000000, 3.493449
6.000000, 12.000000, 3.517681
7.000000, 12.000000, 3.538505
8.000000, 12.000000, 3.558472
9.000000, 12.000000, 3.577951
10.000000, 12.000000, 3.592355
11.000000, 12.000000, 3.597578
12.000000, 12.000000, 3.587133
13.000000, 12.000000, 3.550986
14.000000, 12.000000, 3.474780
15.000000, 12.000000, 3.341141
16.000000, 12.000000, 3.135693
17.000000, 12.000000, 2.857720
18.000000, 12.000000, 2.527266
19.000000, 12.000000, 2.179077
20.000000, 12.000000, 1.848565
21.000000, 12.000000, 1.563057
22.000000, 12.000000, 1.341431
23.000000, 12.000000, 1.196108
24.000000, 12.000000, 1.131750
25.000000, 12.000000, 1.141500
26.000000, 12.000000, 1.208014
27.000000, 12.000000, 1.311908
28.000000, 12.000000, 1.444009
29.000000, 12.000000, 1.604642
30.000000, 12.000000, 1.808048
31.000000, 12.000000, 2.055358
32.000000, 12.000000, 2.337971
33.000000, 12.000000, 2.666727
34.000000, 12.000000, 3.056108
35.000000, 12.000000, 3.521231
36.000000, 12.000000, 4.065276
37.000000, 12.000000, 4.636403
38.000000, 12.000000, 5.049046
39.000000, 12.000000, 5.095107
40.000000, 12.000000, 4.867851
41.000000, 12.000000, 4.570941
42.000000, 12.000000, 4.297424
0.000000, 13.000000, 3.545472
1.000000, 13.000000, 3.526677
2.000000, 13.000000, 3.518498
3.000000, 13.000000, 3.537482
4.000000, 13.000000, 3.572596
5.000000, 13.000000, 3.613364
6.000000, 13.000000, 3.655123
7.000000, 13.000000, 3.695576
8.000000, 13.000000, 3.737463
9.000000, 13.000000, 3.783233
10.000000, 13.000000, 3.830004
11.000000, 13.000000, 3.875426
12.000000, 13.000000, 3.914531
13.000000, 13.000000, 3.937362
14.000000, 13.000000, 3.925460
15.000000, 13.000000, 3.849026
16.000000, 13.000000, 3.672451
17.000000, 13.000000, 3.378468
18.000000, 13.000000, 2.995003
19.000000, 13.000000, 2.583318
20.000000, 13.000000, 2.199783
21.000000, 13.000000, 1.878071
22.000000, 13.000000, 1.633507
23.000000, 13.000000, 1.470586
24.000000, 13.000000, 1.385904
25.000000, 13.000000, 1.368464
26.000000, 13.000000, 1.401654
27.000000, 13.000000, 1.467266
28.000000, 13.000000, 1.551134
29.000000, 13.000000, 1.652853
30.000000, 13.000000, 1.808234
31.000000, 13.000000, 2.007889
32.000000, 13.000000, 2.235672
33.000000, 13.000000, 2.497469
34.000000, 13.000000, 2.800154
35.000000, 13.000000, 3.145790
36.000000, 13.000000, 3.522018
37.000000, 13.000000, 3.883170
38.000000, 13.000000, 4.144586
39.000000, 13.000000, 4.236438
40.000000, 13.000000, 4.177799
41.000000, 13.000000, 4.044382
42.000000, 13.000000, 3.897041
0.000000, 14.000000, 3.645878
1.000000, 14.000000, 3.598749
2.000000, 14.000000, 3.582087
3.000000, 14.000000, 3.622538
4.000000, 14.000000, 3.677067
5.000000, 14.000000, 3.734435
6.000000, 14.000000, 3.793029
7.000000, 14.000000, 3.852543
8.000000, 14.000000, 3.916071
9.000000, 14.000000, 3.988403
10.000000, 14.000000, 4.069328
11.000000, 14.000000, 4.159639
12.000000, 14.000000, 4.258549
13.000000, 14.000000, 4.360705
14.000000, 14.000000, 4.449285
15.000000, 14.000000, 4.482245
16.000000, 14.000000, 4.380081
17.000000, 14.000000, 4.068216
18.000000, 14.000000, 3.585286
19.000000, 14.000000, 3.060992
20.000000, 14.000000, 2.590932
21.000000, 14.000000, 2.211379
22.000000, 14.000000, 1.928064
23.000000, 14.000000, 1.735360
24.000000, 14.000000, 1.622540
25.000000, 14.000000, 1.574480
26.000000, 14.000000, 1.574213
27.000000, 14.000000, 1.603645
28.000000, 14.000000, 1.641601
29.000000, 14.000000, 1.690643
30.000000, 14.000000, 1.782949
31.000000, 14.000000, 1.921230
32.000000, 14.000000, 2.093058
33.000000, 14.000000, 2.289777
34.000000, 14.000000, 2.511777
35.000000, 14.000000, 2.756114
36.000000, 14.000000, 3.010294
37.000000, 14.000000, 3.247327
38.000000, 14.000000, 3.429656
39.000000, 14.000000, 3.529644
40.000000, 14.000000, 3.550196
41.000000, 14.000000, 3.519001
42.000000, 14.000000, 3.467269
0.000000, 15.000000, 3.696347
1.000000, 15.000000, 3.669926
2.000000, 15.000000, 3.663557
3.000000, 15.000000, 3.720563
4.000000, 15.000000, 3.787438
5.000000, 15.000000, 3.856903
6.000000, 15.000000, 3.929093
7.000000, 15.000000, 4.004985
8.000000, 15.000000, 4.087737
9.000000, 15.000000, 4.183919
10.000000, 15.000000, 4.296551
11.000000, 15.000000, 4.430450
12.000000, 15.000000, 4.591406
13.000000, 15.000000, 4.784754
14.000000, 15.000000, 5.009487
15.000000, 15.000000, 5.234758
16.000000, 15.000000, 5.322821
17.000000, 15.000000, 4.996212
18.000000, 15.000000, 4.300973
19.000000, 15.000000, 3.584402
20.000000, 15.000000, 2.992833
21.000000, 15.000000, 2.539505
22.000000, 15.000000, 2.207666
23.000000, 15.000000, 1.977708
24.000000, 15.000000, 1.831429
25.000000, 15.000000, 1.749001
26.000000, 15.000000, 1.712708
27.000000, 15.000000, 1.707515
28.000000, 15.000000, 1.699763
29.000000, 15.000000, 1.701506
30.000000, 15.000000, 1.744711
31.000000, 15.000000, 1.818529
32.000000, 15.000000, 1.922734
33.000000, 15.000000, 2.057160
34.000000, 15.000000, 2.208175
35.000000, 15.000000, 2.371535
36.000000, 15.000000, 2.539629
37.000000, 15.000000, 2.699126
38.000000, 15.000000, 2.833733
39.000000, 15.000000, 2.931474
40.000000, 15.000000, 2.991292
41.000000, 15.000000, 3.022483
42.000000, 15.000000, 3.039553
0.000000, 16.000000, 3.757027
1.000000, 16.000000, 3.763967
2.000000, 16.000000, 3.785303
3.000000, 16.000000, 3.836201
4.000000, 16.000000, 3.903797
5.000000, 16.000000, 3.979068
6.000000, 16.000000, 4.060210
7.000000, 16.000000, 4.148090
8.000000, 16.000000, 4.245598
9.000000, 16.000000, 4.359641
10.000000, 16.000000, 4.496281
11.000000, 16.000000, 4.663743
12.000000, 16.000000, 4.873981
13.000000, 16.000000, 5.144377
14.000000, 16.000000, 5.499817
15.000000, 16.000000, 5.968778
16.000000, 16.000000, 6.182743
17.000000, 16.000000, 5.766473
18.000000, 16.000000, 5.026086
19.000000, 16.000000, 4.064166
20.000000, 16.000000, 3.352079
21.000000, 16.000000, 2.831008
22.000000, 16.000000, 2.453819
23.000000, 16.000000, 2.187019
24.000000, 16.000000, 2.005287
25.000000, 16.000000, 1.887147
26.000000, 16.000000, 1.812379
27.000000, 16.000000, 1.761244
28.000000, 16.000000, 1.717341
29.000000, 16.000000, 1.681178
30.000000, 16.000000, 1.680817
31.000000, 16.000000, 1.705793
32.000000, 16.000000, 1.744777
33.000000, 16.000000, 1.809919
34.000000, 16.000000, 1.900454
35.000000, 16.000000, 2.001062
36.000000, 16.000000, 2.107983
37.000000, 16.000000, 2.216411
38.000000, 16.000000, 2.320125
39.000000, 16.000000, 2.413722
40.000000, 16.000000, 2.494916
41.000000, 16.000000, 2.565956
42.000000, 16.000000, 2.643353
0.000000, 17.000000, 3.831806
1.000000, 17.000000, 3.860090
2.000000, 17.000000, 3.897850
3.000000, 17.000000, 3.951735
4.000000, 17.000000, 4.019495
5.000000, 17.000000, 4.097045
6.000000, 17.000000, 4.182781
7.000000, 17.000000, 4.277425
8.000000, 17.000000, 4.383578
9.000000, 17.000000, 4.506952
10.000000, 17.000000, 4.655280
11.000000, 17.000000, 4.838017
12.000000, 17.000000, 5.068791
13.000000, 17.000000, 5.367734
14.000000, 17.000000, 5.764668
15.000000, 17.000000, 6.298190
16.000000, 17.000000, 6.511373
17.000000, 17.000000, 6.064728
18.000000, 17.000000, 5.378137
19.000000, 17.000000, 4.356896
20.000000, 17.000000, 3.606089
21.000000, 17.000000, 3.055383
22.000000, 17.000000, 2.651784
23.000000, 17.000000, 2.358151
24.000000, 17.000000, 2.146574
25.000000, 17.000000, 1.993454
26.000000, 17.000000, 1.879074
27.000000, 17.000000, 1.787774
28.000000, 17.000000, 1.708214
29.000000, 17.000000, 1.636568
30.000000, 17.000000, 1.595933
31.000000, 17.000000, 1.577702
32.000000, 17.000000, 1.567971
33.000000, 17.000000, 1.568858
34.000000, 17.000000, 1.596223
35.000000, 17.000000, 1.646875
36.000000, 17.000000, 1.708909
37.000000, 17.000000, 1.782222
38.000000, 17.000000, 1.865774
39.000000, 17.000000, 1.956970
40.000000, 17.000000, 2.052976
41.000000, 17.000000, 2.162200
42.000000, 17.000000, 2.291502
0.000000, 18.000000, 3.911748
1.000000, 18.000000, 3.953318
2.000000, 18.000000, 4.001631
3.000000, 18.000000, 4.060151
4.000000, 18.000000, 4.129089
5.000000, 18.000000, 4.207191
6.000000, 18.000000, 4.293857
7.000000, 18.000000, 4.389910
8.000000, 18.000000, 4.497686
9.000000, 18.000000, 4.620902
10.000000, 18.000000, 4.766532
11.000000, 18.000000, 4.942828
12.000000, 18.000000, 5.159418
13.000000, 18.000000, 5.427092
14.000000, 18.000000, 5.751804
15.000000, 18.000000, 6.106873
16.000000, 18.000000, 6.326575
17.000000, 18.000000, 6.023152
18.000000, 18.000000, 5.231285
19.000000, 18.000000, 4.406907
20.000000, 18.000000, 3.726842
21.000000, 18.000000, 3.198524
22.000000, 18.000000, 2.794449
23.000000, 18.000000, 2.485447
24.000000, 18.000000, 2.249138
25.000000, 18.000000, 2.065801
26.000000, 18.000000, 1.918844
27.000000, 18.000000, 1.794701
28.000000, 18.000000, 1.683111
29.000000, 18.000000, 1.578275
30.000000, 18.000000, 1.499825
31.000000, 18.000000, 1.442869
32.000000, 18.000000, 1.390264
33.000000, 18.000000, 1.343482
34.000000, 18.000000, 1.309468
35.000000, 18.000000, 1.309139
36.000000, 18.000000, 1.335994
37.000000, 18.000000, 1.384365
38.000000, 18.000000, 1.455985
39.000000, 18.000000, 1.549087
40.000000, 18.000000, 1.666029
41.000000, 18.000000, 1.817463
42.000000, 18.000000, 1.980176
0.000000, 19.000000, 3.992887
1.000000, 19.000000, 4.043318
2.000000, 19.000000, 4.098685
3.000000, 19.000000, 4.160927
4.000000, 19.000000, 4.230672
5.000000, 19.000000, 4.307735
6.000000, 19.000000, 4.392108
7.000000, 19.000000, 4.484565
8.000000, 19.000000, 4.586951
9.000000, 19.000000, 4.701274
10.000000, 19.000000, 4.831135
11.000000, 19.000000, 4.982340
12.000000, 19.000000, 5.158021
13.000000, 19.000000, 5.356738
14.000000, 19.000000, 5.562997
15.000000, 19.000000, 5.725429
16.000000, 19.000000, 5.729709
17.000000, 19.000000, 5.448543
18.000000, 19.000000, 4.914289
19.000000, 19.000000, 4.302145
20.000000, 19.000000, 3.739608
21.000000, 19.000000, 3.264540
22.000000, 19.000000, 2.874634
23.000000, 19.000000, 2.562568
24.000000, 19.000000, 2.312650
25.000000, 19.000000, 2.109220
26.000000, 19.000000, 1.938515
27.000000, 19.000000, 1.788864
28.000000, 19.000000, 1.650745
29.000000, 19.000000, 1.517192
30.000000, 19.000000, 1.404060
31.000000, 19.000000, 1.312982
32.000000, 19.000000, 1.222136
33.000000, 19.000000, 1.132749
34.000000, 19.000000, 1.051262
35.000000, 19.000000, 0.993549
36.000000, 19.000000, 0.984371
37.000000, 19.000000, 1.014465
38.000000, 19.000000, 1.082334
39.000000, 19.000000, 1.187561
40.000000, 19.000000, 1.342252
41.000000, 19.000000, 1.524541
42.000000, 19.000000, 1.714112
0.000000, 20.000000, 4.073761
1.000000, 20.000000, 4.130416
2.000000, 20.000000, 4.190515
3.000000, 20.000000, 4.255072
4.000000, 20.000000, 4.324513
5.000000, 20.000000, 4.398844
6.000000, 20.000000, 4.478086
7.000000, 20.000000, 4.562676
8.000000, 20.000000, 4.653670
9.000000, 20.000000, 4.752042
10.000000, 20.000000, 4.856997
11.000000, 20.000000, 4.971524
12.000000, 20.000000, 5.093798
13.000000, 20.000000, 5.215115
14.000000, 20.000000, 5.314010
15.000000, 20.000000, 5.348602
16.000000, 20.000000, 5.259356
17.000000, 20.000000, 5.003808
18.000000, 20.000000, 4.605511
19.000000, 20.000000, 4.143224
20.000000, 20.000000, 3.683134
21.000000, 20.000000, 3.260478
22.000000, 20.000000, 2.899158
23.000000, 20.000000, 2.597117
24.000000, 20.000000, 2.344790
25.000000, 20.000000, 2.131128
26.000000, 20.000000, 1.945410
27.000000, 20.000000, 1.777922
28.000000, 20.000000, 1.620079
29.000000, 20.000000, 1.464516
30.000000, 20.000000, 1.321396
31.000000, 20.000000, 1.201656
32.000000, 20.000000, 1.078147
33.000000, 20.000000, 0.950081
34.000000, 20.000000, 0.823461
35.000000, 20.000000, 0.713390
36.000000, 20.000000, 0.653144
37.000000, 20.000000, 0.667426
38.000000, 20.000000, 0.744115
39.000000, 20.000000, 0.886556
40.000000, 20.000000, 1.079898
41.000000, 20.000000, 1.289402
42.000000, 20.000000, 1.501364
0.000000, 21.000000, 4.153993
1.000000, 21.000000, 4.215218
2.000000, 21.000000, 4.278473
3.000000, 21.000000, 4.344076
4.000000, 21.000000, 4.412036
5.000000, 21.000000, 4.482093
6.000000, 21.000000, 4.553937
7.000000, 21.000000, 4.627421
8.000000, 21.000000, 4.702678
9.000000, 21.000000, 4.779850
10.000000, 21.000000, 4.855564
11.000000, 21.000000, 4.928961
12.000000, 21.000000, 4.996839
13.000000, 21.000000, 5.048921
14.000000, 21.000000, 5.067052
15.000000, 21.000000, 5.024714
16.000000, 21.000000, 4.893816
17.000000, 21.000000, 4.661413
18.000000, 21.000000, 4.344290
19.000000, 21.000000, 3.973174
20.000000, 21.000000, 3.579769
21.000000, 21.000000, 3.211761
22.000000, 21.000000, 2.885002
23.000000, 21.000000, 2.600941
24.000000, 21.000000, 2.354912
25.000000, 21.000000, 2.139621
26.000000, 21.000000, 1.947078
27.000000, 21.000000, 1.769524
28.000000, 21.000000, 1.599634
29.000000, 21.000000, 1.430257
30.000000, 21.000000, 1.264971
31.000000, 21.000000, 1.123634
32.000000, 21.000000, 0.976244
33.000000, 21.000000, 0.817580
34.000000, 21.000000, 0.649934
35.000000, 21.000000, 0.483933
36.000000, 21.000000, 0.354616
37.000000, 21.000000, 0.344817
38.000000, 21.000000, 0.464151
39.000000, 21.000000, 0.666030
40.000000, 21.000000, 0.893620
41.000000, 21.000000, 1.124891
42.000000, 21.000000, 1.351114
0.000000, 22.000000, 4.233737
1.000000, 22.000000, 4.298524
2.000000, 22.000000, 4.363945
3.000000, 22.000000, 4.429709
4.000000, 22.000000, 4.495309
5.000000, 22.000000, 4.560000
6.000000, 22.000000, 4.622929
7.000000, 22.000000, 4.683252
8.000000, 22.000000, 4.740200
9.000000, 22.000000, 4.793009
10.000000, 22.000000, 4.838500
11.000000, 22.000000, 4.871444
12.000000, 22.000000, 4.889844
13.000000, 22.000000, 4.885436
14.000000, 22.000000, 4.846028
15.000000, 22.000000, 4.757274
16.000000, 22.000000, 4.607535
17.000000, 22.000000, 4.395091
18.000000, 22.000000, 4.124198
19.000000, 22.000000, 3.796616
20.000000, 22.000000, 3.459866
21.000000, 22.000000, 3.139886
22.000000, 22.000000, 2.847428
23.000000, 22.000000, 2.585495
24.000000, 22.000000, 2.352049
25.000000, 22.000000, 2.142308
26.000000, 22.000000, 1.950367
27.000000, 22.000000, 1.770247
28.000000, 22.000000, 1.596306
29.000000, 22.000000, 1.422431
30.000000, 22.000000, 1.246303
31.000000, 22.000000, 1.092162
32.000000, 22.000000, 0.934410
33.000000, 22.000000, 0.762329
34.000000, 22.000000, 0.575154
35.000000, 22.000000, 0.375126
36.000000, 22.000000, 0.177617
37.000000, 22.000000, 0.140940
38.000000, 22.000000, 0.334538
39.000000, 22.000000, 0.570234
40.000000, 22.000000, 0.809781
41.000000, 22.000000, 1.044871
42.000000, 22.000000, 1.270860
0.000000, 23.000000, 4.313413
1.000000, 23.000000, 4.381269
2.000000, 23.000000, 4.448390
3.000000, 23.000000, 4.513914
4.000000, 23.000000, 4.576769
5.000000, 23.000000, 4.635619
6.000000, 23.000000, 4.688964
7.000000, 23.000000, 4.735233
8.000000, 23.000000, 4.772873
9.000000, 23.000000, 4.800371
10.000000, 23.000000, 4.815572
11.000000, 23.000000, 4.811826
12.000000, 23.000000, 4.787293
13.000000, 23.000000, 4.737906
14.000000, 23.000000, 4.657209
15.000000, 23.000000, 4.539207
16.000000, 23.000000, 4.381036
17.000000, 23.000000, 4.181619
18.000000, 23.000000, 3.921478
19.000000, 23.000000, 3.630625
20.000000, 23.000000, 3.338459
21.000000, 23.000000, 3.058273
22.000000, 23.000000, 2.797837
23.000000, 23.000000, 2.559920
24.000000, 23.000000, 2.343529
25.000000, 23.000000, 2.145299
26.000000, 23.000000, 1.960651
27.000000, 23.000000, 1.784859
28.000000, 23.000000, 1.614365
29.000000, 23.000000, 1.445554
30.000000, 23.000000, 1.272230
31.000000, 23.000000, 1.114676
32.000000, 23.000000, 0.962337
33.000000, 23.000000, 0.799767
34.000000, 23.000000, 0.629727
35.000000, 23.000000, 0.462818
36.000000, 23.000000, 0.332436
37.000000, 23.000000, 0.320163
38.000000, 23.000000, 0.446401
39.000000, 23.000000, 0.632121
40.000000, 23.000000, 0.840758
41.000000, 23.000000, 1.053671
42.000000, 23.000000, 1.261694
0.000000, 24.000000, 4.393567
1.000000, 24.000000, 4.464436
2.000000, 24.000000, 4.533279
3.000000, 24.000000, 4.598692
4.000000, 24.000000, 4.659006
5.000000, 24.000000, 4.712234
6.000000, 24.000000, 4.756181
7.000000, 24.000000, 4.788558
8.000000, 24.000000, 4.807136
9.000000, 24.000000, 4.809905
10.000000, 24.000000, 4.795142
11.000000, 24.000000, 4.758945
12.000000, 24.000000, 4.697520
13.000000, 24.000000, 4.611662
14.000000, 24.000000, 4.499875
15.000000, 24.000000, 4.361848
16.000000, 24.000000, 4.198778
17.000000, 24.000000, 3.991097
18.000000, 24.000000, 3.739997
19.000000, 24.000000, 3.479521
20.000000, 24.000000, 3.221564
21.000000, 24.000000, 2.974511
22.000000, 24.000000, 2.743480
23.000000, 24.000000, 2.530317
24.000000, 24.000000, 2.334198
25.000000, 24.000000, 2.152452
26.000000, 24.000000, 1.981301
27.000000, 24.000000, 1.816537
28.000000, 24.000000, 1.655408
29.000000, 24.000000, 1.500804
30.000000, 24.000000, 1.341813
31.000000, 24.000000, 1.190118
32.000000, 24.000000, 1.055134
33.000000, 24.000000, 0.918368
34.000000, 24.000000, 0.785893
35.000000, 24.000000, 0.672661
36.000000, 24.000000, 0.603504
37.000000, 24.000000, 0.598079
38.000000, 24.000000, 0.676866
39.000000, 24.000000, 0.805303
40.000000, 24.000000, 0.964525
41.000000, 24.000000, 1.138787
42.000000, 24.000000, 1.315446
0.000000, 25.000000, 4.474743
1.000000, 25.000000, 4.548963
2.000000, 25.000000, 4.620022
3.000000, 25.000000, 4.685989
4.000000, 25.000000, 4.744583
5.000000, 25.000000, 4.793132
6.000000, 25.000000, 4.828691
7.000000, 25.000000, 4.848235
8.000000, 25.000000, 4.848912
9.000000, 25.000000, 4.828380
10.000000, 25.000000, 4.785124
11.000000, 25.000000, 4.718269
12.000000, 25.000000, 4.624982
13.000000, 25.000000, 4.508018
14.000000, 25.000000, 4.370780
15.000000, 25.000000, 4.217004
16.000000, 25.000000, 4.040985
17.000000, 25.000000, 3.817336
18.000000, 25.000000, 3.579705
19.000000, 25.000000, 3.341952
20.000000, 25.000000, 3.111012
21.000000, 25.000000, 2.892076
22.000000, 25.000000, 2.688097
23.000000, 25.000000, 2.499829
24.000000, 25.000000, 2.326192
25.000000, 25.000000, 2.164823
26.000000, 25.000000, 2.012621
27.000000, 25.000000, 1.866352
28.000000, 25.000000, 1.724200
29.000000, 25.000000, 1.586393
30.000000, 25.000000, 1.447257
31.000000, 25.000000, 1.310679
32.000000, 25.000000, 1.197508
33.000000, 25.000000, 1.091788
34.000000, 25.000000, 0.996750
35.000000, 25.000000, 0.923973
36.000000, 25.000000, 0.883469
37.000000, 25.000000, 0.878179
38.000000, 25.000000, 0.933487
39.000000, 25.000000, 1.029094
40.000000, 25.000000, 1.145002
41.000000, 25.000000, 1.278119
42.000000, 25.000000, 1.417691
0.000000, 26.000000, 4.557386
1.000000, 26.000000, 4.635639
2.000000, 26.000000, 4.709838
3.000000, 26.000000, 4.777553
4.000000, 26.000000, 4.835880
5.000000, 26.000000, 4.881413
6.000000, 26.000000, 4.910390
7.000000, 26.000000, 4.918951
8.000000, 26.000000, 4.903553
9.000000, 26.000000, 4.861440
10.000000, 26.000000, 4.791204
11.000000, 26.000000, 4.693290
12.000000, 26.000000, 4.569419
13.000000, 26.000000, 4.422805
14.000000, 26.000000, 4.261662
15.000000, 26.000000, 4.091434
16.000000, 26.000000, 3.887815
17.000000, 26.000000, 3.660031
18.000000, 26.000000, 3.433446
19.000000, 26.000000, 3.213994
20.000000, 26.000000, 3.005752
21.000000, 26.000000, 2.811580
22.000000, 26.000000, 2.632802
23.000000, 26.000000, 2.469210
24.000000, 26.000000, 2.319315
25.000000, 26.000000, 2.180818
26.000000, 26.000000, 2.051089
27.000000, 26.000000, 1.927641
28.000000, 26.000000, 1.808601
29.000000, 26.000000, 1.692412
30.000000, 26.000000, 1.577372
31.000000, 26.000000, 1.464761
32.000000, 26.000000, 1.372941
33.000000, 26.000000, 1.297633
34.000000, 26.000000, 1.234434
35.000000, 26.000000, 1.190417
36.000000, 26.000000, 1.162691
37.000000, 26.000000, 1.159228
38.000000, 26.000000, 1.199261
39.000000, 26.000000, 1.273339
40.000000, 26.000000, 1.356520
41.000000, 26.000000, 1.451867
42.000000, 26.000000, 1.553597
0.000000, 27.000000, 4.641743
1.000000, 27.000000, 4.724990
2.000000, 27.000000, 4.803641
3.000000, 27.000000, 4.874791
4.000000, 27.000000, 4.934922
5.000000, 27.000000, 4.979786
6.000000, 27.000000, 5.004243
7.000000, 27.000000, 5.002135
8.000000, 27.000000, 4.967989
9.000000, 27.000000, 4.899352
10.000000, 27.000000, 4.796914
11.000000, 27.000000, 4.663730
12.000000, 27.000000, 4.505301
13.000000, 27.000000, 4.328619
14.000000, 27.000000, 4.143339
15.000000, 27.000000, 3.948456
16.000000, 27.000000, 3.721261
17.000000, 27.000000, 3.494697
18.000000, 27.000000, 3.278830
19.000000, 27.000000, 3.077292
20.000000, 27.000000, 2.892178
21.000000, 27.000000, 2.724163
22.000000, 27.000000, 2.572574
23.000000, 27.000000, 2.435705
24.000000, 27.000000, 2.311324
25.000000, 27.000000, 2.197295
26.000000, 27.000000, 2.091768
27.000000, 27.000000, 1.992931
28.000000, 27.000000, 1.899083
29.000000, 27.000000, 1.808874
30.000000, 27.000000, 1.721706
31.000000, 27.000000, 1.638650
32.000000, 27.000000, 1.569244
33.000000, 27.000000, 1.522137
34.000000, 27.000000, 1.486687
35.000000, 27.000000, 1.464374
36.000000, 27.000000, 1.444307
37.000000, 27.000000, 1.443742
38.000000, 27.000000, 1.472784
39.000000, 27.000000, 1.527442
40.000000, 27.000000, 1.586175
41.000000, 27.000000, 1.647141
42.000000, 27.000000, 1.711567
0.000000, 28.000000, 4.727761
1.000000, 28.000000, 4.817168
2.000000, 28.000000, 4.901868
3.000000, 28.000000, 4.978302
4.000000, 28.000000, 5.040474
5.000000, 28.000000, 5.079791
6.000000, 28.000000, 5.091216
7.000000, 28.000000, 5.072551
8.000000, 28.000000, 5.020171
9.000000, 28.000000, 4.930456
10.000000, 28.000000, 4.802327
11.000000, 28.000000, 4.638655
12.000000, 28.000000, 4.446776
13.000000, 28.000000, 4.238053
14.000000, 28.000000, 4.025644
15.000000, 28.000000, 3.795519
16.000000, 28.000000, 3.553354
17.000000, 28.000000, 3.325701
18.000000, 28.000000, 3.117493
19.000000, 28.000000, 2.930924
20.000000, 28.000000, 2.766395
21.000000, 28.000000, 2.622900
22.000000, 28.000000, 2.498351
23.000000, 28.000000, 2.389781
24.000000, 28.000000, 2.293730
25.000000, 28.000000, 2.207325
26.000000, 28.000000, 2.128785
27.000000, 28.000000, 2.056781
28.000000, 28.000000, 1.990347
29.000000, 28.000000, 1.928877
30.000000, 28.000000, 1.872187
31.000000, 28.000000, 1.821131
32.000000, 28.000000, 1.779319
33.000000, 28.000000, 1.757824
34.000000, 28.000000, 1.748774
35.000000, 28.000000, 1.744170
36.000000, 28.000000, 1.733042
37.000000, 28.000000, 1.735691
38.000000, 28.000000, 1.755906
39.000000, 28.000000, 1.791530
40.000000, 28.000000, 1.828814
41.000000, 28.000000, 1.857084
42.000000, 28.000000, 1.883899
0.000000, 29.000000, 4.815014
1.000000, 29.000000, 4.911424
2.000000, 29.000000, 4.999817
3.000000, 29.000000, 5.070894
4.000000, 29.000000, 5.124059
5.000000, 29.000000, 5.159028
6.000000, 29.000000, 5.170045
7.000000, 29.000000, 5.149259
8.000000, 29.000000, 5.088935
9.000000, 29.000000, 4.983265
10.000000, 29.000000, 4.830400
11.000000, 29.000000, 4.634143
12.000000, 29.000000, 4.404527
13.000000, 29.000000, 4.157013
14.000000, 29.000000, 3.905855
15.000000, 29.000000, 3.638351
16.000000, 29.000000, 3.381857
17.000000, 29.000000, 3.150558
18.000000, 29.000000, 2.947954
19.000000, 29.000000, 2.774715
20.000000, 29.000000, 2.629487
21.000000, 29.000000, 2.509642
22.000000, 29.000000, 2.411794
23.000000, 29.000000, 2.331792
24.000000, 29.000000, 2.264020
25.000000, 29.000000, 2.204744
26.000000, 29.000000, 2.153976
27.000000, 29.000000, 2.111181
28.000000, 29.000000, 2.075508
29.000000, 29.000000, 2.046094
30.000000, 29.000000, 2.022436
31.000000, 29.000000, 2.005333
32.000000, 29.000000, 1.996471
33.000000, 29.000000, 2.001214
34.000000, 29.000000, 2.019438
35.000000, 29.000000, 2.032183
36.000000, 29.000000, 2.033747
37.000000, 29.000000, 2.040477
38.000000, 29.000000, 2.052883
39.000000, 29.000000, 2.069537
40.000000, 29.000000, 2.083482
41.000000, 29.000000, 2.078841
42.000000, 29.000000, 2.066665
0.000000, 30.000000, 4.902631
1.000000, 30.000000, 4.988457
2.000000, 30.000000, 5.066679
3.000000, 30.000000, 5.138112
4.000000, 30.000000, 5.199485
5.000000, 30.000000, 5.244184
6.000000, 30.000000, 5.263487
7.000000, 30.000000, 5.246960
8.000000, 30.000000, 5.183706
9.000000, 30.000000, 5.064790
10.000000, 30.000000, 4.886558
11.000000, 30.000000, 4.653482
12.000000, 30.000000, 4.378985
13.000000, 30.000000, 4.083926
14.000000, 30.000000, 3.780886
15.000000, 30.000000, 3.474864
16.000000, 30.000000, 3.200531
17.000000, 30.000000, 2.963383
18.000000, 30.000000, 2.765159
19.000000, 30.000000, 2.604569
20.000000, 30.000000, 2.478189
21.000000, 30.000000, 2.381547
22.000000, 30.000000, 2.309927
23.000000, 30.000000, 2.258697
24.000000, 30.000000, 2.219733
25.000000, 30.000000, 2.187365
26.000000, 30.000000, 2.165347
27.000000, 30.000000, 2.152650
28.000000, 30.000000, 2.148472
29.000000, 30.000000, 2.152568
30.000000, 30.000000, 2.165106
31.000000, 30.000000, 2.185787
32.000000, 30.000000, 2.214093
33.000000, 30.000000, 2.251357
34.000000, 30.000000, 2.298972
35.000000, 30.000000, 2.333354
36.000000, 30.000000, 2.352468
37.000000, 30.000000, 2.365314
38.000000, 30.000000, 2.370225
39.000000, 30.000000, 2.366423
40.000000, 30.000000, 2.352190
41.000000, 30.000000, 2.311805
42.000000, 30.000000, 2.261197
0.000000, 31.000000, 4.949243
1.000000, 31.000000, 5.034482
2.000000, 31.000000, 5.120181
3.000000, 31.000000, 5.202943
4.000000, 31.000000, 5.277951
5.000000, 31.000000, 5.337955
6.000000, 31.000000, 5.372638
7.000000, 31.000000, 5.368445
8.000000, 31.000000, 5.309698
9.000000, 31.000000, 5.181931
10.000000, 31.000000, 4.977498
11.000000, 31.000000, 4.701097
12.000000, 31.000000, 4.370934
13.000000, 31.000000, 4.015051
14.000000, 31.000000, 3.651034
15.000000, 31.000000, 3.303220
16.000000, 31.000000, 3.003233
17.000000, 31.000000, 2.758445
18.000000, 31.000000, 2.564528
19.000000, 31.000000, 2.417141
20.000000, 31.000000, 2.310207
21.000000, 31.000000, 2.236933
22.000000, 31.000000, 2.190686
23.000000, 31.000000, 2.165124
24.000000, 31.000000, 2.153724
25.000000, 31.000000, 2.152531
26.000000, 31.000000, 2.161354
27.000000, 31.000000, 2.180019
28.000000, 31.000000, 2.208362
29.000000, 31.000000, 2.246590
30.000000, 31.000000, 2.295272
31.000000, 31.000000, 2.355106
32.000000, 31.000000, 2.426066
33.000000, 31.000000, 2.505248
34.000000, 31.000000, 2.588279
35.000000, 31.000000, 2.652649
36.000000, 31.000000, 2.696379
37.000000, 31.000000, 2.719153
38.000000, 31.000000, 2.716396
39.000000, 31.000000, 2.687968
40.000000, 31.000000, 2.637161
41.000000, 31.000000, 2.555118
42.000000, 31.000000, 2.467229
0.000000, 32.000000, 4.979163
1.000000, 32.000000, 5.071734
2.000000, 32.000000, 5.167396
3.000000, 32.000000, 5.263429
4.000000, 32.000000, 5.355613
5.000000, 32.000000, 5.436810
6.000000, 32.000000, 5.495607
7.000000, 32.000000, 5.515010
8.000000, 32.000000, 5.472507
9.000000, 32.000000, 5.343906
10.000000, 32.000000, 5.112855
11.000000, 32.000000, 4.782817
12.000000, 32.000000, 4.380911
13.000000, 32.000000, 3.945074
14.000000, 32.000000, 3.511809
15.000000, 32.000000, 3.119004
16.000000, 32.000000, 2.788544
17.000000, 32.000000, 2.530777
18.000000, 32.000000, 2.342308
19.000000, 32.000000, 2.210319
20.000000, 32.000000, 2.124910
21.000000, 32.000000, 2.076528
22.000000, 32.000000, 2.056554
23.000000, 32.000000, 2.057734
24.000000, 32.000000, 2.074426
25.000000, 32.000000, 2.103144
26.000000, 32.000000, 2.142538
27.000000, 32.000000, 2.192451
28.000000, 32.000000, 2.253298
29.000000, 32.000000, 2.325759
30.000000, 32.000000, 2.410548
31.000000, 32.000000, 2.508500
32.000000, 32.000000, 2.620133
33.000000, 32.000000, 2.744670
34.000000, 32.000000, 2.873223
35.000000, 32.000000, 2.978341
36.000000, 32.000000, 3.057003
37.000000, 32.000000, 3.095952
38.000000, 32.000000, 3.084972
39.000000, 32.000000, 3.024687
40.000000, 32.000000, 2.925084
41.000000, 32.000000, 2.799125
42.000000, 32.000000, 2.665100
0.000000, 33.000000, 4.999616
1.000000, 33.000000, 5.098787
2.000000, 33.000000, 5.204124
3.000000, 33.000000, 5.314074
4.000000, 33.000000, 5.425807
5.000000, 33.000000, 5.533516
6.000000, 33.000000, 5.626171
7.000000, 33.000000, 5.684279
8.000000, 33.000000, 5.676867
9.000000, 33.000000, 5.563262
10.000000, 33.000000, 5.307907
11.000000, 33.000000, 4.907469
12.000000, 33.000000, 4.404507
13.000000, 33.000000, 3.866899
14.000000, 33.000000, 3.354685
15.000000, 33.000000, 2.911372
16.000000, 33.000000, 2.553314
17.000000, 33.000000, 2.282417
18.000000, 33.000000, 2.096763
19.000000, 33.000000, 1.983661
20.000000, 33.000000, 1.923535
21.000000, 33.000000, 1.902924
22.000000, 33.000000, 1.911226
23.000000, 33.000000, 1.940436
24.000000, 33.000000, 1.985106
25.000000, 33.000000, 2.042077
26.000000, 33.000000, 2.109731
27.000000, 33.000000, 2.186876
28.000000, 33.000000, 2.273707
29.000000, 33.000000, 2.373370
30.000000, 33.000000, 2.489705
31.000000, 33.000000, 2.625597
32.000000, 33.000000, 2.782641
33.000000, 33.000000, 2.959948
34.000000, 33.000000, 3.146965
35.000000, 33.000000, 3.315516
36.000000, 33.000000, 3.451766
37.000000, 33.000000, 3.520684
38.000000, 33.000000, 3.499664
39.000000, 33.000000, 3.391430
40.000000, 33.000000, 3.224627
41.000000, 33.000000, 3.038802
42.000000, 33.000000, 2.832407
0.000000, 34.000000, 5.008138
1.000000, 34.000000, 5.112074
2.000000, 34.000000, 5.225260
3.000000, 34.000000, 5.347695
4.000000, 34.000000, 5.478791
5.000000, 34.000000, 5.615698
6.000000, 34.000000, 5.750572
7.000000, 34.000000, 5.865215
8.000000, 34.000000, 5.922027
9.000000, 34.000000, 5.855670
10.000000, 34.000000, 5.588075
11.000000, 34.000000, 5.092813
12.000000, 34.000000, 4.446058
13.000000, 34.000000, 3.772651
14.000000, 34.000000, 3.167776
15.000000, 34.000000, 2.670206
16.000000, 34.000000, 2.287492
17.000000, 34.000000, 2.013346
18.000000, 34.000000, 1.835328
19.000000, 34.000000, 1.740166
20.000000, 34.000000, 1.709516
21.000000, 34.000000, 1.720414
22.000000, 34.000000, 1.759063
23.000000, 34.000000, 1.816755
24.000000, 34.000000, 1.887206
25.000000, 34.000000, 1.964802
26.000000, 34.000000, 2.049252
27.000000, 34.000000, 2.145452
28.000000, 34.000000, 2.257079
29.000000, 34.000000, 2.387137
30.000000, 34.000000, 2.539116
31.000000, 34.000000, 2.717057
32.000000, 34.000000, 2.924901
33.000000, 34.000000, 3.164672
34.000000, 34.000000, 3.426136
35.000000, 34.000000, 3.682035
36.000000, 34.000000, 3.911127
37.000000, 34.000000, 4.039330
38.000000, 34.000000, 4.005635
39.000000, 34.000000, 3.821322
40.000000, 34.000000, 3.562261
41.000000, 34.000000, 3.279675
42.000000, 34.000000, 2.983378
0.000000, 35.000000, 5.002514
1.000000, 35.000000, 5.108167
2.000000, 35.000000, 5.225507
3.000000, 35.000000, 5.356169
4.000000, 35.000000, 5.502248
5.000000, 35.000000, 5.665201
6.000000, 35.000000, 5.843859
7.000000, 35.000000, 6.028821
8.000000, 35.000000, 6.187680
9.000000, 35.000000, 6.232269
10.000000, 35.000000, 5.993861
11.000000, 35.000000, 5.361295
12.000000, 35.000000, 4.495217
13.000000, 35.000000, 3.644057
14.000000, 35.000000, 2.935750
15.000000, 35.000000, 2.386580
16.000000, 35.000000, 1.986288
17.000000, 35.000000, 1.717701
18.000000, 35.000000, 1.560773
19.000000, 35.000000, 1.492698
20.000000, 35.000000, 1.491113
21.000000, 35.000000, 1.535578
22.000000, 35.000000, 1.604640
23.000000, 35.000000, 1.682664
24.000000, 35.000000, 1.765542
25.000000, 35.000000, 1.858215
26.000000, 35.000000, 1.963331
27.000000, 35.000000, 2.082919
28.000000, 35.000000, 2.219841
29.000000, 35.000000, 2.377983
30.000000, 35.000000, 2.562413
31.000000, 35.000000, 2.779609
32.000000, 35.000000, 3.037407
33.000000, 35.000000, 3.343915
34.000000, 35.000000, 3.696096
35.000000, 35.000000, 4.075706
36.000000, 35.000000, 4.453368
37.000000, 35.000000, 4.699691
38.000000, 35.000000, 4.648550
39.000000, 35.000000, 4.330943
40.000000, 35.000000, 3.917950
41.000000, 35.000000, 3.503956
42.000000, 35.000000, 3.110384
0.000000, 36.000000, 4.981227
1.000000, 36.000000, 5.084465
2.000000, 36.000000, 5.200457
3.000000, 36.000000, 5.332029
4.000000, 36.000000, 5.483475
5.000000, 36.000000, 5.660402
6.000000, 36.000000, 5.869650
7.000000, 36.000000, 6.117448
8.000000, 36.000000, 6.399730
9.000000, 36.000000, 6.655069
10.000000, 36.000000, 6.576171
11.000000, 36.000000, 5.715709
12.000000, 36.000000, 4.501211
13.000000, 36.000000, 3.445552
14.000000, 36.000000, 2.644036
15.000000, 36.000000, 2.056905
16.000000, 36.000000, 1.650298
17.000000, 36.000000, 1.397775
18.000000, 36.000000, 1.273281
19.000000, 36.000000, 1.245819
20.000000, 36.000000, 1.282760
21.000000, 36.000000, 1.353145
22.000000, 36.000000, 1.436080
23.000000, 36.000000, 1.528996
24.000000, 36.000000, 1.631372
25.000000, 36.000000, 1.743739
26.000000, 36.000000, 1.867958
27.000000, 36.000000, 2.006904
28.000000, 36.000000, 2.164387
29.000000, 36.000000, 2.345319
30.000000, 36.000000, 2.556120
31.000000, 36.000000, 2.805454
32.000000, 36.000000, 3.105299
33.000000, 36.000000, 3.471704
34.000000, 36.000000, 3.915936
35.000000, 36.000000, 4.447911
36.000000, 36.000000, 5.070598
37.000000, 36.000000, 5.568787
38.000000, 36.000000, 5.477448
39.000000, 36.000000, 4.883894
40.000000, 36.000000, 4.237741
41.000000, 36.000000, 3.682696
42.000000, 36.000000, 3.213895
0.000000, 37.000000, 4.943899
1.000000, 37.000000, 5.039950
2.000000, 37.000000, 5.147891
3.000000, 37.000000, 5.270779
4.000000, 37.000000, 5.413554
5.000000, 37.000000, 5.583437
6.000000, 37.000000, 5.791222
7.000000, 37.000000, 6.053381
8.000000, 37.000000, 6.394962
9.000000, 37.000000, 6.839613
10.000000, 37.000000, 5.974607
11.000000, 37.000000, 5.750155
12.000000, 37.000000, 4.321111
13.000000, 37.000000, 3.134409
14.000000, 37.000000, 2.288852
15.000000, 37.000000, 1.688497
16.000000, 37.000000, 1.287531
17.000000, 37.000000, 1.061184
18.000000, 37.000000, 0.982181
19.000000, 37.000000, 1.005417
20.000000, 37.000000, 1.075582
21.000000, 37.000000, 1.165052
22.000000, 37.000000, 1.268238
23.000000, 37.000000, 1.381010
24.000000, 37.000000, 1.501012
25.000000, 37.000000, 1.628602
26.000000, 37.000000, 1.766962
27.000000, 37.000000, 1.919997
28.000000, 37.000000, 2.092261
29.000000, 37.000000, 2.289343
30.000000, 37.000000, 2.518327
31.000000, 37.000000, 2.788647
32.000000, 37.000000, 3.114481
33.000000, 37.000000, 3.517769
34.000000, 37.000000, 4.022500
35.000000, 37.000000, 4.670833
36.000000, 37.000000, 5.549808
37.000000, 37.000000, 5.229968
38.000000, 37.000000, 5.654887
39.000000, 37.000000, 5.275795
40.000000, 37.000000, 4.421546
41.000000, 37.000000, 3.779993
42.000000, 37.000000, 3.260036
0.000000, 38.000000, 4.891579
1.000000, 38.000000, 4.975732
2.000000, 38.000000, 5.068845
3.000000, 38.000000, 5.173058
4.000000, 38.000000, 5.291910
5.000000, 38.000000, 5.430398
6.000000, 38.000000, 5.595470
7.000000, 38.000000, 5.796060
8.000000, 38.000000, 6.039662
9.000000, 38.000000, 6.301967
10.000000, 38.000000, 6.111025
11.000000, 38.000000, 5.191079
12.000000, 38.000000, 3.830185
13.000000, 38.000000, 2.715269
14.000000, 38.000000, 1.897020
15.000000, 38.000000, 1.306486
16.000000, 38.000000, 0.914842
17.000000, 38.000000, 0.720251
18.000000, 38.000000, 0.699108
19.000000, 38.000000, 0.770271
20.000000, 38.000000, 0.876984
21.000000, 38.000000, 0.996030
22.000000, 38.000000, 1.119017
23.000000, 38.000000, 1.245133
24.000000, 38.000000, 1.376424
25.000000, 38.000000, 1.515208
26.000000, 38.000000, 1.663346
27.000000, 38.000000, 1.824914
28.000000, 38.000000, 2.005559
29.000000, 38.000000, 2.211304
30.000000, 38.000000, 2.449349
31.000000, 38.000000, 2.727831
32.000000, 38.000000, 3.058001
33.000000, 38.000000, 3.463362
34.000000, 38.000000, 3.966287
35.000000, 38.000000, 4.600493
36.000000, 38.000000, 5.429440
37.000000, 38.000000, 5.625858
38.000000, 38.000000, 5.756344
39.000000, 38.000000, 5.161367
40.000000, 38.000000, 4.364836
41.000000, 38.000000, 3.742847
42.000000, 38.000000, 3.226842
0.000000, 39.000000, 4.826781
1.000000, 39.000000, 4.895156
2.000000, 39.000000, 4.967898
3.000000, 39.000000, 5.045352
4.000000, 39.000000, 5.128170
5.000000, 39.000000, 5.216514
6.000000, 39.000000, 5.308651
7.000000, 39.000000, 5.396801
8.000000, 39.000000, 5.454557
9.000000, 39.000000, 5.400825
10.000000, 39.000000, 5.042904
11.000000, 39.000000, 4.232841
12.000000, 39.000000, 3.211990
13.000000, 39.000000, 2.275848
14.000000, 39.000000, 1.527421
15.000000, 39.000000, 0.955025
16.000000, 39.000000, 0.558473
17.000000, 39.000000, 0.388538
18.000000, 39.000000, 0.436945
19.000000, 39.000000, 0.572871
20.000000, 39.000000, 0.719991
21.000000, 39.000000, 0.860326
22.000000, 39.000000, 0.993889
23.000000, 39.000000, 1.125033
24.000000, 39.000000, 1.258814
25.000000, 39.000000, 1.399987
26.000000, 39.000000, 1.552743
27.000000, 39.000000, 1.720373
28.000000, 39.000000, 1.905633
29.000000, 39.000000, 2.113130
30.000000, 39.000000, 2.349842
31.000000, 39.000000, 2.622590
32.000000, 39.000000, 2.939220
33.000000, 39.000000, 3.316049
34.000000, 39.000000, 3.760473
35.000000, 39.000000, 4.262966
36.000000, 39.000000, 4.813063
37.000000, 39.000000, 5.225724
38.000000, 39.000000, 5.143860
39.000000, 39.000000, 4.643978
40.000000, 39.000000, 4.080179
41.000000, 39.000000, 3.577336
42.000000, 39.000000, 3.122616
0.000000, 40.000000, 4.753230
1.000000, 40.000000, 4.803025
2.000000, 40.000000, 4.852447
3.000000, 40.000000, 4.898677
4.000000, 40.000000, 4.939549
5.000000, 40.000000, 4.970368
6.000000, 40.000000, 4.981973
7.000000, 40.000000, 4.956064
8.000000, 40.000000, 4.856555
9.000000, 40.000000, 4.619648
10.000000, 40.000000, 4.167813
11.000000, 40.000000, 3.488778
12.000000, 40.000000, 2.691994
13.000000, 40.000000, 1.916152
14.000000, 40.000000, 1.246043
15.000000, 40.000000, 0.697580
16.000000, 40.000000, 0.280063
17.000000, 40.000000, 0.105607
18.000000, 40.000000, 0.261881
19.000000, 40.000000, 0.453803
20.000000, 40.000000, 0.619705
21.000000, 40.000000, 0.764118
22.000000, 40.000000, 0.895706
23.000000, 40.000000, 1.022510
24.000000, 40.000000, 1.151363
25.000000, 40.000000, 1.287914
26.000000, 40.000000, 1.436671
27.000000, 40.000000, 1.601183
28.000000, 40.000000, 1.784584
29.000000, 40.000000, 1.990049
30.000000, 40.000000, 2.220771
31.000000, 40.000000, 2.480274
32.000000, 40.000000, 2.773425
33.000000, 40.000000, 3.102870
34.000000, 40.000000, 3.458428
35.000000, 40.000000, 3.822275
36.000000, 40.000000, 4.166628
37.000000, 40.000000, 4.379135
38.000000, 40.000000, 4.337893
39.000000, 40.000000, 4.074313
40.000000, 40.000000, 3.713251
41.000000, 40.000000, 3.341330
42.000000, 40.000000, 2.970236
0.000000, 41.000000, 4.635585
1.000000, 41.000000, 4.691720
2.000000, 41.000000, 4.729182
3.000000, 41.000000, 4.745796
4.000000, 41.000000, 4.745446
5.000000, 41.000000, 4.722173
6.000000, 41.000000, 4.663615
7.000000, 41.000000, 4.550101
8.000000, 41.000000, 4.352552
9.000000, 41.000000, 4.035477
10.000000, 41.000000, 3.574231
11.000000, 41.000000, 2.984502
12.000000, 41.000000, 2.329609
13.000000, 41.000000, 1.683542
14.000000, 41.000000, 1.097466
15.000000, 41.000000, 0.611816
16.000000, 41.000000, 0.252074
17.000000, 41.000000, 0.115875
18.000000, 41.000000, 0.259009
19.000000, 41.000000, 0.430356
20.000000, 41.000000, 0.577867
21.000000, 41.000000, 0.705725
22.000000, 41.000000, 0.822463
23.000000, 41.000000, 0.936113
24.000000, 41.000000, 1.053492
25.000000, 41.000000, 1.180350
26.000000, 41.000000, 1.321066
27.000000, 41.000000, 1.478004
28.000000, 41.000000, 1.652785
29.000000, 41.000000, 1.847268
30.000000, 41.000000, 2.063461
31.000000, 41.000000, 2.302131
32.000000, 41.000000, 2.558279
33.000000, 41.000000, 2.830711
34.000000, 41.000000, 3.118442
35.000000, 41.000000, 3.390959
36.000000, 41.000000, 3.622086
37.000000, 41.000000, 3.745406
38.000000, 41.000000, 3.727242
39.000000, 41.000000, 3.580542
40.000000, 41.000000, 3.352219
41.000000, 41.000000, 3.084316
42.000000, 41.000000, 2.791947
0.000000, 42.000000, 4.523376
1.000000, 42.000000, 4.560872
2.000000, 42.000000, 4.585774
3.000000, 42.000000, 4.590065
4.000000, 42.000000, 4.561465
5.000000, 42.000000, 4.495220
6.000000, 42.000000, 4.384477
7.000000, 42.000000, 4.214052
8.000000, 42.000000, 3.965123
9.000000, 42.000000, 3.621436
10.000000, 42.000000, 3.180016
11.000000, 42.000000, 2.661871
12.000000, 42.000000, 2.111115
13.000000, 42.000000, 1.576787
14.000000, 42.000000, 1.085154
15.000000, 42.000000, 0.690655
16.000000, 42.000000, 0.424510
17.000000, 42.000000, 0.326661
18.000000, 42.000000, 0.375277
19.000000, 42.000000, 0.475750
20.000000, 42.000000, 0.578788
21.000000, 42.000000, 0.675094
22.000000, 42.000000, 0.767609
23.000000, 42.000000, 0.861880
24.000000, 42.000000, 0.963180
25.000000, 42.000000, 1.076575
26.000000, 42.000000, 1.207530
27.000000, 42.000000, 1.355193
28.000000, 42.000000, 1.519229
29.000000, 42.000000, 1.699421
30.000000, 42.000000, 1.891879
31.000000, 42.000000, 2.093688
32.000000, 42.000000, 2.310897
33.000000, 42.000000, 2.543825
34.000000, 42.000000, 2.782308
35.000000, 42.000000, 2.995905
36.000000, 42.000000, 3.156435
37.000000, 42.000000, 3.239088
38.000000, 42.000000, 3.240070
39.000000, 42.000000, 3.160145
40.000000, 42.000000, 3.018061
41.000000, 42.000000, 2.828398
42.000000, 42.000000, 2.603905
