S
I=18,J=18
0.000000, 0.000000, 2.265347
4.000000, 0.000000, 2.239632
8.000000, 0.000000, 2.108666
12.000000, 0.000000, 1.849435
16.000000, 0.000000, 1.491959
20.000000, 0.000000, 1.122418
24.000000, 0.000000, 0.941896
28.000000, 0.000000, 1.127048
32.000000, 0.000000, 1.552729
36.000000, 0.000000, 2.091435
40.000000, 0.000000, 2.489150
44.000000, 0.000000, 2.618371
48.000000, 0.000000, 2.457829
52.000000, 0.000000, 2.146158
56.000000, 0.000000, 1.739949
60.000000, 0.000000, 1.277861
64.000000, 0.000000, 0.821687
68.000000, 0.000000, 0.435864
0.000000, 4.000000, 2.643652
4.000000, 4.000000, 2.657174
8.000000, 4.000000, 2.516903
12.000000, 4.000000, 2.186769
16.000000, 4.000000, 1.645666
20.000000, 4.000000, 0.969963
24.000000, 4.000000, 0.518702
28.000000, 4.000000, 0.946232
32.000000, 4.000000, 1.750068
36.000000, 4.000000, 2.797489
40.000000, 4.000000, 3.414407
44.000000, 4.000000, 3.349097
48.000000, 4.000000, 3.019123
52.000000, 4.000000, 2.605869
56.000000, 4.000000, 2.093362
60.000000, 4.000000, 1.469653
64.000000, 4.000000, 0.853115
68.000000, 4.000000, 0.416977
0.000000, 8.000000, 3.158344
4.000000, 8.000000, 3.194464
8.000000, 8.000000, 3.084225
12.000000, 8.000000, 2.769842
16.000000, 8.000000, 2.090200
20.000000, 8.000000, 1.067186
24.000000, 8.000000, 0.178634
28.000000, 8.000000, 1.004240
32.000000, 8.000000, 2.183459
36.000000, 8.000000, 4.194454
40.000000, 8.000000, 5.153494
44.000000, 8.000000, 4.128027
48.000000, 8.000000, 3.544923
52.000000, 8.000000, 3.161041
56.000000, 8.000000, 2.740865
60.000000, 8.000000, 2.047108
64.000000, 8.000000, 1.284499
68.000000, 8.000000, 0.853667
0.000000, 12.000000, 3.509784
4.000000, 12.000000, 3.645535
8.000000, 12.000000, 3.726737
12.000000, 12.000000, 3.724205
16.000000, 12.000000, 3.229238
20.000000, 12.000000, 1.881494
24.000000, 12.000000, 1.093541
28.000000, 12.000000, 1.376273
32.000000, 12.000000, 2.305986
36.000000, 12.000000, 4.076043
40.000000, 12.000000, 4.920514
44.000000, 12.000000, 3.985515
48.000000, 12.000000, 3.680809
52.000000, 12.000000, 3.781145
56.000000, 12.000000, 4.109825
60.000000, 12.000000, 3.675993
64.000000, 12.000000, 2.297792
68.000000, 12.000000, 1.597879
0.000000, 16.000000, 3.854131
4.000000, 16.000000, 4.101713
8.000000, 16.000000, 4.409198
12.000000, 16.000000, 4.999982
16.000000, 16.000000, 6.268775
20.000000, 16.000000, 3.391043
24.000000, 16.000000, 1.981517
28.000000, 16.000000, 1.659188
32.000000, 16.000000, 1.729018
36.000000, 16.000000, 2.115865
40.000000, 16.000000, 2.518962
44.000000, 16.000000, 2.858087
48.000000, 16.000000, 3.310148
52.000000, 16.000000, 3.979760
56.000000, 16.000000, 5.292847
60.000000, 16.000000, 6.032279
64.000000, 16.000000, 3.413377
68.000000, 16.000000, 2.394871
0.000000, 20.000000, 4.172552
4.000000, 20.000000, 4.466524
8.000000, 20.000000, 4.787624
12.000000, 20.000000, 5.202805
16.000000, 20.000000, 5.342457
20.000000, 20.000000, 3.743466
24.000000, 20.000000, 2.387396
28.000000, 20.000000, 1.649672
32.000000, 20.000000, 1.092678
36.000000, 20.000000, 0.657871
40.000000, 20.000000, 1.081600
44.000000, 20.000000, 1.909573
48.000000, 20.000000, 2.704576
52.000000, 20.000000, 3.534003
56.000000, 20.000000, 4.419932
60.000000, 20.000000, 4.613056
64.000000, 20.000000, 3.789123
68.000000, 20.000000, 3.022325
0.000000, 24.000000, 4.471165
4.000000, 24.000000, 4.760609
8.000000, 24.000000, 4.908265
12.000000, 24.000000, 4.785906
16.000000, 24.000000, 4.273038
20.000000, 24.000000, 3.283676
24.000000, 24.000000, 2.389332
28.000000, 24.000000, 1.709705
32.000000, 24.000000, 1.074225
36.000000, 24.000000, 0.602991
40.000000, 24.000000, 0.952708
44.000000, 24.000000, 1.635001
48.000000, 24.000000, 2.317644
52.000000, 24.000000, 2.933529
56.000000, 24.000000, 3.580723
60.000000, 24.000000, 3.972438
64.000000, 24.000000, 3.870101
68.000000, 24.000000, 3.473132
0.000000, 28.000000, 4.784410
4.000000, 28.000000, 5.113141
8.000000, 28.000000, 5.093534
12.000000, 28.000000, 4.514165
16.000000, 28.000000, 3.614774
20.000000, 28.000000, 2.811373
24.000000, 28.000000, 2.313787
28.000000, 28.000000, 2.001692
32.000000, 28.000000, 1.784433
36.000000, 28.000000, 1.729368
40.000000, 28.000000, 1.808315
44.000000, 28.000000, 1.945124
48.000000, 28.000000, 2.130452
52.000000, 28.000000, 2.392534
56.000000, 28.000000, 2.944034
60.000000, 28.000000, 3.697772
64.000000, 28.000000, 4.120177
68.000000, 28.000000, 3.914576
0.000000, 32.000000, 5.018114
4.000000, 32.000000, 5.407952
8.000000, 32.000000, 5.526019
12.000000, 32.000000, 4.427050
16.000000, 32.000000, 2.844654
20.000000, 32.000000, 2.167526
24.000000, 32.000000, 2.089657
28.000000, 32.000000, 2.255991
32.000000, 32.000000, 2.620286
36.000000, 32.000000, 3.055369
40.000000, 32.000000, 2.905200
44.000000, 32.000000, 2.353850
48.000000, 32.000000, 1.865911
52.000000, 32.000000, 1.768969
56.000000, 32.000000, 2.321227
60.000000, 32.000000, 3.553023
64.000000, 32.000000, 4.849102
68.000000, 32.000000, 4.457093
0.000000, 36.000000, 5.006262
4.000000, 36.000000, 5.523665
8.000000, 36.000000, 6.447463
12.000000, 36.000000, 4.555588
16.000000, 36.000000, 1.712992
20.000000, 36.000000, 1.340213
24.000000, 36.000000, 1.669669
28.000000, 36.000000, 2.177645
32.000000, 36.000000, 3.106244
36.000000, 36.000000, 5.073678
40.000000, 36.000000, 4.240981
44.000000, 36.000000, 2.479375
48.000000, 36.000000, 1.459221
52.000000, 36.000000, 0.960524
56.000000, 36.000000, 1.556183
60.000000, 36.000000, 3.219294
64.000000, 36.000000, 6.400177
68.000000, 36.000000, 4.609461
0.000000, 40.000000, 4.766733
4.000000, 40.000000, 4.972097
8.000000, 40.000000, 4.903406
12.000000, 40.000000, 2.751495
16.000000, 40.000000, 0.350433
20.000000, 40.000000, 0.694366
24.000000, 40.000000, 1.219562
28.000000, 40.000000, 1.827116
32.000000, 40.000000, 2.794212
36.000000, 40.000000, 4.192535
40.000000, 40.000000, 3.756052
44.000000, 40.000000, 2.328996
48.000000, 40.000000, 1.165346
52.000000, 40.000000, 0.132672
56.000000, 40.000000, 0.985787
60.000000, 40.000000, 2.135079
64.000000, 40.000000, 3.265043
68.000000, 40.000000, 2.982968
0.000000, 44.000000, 4.330431
4.000000, 44.000000, 4.243296
8.000000, 44.000000, 3.542479
12.000000, 44.000000, 2.053772
16.000000, 44.000000, 0.867568
20.000000, 44.000000, 0.704405
24.000000, 44.000000, 0.886594
28.000000, 44.000000, 1.299791
32.000000, 44.000000, 1.920658
36.000000, 44.000000, 2.503231
40.000000, 44.000000, 2.555093
44.000000, 44.000000, 2.039433
48.000000, 44.000000, 1.285990
52.000000, 44.000000, 0.733456
56.000000, 44.000000, 0.997590
60.000000, 44.000000, 1.302361
64.000000, 44.000000, 1.350331
68.000000, 44.000000, 1.425869
0.000000, 48.000000, 4.092155
4.000000, 48.000000, 3.937725
8.000000, 48.000000, 3.375035
12.000000, 48.000000, 2.363431
16.000000, 48.000000, 1.329573
20.000000, 48.000000, 0.558735
24.000000, 48.000000, 0.374319
28.000000, 48.000000, 0.836570
32.000000, 48.000000, 1.294058
36.000000, 48.000000, 1.613531
40.000000, 48.000000, 1.903669
44.000000, 48.000000, 1.952686
48.000000, 48.000000, 1.725016
52.000000, 48.000000, 1.521129
56.000000, 48.000000, 1.469453
60.000000, 48.000000, 1.106633
64.000000, 48.000000, 0.325615
68.000000, 48.000000, 0.639438
0.000000, 52.000000, 4.060637
4.000000, 52.000000, 4.069837
8.000000, 52.000000, 3.934039
12.000000, 52.000000, 3.438135
16.000000, 52.000000, 2.361766
20.000000, 52.000000, 0.950360
24.000000, 52.000000, 0.471136
28.000000, 52.000000, 0.762840
32.000000, 52.000000, 0.860424
36.000000, 52.000000, 0.913398
40.000000, 52.000000, 1.546061
44.000000, 52.000000, 2.118148
48.000000, 52.000000, 2.348257
52.000000, 52.000000, 2.488720
56.000000, 52.000000, 2.544353
60.000000, 52.000000, 1.974123
64.000000, 52.000000, 1.159984
68.000000, 52.000000, 1.123261
0.000000, 56.000000, 4.126928
4.000000, 56.000000, 4.351844
8.000000, 56.000000, 4.660818
12.000000, 56.000000, 5.244278
16.000000, 56.000000, 5.721890
20.000000, 56.000000, 2.445598
24.000000, 56.000000, 1.395337
28.000000, 56.000000, 1.147283
32.000000, 56.000000, 0.755074
36.000000, 56.000000, 0.567231
40.000000, 56.000000, 1.860542
44.000000, 56.000000, 2.749090
48.000000, 56.000000, 3.243076
52.000000, 56.000000, 3.802680
56.000000, 56.000000, 4.948951
60.000000, 56.000000, 4.641517
64.000000, 56.000000, 2.672352
68.000000, 56.000000, 2.091444
0.000000, 60.000000, 4.169461
4.000000, 60.000000, 4.507769
8.000000, 60.000000, 4.948985
12.000000, 60.000000, 5.534689
16.000000, 60.000000, 5.478426
20.000000, 60.000000, 3.591883
24.000000, 60.000000, 2.462277
28.000000, 60.000000, 2.143656
32.000000, 60.000000, 2.169946
36.000000, 60.000000, 3.233472
40.000000, 60.000000, 3.970004
44.000000, 60.000000, 4.033576
48.000000, 60.000000, 4.263299
52.000000, 60.000000, 4.701836
56.000000, 60.000000, 5.625925
60.000000, 60.000000, 5.288720
64.000000, 60.000000, 3.677954
68.000000, 60.000000, 2.869646
0.000000, 64.000000, 4.133126
4.000000, 64.000000, 4.467415
8.000000, 64.000000, 4.805468
12.000000, 64.000000, 4.979946
16.000000, 64.000000, 4.733784
20.000000, 64.000000, 3.973892
24.000000, 64.000000, 3.345731
28.000000, 64.000000, 3.237879
32.000000, 64.000000, 3.977642
36.000000, 64.000000, 6.116433
40.000000, 64.000000, 5.996911
44.000000, 64.000000, 5.122895
48.000000, 64.000000, 4.844534
52.000000, 64.000000, 4.913433
56.000000, 64.000000, 5.033445
60.000000, 64.000000, 4.674322
64.000000, 64.000000, 3.908956
68.000000, 64.000000, 3.274818
0.000000, 68.000000, 3.931256
4.000000, 68.000000, 4.279738
8.000000, 68.000000, 4.567073
12.000000, 68.000000, 4.609613
16.000000, 68.000000, 4.441947
20.000000, 68.000000, 4.090661
24.000000, 68.000000, 3.821092
28.000000, 68.000000, 3.920863
32.000000, 68.000000, 4.564272
36.000000, 68.000000, 5.435524
40.000000, 68.000000, 5.641170
44.000000, 68.000000, 5.320188
48.000000, 68.000000, 4.963390
52.000000, 68.000000, 4.793427
56.000000, 68.000000, 4.646575
60.000000, 68.000000, 4.335598
64.000000, 68.000000, 3.877816
68.000000, 68.000000, 3.395673
