S
I=45,J=40
0.0, 0.0, 0.004744
0.0, 0.0, 0.004626
0.0, 0.0, 0.004378
0.0, 0.0, 0.004416
0.0, 0.0, 0.005487
0.0, 0.0, 0.012127
0.0, 0.0, 0.014484
0.0, 0.0, 0.015149
0.0, 0.0, 0.014626
0.0, 0.0, 0.015810
0.0, 0.0, 0.015719
0.0, 0.0, 0.015771
0.0, 0.0, 0.015868
0.0, 0.0, 0.015890
0.0, 0.0, 0.015754
0.0, 0.0, 0.015380
0.0, 0.0, 0.015183
0.0, 0.0, 0.015488
0.0, 0.0, 0.015605
0.0, 0.0, 0.015688
0.0, 0.0, 0.015712
0.0, 0.0, 0.015679
0.0, 0.0, 0.015409
0.0, 0.0, 0.015924
0.0, 0.0, 0.016327
0.0, 0.0, 0.015972
0.0, 0.0, 0.015902
0.0, 0.0, 0.015700
0.0, 0.0, 0.015054
0.0, 0.0, 0.015156
0.0, 0.0, 0.015596
0.0, 0.0, 0.015605
0.0, 0.0, 0.014891
0.0, 0.0, 0.014827
0.0, 0.0, 0.012079
0.0, 0.0, 0.013984
0.0, 0.0, 0.014461
0.0, 0.0, 0.015314
0.0, 0.0, 0.015624
0.0, 0.0, 0.015562
0.0, 0.0, 0.015603
0.0, 0.0, 0.015551
0.0, 0.0, 0.015148
0.0, 0.0, 0.015628
0.0, 0.0, 0.016008
0.0, 0.0, 0.004679
0.0, 0.0, 0.004580
0.0, 0.0, 0.004436
0.0, 0.0, 0.004143
0.0, 0.0, 0.005003
0.0, 0.0, 0.012485
0.0, 0.0, 0.014627
0.0, 0.0, 0.015477
0.0, 0.0, 0.015948
0.0, 0.0, 0.015953
0.0, 0.0, 0.015864
0.0, 0.0, 0.015889
0.0, 0.0, 0.015811
0.0, 0.0, 0.015782
0.0, 0.0, 0.015396
0.0, 0.0, 0.015171
0.0, 0.0, 0.015271
0.0, 0.0, 0.015530
0.0, 0.0, 0.015646
0.0, 0.0, 0.015803
0.0, 0.0, 0.015998
0.0, 0.0, 0.016095
0.0, 0.0, 0.016105
0.0, 0.0, 0.015695
0.0, 0.0, 0.014710
0.0, 0.0, 0.015066
0.0, 0.0, 0.015008
0.0, 0.0, 0.015320
0.0, 0.0, 0.015906
0.0, 0.0, 0.015077
0.0, 0.0, 0.015193
0.0, 0.0, 0.014137
0.0, 0.0, 0.014526
0.0, 0.0, 0.013969
0.0, 0.0, 0.014496
0.0, 0.0, 0.015024
0.0, 0.0, 0.015870
0.0, 0.0, 0.015142
0.0, 0.0, 0.014786
0.0, 0.0, 0.014027
0.0, 0.0, 0.013962
0.0, 0.0, 0.013925
0.0, 0.0, 0.014268
0.0, 0.0, 0.014671
0.0, 0.0, 0.015235
0.0, 0.0, 0.004506
0.0, 0.0, 0.004368
0.0, 0.0, 0.004360
0.0, 0.0, 0.004004
0.0, 0.0, 0.010992
0.0, 0.0, 0.012660
0.0, 0.0, 0.013961
0.0, 0.0, 0.014752
0.0, 0.0, 0.015752
0.0, 0.0, 0.015767
0.0, 0.0, 0.015516
0.0, 0.0, 0.015413
0.0, 0.0, 0.015453
0.0, 0.0, 0.015450
0.0, 0.0, 0.015028
0.0, 0.0, 0.014678
0.0, 0.0, 0.014821
0.0, 0.0, 0.015130
0.0, 0.0, 0.015198
0.0, 0.0, 0.014874
0.0, 0.0, 0.015127
0.0, 0.0, 0.015346
0.0, 0.0, 0.015533
0.0, 0.0, 0.014859
0.0, 0.0, 0.013442
0.0, 0.0, 0.014070
0.0, 0.0, 0.014000
0.0, 0.0, 0.014666
0.0, 0.0, 0.015148
0.0, 0.0, 0.015524
0.0, 0.0, 0.015750
0.0, 0.0, 0.016034
0.0, 0.0, 0.015698
0.0, 0.0, 0.015998
0.0, 0.0, 0.015365
0.0, 0.0, 0.015344
0.0, 0.0, 0.014976
0.0, 0.0, 0.015245
0.0, 0.0, 0.014853
0.0, 0.0, 0.014021
0.0, 0.0, 0.013782
0.0, 0.0, 0.013162
0.0, 0.0, 0.013769
0.0, 0.0, 0.013908
0.0, 0.0, 0.014384
0.0, 0.0, 0.003817
0.0, 0.0, 0.003817
0.0, 0.0, 0.004290
0.0, 0.0, 0.004163
0.0, 0.0, 0.010147
0.0, 0.0, 0.010904
0.0, 0.0, 0.012351
0.0, 0.0, 0.012989
0.0, 0.0, 0.015313
0.0, 0.0, 0.015583
0.0, 0.0, 0.015382
0.0, 0.0, 0.015296
0.0, 0.0, 0.015437
0.0, 0.0, 0.015188
0.0, 0.0, 0.014750
0.0, 0.0, 0.014418
0.0, 0.0, 0.014552
0.0, 0.0, 0.014800
0.0, 0.0, 0.014712
0.0, 0.0, 0.014542
0.0, 0.0, 0.014832
0.0, 0.0, 0.014896
0.0, 0.0, 0.014871
0.0, 0.0, 0.014161
0.0, 0.0, 0.013059
0.0, 0.0, 0.012174
0.0, 0.0, 0.013570
0.0, 0.0, 0.013678
0.0, 0.0, 0.014071
0.0, 0.0, 0.014422
0.0, 0.0, 0.015008
0.0, 0.0, 0.015277
0.0, 0.0, 0.015149
0.0, 0.0, 0.015136
0.0, 0.0, 0.015472
0.0, 0.0, 0.014939
0.0, 0.0, 0.014593
0.0, 0.0, 0.014738
0.0, 0.0, 0.014335
0.0, 0.0, 0.013892
0.0, 0.0, 0.013865
0.0, 0.0, 0.013035
0.0, 0.0, 0.013046
0.0, 0.0, 0.013019
0.0, 0.0, 0.013296
0.0, 0.0, 0.003703
0.0, 0.0, 0.003705
0.0, 0.0, 0.003880
0.0, 0.0, 0.003817
0.0, 0.0, 0.009444
0.0, 0.0, 0.010225
0.0, 0.0, 0.012319
0.0, 0.0, 0.014473
0.0, 0.0, 0.015157
0.0, 0.0, 0.015522
0.0, 0.0, 0.015341
0.0, 0.0, 0.015212
0.0, 0.0, 0.015367
0.0, 0.0, 0.015141
0.0, 0.0, 0.014532
0.0, 0.0, 0.014228
0.0, 0.0, 0.014445
0.0, 0.0, 0.014388
0.0, 0.0, 0.014878
0.0, 0.0, 0.014336
0.0, 0.0, 0.014281
0.0, 0.0, 0.014255
0.0, 0.0, 0.014244
0.0, 0.0, 0.014125
0.0, 0.0, 0.012564
0.0, 0.0, 0.011307
0.0, 0.0, 0.012374
0.0, 0.0, 0.011864
0.0, 0.0, 0.013700
0.0, 0.0, 0.014271
0.0, 0.0, 0.014400
0.0, 0.0, 0.014786
0.0, 0.0, 0.014803
0.0, 0.0, 0.014501
0.0, 0.0, 0.014017
0.0, 0.0, 0.014251
0.0, 0.0, 0.013684
0.0, 0.0, 0.014131
0.0, 0.0, 0.014156
0.0, 0.0, 0.014319
0.0, 0.0, 0.013696
0.0, 0.0, 0.013165
0.0, 0.0, 0.012838
0.0, 0.0, 0.012665
0.0, 0.0, 0.012643
0.0, 0.0, 0.003402
0.0, 0.0, 0.003290
0.0, 0.0, 0.003415
0.0, 0.0, 0.003312
0.0, 0.0, 0.005145
0.0, 0.0, 0.008561
0.0, 0.0, 0.013345
0.0, 0.0, 0.013655
0.0, 0.0, 0.015133
0.0, 0.0, 0.015485
0.0, 0.0, 0.015315
0.0, 0.0, 0.015271
0.0, 0.0, 0.015114
0.0, 0.0, 0.014719
0.0, 0.0, 0.014403
0.0, 0.0, 0.014253
0.0, 0.0, 0.014182
0.0, 0.0, 0.014173
0.0, 0.0, 0.014181
0.0, 0.0, 0.014412
0.0, 0.0, 0.013361
0.0, 0.0, 0.013347
0.0, 0.0, 0.013377
0.0, 0.0, 0.013362
0.0, 0.0, 0.012705
0.0, 0.0, 0.011978
0.0, 0.0, 0.011316
0.0, 0.0, 0.010863
0.0, 0.0, 0.012909
0.0, 0.0, 0.012770
0.0, 0.0, 0.012809
0.0, 0.0, 0.013070
0.0, 0.0, 0.012676
0.0, 0.0, 0.013595
0.0, 0.0, 0.013967
0.0, 0.0, 0.014142
0.0, 0.0, 0.014208
0.0, 0.0, 0.014071
0.0, 0.0, 0.013379
0.0, 0.0, 0.013184
0.0, 0.0, 0.013512
0.0, 0.0, 0.013162
0.0, 0.0, 0.012721
0.0, 0.0, 0.012488
0.0, 0.0, 0.012317
0.0, 0.0, 0.003141
0.0, 0.0, 0.003036
0.0, 0.0, 0.003304
0.0, 0.0, 0.003535
0.0, 0.0, 0.003617
0.0, 0.0, 0.005672
0.0, 0.0, 0.014347
0.0, 0.0, 0.014708
0.0, 0.0, 0.014777
0.0, 0.0, 0.015116
0.0, 0.0, 0.014610
0.0, 0.0, 0.014572
0.0, 0.0, 0.014357
0.0, 0.0, 0.014175
0.0, 0.0, 0.013938
0.0, 0.0, 0.013740
0.0, 0.0, 0.013687
0.0, 0.0, 0.013483
0.0, 0.0, 0.013684
0.0, 0.0, 0.013782
0.0, 0.0, 0.013635
0.0, 0.0, 0.013465
0.0, 0.0, 0.013405
0.0, 0.0, 0.013147
0.0, 0.0, 0.012829
0.0, 0.0, 0.012485
0.0, 0.0, 0.012564
0.0, 0.0, 0.010540
0.0, 0.0, 0.012459
0.0, 0.0, 0.011630
0.0, 0.0, 0.011616
0.0, 0.0, 0.011633
0.0, 0.0, 0.011640
0.0, 0.0, 0.013083
0.0, 0.0, 0.013047
0.0, 0.0, 0.013309
0.0, 0.0, 0.013095
0.0, 0.0, 0.013378
0.0, 0.0, 0.013293
0.0, 0.0, 0.013814
0.0, 0.0, 0.013566
0.0, 0.0, 0.012994
0.0, 0.0, 0.012599
0.0, 0.0, 0.012384
0.0, 0.0, 0.012169
0.0, 0.0, 0.002994
0.0, 0.0, 0.003506
0.0, 0.0, 0.003831
0.0, 0.0, 0.008398
0.0, 0.0, 0.010732
0.0, 0.0, 0.012783
0.0, 0.0, 0.014219
0.0, 0.0, 0.014084
0.0, 0.0, 0.013930
0.0, 0.0, 0.013614
0.0, 0.0, 0.013651
0.0, 0.0, 0.013665
0.0, 0.0, 0.013845
0.0, 0.0, 0.013606
0.0, 0.0, 0.013418
0.0, 0.0, 0.013332
0.0, 0.0, 0.013126
0.0, 0.0, 0.013150
0.0, 0.0, 0.013138
0.0, 0.0, 0.013057
0.0, 0.0, 0.012980
0.0, 0.0, 0.013178
0.0, 0.0, 0.013097
0.0, 0.0, 0.012702
0.0, 0.0, 0.012514
0.0, 0.0, 0.011685
0.0, 0.0, 0.011093
0.0, 0.0, 0.012394
0.0, 0.0, 0.011705
0.0, 0.0, 0.010998
0.0, 0.0, 0.010908
0.0, 0.0, 0.009449
0.0, 0.0, 0.009383
0.0, 0.0, 0.012933
0.0, 0.0, 0.012345
0.0, 0.0, 0.011811
0.0, 0.0, 0.011712
0.0, 0.0, 0.012604
0.0, 0.0, 0.013925
0.0, 0.0, 0.014232
0.0, 0.0, 0.014619
0.0, 0.0, 0.013472
0.0, 0.0, 0.012589
0.0, 0.0, 0.012098
0.0, 0.0, 0.012415
0.0, 0.0, 0.002923
0.0, 0.0, 0.005725
0.0, 0.0, 0.008948
0.0, 0.0, 0.009617
0.0, 0.0, 0.011262
0.0, 0.0, 0.012340
0.0, 0.0, 0.012683
0.0, 0.0, 0.013393
0.0, 0.0, 0.013109
0.0, 0.0, 0.013433
0.0, 0.0, 0.013435
0.0, 0.0, 0.013590
0.0, 0.0, 0.013329
0.0, 0.0, 0.013030
0.0, 0.0, 0.012676
0.0, 0.0, 0.012293
0.0, 0.0, 0.012270
0.0, 0.0, 0.012380
0.0, 0.0, 0.012441
0.0, 0.0, 0.012157
0.0, 0.0, 0.011990
0.0, 0.0, 0.012544
0.0, 0.0, 0.012589
0.0, 0.0, 0.012395
0.0, 0.0, 0.010921
0.0, 0.0, 0.011560
0.0, 0.0, 0.011187
0.0, 0.0, 0.011356
0.0, 0.0, 0.011022
0.0, 0.0, 0.010684
0.0, 0.0, 0.009472
0.0, 0.0, 0.009258
0.0, 0.0, 0.008345
0.0, 0.0, 0.012958
0.0, 0.0, 0.011967
0.0, 0.0, 0.011650
0.0, 0.0, 0.011302
0.0, 0.0, 0.011551
0.0, 0.0, 0.012292
0.0, 0.0, 0.014306
0.0, 0.0, 0.014186
0.0, 0.0, 0.014145
0.0, 0.0, 0.012708
0.0, 0.0, 0.012039
0.0, 0.0, 0.011954
0.0, 0.0, 0.002912
0.0, 0.0, 0.003654
0.0, 0.0, 0.008343
0.0, 0.0, 0.009949
0.0, 0.0, 0.010982
0.0, 0.0, 0.011460
0.0, 0.0, 0.012472
0.0, 0.0, 0.012770
0.0, 0.0, 0.013074
0.0, 0.0, 0.012738
0.0, 0.0, 0.013341
0.0, 0.0, 0.012782
0.0, 0.0, 0.012066
0.0, 0.0, 0.011023
0.0, 0.0, 0.010967
0.0, 0.0, 0.011225
0.0, 0.0, 0.011190
0.0, 0.0, 0.011076
0.0, 0.0, 0.010996
0.0, 0.0, 0.011002
0.0, 0.0, 0.011355
0.0, 0.0, 0.011348
0.0, 0.0, 0.011970
0.0, 0.0, 0.012033
0.0, 0.0, 0.011931
0.0, 0.0, 0.011155
0.0, 0.0, 0.011785
0.0, 0.0, 0.010844
0.0, 0.0, 0.010381
0.0, 0.0, 0.010341
0.0, 0.0, 0.009262
0.0, 0.0, 0.009517
0.0, 0.0, 0.008855
0.0, 0.0, 0.012894
0.0, 0.0, 0.012630
0.0, 0.0, 0.012199
0.0, 0.0, 0.012859
0.0, 0.0, 0.012305
0.0, 0.0, 0.012272
0.0, 0.0, 0.012136
0.0, 0.0, 0.013827
0.0, 0.0, 0.014168
0.0, 0.0, 0.013716
0.0, 0.0, 0.012353
0.0, 0.0, 0.011904
0.0, 0.0, 0.002811
0.0, 0.0, 0.002923
0.0, 0.0, 0.008804
0.0, 0.0, 0.009432
0.0, 0.0, 0.010915
0.0, 0.0, 0.011721
0.0, 0.0, 0.012380
0.0, 0.0, 0.012272
0.0, 0.0, 0.012397
0.0, 0.0, 0.012525
0.0, 0.0, 0.012461
0.0, 0.0, 0.011438
0.0, 0.0, 0.010946
0.0, 0.0, 0.011309
0.0, 0.0, 0.010948
0.0, 0.0, 0.010246
0.0, 0.0, 0.009984
0.0, 0.0, 0.009830
0.0, 0.0, 0.009877
0.0, 0.0, 0.009659
0.0, 0.0, 0.009404
0.0, 0.0, 0.009148
0.0, 0.0, 0.008811
0.0, 0.0, 0.008426
0.0, 0.0, 0.008368
0.0, 0.0, 0.008772
0.0, 0.0, 0.008616
0.0, 0.0, 0.008755
0.0, 0.0, 0.008326
0.0, 0.0, 0.008356
0.0, 0.0, 0.008861
0.0, 0.0, 0.011039
0.0, 0.0, 0.011764
0.0, 0.0, 0.012341
0.0, 0.0, 0.012619
0.0, 0.0, 0.013340
0.0, 0.0, 0.012524
0.0, 0.0, 0.012688
0.0, 0.0, 0.012506
0.0, 0.0, 0.012683
0.0, 0.0, 0.012420
0.0, 0.0, 0.012269
0.0, 0.0, 0.012633
0.0, 0.0, 0.012764
0.0, 0.0, 0.012290
0.0, 0.0, 0.002608
0.0, 0.0, 0.003149
0.0, 0.0, 0.008882
0.0, 0.0, 0.009389
0.0, 0.0, 0.010601
0.0, 0.0, 0.009836
0.0, 0.0, 0.009117
0.0, 0.0, 0.009043
0.0, 0.0, 0.009204
0.0, 0.0, 0.009113
0.0, 0.0, 0.008960
0.0, 0.0, 0.008346
0.0, 0.0, 0.007663
0.0, 0.0, 0.009179
0.0, 0.0, 0.008753
0.0, 0.0, 0.008439
0.0, 0.0, 0.007984
0.0, 0.0, 0.007630
0.0, 0.0, 0.007387
0.0, 0.0, 0.008305
0.0, 0.0, 0.008051
0.0, 0.0, 0.007885
0.0, 0.0, 0.007397
0.0, 0.0, 0.006940
0.0, 0.0, 0.006488
0.0, 0.0, 0.006067
0.0, 0.0, 0.006369
0.0, 0.0, 0.006181
0.0, 0.0, 0.006461
0.0, 0.0, 0.005388
0.0, 0.0, 0.007269
0.0, 0.0, 0.009839
0.0, 0.0, 0.009952
0.0, 0.0, 0.010599
0.0, 0.0, 0.011054
0.0, 0.0, 0.011609
0.0, 0.0, 0.011755
0.0, 0.0, 0.011529
0.0, 0.0, 0.011761
0.0, 0.0, 0.011789
0.0, 0.0, 0.012284
0.0, 0.0, 0.012682
0.0, 0.0, 0.012507
0.0, 0.0, 0.012577
0.0, 0.0, 0.013011
0.0, 0.0, 0.002682
0.0, 0.0, 0.003371
0.0, 0.0, 0.008458
0.0, 0.0, 0.008970
0.0, 0.0, 0.009902
0.0, 0.0, 0.009039
0.0, 0.0, 0.008180
0.0, 0.0, 0.007800
0.0, 0.0, 0.007331
0.0, 0.0, 0.007400
0.0, 0.0, 0.007408
0.0, 0.0, 0.006416
0.0, 0.0, 0.005777
0.0, 0.0, 0.005064
0.0, 0.0, 0.005643
0.0, 0.0, 0.006070
0.0, 0.0, 0.005471
0.0, 0.0, 0.005075
0.0, 0.0, 0.005448
0.0, 0.0, 0.005518
0.0, 0.0, 0.005951
0.0, 0.0, 0.006321
0.0, 0.0, 0.005262
0.0, 0.0, 0.005471
0.0, 0.0, 0.005378
0.0, 0.0, 0.004976
0.0, 0.0, 0.004328
0.0, 0.0, 0.005070
0.0, 0.0, 0.005760
0.0, 0.0, 0.004911
0.0, 0.0, 0.004792
0.0, 0.0, 0.006814
0.0, 0.0, 0.007481
0.0, 0.0, 0.007806
0.0, 0.0, 0.008387
0.0, 0.0, 0.009065
0.0, 0.0, 0.009781
0.0, 0.0, 0.010377
0.0, 0.0, 0.010433
0.0, 0.0, 0.010828
0.0, 0.0, 0.010980
0.0, 0.0, 0.011510
0.0, 0.0, 0.012021
0.0, 0.0, 0.012506
0.0, 0.0, 0.012386
0.0, 0.0, 0.002760
0.0, 0.0, 0.006799
0.0, 0.0, 0.007577
0.0, 0.0, 0.008628
0.0, 0.0, 0.009187
0.0, 0.0, 0.008212
0.0, 0.0, 0.007347
0.0, 0.0, 0.006505
0.0, 0.0, 0.005706
0.0, 0.0, 0.005692
0.0, 0.0, 0.005834
0.0, 0.0, 0.005792
0.0, 0.0, 0.005212
0.0, 0.0, 0.004898
0.0, 0.0, 0.004619
0.0, 0.0, 0.004473
0.0, 0.0, 0.004577
0.0, 0.0, 0.004686
0.0, 0.0, 0.004473
0.0, 0.0, 0.004449
0.0, 0.0, 0.004097
0.0, 0.0, 0.004015
0.0, 0.0, 0.003776
0.0, 0.0, 0.004278
0.0, 0.0, 0.003939
0.0, 0.0, 0.003645
0.0, 0.0, 0.003830
0.0, 0.0, 0.004260
0.0, 0.0, 0.004655
0.0, 0.0, 0.004311
0.0, 0.0, 0.004066
0.0, 0.0, 0.006378
0.0, 0.0, 0.005969
0.0, 0.0, 0.006243
0.0, 0.0, 0.006800
0.0, 0.0, 0.007573
0.0, 0.0, 0.007885
0.0, 0.0, 0.008771
0.0, 0.0, 0.009152
0.0, 0.0, 0.009720
0.0, 0.0, 0.010271
0.0, 0.0, 0.010635
0.0, 0.0, 0.011204
0.0, 0.0, 0.011761
0.0, 0.0, 0.012360
0.0, 0.0, 0.002892
0.0, 0.0, 0.004719
0.0, 0.0, 0.006913
0.0, 0.0, 0.006150
0.0, 0.0, 0.006439
0.0, 0.0, 0.006688
0.0, 0.0, 0.006213
0.0, 0.0, 0.005595
0.0, 0.0, 0.005241
0.0, 0.0, 0.005289
0.0, 0.0, 0.005554
0.0, 0.0, 0.005505
0.0, 0.0, 0.005168
0.0, 0.0, 0.004972
0.0, 0.0, 0.005095
0.0, 0.0, 0.004298
0.0, 0.0, 0.004259
0.0, 0.0, 0.004359
0.0, 0.0, 0.004318
0.0, 0.0, 0.003979
0.0, 0.0, 0.003931
0.0, 0.0, 0.003846
0.0, 0.0, 0.003864
0.0, 0.0, 0.003840
0.0, 0.0, 0.004147
0.0, 0.0, 0.003673
0.0, 0.0, 0.003539
0.0, 0.0, 0.004245
0.0, 0.0, 0.004273
0.0, 0.0, 0.003874
0.0, 0.0, 0.003995
0.0, 0.0, 0.004998
0.0, 0.0, 0.005528
0.0, 0.0, 0.005446
0.0, 0.0, 0.005855
0.0, 0.0, 0.006396
0.0, 0.0, 0.006898
0.0, 0.0, 0.007855
0.0, 0.0, 0.008455
0.0, 0.0, 0.008880
0.0, 0.0, 0.009523
0.0, 0.0, 0.009875
0.0, 0.0, 0.010336
0.0, 0.0, 0.011102
0.0, 0.0, 0.011884
0.0, 0.0, 0.002998
0.0, 0.0, 0.005115
0.0, 0.0, 0.005125
0.0, 0.0, 0.005252
0.0, 0.0, 0.005382
0.0, 0.0, 0.005375
0.0, 0.0, 0.005271
0.0, 0.0, 0.005138
0.0, 0.0, 0.004939
0.0, 0.0, 0.005114
0.0, 0.0, 0.005363
0.0, 0.0, 0.005325
0.0, 0.0, 0.005181
0.0, 0.0, 0.004916
0.0, 0.0, 0.004856
0.0, 0.0, 0.004809
0.0, 0.0, 0.004372
0.0, 0.0, 0.003917
0.0, 0.0, 0.003792
0.0, 0.0, 0.003649
0.0, 0.0, 0.003430
0.0, 0.0, 0.003385
0.0, 0.0, 0.003666
0.0, 0.0, 0.003767
0.0, 0.0, 0.003573
0.0, 0.0, 0.003662
0.0, 0.0, 0.003688
0.0, 0.0, 0.003178
0.0, 0.0, 0.003727
0.0, 0.0, 0.003966
0.0, 0.0, 0.004050
0.0, 0.0, 0.003759
0.0, 0.0, 0.005178
0.0, 0.0, 0.005543
0.0, 0.0, 0.005925
0.0, 0.0, 0.006369
0.0, 0.0, 0.006760
0.0, 0.0, 0.007179
0.0, 0.0, 0.007543
0.0, 0.0, 0.008107
0.0, 0.0, 0.008691
0.0, 0.0, 0.009245
0.0, 0.0, 0.009608
0.0, 0.0, 0.010087
0.0, 0.0, 0.011409
0.0, 0.0, 0.003616
0.0, 0.0, 0.004569
0.0, 0.0, 0.004435
0.0, 0.0, 0.004283
0.0, 0.0, 0.004537
0.0, 0.0, 0.004680
0.0, 0.0, 0.004946
0.0, 0.0, 0.004950
0.0, 0.0, 0.005055
0.0, 0.0, 0.005025
0.0, 0.0, 0.005246
0.0, 0.0, 0.005288
0.0, 0.0, 0.005018
0.0, 0.0, 0.004880
0.0, 0.0, 0.004776
0.0, 0.0, 0.004497
0.0, 0.0, 0.004346
0.0, 0.0, 0.004228
0.0, 0.0, 0.003810
0.0, 0.0, 0.003357
0.0, 0.0, 0.003242
0.0, 0.0, 0.003047
0.0, 0.0, 0.003453
0.0, 0.0, 0.003347
0.0, 0.0, 0.003219
0.0, 0.0, 0.003793
0.0, 0.0, 0.003253
0.0, 0.0, 0.003068
0.0, 0.0, 0.003569
0.0, 0.0, 0.004068
0.0, 0.0, 0.004160
0.0, 0.0, 0.003697
0.0, 0.0, 0.005368
0.0, 0.0, 0.006284
0.0, 0.0, 0.006223
0.0, 0.0, 0.006289
0.0, 0.0, 0.006471
0.0, 0.0, 0.006830
0.0, 0.0, 0.007383
0.0, 0.0, 0.008155
0.0, 0.0, 0.008472
0.0, 0.0, 0.008688
0.0, 0.0, 0.008986
0.0, 0.0, 0.009359
0.0, 0.0, 0.010032
0.0, 0.0, 0.004130
0.0, 0.0, 0.004074
0.0, 0.0, 0.003882
0.0, 0.0, 0.003919
0.0, 0.0, 0.004009
0.0, 0.0, 0.004422
0.0, 0.0, 0.004735
0.0, 0.0, 0.004934
0.0, 0.0, 0.005081
0.0, 0.0, 0.005157
0.0, 0.0, 0.005210
0.0, 0.0, 0.005175
0.0, 0.0, 0.004793
0.0, 0.0, 0.004269
0.0, 0.0, 0.004143
0.0, 0.0, 0.003885
0.0, 0.0, 0.003859
0.0, 0.0, 0.003251
0.0, 0.0, 0.003075
0.0, 0.0, 0.003042
0.0, 0.0, 0.002883
0.0, 0.0, 0.002901
0.0, 0.0, 0.003204
0.0, 0.0, 0.003091
0.0, 0.0, 0.002936
0.0, 0.0, 0.002910
0.0, 0.0, 0.003227
0.0, 0.0, 0.003447
0.0, 0.0, 0.003387
0.0, 0.0, 0.003427
0.0, 0.0, 0.003975
0.0, 0.0, 0.003742
0.0, 0.0, 0.004265
0.0, 0.0, 0.003750
0.0, 0.0, 0.005304
0.0, 0.0, 0.005460
0.0, 0.0, 0.005557
0.0, 0.0, 0.005729
0.0, 0.0, 0.006326
0.0, 0.0, 0.007027
0.0, 0.0, 0.007727
0.0, 0.0, 0.008668
0.0, 0.0, 0.008871
0.0, 0.0, 0.009328
0.0, 0.0, 0.009655
0.0, 0.0, 0.003917
0.0, 0.0, 0.003844
0.0, 0.0, 0.003569
0.0, 0.0, 0.003667
0.0, 0.0, 0.003716
0.0, 0.0, 0.003954
0.0, 0.0, 0.004362
0.0, 0.0, 0.004505
0.0, 0.0, 0.004635
0.0, 0.0, 0.004608
0.0, 0.0, 0.004398
0.0, 0.0, 0.004425
0.0, 0.0, 0.004164
0.0, 0.0, 0.003256
0.0, 0.0, 0.002784
0.0, 0.0, 0.002736
0.0, 0.0, 0.002510
0.0, 0.0, 0.002490
0.0, 0.0, 0.002623
0.0, 0.0, 0.002795
0.0, 0.0, 0.002770
0.0, 0.0, 0.002793
0.0, 0.0, 0.002860
0.0, 0.0, 0.002750
0.0, 0.0, 0.002808
0.0, 0.0, 0.002963
0.0, 0.0, 0.002883
0.0, 0.0, 0.003124
0.0, 0.0, 0.003126
0.0, 0.0, 0.003413
0.0, 0.0, 0.003025
0.0, 0.0, 0.003646
0.0, 0.0, 0.003799
0.0, 0.0, 0.003739
0.0, 0.0, 0.004379
0.0, 0.0, 0.004292
0.0, 0.0, 0.004661
0.0, 0.0, 0.004956
0.0, 0.0, 0.004961
0.0, 0.0, 0.005457
0.0, 0.0, 0.006224
0.0, 0.0, 0.007058
0.0, 0.0, 0.007683
0.0, 0.0, 0.008811
0.0, 0.0, 0.009356
0.0, 0.0, 0.004003
0.0, 0.0, 0.003811
0.0, 0.0, 0.003436
0.0, 0.0, 0.003350
0.0, 0.0, 0.003270
0.0, 0.0, 0.003238
0.0, 0.0, 0.003340
0.0, 0.0, 0.003012
0.0, 0.0, 0.003340
0.0, 0.0, 0.003561
0.0, 0.0, 0.003663
0.0, 0.0, 0.003748
0.0, 0.0, 0.003696
0.0, 0.0, 0.003191
0.0, 0.0, 0.002621
0.0, 0.0, 0.002561
0.0, 0.0, 0.002485
0.0, 0.0, 0.002560
0.0, 0.0, 0.002652
0.0, 0.0, 0.002785
0.0, 0.0, 0.002655
0.0, 0.0, 0.002645
0.0, 0.0, 0.002532
0.0, 0.0, 0.002598
0.0, 0.0, 0.002611
0.0, 0.0, 0.002717
0.0, 0.0, 0.002825
0.0, 0.0, 0.002839
0.0, 0.0, 0.003013
0.0, 0.0, 0.003405
0.0, 0.0, 0.003115
0.0, 0.0, 0.003527
0.0, 0.0, 0.003353
0.0, 0.0, 0.003539
0.0, 0.0, 0.003631
0.0, 0.0, 0.003497
0.0, 0.0, 0.003725
0.0, 0.0, 0.003879
0.0, 0.0, 0.004350
0.0, 0.0, 0.004717
0.0, 0.0, 0.005557
0.0, 0.0, 0.006000
0.0, 0.0, 0.006518
0.0, 0.0, 0.007039
0.0, 0.0, 0.007577
0.0, 0.0, 0.003765
0.0, 0.0, 0.003936
0.0, 0.0, 0.003343
0.0, 0.0, 0.003084
0.0, 0.0, 0.002791
0.0, 0.0, 0.002552
0.0, 0.0, 0.002480
0.0, 0.0, 0.002610
0.0, 0.0, 0.002700
0.0, 0.0, 0.002634
0.0, 0.0, 0.002806
0.0, 0.0, 0.002877
0.0, 0.0, 0.002928
0.0, 0.0, 0.002772
0.0, 0.0, 0.002916
0.0, 0.0, 0.002446
0.0, 0.0, 0.002724
0.0, 0.0, 0.002554
0.0, 0.0, 0.002712
0.0, 0.0, 0.002589
0.0, 0.0, 0.002580
0.0, 0.0, 0.002425
0.0, 0.0, 0.002455
0.0, 0.0, 0.002250
0.0, 0.0, 0.002511
0.0, 0.0, 0.002528
0.0, 0.0, 0.002865
0.0, 0.0, 0.002788
0.0, 0.0, 0.002772
0.0, 0.0, 0.002831
0.0, 0.0, 0.003217
0.0, 0.0, 0.003220
0.0, 0.0, 0.003032
0.0, 0.0, 0.003236
0.0, 0.0, 0.003283
0.0, 0.0, 0.003210
0.0, 0.0, 0.002818
0.0, 0.0, 0.003532
0.0, 0.0, 0.004772
0.0, 0.0, 0.005153
0.0, 0.0, 0.005201
0.0, 0.0, 0.005356
0.0, 0.0, 0.005578
0.0, 0.0, 0.005853
0.0, 0.0, 0.006354
0.0, 0.0, 0.003796
0.0, 0.0, 0.004852
0.0, 0.0, 0.003826
0.0, 0.0, 0.003679
0.0, 0.0, 0.003319
0.0, 0.0, 0.003188
0.0, 0.0, 0.003232
0.0, 0.0, 0.003124
0.0, 0.0, 0.002762
0.0, 0.0, 0.002503
0.0, 0.0, 0.002681
0.0, 0.0, 0.002745
0.0, 0.0, 0.002750
0.0, 0.0, 0.002935
0.0, 0.0, 0.002781
0.0, 0.0, 0.002197
0.0, 0.0, 0.002179
0.0, 0.0, 0.002209
0.0, 0.0, 0.002457
0.0, 0.0, 0.002570
0.0, 0.0, 0.002676
0.0, 0.0, 0.002436
0.0, 0.0, 0.002362
0.0, 0.0, 0.002383
0.0, 0.0, 0.002476
0.0, 0.0, 0.002540
0.0, 0.0, 0.002751
0.0, 0.0, 0.003037
0.0, 0.0, 0.002811
0.0, 0.0, 0.002925
0.0, 0.0, 0.003014
0.0, 0.0, 0.003275
0.0, 0.0, 0.003060
0.0, 0.0, 0.002818
0.0, 0.0, 0.002845
0.0, 0.0, 0.003156
0.0, 0.0, 0.003476
0.0, 0.0, 0.003766
0.0, 0.0, 0.003880
0.0, 0.0, 0.004038
0.0, 0.0, 0.004191
0.0, 0.0, 0.004415
0.0, 0.0, 0.004652
0.0, 0.0, 0.004887
0.0, 0.0, 0.005137
0.0, 0.0, 0.003579
0.0, 0.0, 0.004407
0.0, 0.0, 0.004053
0.0, 0.0, 0.003915
0.0, 0.0, 0.003503
0.0, 0.0, 0.003360
0.0, 0.0, 0.003200
0.0, 0.0, 0.003254
0.0, 0.0, 0.003132
0.0, 0.0, 0.002892
0.0, 0.0, 0.003206
0.0, 0.0, 0.003286
0.0, 0.0, 0.003045
0.0, 0.0, 0.002632
0.0, 0.0, 0.002195
0.0, 0.0, 0.002050
0.0, 0.0, 0.002120
0.0, 0.0, 0.002152
0.0, 0.0, 0.002294
0.0, 0.0, 0.002588
0.0, 0.0, 0.002684
0.0, 0.0, 0.002515
0.0, 0.0, 0.002538
0.0, 0.0, 0.002456
0.0, 0.0, 0.002518
0.0, 0.0, 0.002669
0.0, 0.0, 0.002793
0.0, 0.0, 0.002985
0.0, 0.0, 0.003183
0.0, 0.0, 0.003110
0.0, 0.0, 0.002734
0.0, 0.0, 0.002893
0.0, 0.0, 0.002906
0.0, 0.0, 0.002696
0.0, 0.0, 0.002655
0.0, 0.0, 0.003333
0.0, 0.0, 0.003359
0.0, 0.0, 0.003064
0.0, 0.0, 0.003159
0.0, 0.0, 0.003362
0.0, 0.0, 0.003540
0.0, 0.0, 0.003846
0.0, 0.0, 0.004113
0.0, 0.0, 0.004332
0.0, 0.0, 0.004518
0.0, 0.0, 0.003238
0.0, 0.0, 0.004539
0.0, 0.0, 0.004405
0.0, 0.0, 0.003681
0.0, 0.0, 0.003291
0.0, 0.0, 0.002877
0.0, 0.0, 0.002910
0.0, 0.0, 0.003081
0.0, 0.0, 0.003135
0.0, 0.0, 0.003200
0.0, 0.0, 0.003130
0.0, 0.0, 0.003075
0.0, 0.0, 0.002517
0.0, 0.0, 0.002491
0.0, 0.0, 0.002443
0.0, 0.0, 0.002133
0.0, 0.0, 0.002067
0.0, 0.0, 0.002086
0.0, 0.0, 0.002123
0.0, 0.0, 0.002383
0.0, 0.0, 0.002502
0.0, 0.0, 0.002542
0.0, 0.0, 0.002430
0.0, 0.0, 0.002604
0.0, 0.0, 0.002709
0.0, 0.0, 0.002765
0.0, 0.0, 0.002957
0.0, 0.0, 0.003082
0.0, 0.0, 0.003050
0.0, 0.0, 0.002860
0.0, 0.0, 0.002853
0.0, 0.0, 0.002678
0.0, 0.0, 0.002538
0.0, 0.0, 0.002714
0.0, 0.0, 0.002792
0.0, 0.0, 0.002644
0.0, 0.0, 0.002645
0.0, 0.0, 0.002580
0.0, 0.0, 0.002645
0.0, 0.0, 0.003047
0.0, 0.0, 0.003242
0.0, 0.0, 0.003562
0.0, 0.0, 0.003883
0.0, 0.0, 0.004116
0.0, 0.0, 0.004153
0.0, 0.0, 0.002854
0.0, 0.0, 0.002990
0.0, 0.0, 0.003920
0.0, 0.0, 0.003877
0.0, 0.0, 0.003482
0.0, 0.0, 0.003067
0.0, 0.0, 0.003081
0.0, 0.0, 0.003106
0.0, 0.0, 0.003248
0.0, 0.0, 0.003417
0.0, 0.0, 0.003017
0.0, 0.0, 0.002541
0.0, 0.0, 0.002378
0.0, 0.0, 0.002346
0.0, 0.0, 0.002191
0.0, 0.0, 0.002167
0.0, 0.0, 0.002074
0.0, 0.0, 0.002039
0.0, 0.0, 0.002041
0.0, 0.0, 0.002134
0.0, 0.0, 0.002409
0.0, 0.0, 0.002451
0.0, 0.0, 0.002561
0.0, 0.0, 0.002718
0.0, 0.0, 0.002743
0.0, 0.0, 0.002793
0.0, 0.0, 0.002962
0.0, 0.0, 0.002968
0.0, 0.0, 0.003075
0.0, 0.0, 0.003186
0.0, 0.0, 0.002963
0.0, 0.0, 0.002566
0.0, 0.0, 0.002391
0.0, 0.0, 0.002486
0.0, 0.0, 0.002658
0.0, 0.0, 0.002444
0.0, 0.0, 0.002280
0.0, 0.0, 0.002677
0.0, 0.0, 0.002359
0.0, 0.0, 0.002625
0.0, 0.0, 0.002876
0.0, 0.0, 0.003224
0.0, 0.0, 0.003449
0.0, 0.0, 0.003887
0.0, 0.0, 0.004187
0.0, 0.0, 0.002389
0.0, 0.0, 0.003117
0.0, 0.0, 0.003487
0.0, 0.0, 0.004119
0.0, 0.0, 0.003573
0.0, 0.0, 0.003469
0.0, 0.0, 0.003295
0.0, 0.0, 0.003231
0.0, 0.0, 0.003217
0.0, 0.0, 0.003044
0.0, 0.0, 0.002883
0.0, 0.0, 0.002493
0.0, 0.0, 0.002121
0.0, 0.0, 0.001960
0.0, 0.0, 0.001957
0.0, 0.0, 0.001943
0.0, 0.0, 0.001947
0.0, 0.0, 0.001999
0.0, 0.0, 0.002088
0.0, 0.0, 0.002240
0.0, 0.0, 0.002306
0.0, 0.0, 0.002384
0.0, 0.0, 0.002532
0.0, 0.0, 0.002697
0.0, 0.0, 0.002714
0.0, 0.0, 0.002735
0.0, 0.0, 0.002852
0.0, 0.0, 0.002804
0.0, 0.0, 0.002866
0.0, 0.0, 0.002887
0.0, 0.0, 0.002809
0.0, 0.0, 0.002368
0.0, 0.0, 0.002204
0.0, 0.0, 0.002179
0.0, 0.0, 0.002453
0.0, 0.0, 0.002359
0.0, 0.0, 0.002272
0.0, 0.0, 0.002356
0.0, 0.0, 0.002155
0.0, 0.0, 0.002251
0.0, 0.0, 0.002520
0.0, 0.0, 0.002875
0.0, 0.0, 0.003091
0.0, 0.0, 0.003449
0.0, 0.0, 0.003792
0.0, 0.0, 0.002071
0.0, 0.0, 0.002398
0.0, 0.0, 0.003859
0.0, 0.0, 0.004040
0.0, 0.0, 0.003761
0.0, 0.0, 0.003414
0.0, 0.0, 0.003246
0.0, 0.0, 0.003359
0.0, 0.0, 0.003587
0.0, 0.0, 0.002995
0.0, 0.0, 0.002701
0.0, 0.0, 0.002336
0.0, 0.0, 0.001872
0.0, 0.0, 0.001741
0.0, 0.0, 0.001638
0.0, 0.0, 0.001611
0.0, 0.0, 0.001688
0.0, 0.0, 0.001797
0.0, 0.0, 0.001930
0.0, 0.0, 0.002063
0.0, 0.0, 0.002097
0.0, 0.0, 0.002264
0.0, 0.0, 0.002398
0.0, 0.0, 0.002626
0.0, 0.0, 0.002672
0.0, 0.0, 0.002827
0.0, 0.0, 0.002834
0.0, 0.0, 0.002911
0.0, 0.0, 0.002740
0.0, 0.0, 0.002713
0.0, 0.0, 0.002561
0.0, 0.0, 0.002549
0.0, 0.0, 0.002248
0.0, 0.0, 0.002193
0.0, 0.0, 0.002148
0.0, 0.0, 0.002246
0.0, 0.0, 0.002112
0.0, 0.0, 0.002221
0.0, 0.0, 0.002191
0.0, 0.0, 0.002038
0.0, 0.0, 0.002290
0.0, 0.0, 0.002519
0.0, 0.0, 0.002813
0.0, 0.0, 0.003156
0.0, 0.0, 0.003491
0.0, 0.0, 0.002154
0.0, 0.0, 0.002485
0.0, 0.0, 0.003150
0.0, 0.0, 0.002985
0.0, 0.0, 0.003309
0.0, 0.0, 0.002898
0.0, 0.0, 0.003140
0.0, 0.0, 0.003211
0.0, 0.0, 0.003378
0.0, 0.0, 0.003399
0.0, 0.0, 0.002499
0.0, 0.0, 0.002134
0.0, 0.0, 0.001826
0.0, 0.0, 0.001503
0.0, 0.0, 0.001476
0.0, 0.0, 0.001447
0.0, 0.0, 0.001564
0.0, 0.0, 0.001596
0.0, 0.0, 0.001768
0.0, 0.0, 0.001855
0.0, 0.0, 0.002019
0.0, 0.0, 0.002180
0.0, 0.0, 0.002369
0.0, 0.0, 0.002634
0.0, 0.0, 0.002746
0.0, 0.0, 0.002842
0.0, 0.0, 0.002840
0.0, 0.0, 0.002887
0.0, 0.0, 0.002834
0.0, 0.0, 0.002660
0.0, 0.0, 0.002611
0.0, 0.0, 0.002512
0.0, 0.0, 0.002308
0.0, 0.0, 0.002241
0.0, 0.0, 0.002322
0.0, 0.0, 0.002277
0.0, 0.0, 0.002363
0.0, 0.0, 0.002041
0.0, 0.0, 0.001841
0.0, 0.0, 0.001886
0.0, 0.0, 0.002104
0.0, 0.0, 0.002304
0.0, 0.0, 0.002574
0.0, 0.0, 0.002829
0.0, 0.0, 0.003196
0.0, 0.0, 0.001765
0.0, 0.0, 0.001574
0.0, 0.0, 0.001971
0.0, 0.0, 0.002383
0.0, 0.0, 0.002677
0.0, 0.0, 0.003005
0.0, 0.0, 0.002933
0.0, 0.0, 0.002969
0.0, 0.0, 0.002961
0.0, 0.0, 0.003036
0.0, 0.0, 0.002290
0.0, 0.0, 0.002113
0.0, 0.0, 0.001882
0.0, 0.0, 0.001604
0.0, 0.0, 0.001411
0.0, 0.0, 0.001379
0.0, 0.0, 0.001436
0.0, 0.0, 0.001558
0.0, 0.0, 0.001666
0.0, 0.0, 0.001761
0.0, 0.0, 0.001999
0.0, 0.0, 0.002206
0.0, 0.0, 0.002491
0.0, 0.0, 0.002725
0.0, 0.0, 0.002877
0.0, 0.0, 0.003039
0.0, 0.0, 0.002910
0.0, 0.0, 0.002870
0.0, 0.0, 0.003055
0.0, 0.0, 0.002833
0.0, 0.0, 0.002658
0.0, 0.0, 0.002573
0.0, 0.0, 0.002373
0.0, 0.0, 0.002421
0.0, 0.0, 0.002307
0.0, 0.0, 0.002139
0.0, 0.0, 0.002110
0.0, 0.0, 0.002023
0.0, 0.0, 0.001855
0.0, 0.0, 0.001784
0.0, 0.0, 0.001968
0.0, 0.0, 0.002104
0.0, 0.0, 0.002334
0.0, 0.0, 0.002565
0.0, 0.0, 0.002837
0.0, 0.0, 0.001951
0.0, 0.0, 0.001592
0.0, 0.0, 0.002296
0.0, 0.0, 0.002734
0.0, 0.0, 0.002807
0.0, 0.0, 0.002761
0.0, 0.0, 0.002988
0.0, 0.0, 0.003021
0.0, 0.0, 0.002838
0.0, 0.0, 0.002647
0.0, 0.0, 0.002525
0.0, 0.0, 0.002297
0.0, 0.0, 0.001938
0.0, 0.0, 0.001524
0.0, 0.0, 0.001485
0.0, 0.0, 0.001486
0.0, 0.0, 0.001542
0.0, 0.0, 0.001641
0.0, 0.0, 0.001663
0.0, 0.0, 0.001739
0.0, 0.0, 0.001873
0.0, 0.0, 0.002250
0.0, 0.0, 0.002738
0.0, 0.0, 0.002711
0.0, 0.0, 0.002744
0.0, 0.0, 0.003008
0.0, 0.0, 0.003039
0.0, 0.0, 0.003191
0.0, 0.0, 0.003122
0.0, 0.0, 0.002800
0.0, 0.0, 0.002995
0.0, 0.0, 0.002794
0.0, 0.0, 0.002705
0.0, 0.0, 0.002591
0.0, 0.0, 0.002445
0.0, 0.0, 0.002126
0.0, 0.0, 0.002056
0.0, 0.0, 0.002021
0.0, 0.0, 0.001871
0.0, 0.0, 0.001771
0.0, 0.0, 0.001809
0.0, 0.0, 0.001924
0.0, 0.0, 0.002111
0.0, 0.0, 0.002332
0.0, 0.0, 0.002676
0.0, 0.0, 0.001864
0.0, 0.0, 0.001489
0.0, 0.0, 0.001925
0.0, 0.0, 0.002060
0.0, 0.0, 0.002014
0.0, 0.0, 0.002411
0.0, 0.0, 0.002719
0.0, 0.0, 0.002786
0.0, 0.0, 0.002857
0.0, 0.0, 0.002465
0.0, 0.0, 0.002300
0.0, 0.0, 0.002432
0.0, 0.0, 0.001918
0.0, 0.0, 0.001686
0.0, 0.0, 0.001729
0.0, 0.0, 0.001674
0.0, 0.0, 0.001611
0.0, 0.0, 0.001535
0.0, 0.0, 0.001538
0.0, 0.0, 0.001658
0.0, 0.0, 0.001863
0.0, 0.0, 0.002081
0.0, 0.0, 0.002394
0.0, 0.0, 0.002194
0.0, 0.0, 0.002172
0.0, 0.0, 0.002313
0.0, 0.0, 0.002539
0.0, 0.0, 0.002763
0.0, 0.0, 0.002302
0.0, 0.0, 0.002275
0.0, 0.0, 0.002705
0.0, 0.0, 0.002560
0.0, 0.0, 0.002729
0.0, 0.0, 0.002528
0.0, 0.0, 0.002343
0.0, 0.0, 0.002235
0.0, 0.0, 0.002038
0.0, 0.0, 0.001853
0.0, 0.0, 0.001718
0.0, 0.0, 0.001726
0.0, 0.0, 0.001521
0.0, 0.0, 0.001733
0.0, 0.0, 0.001970
0.0, 0.0, 0.002196
0.0, 0.0, 0.002445
0.0, 0.0, 0.001511
0.0, 0.0, 0.001224
0.0, 0.0, 0.001331
0.0, 0.0, 0.001280
0.0, 0.0, 0.001657
0.0, 0.0, 0.001770
0.0, 0.0, 0.002007
0.0, 0.0, 0.002154
0.0, 0.0, 0.002324
0.0, 0.0, 0.002599
0.0, 0.0, 0.002629
0.0, 0.0, 0.002312
0.0, 0.0, 0.002218
0.0, 0.0, 0.002158
0.0, 0.0, 0.001734
0.0, 0.0, 0.001802
0.0, 0.0, 0.001653
0.0, 0.0, 0.001558
0.0, 0.0, 0.001534
0.0, 0.0, 0.001701
0.0, 0.0, 0.001846
0.0, 0.0, 0.001981
0.0, 0.0, 0.001974
0.0, 0.0, 0.001941
0.0, 0.0, 0.001962
0.0, 0.0, 0.001988
0.0, 0.0, 0.002158
0.0, 0.0, 0.002189
0.0, 0.0, 0.002393
0.0, 0.0, 0.002482
0.0, 0.0, 0.002054
0.0, 0.0, 0.002394
0.0, 0.0, 0.002415
0.0, 0.0, 0.002302
0.0, 0.0, 0.002281
0.0, 0.0, 0.002190
0.0, 0.0, 0.002034
0.0, 0.0, 0.001742
0.0, 0.0, 0.001665
0.0, 0.0, 0.001554
0.0, 0.0, 0.001442
0.0, 0.0, 0.001537
0.0, 0.0, 0.001788
0.0, 0.0, 0.001990
0.0, 0.0, 0.002307
0.0, 0.0, 0.001368
0.0, 0.0, 0.001356
0.0, 0.0, 0.001380
0.0, 0.0, 0.001573
0.0, 0.0, 0.001660
0.0, 0.0, 0.001634
0.0, 0.0, 0.001861
0.0, 0.0, 0.001916
0.0, 0.0, 0.002090
0.0, 0.0, 0.002140
0.0, 0.0, 0.002330
0.0, 0.0, 0.002252
0.0, 0.0, 0.002074
0.0, 0.0, 0.001591
0.0, 0.0, 0.001781
0.0, 0.0, 0.001872
0.0, 0.0, 0.001600
0.0, 0.0, 0.001560
0.0, 0.0, 0.001677
0.0, 0.0, 0.001530
0.0, 0.0, 0.001772
0.0, 0.0, 0.001590
0.0, 0.0, 0.001856
0.0, 0.0, 0.001694
0.0, 0.0, 0.001674
0.0, 0.0, 0.001819
0.0, 0.0, 0.001877
0.0, 0.0, 0.002020
0.0, 0.0, 0.002198
0.0, 0.0, 0.002164
0.0, 0.0, 0.001964
0.0, 0.0, 0.001892
0.0, 0.0, 0.001746
0.0, 0.0, 0.001931
0.0, 0.0, 0.001801
0.0, 0.0, 0.001916
0.0, 0.0, 0.001837
0.0, 0.0, 0.001718
0.0, 0.0, 0.001579
0.0, 0.0, 0.001693
0.0, 0.0, 0.001400
0.0, 0.0, 0.001317
0.0, 0.0, 0.001479
0.0, 0.0, 0.001861
0.0, 0.0, 0.002359
0.0, 0.0, 0.001328
0.0, 0.0, 0.001430
0.0, 0.0, 0.001195
0.0, 0.0, 0.001726
0.0, 0.0, 0.001664
0.0, 0.0, 0.001766
0.0, 0.0, 0.001753
0.0, 0.0, 0.001886
0.0, 0.0, 0.002136
0.0, 0.0, 0.002234
0.0, 0.0, 0.002331
0.0, 0.0, 0.002261
0.0, 0.0, 0.002043
0.0, 0.0, 0.002048
0.0, 0.0, 0.001808
0.0, 0.0, 0.001618
0.0, 0.0, 0.001530
0.0, 0.0, 0.001573
0.0, 0.0, 0.001399
0.0, 0.0, 0.001660
0.0, 0.0, 0.001708
0.0, 0.0, 0.001802
0.0, 0.0, 0.001578
0.0, 0.0, 0.001513
0.0, 0.0, 0.001642
0.0, 0.0, 0.001487
0.0, 0.0, 0.001588
0.0, 0.0, 0.001537
0.0, 0.0, 0.001555
0.0, 0.0, 0.001748
0.0, 0.0, 0.001293
0.0, 0.0, 0.001652
0.0, 0.0, 0.001516
0.0, 0.0, 0.001470
0.0, 0.0, 0.001549
0.0, 0.0, 0.001477
0.0, 0.0, 0.001468
0.0, 0.0, 0.001438
0.0, 0.0, 0.001507
0.0, 0.0, 0.001410
0.0, 0.0, 0.001295
0.0, 0.0, 0.001327
0.0, 0.0, 0.001573
0.0, 0.0, 0.001962
0.0, 0.0, 0.002286
0.0, 0.0, 0.001306
0.0, 0.0, 0.001869
0.0, 0.0, 0.001374
0.0, 0.0, 0.001790
0.0, 0.0, 0.001878
0.0, 0.0, 0.001884
0.0, 0.0, 0.001914
0.0, 0.0, 0.002145
0.0, 0.0, 0.002363
0.0, 0.0, 0.002444
0.0, 0.0, 0.002453
0.0, 0.0, 0.002510
0.0, 0.0, 0.002229
0.0, 0.0, 0.002131
0.0, 0.0, 0.001800
0.0, 0.0, 0.001632
0.0, 0.0, 0.001436
0.0, 0.0, 0.001383
0.0, 0.0, 0.001481
0.0, 0.0, 0.001601
0.0, 0.0, 0.001694
0.0, 0.0, 0.001837
0.0, 0.0, 0.001648
0.0, 0.0, 0.001298
0.0, 0.0, 0.001483
0.0, 0.0, 0.001207
0.0, 0.0, 0.001392
0.0, 0.0, 0.001271
0.0, 0.0, 0.001442
0.0, 0.0, 0.001828
0.0, 0.0, 0.001160
0.0, 0.0, 0.001196
0.0, 0.0, 0.001312
0.0, 0.0, 0.001280
0.0, 0.0, 0.001239
0.0, 0.0, 0.001257
0.0, 0.0, 0.001072
0.0, 0.0, 0.001065
0.0, 0.0, 0.001046
0.0, 0.0, 0.001222
0.0, 0.0, 0.001205
0.0, 0.0, 0.001313
0.0, 0.0, 0.001589
0.0, 0.0, 0.001809
0.0, 0.0, 0.002191
0.0, 0.0, 0.001221
0.0, 0.0, 0.001273
0.0, 0.0, 0.001657
0.0, 0.0, 0.001952
0.0, 0.0, 0.001952
0.0, 0.0, 0.001468
0.0, 0.0, 0.002103
0.0, 0.0, 0.002214
0.0, 0.0, 0.002400
0.0, 0.0, 0.002439
0.0, 0.0, 0.002539
0.0, 0.0, 0.002680
0.0, 0.0, 0.002199
0.0, 0.0, 0.001948
0.0, 0.0, 0.001901
0.0, 0.0, 0.001876
0.0, 0.0, 0.001593
0.0, 0.0, 0.001274
0.0, 0.0, 0.001515
0.0, 0.0, 0.001655
0.0, 0.0, 0.001582
0.0, 0.0, 0.001445
0.0, 0.0, 0.001440
0.0, 0.0, 0.001212
0.0, 0.0, 0.001140
0.0, 0.0, 0.001255
0.0, 0.0, 0.001143
0.0, 0.0, 0.001145
0.0, 0.0, 0.001243
0.0, 0.0, 0.001172
0.0, 0.0, 0.001082
0.0, 0.0, 0.000855
0.0, 0.0, 0.001076
0.0, 0.0, 0.001068
0.0, 0.0, 0.000998
0.0, 0.0, 0.000957
0.0, 0.0, 0.000972
0.0, 0.0, 0.000919
0.0, 0.0, 0.000842
0.0, 0.0, 0.001102
0.0, 0.0, 0.001062
0.0, 0.0, 0.001193
0.0, 0.0, 0.001432
0.0, 0.0, 0.001778
0.0, 0.0, 0.002145
0.0, 0.0, 0.001388
0.0, 0.0, 0.001010
0.0, 0.0, 0.001985
0.0, 0.0, 0.001933
0.0, 0.0, 0.001714
0.0, 0.0, 0.001889
0.0, 0.0, 0.001916
0.0, 0.0, 0.002037
0.0, 0.0, 0.002097
0.0, 0.0, 0.002148
0.0, 0.0, 0.002462
0.0, 0.0, 0.002657
0.0, 0.0, 0.002697
0.0, 0.0, 0.002273
0.0, 0.0, 0.001912
0.0, 0.0, 0.001540
0.0, 0.0, 0.001413
0.0, 0.0, 0.001507
0.0, 0.0, 0.001437
0.0, 0.0, 0.001521
0.0, 0.0, 0.001393
0.0, 0.0, 0.001276
0.0, 0.0, 0.001353
0.0, 0.0, 0.001293
0.0, 0.0, 0.000808
0.0, 0.0, 0.000814
0.0, 0.0, 0.001009
0.0, 0.0, 0.000883
0.0, 0.0, 0.001279
0.0, 0.0, 0.001104
0.0, 0.0, 0.000843
0.0, 0.0, 0.001015
0.0, 0.0, 0.000919
0.0, 0.0, 0.000823
0.0, 0.0, 0.000805
0.0, 0.0, 0.000863
0.0, 0.0, 0.000817
0.0, 0.0, 0.000880
0.0, 0.0, 0.000817
0.0, 0.0, 0.001097
0.0, 0.0, 0.001127
0.0, 0.0, 0.001216
0.0, 0.0, 0.001339
0.0, 0.0, 0.001590
0.0, 0.0, 0.002177
0.0, 0.0, 0.001282
0.0, 0.0, 0.001301
0.0, 0.0, 0.001929
0.0, 0.0, 0.001908
0.0, 0.0, 0.001731
0.0, 0.0, 0.001717
0.0, 0.0, 0.001718
0.0, 0.0, 0.001659
0.0, 0.0, 0.001752
0.0, 0.0, 0.001979
0.0, 0.0, 0.002467
0.0, 0.0, 0.002474
0.0, 0.0, 0.002427
0.0, 0.0, 0.002479
0.0, 0.0, 0.001648
0.0, 0.0, 0.001371
0.0, 0.0, 0.001160
0.0, 0.0, 0.001434
0.0, 0.0, 0.001598
0.0, 0.0, 0.001333
0.0, 0.0, 0.001324
0.0, 0.0, 0.001088
0.0, 0.0, 0.001116
0.0, 0.0, 0.001138
0.0, 0.0, 0.001100
0.0, 0.0, 0.000890
0.0, 0.0, 0.001026
0.0, 0.0, 0.001178
0.0, 0.0, 0.000940
0.0, 0.0, 0.000977
0.0, 0.0, 0.000920
0.0, 0.0, 0.000888
0.0, 0.0, 0.000776
0.0, 0.0, 0.000718
0.0, 0.0, 0.000736
0.0, 0.0, 0.000761
0.0, 0.0, 0.000722
0.0, 0.0, 0.000734
0.0, 0.0, 0.001045
0.0, 0.0, 0.001103
0.0, 0.0, 0.001114
0.0, 0.0, 0.001042
0.0, 0.0, 0.001197
0.0, 0.0, 0.001569
0.0, 0.0, 0.002455
0.0, 0.0, 0.001262
0.0, 0.0, 0.001973
0.0, 0.0, 0.001869
0.0, 0.0, 0.001785
0.0, 0.0, 0.001696
0.0, 0.0, 0.001598
0.0, 0.0, 0.001611
0.0, 0.0, 0.001562
0.0, 0.0, 0.001695
0.0, 0.0, 0.001979
0.0, 0.0, 0.002193
0.0, 0.0, 0.002292
0.0, 0.0, 0.002295
0.0, 0.0, 0.002257
0.0, 0.0, 0.001624
0.0, 0.0, 0.001499
0.0, 0.0, 0.001509
0.0, 0.0, 0.001492
0.0, 0.0, 0.001200
0.0, 0.0, 0.001508
0.0, 0.0, 0.000920
0.0, 0.0, 0.000852
0.0, 0.0, 0.000722
0.0, 0.0, 0.000834
0.0, 0.0, 0.001517
0.0, 0.0, 0.000748
0.0, 0.0, 0.000474
0.0, 0.0, 0.001037
0.0, 0.0, 0.000958
0.0, 0.0, 0.000871
0.0, 0.0, 0.000841
0.0, 0.0, 0.000751
0.0, 0.0, 0.000672
0.0, 0.0, 0.000612
0.0, 0.0, 0.000583
0.0, 0.0, 0.000592
0.0, 0.0, 0.000621
0.0, 0.0, 0.000629
0.0, 0.0, 0.000707
0.0, 0.0, 0.000857
0.0, 0.0, 0.000965
0.0, 0.0, 0.001083
0.0, 0.0, 0.001214
0.0, 0.0, 0.001516
0.0, 0.0, 0.002484
0.0, 0.0, 0.001675
0.0, 0.0, 0.001873
0.0, 0.0, 0.001878
0.0, 0.0, 0.001801
0.0, 0.0, 0.001598
0.0, 0.0, 0.001476
0.0, 0.0, 0.001575
0.0, 0.0, 0.001611
0.0, 0.0, 0.001654
0.0, 0.0, 0.001849
0.0, 0.0, 0.002007
0.0, 0.0, 0.002077
0.0, 0.0, 0.001907
0.0, 0.0, 0.001573
0.0, 0.0, 0.001580
0.0, 0.0, 0.001460
0.0, 0.0, 0.001287
0.0, 0.0, 0.001275
0.0, 0.0, 0.001075
0.0, 0.0, 0.000763
0.0, 0.0, 0.000512
0.0, 0.0, 0.000491
0.0, 0.0, 0.000780
0.0, 0.0, 0.000607
0.0, 0.0, 0.001197
0.0, 0.0, 0.000620
0.0, 0.0, 0.000594
0.0, 0.0, 0.000819
0.0, 0.0, 0.000814
0.0, 0.0, 0.000711
0.0, 0.0, 0.000661
0.0, 0.0, 0.000642
0.0, 0.0, 0.000599
0.0, 0.0, 0.000552
0.0, 0.0, 0.000506
0.0, 0.0, 0.000495
0.0, 0.0, 0.000532
0.0, 0.0, 0.000502
0.0, 0.0, 0.000548
0.0, 0.0, 0.000708
0.0, 0.0, 0.000842
0.0, 0.0, 0.001017
0.0, 0.0, 0.001184
0.0, 0.0, 0.001595
0.0, 0.0, 0.001913
