S3D
I=24,J=27,K=3
0.0, 0.0, 0.0, 0.00474374
0.0, 10.0, 0.0, 0.00435648
0.0, 20.0, 0.0, 0.00428378
0.0, 30.0, 0.0, 0.01212665
0.0, 40.0, 0.0, 0.01528828
0.0, 50.0, 0.0, 0.01533114
0.0, 60.0, 0.0, 0.01571931
0.0, 70.0, 0.0, 0.01584035
0.0, 80.0, 0.0, 0.01586829
0.0, 90.0, 0.0, 0.01538015
0.0, 100.0, 0.0, 0.01536779
0.0, 110.0, 0.0, 0.01563765
0.0, 120.0, 0.0, 0.01571238
0.0, 130.0, 0.0, 0.01571465
0.0, 140.0, 0.0, 0.01617341
0.0, 150.0, 0.0, 0.01597160
0.0, 160.0, 0.0, 0.01568722
0.0, 170.0, 0.0, 0.01490551
0.0, 180.0, 0.0, 0.01559628
0.0, 190.0, 0.0, 0.01509192
0.0, 200.0, 0.0, 0.01497793
0.0, 210.0, 0.0, 0.01398411
0.0, 220.0, 0.0, 0.01511590
0.0, 230.0, 0.0, 0.01558066
0.0, 240.0, 0.0, 0.01560289
0.0, 250.0, 0.0, 0.01534512
0.0, 260.0, 0.0, 0.01582356
10.0, 0.0, 0.0, 0.00486494
10.0, 10.0, 0.0, 0.00439293
10.0, 20.0, 0.0, 0.00377963
10.0, 30.0, 0.0, 0.01282339
10.0, 40.0, 0.0, 0.01540774
10.0, 50.0, 0.0, 0.01604033
10.0, 60.0, 0.0, 0.01564792
10.0, 70.0, 0.0, 0.01545793
10.0, 80.0, 0.0, 0.01546865
10.0, 90.0, 0.0, 0.01482280
10.0, 100.0, 0.0, 0.01515154
10.0, 110.0, 0.0, 0.01526306
10.0, 120.0, 0.0, 0.01543491
10.0, 130.0, 0.0, 0.01572558
10.0, 140.0, 0.0, 0.01476577
10.0, 150.0, 0.0, 0.01440918
10.0, 160.0, 0.0, 0.01476038
10.0, 170.0, 0.0, 0.01548812
10.0, 180.0, 0.0, 0.01563056
10.0, 190.0, 0.0, 0.01464006
10.0, 200.0, 0.0, 0.01499940
10.0, 210.0, 0.0, 0.01470403
10.0, 220.0, 0.0, 0.01536323
10.0, 230.0, 0.0, 0.01449187
10.0, 240.0, 0.0, 0.01381249
10.0, 250.0, 0.0, 0.01371770
10.0, 260.0, 0.0, 0.01410649
20.0, 0.0, 0.0, 0.00368727
20.0, 10.0, 0.0, 0.00400429
20.0, 20.0, 0.0, 0.00416863
20.0, 30.0, 0.0, 0.01083681
20.0, 40.0, 0.0, 0.01393520
20.0, 50.0, 0.0, 0.01582797
20.0, 60.0, 0.0, 0.01537054
20.0, 70.0, 0.0, 0.01538503
20.0, 80.0, 0.0, 0.01492911
20.0, 90.0, 0.0, 0.01437729
20.0, 100.0, 0.0, 0.01468958
20.0, 110.0, 0.0, 0.01462390
20.0, 120.0, 0.0, 0.01462595
20.0, 130.0, 0.0, 0.01488238
20.0, 140.0, 0.0, 0.01369041
20.0, 150.0, 0.0, 0.01207109
20.0, 160.0, 0.0, 0.01324600
20.0, 170.0, 0.0, 0.01371206
20.0, 180.0, 0.0, 0.01477208
20.0, 190.0, 0.0, 0.01528930
20.0, 200.0, 0.0, 0.01552150
20.0, 210.0, 0.0, 0.01369442
20.0, 220.0, 0.0, 0.01430054
20.0, 230.0, 0.0, 0.01438486
20.0, 240.0, 0.0, 0.01383011
20.0, 250.0, 0.0, 0.01296446
20.0, 260.0, 0.0, 0.01282824
30.0, 0.0, 0.0, 0.00340168
30.0, 10.0, 0.0, 0.00341181
30.0, 20.0, 0.0, 0.00337028
30.0, 30.0, 0.0, 0.00854461
30.0, 40.0, 0.0, 0.01301930
30.0, 50.0, 0.0, 0.01537447
30.0, 60.0, 0.0, 0.01531724
30.0, 70.0, 0.0, 0.01528141
30.0, 80.0, 0.0, 0.01470600
30.0, 90.0, 0.0, 0.01427184
30.0, 100.0, 0.0, 0.01434791
30.0, 110.0, 0.0, 0.01432394
30.0, 120.0, 0.0, 0.01343304
30.0, 130.0, 0.0, 0.01351594
30.0, 140.0, 0.0, 0.01294479
30.0, 150.0, 0.0, 0.01202929
30.0, 160.0, 0.0, 0.01149038
30.0, 170.0, 0.0, 0.01299767
30.0, 180.0, 0.0, 0.01281189
30.0, 190.0, 0.0, 0.01398996
30.0, 200.0, 0.0, 0.01354363
30.0, 210.0, 0.0, 0.01408088
30.0, 220.0, 0.0, 0.01434836
30.0, 230.0, 0.0, 0.01345963
30.0, 240.0, 0.0, 0.01352138
30.0, 250.0, 0.0, 0.01283149
30.0, 260.0, 0.0, 0.01243839
40.0, 0.0, 0.0, 0.00309707
40.0, 10.0, 0.0, 0.00339777
40.0, 20.0, 0.0, 0.00917595
40.0, 30.0, 0.0, 0.01186209
40.0, 40.0, 0.0, 0.01356116
40.0, 50.0, 0.0, 0.01465007
40.0, 60.0, 0.0, 0.01441515
40.0, 70.0, 0.0, 0.01388749
40.0, 80.0, 0.0, 0.01389811
40.0, 90.0, 0.0, 0.01359076
40.0, 100.0, 0.0, 0.01327994
40.0, 110.0, 0.0, 0.01340067
40.0, 120.0, 0.0, 0.01331303
40.0, 130.0, 0.0, 0.01325933
40.0, 140.0, 0.0, 0.01298659
40.0, 150.0, 0.0, 0.01158511
40.0, 160.0, 0.0, 0.01087117
40.0, 170.0, 0.0, 0.01157113
40.0, 180.0, 0.0, 0.01115216
40.0, 190.0, 0.0, 0.00934818
40.0, 200.0, 0.0, 0.01290788
40.0, 210.0, 0.0, 0.01222810
40.0, 220.0, 0.0, 0.01265682
40.0, 230.0, 0.0, 0.01462138
40.0, 240.0, 0.0, 0.01406179
40.0, 250.0, 0.0, 0.01279468
40.0, 260.0, 0.0, 0.01232845
50.0, 0.0, 0.0, 0.00286329
50.0, 10.0, 0.0, 0.00873336
50.0, 20.0, 0.0, 0.00993623
50.0, 30.0, 0.0, 0.01182862
50.0, 40.0, 0.0, 0.01299101
50.0, 50.0, 0.0, 0.01342783
50.0, 60.0, 0.0, 0.01345103
50.0, 70.0, 0.0, 0.01311313
50.0, 80.0, 0.0, 0.01237240
50.0, 90.0, 0.0, 0.01190870
50.0, 100.0, 0.0, 0.01209136
50.0, 110.0, 0.0, 0.01218236
50.0, 120.0, 0.0, 0.01224655
50.0, 130.0, 0.0, 0.01241944
50.0, 140.0, 0.0, 0.01145648
50.0, 150.0, 0.0, 0.01124771
50.0, 160.0, 0.0, 0.01168953
50.0, 170.0, 0.0, 0.01069914
50.0, 180.0, 0.0, 0.00966264
50.0, 190.0, 0.0, 0.00909007
50.0, 200.0, 0.0, 0.01259204
50.0, 210.0, 0.0, 0.01148006
50.0, 220.0, 0.0, 0.01164223
50.0, 230.0, 0.0, 0.01228751
50.0, 240.0, 0.0, 0.01439903
50.0, 250.0, 0.0, 0.01335205
50.0, 260.0, 0.0, 0.01194181
60.0, 0.0, 0.0, 0.00281140
60.0, 10.0, 0.0, 0.00720091
60.0, 20.0, 0.0, 0.01009662
60.0, 30.0, 0.0, 0.01189864
60.0, 40.0, 0.0, 0.01251106
60.0, 50.0, 0.0, 0.01267347
60.0, 60.0, 0.0, 0.01236911
60.0, 70.0, 0.0, 0.01104742
60.0, 80.0, 0.0, 0.01119676
60.0, 90.0, 0.0, 0.01033759
60.0, 100.0, 0.0, 0.00987247
60.0, 110.0, 0.0, 0.00969304
60.0, 120.0, 0.0, 0.00931807
60.0, 130.0, 0.0, 0.00891047
60.0, 140.0, 0.0, 0.00843944
60.0, 150.0, 0.0, 0.00857711
60.0, 160.0, 0.0, 0.00835745
60.0, 170.0, 0.0, 0.00867059
60.0, 180.0, 0.0, 0.00880377
60.0, 190.0, 0.0, 0.01192074
60.0, 200.0, 0.0, 0.01236919
60.0, 210.0, 0.0, 0.01325645
60.0, 220.0, 0.0, 0.01261701
60.0, 230.0, 0.0, 0.01254255
60.0, 240.0, 0.0, 0.01241055
60.0, 250.0, 0.0, 0.01257653
60.0, 260.0, 0.0, 0.01298627
70.0, 0.0, 0.0, 0.00259248
70.0, 10.0, 0.0, 0.00425284
70.0, 20.0, 0.0, 0.00940712
70.0, 30.0, 0.0, 0.00918334
70.0, 40.0, 0.0, 0.00858047
70.0, 50.0, 0.0, 0.00804469
70.0, 60.0, 0.0, 0.00749903
70.0, 70.0, 0.0, 0.00616319
70.0, 80.0, 0.0, 0.00558338
70.0, 90.0, 0.0, 0.00684622
70.0, 100.0, 0.0, 0.00640826
70.0, 110.0, 0.0, 0.00538525
70.0, 120.0, 0.0, 0.00656493
70.0, 130.0, 0.0, 0.00634202
70.0, 140.0, 0.0, 0.00600502
70.0, 150.0, 0.0, 0.00506233
70.0, 160.0, 0.0, 0.00520648
70.0, 170.0, 0.0, 0.00552303
70.0, 180.0, 0.0, 0.00518968
70.0, 190.0, 0.0, 0.00784922
70.0, 200.0, 0.0, 0.00877605
70.0, 210.0, 0.0, 0.00980913
70.0, 220.0, 0.0, 0.01063481
70.0, 230.0, 0.0, 0.01111449
70.0, 240.0, 0.0, 0.01139855
70.0, 250.0, 0.0, 0.01219011
70.0, 260.0, 0.0, 0.01257272
80.0, 0.0, 0.0, 0.00293558
80.0, 10.0, 0.0, 0.00734888
80.0, 20.0, 0.0, 0.00812997
80.0, 30.0, 0.0, 0.00792680
80.0, 40.0, 0.0, 0.00626917
80.0, 50.0, 0.0, 0.00550706
80.0, 60.0, 0.0, 0.00596931
80.0, 70.0, 0.0, 0.00564111
80.0, 80.0, 0.0, 0.00465205
80.0, 90.0, 0.0, 0.00434833
80.0, 100.0, 0.0, 0.00462565
80.0, 110.0, 0.0, 0.00427896
80.0, 120.0, 0.0, 0.00408604
80.0, 130.0, 0.0, 0.00377097
80.0, 140.0, 0.0, 0.00421839
80.0, 150.0, 0.0, 0.00364831
80.0, 160.0, 0.0, 0.00458104
80.0, 170.0, 0.0, 0.00448821
80.0, 180.0, 0.0, 0.00388814
80.0, 190.0, 0.0, 0.00589194
80.0, 200.0, 0.0, 0.00602585
80.0, 210.0, 0.0, 0.00688594
80.0, 220.0, 0.0, 0.00840307
80.0, 230.0, 0.0, 0.00920818
80.0, 240.0, 0.0, 0.00988400
80.0, 250.0, 0.0, 0.01073166
80.0, 260.0, 0.0, 0.01174346
90.0, 0.0, 0.0, 0.00299779
90.0, 10.0, 0.0, 0.00518402
90.0, 20.0, 0.0, 0.00530935
90.0, 30.0, 0.0, 0.00534069
90.0, 40.0, 0.0, 0.00535088
90.0, 50.0, 0.0, 0.00506034
90.0, 60.0, 0.0, 0.00542900
90.0, 70.0, 0.0, 0.00537287
90.0, 80.0, 0.0, 0.00504914
90.0, 90.0, 0.0, 0.00473796
90.0, 100.0, 0.0, 0.00371006
90.0, 110.0, 0.0, 0.00374893
90.0, 120.0, 0.0, 0.00347604
90.0, 130.0, 0.0, 0.00337287
90.0, 140.0, 0.0, 0.00371176
90.0, 150.0, 0.0, 0.00362353
90.0, 160.0, 0.0, 0.00317599
90.0, 170.0, 0.0, 0.00390379
90.0, 180.0, 0.0, 0.00395625
90.0, 190.0, 0.0, 0.00517162
90.0, 200.0, 0.0, 0.00564289
90.0, 210.0, 0.0, 0.00636758
90.0, 220.0, 0.0, 0.00705786
90.0, 230.0, 0.0, 0.00771772
90.0, 240.0, 0.0, 0.00869667
90.0, 250.0, 0.0, 0.00950323
90.0, 260.0, 0.0, 0.01035751
100.0, 0.0, 0.0, 0.00403829
100.0, 10.0, 0.0, 0.00405763
100.0, 20.0, 0.0, 0.00400188
100.0, 30.0, 0.0, 0.00445712
100.0, 40.0, 0.0, 0.00509544
100.0, 50.0, 0.0, 0.00514243
100.0, 60.0, 0.0, 0.00539549
100.0, 70.0, 0.0, 0.00510718
100.0, 80.0, 0.0, 0.00490250
100.0, 90.0, 0.0, 0.00457129
100.0, 100.0, 0.0, 0.00407952
100.0, 110.0, 0.0, 0.00304237
100.0, 120.0, 0.0, 0.00295974
100.0, 130.0, 0.0, 0.00336872
100.0, 140.0, 0.0, 0.00323572
100.0, 150.0, 0.0, 0.00312502
100.0, 160.0, 0.0, 0.00312020
100.0, 170.0, 0.0, 0.00349824
100.0, 180.0, 0.0, 0.00434187
100.0, 190.0, 0.0, 0.00432471
100.0, 200.0, 0.0, 0.00563789
100.0, 210.0, 0.0, 0.00588714
100.0, 220.0, 0.0, 0.00603265
100.0, 230.0, 0.0, 0.00708061
100.0, 240.0, 0.0, 0.00803715
100.0, 250.0, 0.0, 0.00888203
100.0, 260.0, 0.0, 0.00933252
110.0, 0.0, 0.0, 0.00403138
110.0, 10.0, 0.0, 0.00354580
110.0, 20.0, 0.0, 0.00359376
110.0, 30.0, 0.0, 0.00354024
110.0, 40.0, 0.0, 0.00387791
110.0, 50.0, 0.0, 0.00416064
110.0, 60.0, 0.0, 0.00372474
110.0, 70.0, 0.0, 0.00360408
110.0, 80.0, 0.0, 0.00278879
110.0, 90.0, 0.0, 0.00248695
110.0, 100.0, 0.0, 0.00240047
110.0, 110.0, 0.0, 0.00272466
110.0, 120.0, 0.0, 0.00274744
110.0, 130.0, 0.0, 0.00279809
110.0, 140.0, 0.0, 0.00259999
110.0, 150.0, 0.0, 0.00279320
110.0, 160.0, 0.0, 0.00317015
110.0, 170.0, 0.0, 0.00321114
110.0, 180.0, 0.0, 0.00335919
110.0, 190.0, 0.0, 0.00362837
110.0, 200.0, 0.0, 0.00363115
110.0, 210.0, 0.0, 0.00401454
110.0, 220.0, 0.0, 0.00444662
110.0, 230.0, 0.0, 0.00482743
110.0, 240.0, 0.0, 0.00579191
110.0, 250.0, 0.0, 0.00694398
110.0, 260.0, 0.0, 0.00794157
120.0, 0.0, 0.0, 0.00376458
120.0, 10.0, 0.0, 0.00328589
120.0, 20.0, 0.0, 0.00297605
120.0, 30.0, 0.0, 0.00253377
120.0, 40.0, 0.0, 0.00252860
120.0, 50.0, 0.0, 0.00248356
120.0, 60.0, 0.0, 0.00279554
120.0, 70.0, 0.0, 0.00295458
120.0, 80.0, 0.0, 0.00279026
120.0, 90.0, 0.0, 0.00233203
120.0, 100.0, 0.0, 0.00247496
120.0, 110.0, 0.0, 0.00266774
120.0, 120.0, 0.0, 0.00251907
120.0, 130.0, 0.0, 0.00242580
120.0, 140.0, 0.0, 0.00227269
120.0, 150.0, 0.0, 0.00252050
120.0, 160.0, 0.0, 0.00278934
120.0, 170.0, 0.0, 0.00283029
120.0, 180.0, 0.0, 0.00321795
120.0, 190.0, 0.0, 0.00302432
120.0, 200.0, 0.0, 0.00338026
120.0, 210.0, 0.0, 0.00310275
120.0, 220.0, 0.0, 0.00364348
120.0, 230.0, 0.0, 0.00499857
120.0, 240.0, 0.0, 0.00513422
120.0, 250.0, 0.0, 0.00537887
120.0, 260.0, 0.0, 0.00592856
130.0, 0.0, 0.0, 0.00372117
130.0, 10.0, 0.0, 0.00439955
130.0, 20.0, 0.0, 0.00404469
130.0, 30.0, 0.0, 0.00332190
130.0, 40.0, 0.0, 0.00321055
130.0, 50.0, 0.0, 0.00299769
130.0, 60.0, 0.0, 0.00267145
130.0, 70.0, 0.0, 0.00294485
130.0, 80.0, 0.0, 0.00290631
130.0, 90.0, 0.0, 0.00205154
130.0, 100.0, 0.0, 0.00212516
130.0, 110.0, 0.0, 0.00240736
130.0, 120.0, 0.0, 0.00262330
130.0, 130.0, 0.0, 0.00242158
130.0, 140.0, 0.0, 0.00242576
130.0, 150.0, 0.0, 0.00277033
130.0, 160.0, 0.0, 0.00294644
130.0, 170.0, 0.0, 0.00306541
130.0, 180.0, 0.0, 0.00284344
130.0, 190.0, 0.0, 0.00330125
130.0, 200.0, 0.0, 0.00254519
130.0, 210.0, 0.0, 0.00327486
130.0, 220.0, 0.0, 0.00298976
130.0, 230.0, 0.0, 0.00349915
130.0, 240.0, 0.0, 0.00379512
130.0, 250.0, 0.0, 0.00421648
130.0, 260.0, 0.0, 0.00453949
140.0, 0.0, 0.0, 0.00344806
140.0, 10.0, 0.0, 0.00477336
140.0, 20.0, 0.0, 0.00362572
140.0, 30.0, 0.0, 0.00293639
140.0, 40.0, 0.0, 0.00284835
140.0, 50.0, 0.0, 0.00317852
140.0, 60.0, 0.0, 0.00347018
140.0, 70.0, 0.0, 0.00293351
140.0, 80.0, 0.0, 0.00249788
140.0, 90.0, 0.0, 0.00225961
140.0, 100.0, 0.0, 0.00197166
140.0, 110.0, 0.0, 0.00209431
140.0, 120.0, 0.0, 0.00236696
140.0, 130.0, 0.0, 0.00245727
140.0, 140.0, 0.0, 0.00274498
140.0, 150.0, 0.0, 0.00288981
140.0, 160.0, 0.0, 0.00304852
140.0, 170.0, 0.0, 0.00313695
140.0, 180.0, 0.0, 0.00267495
140.0, 190.0, 0.0, 0.00249201
140.0, 200.0, 0.0, 0.00267174
140.0, 210.0, 0.0, 0.00245510
140.0, 220.0, 0.0, 0.00248118
140.0, 230.0, 0.0, 0.00269746
140.0, 240.0, 0.0, 0.00319285
140.0, 250.0, 0.0, 0.00374651
140.0, 260.0, 0.0, 0.00393171
150.0, 0.0, 0.0, 0.00238914
150.0, 10.0, 0.0, 0.00321128
150.0, 20.0, 0.0, 0.00392593
150.0, 30.0, 0.0, 0.00333653
150.0, 40.0, 0.0, 0.00322435
150.0, 50.0, 0.0, 0.00307038
150.0, 60.0, 0.0, 0.00283517
150.0, 70.0, 0.0, 0.00216087
150.0, 80.0, 0.0, 0.00194296
150.0, 90.0, 0.0, 0.00188872
150.0, 100.0, 0.0, 0.00186009
150.0, 110.0, 0.0, 0.00206258
150.0, 120.0, 0.0, 0.00224576
150.0, 130.0, 0.0, 0.00244240
150.0, 140.0, 0.0, 0.00270041
150.0, 150.0, 0.0, 0.00276772
150.0, 160.0, 0.0, 0.00277502
150.0, 170.0, 0.0, 0.00288006
150.0, 180.0, 0.0, 0.00282418
150.0, 190.0, 0.0, 0.00222117
150.0, 200.0, 0.0, 0.00216413
150.0, 210.0, 0.0, 0.00235794
150.0, 220.0, 0.0, 0.00264326
150.0, 230.0, 0.0, 0.00223161
150.0, 240.0, 0.0, 0.00252046
150.0, 250.0, 0.0, 0.00302833
150.0, 260.0, 0.0, 0.00342965
160.0, 0.0, 0.0, 0.00210751
160.0, 10.0, 0.0, 0.00364013
160.0, 20.0, 0.0, 0.00358277
160.0, 30.0, 0.0, 0.00311376
160.0, 40.0, 0.0, 0.00329444
160.0, 50.0, 0.0, 0.00348367
160.0, 60.0, 0.0, 0.00267853
160.0, 70.0, 0.0, 0.00189938
160.0, 80.0, 0.0, 0.00143108
160.0, 90.0, 0.0, 0.00138843
160.0, 100.0, 0.0, 0.00150032
160.0, 110.0, 0.0, 0.00178263
160.0, 120.0, 0.0, 0.00206895
160.0, 130.0, 0.0, 0.00232326
160.0, 140.0, 0.0, 0.00269229
160.0, 150.0, 0.0, 0.00289367
160.0, 160.0, 0.0, 0.00281055
160.0, 170.0, 0.0, 0.00279263
160.0, 180.0, 0.0, 0.00260540
160.0, 190.0, 0.0, 0.00237380
160.0, 200.0, 0.0, 0.00219362
160.0, 210.0, 0.0, 0.00225749
160.0, 220.0, 0.0, 0.00219374
160.0, 230.0, 0.0, 0.00204878
160.0, 240.0, 0.0, 0.00212336
160.0, 250.0, 0.0, 0.00260076
160.0, 260.0, 0.0, 0.00295748
170.0, 0.0, 0.0, 0.00165618
170.0, 10.0, 0.0, 0.00208423
170.0, 20.0, 0.0, 0.00270046
170.0, 30.0, 0.0, 0.00295133
170.0, 40.0, 0.0, 0.00310800
170.0, 50.0, 0.0, 0.00305316
170.0, 60.0, 0.0, 0.00228401
170.0, 70.0, 0.0, 0.00195110
170.0, 80.0, 0.0, 0.00141074
170.0, 90.0, 0.0, 0.00137151
170.0, 100.0, 0.0, 0.00155941
170.0, 110.0, 0.0, 0.00168519
170.0, 120.0, 0.0, 0.00193295
170.0, 130.0, 0.0, 0.00245101
170.0, 140.0, 0.0, 0.00277269
170.0, 150.0, 0.0, 0.00306747
170.0, 160.0, 0.0, 0.00292634
170.0, 170.0, 0.0, 0.00287237
170.0, 180.0, 0.0, 0.00282394
170.0, 190.0, 0.0, 0.00275900
170.0, 200.0, 0.0, 0.00238218
170.0, 210.0, 0.0, 0.00210936
170.0, 220.0, 0.0, 0.00203515
170.0, 230.0, 0.0, 0.00181544
170.0, 240.0, 0.0, 0.00190354
170.0, 250.0, 0.0, 0.00219619
170.0, 260.0, 0.0, 0.00258135
180.0, 0.0, 0.0, 0.00186375
180.0, 10.0, 0.0, 0.00131618
180.0, 20.0, 0.0, 0.00214401
180.0, 30.0, 0.0, 0.00247165
180.0, 40.0, 0.0, 0.00296815
180.0, 50.0, 0.0, 0.00267977
180.0, 60.0, 0.0, 0.00235341
180.0, 70.0, 0.0, 0.00205489
180.0, 80.0, 0.0, 0.00156969
180.0, 90.0, 0.0, 0.00167465
180.0, 100.0, 0.0, 0.00151778
180.0, 110.0, 0.0, 0.00160364
180.0, 120.0, 0.0, 0.00186488
180.0, 130.0, 0.0, 0.00228959
180.0, 140.0, 0.0, 0.00223164
180.0, 150.0, 0.0, 0.00235765
180.0, 160.0, 0.0, 0.00264055
180.0, 170.0, 0.0, 0.00207862
180.0, 180.0, 0.0, 0.00262897
180.0, 190.0, 0.0, 0.00278292
180.0, 200.0, 0.0, 0.00248547
180.0, 210.0, 0.0, 0.00216635
180.0, 220.0, 0.0, 0.00193026
180.0, 230.0, 0.0, 0.00170108
180.0, 240.0, 0.0, 0.00152105
180.0, 250.0, 0.0, 0.00190112
180.0, 260.0, 0.0, 0.00228721
190.0, 0.0, 0.0, 0.00139294
190.0, 10.0, 0.0, 0.00150549
190.0, 20.0, 0.0, 0.00151270
190.0, 30.0, 0.0, 0.00167694
190.0, 40.0, 0.0, 0.00194087
190.0, 50.0, 0.0, 0.00213504
190.0, 60.0, 0.0, 0.00238185
190.0, 70.0, 0.0, 0.00229635
190.0, 80.0, 0.0, 0.00163562
190.0, 90.0, 0.0, 0.00178201
190.0, 100.0, 0.0, 0.00154433
190.0, 110.0, 0.0, 0.00169690
190.0, 120.0, 0.0, 0.00180511
190.0, 130.0, 0.0, 0.00186449
190.0, 140.0, 0.0, 0.00168175
190.0, 150.0, 0.0, 0.00192390
190.0, 160.0, 0.0, 0.00209552
190.0, 170.0, 0.0, 0.00222002
190.0, 180.0, 0.0, 0.00193506
190.0, 190.0, 0.0, 0.00218017
190.0, 200.0, 0.0, 0.00200298
190.0, 210.0, 0.0, 0.00192587
190.0, 220.0, 0.0, 0.00172163
190.0, 230.0, 0.0, 0.00157264
190.0, 240.0, 0.0, 0.00138823
190.0, 250.0, 0.0, 0.00145243
190.0, 260.0, 0.0, 0.00207267
200.0, 0.0, 0.0, 0.00129299
200.0, 10.0, 0.0, 0.00130986
200.0, 20.0, 0.0, 0.00164790
200.0, 30.0, 0.0, 0.00181445
200.0, 40.0, 0.0, 0.00195559
200.0, 50.0, 0.0, 0.00225798
200.0, 60.0, 0.0, 0.00246743
200.0, 70.0, 0.0, 0.00223021
200.0, 80.0, 0.0, 0.00213824
200.0, 90.0, 0.0, 0.00159904
200.0, 100.0, 0.0, 0.00157560
200.0, 110.0, 0.0, 0.00152073
200.0, 120.0, 0.0, 0.00167753
200.0, 130.0, 0.0, 0.00179420
200.0, 140.0, 0.0, 0.00142347
200.0, 150.0, 0.0, 0.00143446
200.0, 160.0, 0.0, 0.00155789
200.0, 170.0, 0.0, 0.00164048
200.0, 180.0, 0.0, 0.00106400
200.0, 190.0, 0.0, 0.00156756
200.0, 200.0, 0.0, 0.00130175
200.0, 210.0, 0.0, 0.00136069
200.0, 220.0, 0.0, 0.00136133
200.0, 230.0, 0.0, 0.00138026
200.0, 240.0, 0.0, 0.00125192
200.0, 250.0, 0.0, 0.00135910
200.0, 260.0, 0.0, 0.00205662
210.0, 0.0, 0.0, 0.00122065
210.0, 10.0, 0.0, 0.00141302
210.0, 20.0, 0.0, 0.00190980
210.0, 30.0, 0.0, 0.00149088
210.0, 40.0, 0.0, 0.00218923
210.0, 50.0, 0.0, 0.00245256
210.0, 60.0, 0.0, 0.00256412
210.0, 70.0, 0.0, 0.00247818
210.0, 80.0, 0.0, 0.00199183
210.0, 90.0, 0.0, 0.00187866
210.0, 100.0, 0.0, 0.00124304
210.0, 110.0, 0.0, 0.00153673
210.0, 120.0, 0.0, 0.00158238
210.0, 130.0, 0.0, 0.00167636
210.0, 140.0, 0.0, 0.00083010
210.0, 150.0, 0.0, 0.00125507
210.0, 160.0, 0.0, 0.00114384
210.0, 170.0, 0.0, 0.00178580
210.0, 180.0, 0.0, 0.00108383
210.0, 190.0, 0.0, 0.00119539
210.0, 200.0, 0.0, 0.00104153
210.0, 210.0, 0.0, 0.00095780
210.0, 220.0, 0.0, 0.00093532
210.0, 230.0, 0.0, 0.00087910
210.0, 240.0, 0.0, 0.00105668
210.0, 250.0, 0.0, 0.00135327
210.0, 260.0, 0.0, 0.00194935
220.0, 0.0, 0.0, 0.00120756
220.0, 10.0, 0.0, 0.00181156
220.0, 20.0, 0.0, 0.00189563
220.0, 30.0, 0.0, 0.00156706
220.0, 40.0, 0.0, 0.00172952
220.0, 50.0, 0.0, 0.00177935
220.0, 60.0, 0.0, 0.00238176
220.0, 70.0, 0.0, 0.00250363
220.0, 80.0, 0.0, 0.00199482
220.0, 90.0, 0.0, 0.00146313
220.0, 100.0, 0.0, 0.00133706
220.0, 110.0, 0.0, 0.00158751
220.0, 120.0, 0.0, 0.00144486
220.0, 130.0, 0.0, 0.00115122
220.0, 140.0, 0.0, 0.00112921
220.0, 150.0, 0.0, 0.00078607
220.0, 160.0, 0.0, 0.00091379
220.0, 170.0, 0.0, 0.00110549
220.0, 180.0, 0.0, 0.00087687
220.0, 190.0, 0.0, 0.00084644
220.0, 200.0, 0.0, 0.00074035
220.0, 210.0, 0.0, 0.00081077
220.0, 220.0, 0.0, 0.00070208
220.0, 230.0, 0.0, 0.00110726
220.0, 240.0, 0.0, 0.00118548
220.0, 250.0, 0.0, 0.00116246
220.0, 260.0, 0.0, 0.00183594
230.0, 0.0, 0.0, 0.00159182
230.0, 10.0, 0.0, 0.00188771
230.0, 20.0, 0.0, 0.00169188
230.0, 30.0, 0.0, 0.00146080
230.0, 40.0, 0.0, 0.00159321
230.0, 50.0, 0.0, 0.00175964
230.0, 60.0, 0.0, 0.00205514
230.0, 70.0, 0.0, 0.00220758
230.0, 80.0, 0.0, 0.00170441
230.0, 90.0, 0.0, 0.00152940
230.0, 100.0, 0.0, 0.00131591
230.0, 110.0, 0.0, 0.00109230
230.0, 120.0, 0.0, 0.00069190
230.0, 130.0, 0.0, 0.00062311
230.0, 140.0, 0.0, 0.00065202
230.0, 150.0, 0.0, 0.00055023
230.0, 160.0, 0.0, 0.00094396
230.0, 170.0, 0.0, 0.00085569
230.0, 180.0, 0.0, 0.00079666
230.0, 190.0, 0.0, 0.00066127
230.0, 200.0, 0.0, 0.00058967
230.0, 210.0, 0.0, 0.00057923
230.0, 220.0, 0.0, 0.00061057
230.0, 230.0, 0.0, 0.00068807
230.0, 240.0, 0.0, 0.00093120
230.0, 250.0, 0.0, 0.00114731
230.0, 260.0, 0.0, 0.00180954
0.0, 0.0, 10.0, 0.00188148
0.0, 10.0, 10.0, 0.00245797
0.0, 20.0, 10.0, 0.00299241
0.0, 30.0, 10.0, 0.00459036
0.0, 40.0, 10.0, 0.00887255
0.0, 50.0, 10.0, 0.00645334
0.0, 60.0, 10.0, 0.00606898
0.0, 70.0, 10.0, 0.00626812
0.0, 80.0, 10.0, 0.00752062
0.0, 90.0, 10.0, 0.00819593
0.0, 100.0, 10.0, 0.00968245
0.0, 110.0, 10.0, 0.00959072
0.0, 120.0, 10.0, 0.00856330
0.0, 130.0, 10.0, 0.00778603
0.0, 140.0, 10.0, 0.00745184
0.0, 150.0, 10.0, 0.00695264
0.0, 160.0, 10.0, 0.00755735
0.0, 170.0, 10.0, 0.00769386
0.0, 180.0, 10.0, 0.00811575
0.0, 190.0, 10.0, 0.00915208
0.0, 200.0, 10.0, 0.00951783
0.0, 210.0, 10.0, 0.00928788
0.0, 220.0, 10.0, 0.00916868
0.0, 230.0, 10.0, 0.00937842
0.0, 240.0, 10.0, 0.00867077
0.0, 250.0, 10.0, 0.00817815
0.0, 260.0, 10.0, 0.00833752
10.0, 0.0, 10.0, 0.00109354
10.0, 10.0, 10.0, 0.00109477
10.0, 20.0, 10.0, 0.00182104
10.0, 30.0, 10.0, 0.00419885
10.0, 40.0, 10.0, 0.00942849
10.0, 50.0, 10.0, 0.00546112
10.0, 60.0, 10.0, 0.00608568
10.0, 70.0, 10.0, 0.00638659
10.0, 80.0, 10.0, 0.00800455
10.0, 90.0, 10.0, 0.00828680
10.0, 100.0, 10.0, 0.00892723
10.0, 110.0, 10.0, 0.00947959
10.0, 120.0, 10.0, 0.00945818
10.0, 130.0, 10.0, 0.00913233
10.0, 140.0, 10.0, 0.00874759
10.0, 150.0, 10.0, 0.00770427
10.0, 160.0, 10.0, 0.00810749
10.0, 170.0, 10.0, 0.00972969
10.0, 180.0, 10.0, 0.00939210
10.0, 190.0, 10.0, 0.00991321
10.0, 200.0, 10.0, 0.00965899
10.0, 210.0, 10.0, 0.00953976
10.0, 220.0, 10.0, 0.00792285
10.0, 230.0, 10.0, 0.00565828
10.0, 240.0, 10.0, 0.00698724
10.0, 250.0, 10.0, 0.00758244
10.0, 260.0, 10.0, 0.00784804
20.0, 0.0, 10.0, 0.00039169
20.0, 10.0, 10.0, 0.00113489
20.0, 20.0, 10.0, 0.00221768
20.0, 30.0, 10.0, 0.00282951
20.0, 40.0, 10.0, 0.00906869
20.0, 50.0, 10.0, 0.00597799
20.0, 60.0, 10.0, 0.00589234
20.0, 70.0, 10.0, 0.00776803
20.0, 80.0, 10.0, 0.00845900
20.0, 90.0, 10.0, 0.00815697
20.0, 100.0, 10.0, 0.00821519
20.0, 110.0, 10.0, 0.00822330
20.0, 120.0, 10.0, 0.00804519
20.0, 130.0, 10.0, 0.00807182
20.0, 140.0, 10.0, 0.00793904
20.0, 150.0, 10.0, 0.00771739
20.0, 160.0, 10.0, 0.00710529
20.0, 170.0, 10.0, 0.00783008
20.0, 180.0, 10.0, 0.00613998
20.0, 190.0, 10.0, 0.00477302
20.0, 200.0, 10.0, 0.00433133
20.0, 210.0, 10.0, 0.00391064
20.0, 220.0, 10.0, 0.00258751
20.0, 230.0, 10.0, 0.00421981
20.0, 240.0, 10.0, 0.00696030
20.0, 250.0, 10.0, 0.00774019
20.0, 260.0, 10.0, 0.00815994
30.0, 0.0, 10.0, 0.00075072
30.0, 10.0, 10.0, 0.00236332
30.0, 20.0, 10.0, 0.00243084
30.0, 30.0, 10.0, 0.00246246
30.0, 40.0, 10.0, 0.00658606
30.0, 50.0, 10.0, 0.00721380
30.0, 60.0, 10.0, 0.00708506
30.0, 70.0, 10.0, 0.00834883
30.0, 80.0, 10.0, 0.00812638
30.0, 90.0, 10.0, 0.00810814
30.0, 100.0, 10.0, 0.00795404
30.0, 110.0, 10.0, 0.00725115
30.0, 120.0, 10.0, 0.00680735
30.0, 130.0, 10.0, 0.00662184
30.0, 140.0, 10.0, 0.00692584
30.0, 150.0, 10.0, 0.00658375
30.0, 160.0, 10.0, 0.00692608
30.0, 170.0, 10.0, 0.00594238
30.0, 180.0, 10.0, 0.00366368
30.0, 190.0, 10.0, 0.00347744
30.0, 200.0, 10.0, 0.00261703
30.0, 210.0, 10.0, 0.00297971
30.0, 220.0, 10.0, 0.00340919
30.0, 230.0, 10.0, 0.00419073
30.0, 240.0, 10.0, 0.00590694
30.0, 250.0, 10.0, 0.00785518
30.0, 260.0, 10.0, 0.00827871
40.0, 0.0, 10.0, 0.00203079
40.0, 10.0, 10.0, 0.00294947
40.0, 20.0, 10.0, 0.00267928
40.0, 30.0, 10.0, 0.00350991
40.0, 40.0, 10.0, 0.01107303
40.0, 50.0, 10.0, 0.00641821
40.0, 60.0, 10.0, 0.00812714
40.0, 70.0, 10.0, 0.00789460
40.0, 80.0, 10.0, 0.00785621
40.0, 90.0, 10.0, 0.00857657
40.0, 100.0, 10.0, 0.00781599
40.0, 110.0, 10.0, 0.00699964
40.0, 120.0, 10.0, 0.00670901
40.0, 130.0, 10.0, 0.00625554
40.0, 140.0, 10.0, 0.00665599
40.0, 150.0, 10.0, 0.00674240
40.0, 160.0, 10.0, 0.00533182
40.0, 170.0, 10.0, 0.00402096
40.0, 180.0, 10.0, 0.00221712
40.0, 190.0, 10.0, 0.00594626
40.0, 200.0, 10.0, 0.00581020
40.0, 210.0, 10.0, 0.00240489
40.0, 220.0, 10.0, 0.00293205
40.0, 230.0, 10.0, 0.00191155
40.0, 240.0, 10.0, 0.00418256
40.0, 250.0, 10.0, 0.00718521
40.0, 260.0, 10.0, 0.00789769
50.0, 0.0, 10.0, 0.00258064
50.0, 10.0, 10.0, 0.00268584
50.0, 20.0, 10.0, 0.00308699
50.0, 30.0, 10.0, 0.00743092
50.0, 40.0, 10.0, 0.00991549
50.0, 50.0, 10.0, 0.00644827
50.0, 60.0, 10.0, 0.00784578
50.0, 70.0, 10.0, 0.00882186
50.0, 80.0, 10.0, 0.00843403
50.0, 90.0, 10.0, 0.00679756
50.0, 100.0, 10.0, 0.00652175
50.0, 110.0, 10.0, 0.00558908
50.0, 120.0, 10.0, 0.00521926
50.0, 130.0, 10.0, 0.00537136
50.0, 140.0, 10.0, 0.00558629
50.0, 150.0, 10.0, 0.00488139
50.0, 160.0, 10.0, 0.00439565
50.0, 170.0, 10.0, 0.00319054
50.0, 180.0, 10.0, 0.00180594
50.0, 190.0, 10.0, 0.00377039
50.0, 200.0, 10.0, 0.00480914
50.0, 210.0, 10.0, 0.00162094
50.0, 220.0, 10.0, 0.00186474
50.0, 230.0, 10.0, 0.00236281
50.0, 240.0, 10.0, 0.00251564
50.0, 250.0, 10.0, 0.00563582
50.0, 260.0, 10.0, 0.00715858
60.0, 0.0, 10.0, 0.00235849
60.0, 10.0, 10.0, 0.00246309
60.0, 20.0, 10.0, 0.00384718
60.0, 30.0, 10.0, 0.00915501
60.0, 40.0, 10.0, 0.00942230
60.0, 50.0, 10.0, 0.00795205
60.0, 60.0, 10.0, 0.00917799
60.0, 70.0, 10.0, 0.00864302
60.0, 80.0, 10.0, 0.00786395
60.0, 90.0, 10.0, 0.00633002
60.0, 100.0, 10.0, 0.00447391
60.0, 110.0, 10.0, 0.00341673
60.0, 120.0, 10.0, 0.00375044
60.0, 130.0, 10.0, 0.00363685
60.0, 140.0, 10.0, 0.00360636
60.0, 150.0, 10.0, 0.00386870
60.0, 160.0, 10.0, 0.00412881
60.0, 170.0, 10.0, 0.00375380
60.0, 180.0, 10.0, 0.00244091
60.0, 190.0, 10.0, 0.00522372
60.0, 200.0, 10.0, 0.00604014
60.0, 210.0, 10.0, 0.00287944
60.0, 220.0, 10.0, 0.00172698
60.0, 230.0, 10.0, 0.00396294
60.0, 240.0, 10.0, 0.00442629
60.0, 250.0, 10.0, 0.00388912
60.0, 260.0, 10.0, 0.00468637
70.0, 0.0, 10.0, 0.00220301
70.0, 10.0, 10.0, 0.00268095
70.0, 20.0, 10.0, 0.00238659
70.0, 30.0, 10.0, 0.00796424
70.0, 40.0, 10.0, 0.00812079
70.0, 50.0, 10.0, 0.00862336
70.0, 60.0, 10.0, 0.00855777
70.0, 70.0, 10.0, 0.00794828
70.0, 80.0, 10.0, 0.00718337
70.0, 90.0, 10.0, 0.00538234
70.0, 100.0, 10.0, 0.00506521
70.0, 110.0, 10.0, 0.00485239
70.0, 120.0, 10.0, 0.00570438
70.0, 130.0, 10.0, 0.00517791
70.0, 140.0, 10.0, 0.00604209
70.0, 150.0, 10.0, 0.00617896
70.0, 160.0, 10.0, 0.00620013
70.0, 170.0, 10.0, 0.00539729
70.0, 180.0, 10.0, 0.00419463
70.0, 190.0, 10.0, 0.00614754
70.0, 200.0, 10.0, 0.00599223
70.0, 210.0, 10.0, 0.00362192
70.0, 220.0, 10.0, 0.00356264
70.0, 230.0, 10.0, 0.00318353
70.0, 240.0, 10.0, 0.00530684
70.0, 250.0, 10.0, 0.00651475
70.0, 260.0, 10.0, 0.00668836
80.0, 0.0, 10.0, 0.00235862
80.0, 10.0, 10.0, 0.00263549
80.0, 20.0, 10.0, 0.00709376
80.0, 30.0, 10.0, 0.00519173
80.0, 40.0, 10.0, 0.00474185
80.0, 50.0, 10.0, 0.00718975
80.0, 60.0, 10.0, 0.00790784
80.0, 70.0, 10.0, 0.00812834
80.0, 80.0, 10.0, 0.00762499
80.0, 90.0, 10.0, 0.00676442
80.0, 100.0, 10.0, 0.00640499
80.0, 110.0, 10.0, 0.00620686
80.0, 120.0, 10.0, 0.00606609
80.0, 130.0, 10.0, 0.00592426
80.0, 140.0, 10.0, 0.00590544
80.0, 150.0, 10.0, 0.00566999
80.0, 160.0, 10.0, 0.00591374
80.0, 170.0, 10.0, 0.00610038
80.0, 180.0, 10.0, 0.00516492
80.0, 190.0, 10.0, 0.00401342
80.0, 200.0, 10.0, 0.00340299
80.0, 210.0, 10.0, 0.00330194
80.0, 220.0, 10.0, 0.00401805
80.0, 230.0, 10.0, 0.00449497
80.0, 240.0, 10.0, 0.00456055
80.0, 250.0, 10.0, 0.00524501
80.0, 260.0, 10.0, 0.00656157
90.0, 0.0, 10.0, 0.00250548
90.0, 10.0, 10.0, 0.00307046
90.0, 20.0, 10.0, 0.00443605
90.0, 30.0, 10.0, 0.00467901
90.0, 40.0, 10.0, 0.00521717
90.0, 50.0, 10.0, 0.00619702
90.0, 60.0, 10.0, 0.00643950
90.0, 70.0, 10.0, 0.00718252
90.0, 80.0, 10.0, 0.00738347
90.0, 90.0, 10.0, 0.00680790
90.0, 100.0, 10.0, 0.00571442
90.0, 110.0, 10.0, 0.00547197
90.0, 120.0, 10.0, 0.00580350
90.0, 130.0, 10.0, 0.00505010
90.0, 140.0, 10.0, 0.00376389
90.0, 150.0, 10.0, 0.00329976
90.0, 160.0, 10.0, 0.00309219
90.0, 170.0, 10.0, 0.00336611
90.0, 180.0, 10.0, 0.00226697
90.0, 190.0, 10.0, 0.00273371
90.0, 200.0, 10.0, 0.00327106
90.0, 210.0, 10.0, 0.00328550
90.0, 220.0, 10.0, 0.00353040
90.0, 230.0, 10.0, 0.00349464
90.0, 240.0, 10.0, 0.00385146
90.0, 250.0, 10.0, 0.00433220
90.0, 260.0, 10.0, 0.00499549
100.0, 0.0, 10.0, 0.00278984
100.0, 10.0, 10.0, 0.00404465
100.0, 20.0, 10.0, 0.00437571
100.0, 30.0, 10.0, 0.00474415
100.0, 40.0, 10.0, 0.00500285
100.0, 50.0, 10.0, 0.00490162
100.0, 60.0, 10.0, 0.00478233
100.0, 70.0, 10.0, 0.00471481
100.0, 80.0, 10.0, 0.00503253
100.0, 90.0, 10.0, 0.00484429
100.0, 100.0, 10.0, 0.00513667
100.0, 110.0, 10.0, 0.00485229
100.0, 120.0, 10.0, 0.00203380
100.0, 130.0, 10.0, 0.00110248
100.0, 140.0, 10.0, 0.00107113
100.0, 150.0, 10.0, 0.00117980
100.0, 160.0, 10.0, 0.00094694
100.0, 170.0, 10.0, 0.00057101
100.0, 180.0, 10.0, 0.00086798
100.0, 190.0, 10.0, 0.00151794
100.0, 200.0, 10.0, 0.00165165
100.0, 210.0, 10.0, 0.00188851
100.0, 220.0, 10.0, 0.00221406
100.0, 230.0, 10.0, 0.00295545
100.0, 240.0, 10.0, 0.00262614
100.0, 250.0, 10.0, 0.00220946
100.0, 260.0, 10.0, 0.00325778
110.0, 0.0, 10.0, 0.00259843
110.0, 10.0, 10.0, 0.00375878
110.0, 20.0, 10.0, 0.00387310
110.0, 30.0, 10.0, 0.00397869
110.0, 40.0, 10.0, 0.00440959
110.0, 50.0, 10.0, 0.00406175
110.0, 60.0, 10.0, 0.00391748
110.0, 70.0, 10.0, 0.00367035
110.0, 80.0, 10.0, 0.00325170
110.0, 90.0, 10.0, 0.00200533
110.0, 100.0, 10.0, 0.00041012
110.0, 110.0, 10.0, 0.00087207
110.0, 120.0, 10.0, 0.00109482
110.0, 130.0, 10.0, 0.00105381
110.0, 140.0, 10.0, 0.00091732
110.0, 150.0, 10.0, 0.00059092
110.0, 160.0, 10.0, 0.00037854
110.0, 170.0, 10.0, 0.00001118
110.0, 180.0, 10.0, 0.00108879
110.0, 190.0, 10.0, 0.00159450
110.0, 200.0, 10.0, 0.00176659
110.0, 210.0, 10.0, 0.00205666
110.0, 220.0, 10.0, 0.00253946
110.0, 230.0, 10.0, 0.00252074
110.0, 240.0, 10.0, 0.00192868
110.0, 250.0, 10.0, 0.00218381
110.0, 260.0, 10.0, 0.00366703
120.0, 0.0, 10.0, 0.00271020
120.0, 10.0, 10.0, 0.00380157
120.0, 20.0, 10.0, 0.00374178
120.0, 30.0, 10.0, 0.00358505
120.0, 40.0, 10.0, 0.00294390
120.0, 50.0, 10.0, 0.00300895
120.0, 60.0, 10.0, 0.00255764
120.0, 70.0, 10.0, 0.00202392
120.0, 80.0, 10.0, 0.00135660
120.0, 90.0, 10.0, 0.00165117
120.0, 100.0, 10.0, 0.00165493
120.0, 110.0, 10.0, 0.00154650
120.0, 120.0, 10.0, 0.00115228
120.0, 130.0, 10.0, 0.00078247
120.0, 140.0, 10.0, 0.00063628
120.0, 150.0, 10.0, 0.00053653
120.0, 160.0, 10.0, 0.00023418
120.0, 170.0, 10.0, 0.00029538
120.0, 180.0, 10.0, 0.00149354
120.0, 190.0, 10.0, 0.00204995
120.0, 200.0, 10.0, 0.00179842
120.0, 210.0, 10.0, 0.00147265
120.0, 220.0, 10.0, 0.00147137
120.0, 230.0, 10.0, 0.00234851
120.0, 240.0, 10.0, 0.00326726
120.0, 250.0, 10.0, 0.00248375
120.0, 260.0, 10.0, 0.00209543
130.0, 0.0, 10.0, 0.00243218
130.0, 10.0, 10.0, 0.00361201
130.0, 20.0, 10.0, 0.00324221
130.0, 30.0, 10.0, 0.00315333
130.0, 40.0, 10.0, 0.00286847
130.0, 50.0, 10.0, 0.00282824
130.0, 60.0, 10.0, 0.00235104
130.0, 70.0, 10.0, 0.00238387
130.0, 80.0, 10.0, 0.00262923
130.0, 90.0, 10.0, 0.00251465
130.0, 100.0, 10.0, 0.00193303
130.0, 110.0, 10.0, 0.00092510
130.0, 120.0, 10.0, 0.00070440
130.0, 130.0, 10.0, 0.00056995
130.0, 140.0, 10.0, 0.00040814
130.0, 150.0, 10.0, 0.00034454
130.0, 160.0, 10.0, 0.00033202
130.0, 170.0, 10.0, 0.00060552
130.0, 180.0, 10.0, 0.00026634
130.0, 190.0, 10.0, 0.00194562
130.0, 200.0, 10.0, 0.00208247
130.0, 210.0, 10.0, 0.00170159
130.0, 220.0, 10.0, 0.00222266
130.0, 230.0, 10.0, 0.00221741
130.0, 240.0, 10.0, 0.00254973
130.0, 250.0, 10.0, 0.00251176
130.0, 260.0, 10.0, 0.00184919
140.0, 0.0, 10.0, 0.00201045
140.0, 10.0, 10.0, 0.00280307
140.0, 20.0, 10.0, 0.00261571
140.0, 30.0, 10.0, 0.00269471
140.0, 40.0, 10.0, 0.00254570
140.0, 50.0, 10.0, 0.00227625
140.0, 60.0, 10.0, 0.00236898
140.0, 70.0, 10.0, 0.00222213
140.0, 80.0, 10.0, 0.00183176
140.0, 90.0, 10.0, 0.00140349
140.0, 100.0, 10.0, 0.00101058
140.0, 110.0, 10.0, 0.00056073
140.0, 120.0, 10.0, 0.00045643
140.0, 130.0, 10.0, 0.00047007
140.0, 140.0, 10.0, 0.00056591
140.0, 150.0, 10.0, 0.00068194
140.0, 160.0, 10.0, 0.00078118
140.0, 170.0, 10.0, 0.00093118
140.0, 180.0, 10.0, 0.00061376
140.0, 190.0, 10.0, 0.00083018
140.0, 200.0, 10.0, 0.00126816
140.0, 210.0, 10.0, 0.00192622
140.0, 220.0, 10.0, 0.00190381
140.0, 230.0, 10.0, 0.00156636
140.0, 240.0, 10.0, 0.00148941
140.0, 250.0, 10.0, 0.00148362
140.0, 260.0, 10.0, 0.00157663
150.0, 0.0, 10.0, 0.00068996
150.0, 10.0, 10.0, 0.00152853
150.0, 20.0, 10.0, 0.00216663
150.0, 30.0, 10.0, 0.00211375
150.0, 40.0, 10.0, 0.00203139
150.0, 50.0, 10.0, 0.00211984
150.0, 60.0, 10.0, 0.00174534
150.0, 70.0, 10.0, 0.00134624
150.0, 80.0, 10.0, 0.00065341
150.0, 90.0, 10.0, 0.00028552
150.0, 100.0, 10.0, 0.00018033
150.0, 110.0, 10.0, 0.00015119
150.0, 120.0, 10.0, 0.00020733
150.0, 130.0, 10.0, 0.00035895
150.0, 140.0, 10.0, 0.00065198
150.0, 150.0, 10.0, 0.00103037
150.0, 160.0, 10.0, 0.00125223
150.0, 170.0, 10.0, 0.00140925
150.0, 180.0, 10.0, 0.00149394
150.0, 190.0, 10.0, 0.00080341
150.0, 200.0, 10.0, 0.00094986
150.0, 210.0, 10.0, 0.00114951
150.0, 220.0, 10.0, 0.00097507
150.0, 230.0, 10.0, 0.00082310
150.0, 240.0, 10.0, 0.00079816
150.0, 250.0, 10.0, 0.00089960
150.0, 260.0, 10.0, 0.00141983
160.0, 0.0, 10.0, 0.00092750
160.0, 10.0, 10.0, 0.00199362
160.0, 20.0, 10.0, 0.00189558
160.0, 30.0, 10.0, 0.00140097
160.0, 40.0, 10.0, 0.00181563
160.0, 50.0, 10.0, 0.00188713
160.0, 60.0, 10.0, 0.00168185
160.0, 70.0, 10.0, 0.00098929
160.0, 80.0, 10.0, 0.00036374
160.0, 90.0, 10.0, 0.00011969
160.0, 100.0, 10.0, 0.00004405
160.0, 110.0, 10.0, 0.00002635
160.0, 120.0, 10.0, 0.00005015
160.0, 130.0, 10.0, 0.00026019
160.0, 140.0, 10.0, 0.00078124
160.0, 150.0, 10.0, 0.00107221
160.0, 160.0, 10.0, 0.00141049
160.0, 170.0, 10.0, 0.00148982
160.0, 180.0, 10.0, 0.00153928
160.0, 190.0, 10.0, 0.00120753
160.0, 200.0, 10.0, 0.00094409
160.0, 210.0, 10.0, 0.00115580
160.0, 220.0, 10.0, 0.00092825
160.0, 230.0, 10.0, 0.00074655
160.0, 240.0, 10.0, 0.00064677
160.0, 250.0, 10.0, 0.00068599
160.0, 260.0, 10.0, 0.00125854
170.0, 0.0, 10.0, 0.00073123
170.0, 10.0, 10.0, 0.00114240
170.0, 20.0, 10.0, 0.00118107
170.0, 30.0, 10.0, 0.00132644
170.0, 40.0, 10.0, 0.00146032
170.0, 50.0, 10.0, 0.00128430
170.0, 60.0, 10.0, 0.00132916
170.0, 70.0, 10.0, 0.00093860
170.0, 80.0, 10.0, 0.00036871
170.0, 90.0, 10.0, 0.00014925
170.0, 100.0, 10.0, 0.00006413
170.0, 110.0, 10.0, 0.00000888
170.0, 120.0, 10.0, 0.00021972
170.0, 130.0, 10.0, 0.00063715
170.0, 140.0, 10.0, 0.00118175
170.0, 150.0, 10.0, 0.00143425
170.0, 160.0, 10.0, 0.00133296
170.0, 170.0, 10.0, 0.00142875
170.0, 180.0, 10.0, 0.00126559
170.0, 190.0, 10.0, 0.00128163
170.0, 200.0, 10.0, 0.00102020
170.0, 210.0, 10.0, 0.00113678
170.0, 220.0, 10.0, 0.00094881
170.0, 230.0, 10.0, 0.00079036
170.0, 240.0, 10.0, 0.00065429
170.0, 250.0, 10.0, 0.00075211
170.0, 260.0, 10.0, 0.00095310
180.0, 0.0, 10.0, 0.00087886
180.0, 10.0, 10.0, 0.00068942
180.0, 20.0, 10.0, 0.00098617
180.0, 30.0, 10.0, 0.00078120
180.0, 40.0, 10.0, 0.00131516
180.0, 50.0, 10.0, 0.00082957
180.0, 60.0, 10.0, 0.00129054
180.0, 70.0, 10.0, 0.00107454
180.0, 80.0, 10.0, 0.00048022
180.0, 90.0, 10.0, 0.00016704
180.0, 100.0, 10.0, 0.00001060
180.0, 110.0, 10.0, 0.00015893
180.0, 120.0, 10.0, 0.00062236
180.0, 130.0, 10.0, 0.00117388
180.0, 140.0, 10.0, 0.00135278
180.0, 150.0, 10.0, 0.00141423
180.0, 160.0, 10.0, 0.00150403
180.0, 170.0, 10.0, 0.00143707
180.0, 180.0, 10.0, 0.00129188
180.0, 190.0, 10.0, 0.00129618
180.0, 200.0, 10.0, 0.00118257
180.0, 210.0, 10.0, 0.00117278
180.0, 220.0, 10.0, 0.00099887
180.0, 230.0, 10.0, 0.00084165
180.0, 240.0, 10.0, 0.00060768
180.0, 250.0, 10.0, 0.00080947
180.0, 260.0, 10.0, 0.00119589
190.0, 0.0, 10.0, 0.00067082
190.0, 10.0, 10.0, 0.00071287
190.0, 20.0, 10.0, 0.00062392
190.0, 30.0, 10.0, 0.00066907
190.0, 40.0, 10.0, 0.00086344
190.0, 50.0, 10.0, 0.00090357
190.0, 60.0, 10.0, 0.00097410
190.0, 70.0, 10.0, 0.00095932
190.0, 80.0, 10.0, 0.00065327
190.0, 90.0, 10.0, 0.00029578
190.0, 100.0, 10.0, 0.00001575
190.0, 110.0, 10.0, 0.00022969
190.0, 120.0, 10.0, 0.00061076
190.0, 130.0, 10.0, 0.00088479
190.0, 140.0, 10.0, 0.00102640
190.0, 150.0, 10.0, 0.00099481
190.0, 160.0, 10.0, 0.00116136
190.0, 170.0, 10.0, 0.00120393
190.0, 180.0, 10.0, 0.00124431
190.0, 190.0, 10.0, 0.00133929
190.0, 200.0, 10.0, 0.00109291
190.0, 210.0, 10.0, 0.00116694
190.0, 220.0, 10.0, 0.00096042
190.0, 230.0, 10.0, 0.00072398
190.0, 240.0, 10.0, 0.00054105
190.0, 250.0, 10.0, 0.00077839
190.0, 260.0, 10.0, 0.00126010
200.0, 0.0, 10.0, 0.00057185
200.0, 10.0, 10.0, 0.00058056
200.0, 20.0, 10.0, 0.00052575
200.0, 30.0, 10.0, 0.00075921
200.0, 40.0, 10.0, 0.00078822
200.0, 50.0, 10.0, 0.00096851
200.0, 60.0, 10.0, 0.00110104
200.0, 70.0, 10.0, 0.00121735
200.0, 80.0, 10.0, 0.00079867
200.0, 90.0, 10.0, 0.00064293
200.0, 100.0, 10.0, 0.00006188
200.0, 110.0, 10.0, 0.00020238
200.0, 120.0, 10.0, 0.00032858
200.0, 130.0, 10.0, 0.00057366
200.0, 140.0, 10.0, 0.00052722
200.0, 150.0, 10.0, 0.00053914
200.0, 160.0, 10.0, 0.00069466
200.0, 170.0, 10.0, 0.00086021
200.0, 180.0, 10.0, 0.00073840
200.0, 190.0, 10.0, 0.00072091
200.0, 200.0, 10.0, 0.00070816
200.0, 210.0, 10.0, 0.00071679
200.0, 220.0, 10.0, 0.00070539
200.0, 230.0, 10.0, 0.00064710
200.0, 240.0, 10.0, 0.00041494
200.0, 250.0, 10.0, 0.00067805
200.0, 260.0, 10.0, 0.00132945
210.0, 0.0, 10.0, 0.00067422
210.0, 10.0, 10.0, 0.00056394
210.0, 20.0, 10.0, 0.00061374
210.0, 30.0, 10.0, 0.00060474
210.0, 40.0, 10.0, 0.00084145
210.0, 50.0, 10.0, 0.00090170
210.0, 60.0, 10.0, 0.00110884
210.0, 70.0, 10.0, 0.00128498
210.0, 80.0, 10.0, 0.00126980
210.0, 90.0, 10.0, 0.00113570
210.0, 100.0, 10.0, 0.00010745
210.0, 110.0, 10.0, 0.00019689
210.0, 120.0, 10.0, 0.00028577
210.0, 130.0, 10.0, 0.00038670
210.0, 140.0, 10.0, 0.00040445
210.0, 150.0, 10.0, 0.00045522
210.0, 160.0, 10.0, 0.00048052
210.0, 170.0, 10.0, 0.00048686
210.0, 180.0, 10.0, 0.00041993
210.0, 190.0, 10.0, 0.00035135
210.0, 200.0, 10.0, 0.00032967
210.0, 210.0, 10.0, 0.00034685
210.0, 220.0, 10.0, 0.00036595
210.0, 230.0, 10.0, 0.00029417
210.0, 240.0, 10.0, 0.00033209
210.0, 250.0, 10.0, 0.00065543
210.0, 260.0, 10.0, 0.00132458
220.0, 0.0, 10.0, 0.00082714
220.0, 10.0, 10.0, 0.00092133
220.0, 20.0, 10.0, 0.00065546
220.0, 30.0, 10.0, 0.00082690
220.0, 40.0, 10.0, 0.00088823
220.0, 50.0, 10.0, 0.00098929
220.0, 60.0, 10.0, 0.00108858
220.0, 70.0, 10.0, 0.00111866
220.0, 80.0, 10.0, 0.00148249
220.0, 90.0, 10.0, 0.00135854
220.0, 100.0, 10.0, 0.00045647
220.0, 110.0, 10.0, 0.00013948
220.0, 120.0, 10.0, 0.00024852
220.0, 130.0, 10.0, 0.00032420
220.0, 140.0, 10.0, 0.00038352
220.0, 150.0, 10.0, 0.00041396
220.0, 160.0, 10.0, 0.00041807
220.0, 170.0, 10.0, 0.00038337
220.0, 180.0, 10.0, 0.00034970
220.0, 190.0, 10.0, 0.00033982
220.0, 200.0, 10.0, 0.00032090
220.0, 210.0, 10.0, 0.00029848
220.0, 220.0, 10.0, 0.00030453
220.0, 230.0, 10.0, 0.00031613
220.0, 240.0, 10.0, 0.00031204
220.0, 250.0, 10.0, 0.00048156
220.0, 260.0, 10.0, 0.00145645
230.0, 0.0, 10.0, 0.00078780
230.0, 10.0, 10.0, 0.00078557
230.0, 20.0, 10.0, 0.00078648
230.0, 30.0, 10.0, 0.00081222
230.0, 40.0, 10.0, 0.00075918
230.0, 50.0, 10.0, 0.00086557
230.0, 60.0, 10.0, 0.00094520
230.0, 70.0, 10.0, 0.00099950
230.0, 80.0, 10.0, 0.00120633
230.0, 90.0, 10.0, 0.00110238
230.0, 100.0, 10.0, 0.00087878
230.0, 110.0, 10.0, 0.00022745
230.0, 120.0, 10.0, 0.00018874
230.0, 130.0, 10.0, 0.00030921
230.0, 140.0, 10.0, 0.00034110
230.0, 150.0, 10.0, 0.00034088
230.0, 160.0, 10.0, 0.00033491
230.0, 170.0, 10.0, 0.00033858
230.0, 180.0, 10.0, 0.00032896
230.0, 190.0, 10.0, 0.00034499
230.0, 200.0, 10.0, 0.00035482
230.0, 210.0, 10.0, 0.00032653
230.0, 220.0, 10.0, 0.00029660
230.0, 230.0, 10.0, 0.00029334
230.0, 240.0, 10.0, 0.00034478
230.0, 250.0, 10.0, 0.00060760
230.0, 260.0, 10.0, 0.00115115
0.0, 0.0, 20.0, 0.00011336
0.0, 10.0, 20.0, 0.00009249
0.0, 20.0, 20.0, 0.00008032
0.0, 30.0, 20.0, 0.00008564
0.0, 40.0, 20.0, 0.00012704
0.0, 50.0, 20.0, 0.00024230
0.0, 60.0, 20.0, 0.00048426
0.0, 70.0, 20.0, 0.00079294
0.0, 80.0, 20.0, 0.00111500
0.0, 90.0, 20.0, 0.00130259
0.0, 100.0, 20.0, 0.00126680
0.0, 110.0, 20.0, 0.00114316
0.0, 120.0, 20.0, 0.00124306
0.0, 130.0, 20.0, 0.00128970
0.0, 140.0, 20.0, 0.00111787
0.0, 150.0, 20.0, 0.00091682
0.0, 160.0, 20.0, 0.00072749
0.0, 170.0, 20.0, 0.00061437
0.0, 180.0, 20.0, 0.00053745
0.0, 190.0, 20.0, 0.00048700
0.0, 200.0, 20.0, 0.00046348
0.0, 210.0, 20.0, 0.00042966
0.0, 220.0, 20.0, 0.00036561
0.0, 230.0, 20.0, 0.00029046
0.0, 240.0, 20.0, 0.00019580
0.0, 250.0, 20.0, 0.00011852
0.0, 260.0, 20.0, 0.00009404
10.0, 0.0, 20.0, 0.00013486
10.0, 10.0, 20.0, 0.00011196
10.0, 20.0, 20.0, 0.00011884
10.0, 30.0, 20.0, 0.00013338
10.0, 40.0, 20.0, 0.00009856
10.0, 50.0, 20.0, 0.00005004
10.0, 60.0, 20.0, 0.00049568
10.0, 70.0, 20.0, 0.00025198
10.0, 80.0, 20.0, 0.00030925
10.0, 90.0, 20.0, 0.00062930
10.0, 100.0, 20.0, 0.00092194
10.0, 110.0, 20.0, 0.00097783
10.0, 120.0, 20.0, 0.00102393
10.0, 130.0, 20.0, 0.00113132
10.0, 140.0, 20.0, 0.00140898
10.0, 150.0, 20.0, 0.00112267
10.0, 160.0, 20.0, 0.00088602
10.0, 170.0, 20.0, 0.00070696
10.0, 180.0, 20.0, 0.00058362
10.0, 190.0, 20.0, 0.00065099
10.0, 200.0, 20.0, 0.00055501
10.0, 210.0, 20.0, 0.00081164
10.0, 220.0, 20.0, 0.00066199
10.0, 230.0, 20.0, 0.00030458
10.0, 240.0, 20.0, 0.00019823
10.0, 250.0, 20.0, 0.00009998
10.0, 260.0, 20.0, 0.00000796
20.0, 0.0, 20.0, 0.00010424
20.0, 10.0, 20.0, 0.00010663
20.0, 20.0, 20.0, 0.00013249
20.0, 30.0, 20.0, 0.00012577
20.0, 40.0, 20.0, 0.00013795
20.0, 50.0, 20.0, 0.00014645
20.0, 60.0, 20.0, 0.00011024
20.0, 70.0, 20.0, 0.00015278
20.0, 80.0, 20.0, 0.00012258
20.0, 90.0, 20.0, 0.00012022
20.0, 100.0, 20.0, 0.00031004
20.0, 110.0, 20.0, 0.00056297
20.0, 120.0, 20.0, 0.00060995
20.0, 130.0, 20.0, 0.00088168
20.0, 140.0, 20.0, 0.00148995
20.0, 150.0, 20.0, 0.00142912
20.0, 160.0, 20.0, 0.00093183
20.0, 170.0, 20.0, 0.00069628
20.0, 180.0, 20.0, 0.00064517
20.0, 190.0, 20.0, 0.00056971
20.0, 200.0, 20.0, 0.00058392
20.0, 210.0, 20.0, 0.00057828
20.0, 220.0, 20.0, 0.00051705
20.0, 230.0, 20.0, 0.00034899
20.0, 240.0, 20.0, 0.00020480
20.0, 250.0, 20.0, 0.00009527
20.0, 260.0, 20.0, 0.00000249
30.0, 0.0, 20.0, 0.00008409
30.0, 10.0, 20.0, 0.00011878
30.0, 20.0, 20.0, 0.00012583
30.0, 30.0, 20.0, 0.00009586
30.0, 40.0, 20.0, 0.00023937
30.0, 50.0, 20.0, 0.00028732
30.0, 60.0, 20.0, 0.00021379
30.0, 70.0, 20.0, 0.00024510
30.0, 80.0, 20.0, 0.00013451
30.0, 90.0, 20.0, 0.00005922
30.0, 100.0, 20.0, 0.00029766
30.0, 110.0, 20.0, 0.00069073
30.0, 120.0, 20.0, 0.00085114
30.0, 130.0, 20.0, 0.00108603
30.0, 140.0, 20.0, 0.00142776
30.0, 150.0, 20.0, 0.00147421
30.0, 160.0, 20.0, 0.00145769
30.0, 170.0, 20.0, 0.00133749
30.0, 180.0, 20.0, 0.00094493
30.0, 190.0, 20.0, 0.00078197
30.0, 200.0, 20.0, 0.00073735
30.0, 210.0, 20.0, 0.00075547
30.0, 220.0, 20.0, 0.00070131
30.0, 230.0, 20.0, 0.00048270
30.0, 240.0, 20.0, 0.00022745
30.0, 250.0, 20.0, 0.00010464
30.0, 260.0, 20.0, 0.00001098
40.0, 0.0, 20.0, 0.00005434
40.0, 10.0, 20.0, 0.00014058
40.0, 20.0, 20.0, 0.00017728
40.0, 30.0, 20.0, 0.00028987
40.0, 40.0, 20.0, 0.00025241
40.0, 50.0, 20.0, 0.00029017
40.0, 60.0, 20.0, 0.00026424
40.0, 70.0, 20.0, 0.00064148
40.0, 80.0, 20.0, 0.00072579
40.0, 90.0, 20.0, 0.00105422
40.0, 100.0, 20.0, 0.00131892
40.0, 110.0, 20.0, 0.00125579
40.0, 120.0, 20.0, 0.00112779
40.0, 130.0, 20.0, 0.00116304
40.0, 140.0, 20.0, 0.00136795
40.0, 150.0, 20.0, 0.00145347
40.0, 160.0, 20.0, 0.00137224
40.0, 170.0, 20.0, 0.00141284
40.0, 180.0, 20.0, 0.00125537
40.0, 190.0, 20.0, 0.00119951
40.0, 200.0, 20.0, 0.00093116
40.0, 210.0, 20.0, 0.00082660
40.0, 220.0, 20.0, 0.00080643
40.0, 230.0, 20.0, 0.00064322
40.0, 240.0, 20.0, 0.00034353
40.0, 250.0, 20.0, 0.00017997
40.0, 260.0, 20.0, 0.00009921
50.0, 0.0, 20.0, 0.00002261
50.0, 10.0, 20.0, 0.00017289
50.0, 20.0, 20.0, 0.00020401
50.0, 30.0, 20.0, 0.00030607
50.0, 40.0, 20.0, 0.00026294
50.0, 50.0, 20.0, 0.00042427
50.0, 60.0, 20.0, 0.00069525
50.0, 70.0, 20.0, 0.00061807
50.0, 80.0, 20.0, 0.00092966
50.0, 90.0, 20.0, 0.00119518
50.0, 100.0, 20.0, 0.00125733
50.0, 110.0, 20.0, 0.00112707
50.0, 120.0, 20.0, 0.00103158
50.0, 130.0, 20.0, 0.00111638
50.0, 140.0, 20.0, 0.00128295
50.0, 150.0, 20.0, 0.00132303
50.0, 160.0, 20.0, 0.00135411
50.0, 170.0, 20.0, 0.00136265
50.0, 180.0, 20.0, 0.00134964
50.0, 190.0, 20.0, 0.00129618
50.0, 200.0, 20.0, 0.00114257
50.0, 210.0, 20.0, 0.00093814
50.0, 220.0, 20.0, 0.00085624
50.0, 230.0, 20.0, 0.00081962
50.0, 240.0, 20.0, 0.00051639
50.0, 250.0, 20.0, 0.00024306
50.0, 260.0, 20.0, 0.00014286
60.0, 0.0, 20.0, 0.00003196
60.0, 10.0, 20.0, 0.00021126
60.0, 20.0, 20.0, 0.00035580
60.0, 30.0, 20.0, 0.00045557
60.0, 40.0, 20.0, 0.00027862
60.0, 50.0, 20.0, 0.00033506
60.0, 60.0, 20.0, 0.00101146
60.0, 70.0, 20.0, 0.00110753
60.0, 80.0, 20.0, 0.00086534
60.0, 90.0, 20.0, 0.00068758
60.0, 100.0, 20.0, 0.00095323
60.0, 110.0, 20.0, 0.00103588
60.0, 120.0, 20.0, 0.00097136
60.0, 130.0, 20.0, 0.00095582
60.0, 140.0, 20.0, 0.00120902
60.0, 150.0, 20.0, 0.00117054
60.0, 160.0, 20.0, 0.00115717
60.0, 170.0, 20.0, 0.00116646
60.0, 180.0, 20.0, 0.00114077
60.0, 190.0, 20.0, 0.00115354
60.0, 200.0, 20.0, 0.00116817
60.0, 210.0, 20.0, 0.00112451
60.0, 220.0, 20.0, 0.00088253
60.0, 230.0, 20.0, 0.00084933
60.0, 240.0, 20.0, 0.00064089
60.0, 250.0, 20.0, 0.00036233
60.0, 260.0, 20.0, 0.00015300
70.0, 0.0, 20.0, 0.00006808
70.0, 10.0, 20.0, 0.00039947
70.0, 20.0, 20.0, 0.00027877
70.0, 30.0, 20.0, 0.00043418
70.0, 40.0, 20.0, 0.00037321
70.0, 50.0, 20.0, 0.00034380
70.0, 60.0, 20.0, 0.00056343
70.0, 70.0, 20.0, 0.00051696
70.0, 80.0, 20.0, 0.00028972
70.0, 90.0, 20.0, 0.00049548
70.0, 100.0, 20.0, 0.00081909
70.0, 110.0, 20.0, 0.00099299
70.0, 120.0, 20.0, 0.00095302
70.0, 130.0, 20.0, 0.00104027
70.0, 140.0, 20.0, 0.00099519
70.0, 150.0, 20.0, 0.00096330
70.0, 160.0, 20.0, 0.00092044
70.0, 170.0, 20.0, 0.00090361
70.0, 180.0, 20.0, 0.00088947
70.0, 190.0, 20.0, 0.00083294
70.0, 200.0, 20.0, 0.00083466
70.0, 210.0, 20.0, 0.00095880
70.0, 220.0, 20.0, 0.00096496
70.0, 230.0, 20.0, 0.00084321
70.0, 240.0, 20.0, 0.00074394
70.0, 250.0, 20.0, 0.00042658
70.0, 260.0, 20.0, 0.00033912
80.0, 0.0, 20.0, 0.00017736
80.0, 10.0, 20.0, 0.00025203
80.0, 20.0, 20.0, 0.00028011
80.0, 30.0, 20.0, 0.00035182
80.0, 40.0, 20.0, 0.00036167
80.0, 50.0, 20.0, 0.00045453
80.0, 60.0, 20.0, 0.00044469
80.0, 70.0, 20.0, 0.00039622
80.0, 80.0, 20.0, 0.00034091
80.0, 90.0, 20.0, 0.00040694
80.0, 100.0, 20.0, 0.00059721
80.0, 110.0, 20.0, 0.00073116
80.0, 120.0, 20.0, 0.00083075
80.0, 130.0, 20.0, 0.00090455
80.0, 140.0, 20.0, 0.00094218
80.0, 150.0, 20.0, 0.00087242
80.0, 160.0, 20.0, 0.00066249
80.0, 170.0, 20.0, 0.00053617
80.0, 180.0, 20.0, 0.00059955
80.0, 190.0, 20.0, 0.00065648
80.0, 200.0, 20.0, 0.00067328
80.0, 210.0, 20.0, 0.00071621
80.0, 220.0, 20.0, 0.00075550
80.0, 230.0, 20.0, 0.00074564
80.0, 240.0, 20.0, 0.00074095
80.0, 250.0, 20.0, 0.00055258
80.0, 260.0, 20.0, 0.00025476
90.0, 0.0, 20.0, 0.00025541
90.0, 10.0, 20.0, 0.00032028
90.0, 20.0, 20.0, 0.00035361
90.0, 30.0, 20.0, 0.00035601
90.0, 40.0, 20.0, 0.00030118
90.0, 50.0, 20.0, 0.00052696
90.0, 60.0, 20.0, 0.00054593
90.0, 70.0, 20.0, 0.00044479
90.0, 80.0, 20.0, 0.00043543
90.0, 90.0, 20.0, 0.00018311
90.0, 100.0, 20.0, 0.00078137
90.0, 110.0, 20.0, 0.00088587
90.0, 120.0, 20.0, 0.00090642
90.0, 130.0, 20.0, 0.00090503
90.0, 140.0, 20.0, 0.00081587
90.0, 150.0, 20.0, 0.00064365
90.0, 160.0, 20.0, 0.00047787
90.0, 170.0, 20.0, 0.00037466
90.0, 180.0, 20.0, 0.00051049
90.0, 190.0, 20.0, 0.00065089
90.0, 200.0, 20.0, 0.00066769
90.0, 210.0, 20.0, 0.00073240
90.0, 220.0, 20.0, 0.00073208
90.0, 230.0, 20.0, 0.00077257
90.0, 240.0, 20.0, 0.00079688
90.0, 250.0, 20.0, 0.00069822
90.0, 260.0, 20.0, 0.00041373
100.0, 0.0, 20.0, 0.00029596
100.0, 10.0, 20.0, 0.00038653
100.0, 20.0, 20.0, 0.00038674
100.0, 30.0, 20.0, 0.00026546
100.0, 40.0, 20.0, 0.00024705
100.0, 50.0, 20.0, 0.00048537
100.0, 60.0, 20.0, 0.00052532
100.0, 70.0, 20.0, 0.00044700
100.0, 80.0, 20.0, 0.00056138
100.0, 90.0, 20.0, 0.00026889
100.0, 100.0, 20.0, 0.00073823
100.0, 110.0, 20.0, 0.00099764
100.0, 120.0, 20.0, 0.00088925
100.0, 130.0, 20.0, 0.00080861
100.0, 140.0, 20.0, 0.00058908
100.0, 150.0, 20.0, 0.00063188
100.0, 160.0, 20.0, 0.00040208
100.0, 170.0, 20.0, 0.00040832
100.0, 180.0, 20.0, 0.00055113
100.0, 190.0, 20.0, 0.00072291
100.0, 200.0, 20.0, 0.00074730
100.0, 210.0, 20.0, 0.00073878
100.0, 220.0, 20.0, 0.00071743
100.0, 230.0, 20.0, 0.00072320
100.0, 240.0, 20.0, 0.00077424
100.0, 250.0, 20.0, 0.00084674
100.0, 260.0, 20.0, 0.00076962
110.0, 0.0, 20.0, 0.00013756
110.0, 10.0, 20.0, 0.00033470
110.0, 20.0, 20.0, 0.00033029
110.0, 30.0, 20.0, 0.00041262
110.0, 40.0, 20.0, 0.00039339
110.0, 50.0, 20.0, 0.00034495
110.0, 60.0, 20.0, 0.00054030
110.0, 70.0, 20.0, 0.00052633
110.0, 80.0, 20.0, 0.00059174
110.0, 90.0, 20.0, 0.00053830
110.0, 100.0, 20.0, 0.00052952
110.0, 110.0, 20.0, 0.00073693
110.0, 120.0, 20.0, 0.00068918
110.0, 130.0, 20.0, 0.00052260
110.0, 140.0, 20.0, 0.00052238
110.0, 150.0, 20.0, 0.00045602
110.0, 160.0, 20.0, 0.00036446
110.0, 170.0, 20.0, 0.00035972
110.0, 180.0, 20.0, 0.00045280
110.0, 190.0, 20.0, 0.00064330
110.0, 200.0, 20.0, 0.00070141
110.0, 210.0, 20.0, 0.00071451
110.0, 220.0, 20.0, 0.00072873
110.0, 230.0, 20.0, 0.00073550
110.0, 240.0, 20.0, 0.00075592
110.0, 250.0, 20.0, 0.00074021
110.0, 260.0, 20.0, 0.00071207
120.0, 0.0, 20.0, 0.00008486
120.0, 10.0, 20.0, 0.00024827
120.0, 20.0, 20.0, 0.00033686
120.0, 30.0, 20.0, 0.00036158
120.0, 40.0, 20.0, 0.00042102
120.0, 50.0, 20.0, 0.00049985
120.0, 60.0, 20.0, 0.00048427
120.0, 70.0, 20.0, 0.00027687
120.0, 80.0, 20.0, 0.00024366
120.0, 90.0, 20.0, 0.00031293
120.0, 100.0, 20.0, 0.00033064
120.0, 110.0, 20.0, 0.00040489
120.0, 120.0, 20.0, 0.00048402
120.0, 130.0, 20.0, 0.00054542
120.0, 140.0, 20.0, 0.00050255
120.0, 150.0, 20.0, 0.00041558
120.0, 160.0, 20.0, 0.00035686
120.0, 170.0, 20.0, 0.00028577
120.0, 180.0, 20.0, 0.00039541
120.0, 190.0, 20.0, 0.00043088
120.0, 200.0, 20.0, 0.00052225
120.0, 210.0, 20.0, 0.00065058
120.0, 220.0, 20.0, 0.00065669
120.0, 230.0, 20.0, 0.00064202
120.0, 240.0, 20.0, 0.00066520
120.0, 250.0, 20.0, 0.00065853
120.0, 260.0, 20.0, 0.00066212
130.0, 0.0, 20.0, 0.00007307
130.0, 10.0, 20.0, 0.00020329
130.0, 20.0, 20.0, 0.00023924
130.0, 30.0, 20.0, 0.00035692
130.0, 40.0, 20.0, 0.00037628
130.0, 50.0, 20.0, 0.00045433
130.0, 60.0, 20.0, 0.00050546
130.0, 70.0, 20.0, 0.00051193
130.0, 80.0, 20.0, 0.00051347
130.0, 90.0, 20.0, 0.00038196
130.0, 100.0, 20.0, 0.00042946
130.0, 110.0, 20.0, 0.00049621
130.0, 120.0, 20.0, 0.00055378
130.0, 130.0, 20.0, 0.00056326
130.0, 140.0, 20.0, 0.00054773
130.0, 150.0, 20.0, 0.00051630
130.0, 160.0, 20.0, 0.00040008
130.0, 170.0, 20.0, 0.00039974
130.0, 180.0, 20.0, 0.00030312
130.0, 190.0, 20.0, 0.00032003
130.0, 200.0, 20.0, 0.00032711
130.0, 210.0, 20.0, 0.00036780
130.0, 220.0, 20.0, 0.00035913
130.0, 230.0, 20.0, 0.00033995
130.0, 240.0, 20.0, 0.00029723
130.0, 250.0, 20.0, 0.00027826
130.0, 260.0, 20.0, 0.00034130
140.0, 0.0, 20.0, 0.00006933
140.0, 10.0, 20.0, 0.00007501
140.0, 20.0, 20.0, 0.00010348
140.0, 30.0, 20.0, 0.00033894
140.0, 40.0, 20.0, 0.00033846
140.0, 50.0, 20.0, 0.00042641
140.0, 60.0, 20.0, 0.00046001
140.0, 70.0, 20.0, 0.00046658
140.0, 80.0, 20.0, 0.00050617
140.0, 90.0, 20.0, 0.00049080
140.0, 100.0, 20.0, 0.00047078
140.0, 110.0, 20.0, 0.00050014
140.0, 120.0, 20.0, 0.00051467
140.0, 130.0, 20.0, 0.00052132
140.0, 140.0, 20.0, 0.00050656
140.0, 150.0, 20.0, 0.00046290
140.0, 160.0, 20.0, 0.00044561
140.0, 170.0, 20.0, 0.00042035
140.0, 180.0, 20.0, 0.00028447
140.0, 190.0, 20.0, 0.00029829
140.0, 200.0, 20.0, 0.00031973
140.0, 210.0, 20.0, 0.00028315
140.0, 220.0, 20.0, 0.00029444
140.0, 230.0, 20.0, 0.00026807
140.0, 240.0, 20.0, 0.00023172
140.0, 250.0, 20.0, 0.00019697
140.0, 260.0, 20.0, 0.00017855
150.0, 0.0, 20.0, 0.00009654
150.0, 10.0, 20.0, 0.00005278
150.0, 20.0, 20.0, 0.00005472
150.0, 30.0, 20.0, 0.00010366
150.0, 40.0, 20.0, 0.00022489
150.0, 50.0, 20.0, 0.00032034
150.0, 60.0, 20.0, 0.00034774
150.0, 70.0, 20.0, 0.00038126
150.0, 80.0, 20.0, 0.00041360
150.0, 90.0, 20.0, 0.00044464
150.0, 100.0, 20.0, 0.00045491
150.0, 110.0, 20.0, 0.00045666
150.0, 120.0, 20.0, 0.00047646
150.0, 130.0, 20.0, 0.00047558
150.0, 140.0, 20.0, 0.00046213
150.0, 150.0, 20.0, 0.00045181
150.0, 160.0, 20.0, 0.00043274
150.0, 170.0, 20.0, 0.00038640
150.0, 180.0, 20.0, 0.00031803
150.0, 190.0, 20.0, 0.00018308
150.0, 200.0, 20.0, 0.00022004
150.0, 210.0, 20.0, 0.00024281
150.0, 220.0, 20.0, 0.00024899
150.0, 230.0, 20.0, 0.00025925
150.0, 240.0, 20.0, 0.00024041
150.0, 250.0, 20.0, 0.00020860
150.0, 260.0, 20.0, 0.00016824
160.0, 0.0, 20.0, 0.00007645
160.0, 10.0, 20.0, 0.00004158
160.0, 20.0, 20.0, 0.00006291
160.0, 30.0, 20.0, 0.00008967
160.0, 40.0, 20.0, 0.00011438
160.0, 50.0, 20.0, 0.00013502
160.0, 60.0, 20.0, 0.00017288
160.0, 70.0, 20.0, 0.00014528
160.0, 80.0, 20.0, 0.00021095
160.0, 90.0, 20.0, 0.00032789
160.0, 100.0, 20.0, 0.00036254
160.0, 110.0, 20.0, 0.00038023
160.0, 120.0, 20.0, 0.00040109
160.0, 130.0, 20.0, 0.00039758
160.0, 140.0, 20.0, 0.00035804
160.0, 150.0, 20.0, 0.00029936
160.0, 160.0, 20.0, 0.00026030
160.0, 170.0, 20.0, 0.00023478
160.0, 180.0, 20.0, 0.00022096
160.0, 190.0, 20.0, 0.00019774
160.0, 200.0, 20.0, 0.00019617
160.0, 210.0, 20.0, 0.00019900
160.0, 220.0, 20.0, 0.00018666
160.0, 230.0, 20.0, 0.00018122
160.0, 240.0, 20.0, 0.00017273
160.0, 250.0, 20.0, 0.00016533
160.0, 260.0, 20.0, 0.00015459
170.0, 0.0, 20.0, 0.00003300
170.0, 10.0, 20.0, 0.00002817
170.0, 20.0, 20.0, 0.00006729
170.0, 30.0, 20.0, 0.00013271
170.0, 40.0, 20.0, 0.00014431
170.0, 50.0, 20.0, 0.00013736
170.0, 60.0, 20.0, 0.00012112
170.0, 70.0, 20.0, 0.00010069
170.0, 80.0, 20.0, 0.00009464
170.0, 90.0, 20.0, 0.00010678
170.0, 100.0, 20.0, 0.00011341
170.0, 110.0, 20.0, 0.00012835
170.0, 120.0, 20.0, 0.00014074
170.0, 130.0, 20.0, 0.00015755
170.0, 140.0, 20.0, 0.00015131
170.0, 150.0, 20.0, 0.00014515
170.0, 160.0, 20.0, 0.00014118
170.0, 170.0, 20.0, 0.00012792
170.0, 180.0, 20.0, 0.00012280
170.0, 190.0, 20.0, 0.00012123
170.0, 200.0, 20.0, 0.00011700
170.0, 210.0, 20.0, 0.00011321
170.0, 220.0, 20.0, 0.00009563
170.0, 230.0, 20.0, 0.00008529
170.0, 240.0, 20.0, 0.00007847
170.0, 250.0, 20.0, 0.00007649
170.0, 260.0, 20.0, 0.00008372
180.0, 0.0, 20.0, 0.00002386
180.0, 10.0, 20.0, 0.00002497
180.0, 20.0, 20.0, 0.00008651
180.0, 30.0, 20.0, 0.00009327
180.0, 40.0, 20.0, 0.00010444
180.0, 50.0, 20.0, 0.00010701
180.0, 60.0, 20.0, 0.00008557
180.0, 70.0, 20.0, 0.00006484
180.0, 80.0, 20.0, 0.00006379
180.0, 90.0, 20.0, 0.00007450
180.0, 100.0, 20.0, 0.00009587
180.0, 110.0, 20.0, 0.00010487
180.0, 120.0, 20.0, 0.00009488
180.0, 130.0, 20.0, 0.00009115
180.0, 140.0, 20.0, 0.00007290
180.0, 150.0, 20.0, 0.00005963
180.0, 160.0, 20.0, 0.00005974
180.0, 170.0, 20.0, 0.00006357
180.0, 180.0, 20.0, 0.00006545
180.0, 190.0, 20.0, 0.00006264
180.0, 200.0, 20.0, 0.00005516
180.0, 210.0, 20.0, 0.00004142
180.0, 220.0, 20.0, 0.00003585
180.0, 230.0, 20.0, 0.00004099
180.0, 240.0, 20.0, 0.00005093
180.0, 250.0, 20.0, 0.00005628
180.0, 260.0, 20.0, 0.00005334
190.0, 0.0, 20.0, 0.00002107
190.0, 10.0, 20.0, 0.00002407
190.0, 20.0, 20.0, 0.00004696
190.0, 30.0, 20.0, 0.00005636
190.0, 40.0, 20.0, 0.00005518
190.0, 50.0, 20.0, 0.00004721
190.0, 60.0, 20.0, 0.00004415
190.0, 70.0, 20.0, 0.00005035
190.0, 80.0, 20.0, 0.00006031
190.0, 90.0, 20.0, 0.00006918
190.0, 100.0, 20.0, 0.00005906
190.0, 110.0, 20.0, 0.00004494
190.0, 120.0, 20.0, 0.00003753
190.0, 130.0, 20.0, 0.00004006
190.0, 140.0, 20.0, 0.00004304
190.0, 150.0, 20.0, 0.00004326
190.0, 160.0, 20.0, 0.00004435
190.0, 170.0, 20.0, 0.00004298
190.0, 180.0, 20.0, 0.00003696
190.0, 190.0, 20.0, 0.00003434
190.0, 200.0, 20.0, 0.00003043
190.0, 210.0, 20.0, 0.00003966
190.0, 220.0, 20.0, 0.00004548
190.0, 230.0, 20.0, 0.00009446
190.0, 240.0, 20.0, 0.00010441
190.0, 250.0, 20.0, 0.00011948
190.0, 260.0, 20.0, 0.00012185
200.0, 0.0, 20.0, 0.00002139
200.0, 10.0, 20.0, 0.00001663
200.0, 20.0, 20.0, 0.00002593
200.0, 30.0, 20.0, 0.00003605
200.0, 40.0, 20.0, 0.00003440
200.0, 50.0, 20.0, 0.00003817
200.0, 60.0, 20.0, 0.00004222
200.0, 70.0, 20.0, 0.00003912
200.0, 80.0, 20.0, 0.00003883
200.0, 90.0, 20.0, 0.00004019
200.0, 100.0, 20.0, 0.00004065
200.0, 110.0, 20.0, 0.00004989
200.0, 120.0, 20.0, 0.00005569
200.0, 130.0, 20.0, 0.00005984
200.0, 140.0, 20.0, 0.00006340
200.0, 150.0, 20.0, 0.00005527
200.0, 160.0, 20.0, 0.00005414
200.0, 170.0, 20.0, 0.00005022
200.0, 180.0, 20.0, 0.00004995
200.0, 190.0, 20.0, 0.00006002
200.0, 200.0, 20.0, 0.00006665
200.0, 210.0, 20.0, 0.00006940
200.0, 220.0, 20.0, 0.00007408
200.0, 230.0, 20.0, 0.00009817
200.0, 240.0, 20.0, 0.00012052
200.0, 250.0, 20.0, 0.00013117
200.0, 260.0, 20.0, 0.00012325
210.0, 0.0, 20.0, 0.00002418
210.0, 10.0, 20.0, 0.00002480
210.0, 20.0, 20.0, 0.00002927
210.0, 30.0, 20.0, 0.00002762
210.0, 40.0, 20.0, 0.00004043
210.0, 50.0, 20.0, 0.00005066
210.0, 60.0, 20.0, 0.00005262
210.0, 70.0, 20.0, 0.00005266
210.0, 80.0, 20.0, 0.00005708
210.0, 90.0, 20.0, 0.00005970
210.0, 100.0, 20.0, 0.00006720
210.0, 110.0, 20.0, 0.00008021
210.0, 120.0, 20.0, 0.00007938
210.0, 130.0, 20.0, 0.00008112
210.0, 140.0, 20.0, 0.00007440
210.0, 150.0, 20.0, 0.00006550
210.0, 160.0, 20.0, 0.00005927
210.0, 170.0, 20.0, 0.00005667
210.0, 180.0, 20.0, 0.00005044
210.0, 190.0, 20.0, 0.00004826
210.0, 200.0, 20.0, 0.00005252
210.0, 210.0, 20.0, 0.00006692
210.0, 220.0, 20.0, 0.00006610
210.0, 230.0, 20.0, 0.00007771
210.0, 240.0, 20.0, 0.00008776
210.0, 250.0, 20.0, 0.00011870
210.0, 260.0, 20.0, 0.00010959
220.0, 0.0, 20.0, 0.00002857
220.0, 10.0, 20.0, 0.00002697
220.0, 20.0, 20.0, 0.00003186
220.0, 30.0, 20.0, 0.00003783
220.0, 40.0, 20.0, 0.00004394
220.0, 50.0, 20.0, 0.00005208
220.0, 60.0, 20.0, 0.00005699
220.0, 70.0, 20.0, 0.00005973
220.0, 80.0, 20.0, 0.00006463
220.0, 90.0, 20.0, 0.00006655
220.0, 100.0, 20.0, 0.00007418
220.0, 110.0, 20.0, 0.00007213
220.0, 120.0, 20.0, 0.00007271
220.0, 130.0, 20.0, 0.00007720
220.0, 140.0, 20.0, 0.00008133
220.0, 150.0, 20.0, 0.00007474
220.0, 160.0, 20.0, 0.00006610
220.0, 170.0, 20.0, 0.00005870
220.0, 180.0, 20.0, 0.00005687
220.0, 190.0, 20.0, 0.00005445
220.0, 200.0, 20.0, 0.00005070
220.0, 210.0, 20.0, 0.00005476
220.0, 220.0, 20.0, 0.00005804
220.0, 230.0, 20.0, 0.00007023
220.0, 240.0, 20.0, 0.00007497
220.0, 250.0, 20.0, 0.00008955
220.0, 260.0, 20.0, 0.00009082
230.0, 0.0, 20.0, 0.00003062
230.0, 10.0, 20.0, 0.00003577
230.0, 20.0, 20.0, 0.00004161
230.0, 30.0, 20.0, 0.00004072
230.0, 40.0, 20.0, 0.00004368
230.0, 50.0, 20.0, 0.00005151
230.0, 60.0, 20.0, 0.00005436
230.0, 70.0, 20.0, 0.00006037
230.0, 80.0, 20.0, 0.00006224
230.0, 90.0, 20.0, 0.00006393
230.0, 100.0, 20.0, 0.00006986
230.0, 110.0, 20.0, 0.00007835
230.0, 120.0, 20.0, 0.00008205
230.0, 130.0, 20.0, 0.00007933
230.0, 140.0, 20.0, 0.00008045
230.0, 150.0, 20.0, 0.00007451
230.0, 160.0, 20.0, 0.00006122
230.0, 170.0, 20.0, 0.00005436
230.0, 180.0, 20.0, 0.00005536
230.0, 190.0, 20.0, 0.00005664
230.0, 200.0, 20.0, 0.00005991
230.0, 210.0, 20.0, 0.00006192
230.0, 220.0, 20.0, 0.00005618
230.0, 230.0, 20.0, 0.00005058
230.0, 240.0, 20.0, 0.00005567
230.0, 250.0, 20.0, 0.00006868
230.0, 260.0, 20.0, 0.00007768
