S3D
I=24,J=27,K=3
0.0, 0.0, 0.0, 0.00474374
0.0, 10.0, 0.0, 0.00435648
0.0, 20.0, 0.0, 0.00428378
0.0, 30.0, 0.0, 0.01212665
0.0, 40.0, 0.0, 0.01528828
0.0, 50.0, 0.0, 0.01533114
0.0, 60.0, 0.0, 0.01571931
0.0, 70.0, 0.0, 0.01584035
0.0, 80.0, 0.0, 0.01586829
0.0, 90.0, 0.0, 0.01538015
0.0, 100.0, 0.0, 0.01536779
0.0, 110.0, 0.0, 0.01563765
0.0, 120.0, 0.0, 0.01571238
0.0, 130.0, 0.0, 0.01571465
0.0, 140.0, 0.0, 0.01617341
0.0, 150.0, 0.0, 0.01597160
0.0, 160.0, 0.0, 0.01568722
0.0, 170.0, 0.0, 0.01490551
0.0, 180.0, 0.0, 0.01559628
0.0, 190.0, 0.0, 0.01509192
0.0, 200.0, 0.0, 0.01497793
0.0, 210.0, 0.0, 0.01398411
0.0, 220.0, 0.0, 0.01511590
0.0, 230.0, 0.0, 0.01558066
0.0, 240.0, 0.0, 0.01560289
0.0, 250.0, 0.0, 0.01534512
0.0, 260.0, 0.0, 0.01582356
10.0, 0.0, 0.0, 0.00486494
10.0, 10.0, 0.0, 0.00439667
10.0, 20.0, 0.0, 0.00379125
10.0, 30.0, 0.0, 0.01254410
10.0, 40.0, 0.0, 0.01537416
10.0, 50.0, 0.0, 0.01604829
10.0, 60.0, 0.0, 0.01568007
10.0, 70.0, 0.0, 0.01551338
10.0, 80.0, 0.0, 0.01536466
10.0, 90.0, 0.0, 0.01518243
10.0, 100.0, 0.0, 0.01511432
10.0, 110.0, 0.0, 0.01545154
10.0, 120.0, 0.0, 0.01443258
10.0, 130.0, 0.0, 0.01562433
10.0, 140.0, 0.0, 0.01451043
10.0, 150.0, 0.0, 0.01384718
10.0, 160.0, 0.0, 0.01406668
10.0, 170.0, 0.0, 0.01479289
10.0, 180.0, 0.0, 0.01579702
10.0, 190.0, 0.0, 0.01382365
10.0, 200.0, 0.0, 0.01421211
10.0, 210.0, 0.0, 0.01391855
10.0, 220.0, 0.0, 0.01422301
10.0, 230.0, 0.0, 0.01443570
10.0, 240.0, 0.0, 0.01377779
10.0, 250.0, 0.0, 0.01413120
10.0, 260.0, 0.0, 0.01435485
20.0, 0.0, 0.0, 0.00368727
20.0, 10.0, 0.0, 0.00402007
20.0, 20.0, 0.0, 0.00412997
20.0, 30.0, 0.0, 0.01010536
20.0, 40.0, 0.0, 0.01437547
20.0, 50.0, 0.0, 0.01565416
20.0, 60.0, 0.0, 0.01534879
20.0, 70.0, 0.0, 0.01528373
20.0, 80.0, 0.0, 0.01504726
20.0, 90.0, 0.0, 0.01443541
20.0, 100.0, 0.0, 0.01446775
20.0, 110.0, 0.0, 0.01476131
20.0, 120.0, 0.0, 0.01436293
20.0, 130.0, 0.0, 0.01369346
20.0, 140.0, 0.0, 0.01349125
20.0, 150.0, 0.0, 0.01200852
20.0, 160.0, 0.0, 0.01342745
20.0, 170.0, 0.0, 0.01375300
20.0, 180.0, 0.0, 0.01466306
20.0, 190.0, 0.0, 0.01508093
20.0, 200.0, 0.0, 0.01531217
20.0, 210.0, 0.0, 0.01555456
20.0, 220.0, 0.0, 0.01475614
20.0, 230.0, 0.0, 0.01395323
20.0, 240.0, 0.0, 0.01374420
20.0, 250.0, 0.0, 0.01295758
20.0, 260.0, 0.0, 0.01305347
30.0, 0.0, 0.0, 0.00340168
30.0, 10.0, 0.0, 0.00341132
30.0, 20.0, 0.0, 0.00335664
30.0, 30.0, 0.0, 0.00548373
30.0, 40.0, 0.0, 0.01311702
30.0, 50.0, 0.0, 0.01544703
30.0, 60.0, 0.0, 0.01529085
30.0, 70.0, 0.0, 0.01528543
30.0, 80.0, 0.0, 0.01434609
30.0, 90.0, 0.0, 0.01417385
30.0, 100.0, 0.0, 0.01369059
30.0, 110.0, 0.0, 0.01370703
30.0, 120.0, 0.0, 0.01347463
30.0, 130.0, 0.0, 0.01302522
30.0, 140.0, 0.0, 0.01276123
30.0, 150.0, 0.0, 0.01207073
30.0, 160.0, 0.0, 0.01149778
30.0, 170.0, 0.0, 0.01299722
30.0, 180.0, 0.0, 0.01275636
30.0, 190.0, 0.0, 0.01346682
30.0, 200.0, 0.0, 0.01346662
30.0, 210.0, 0.0, 0.01534915
30.0, 220.0, 0.0, 0.01447049
30.0, 230.0, 0.0, 0.01531924
30.0, 240.0, 0.0, 0.01336434
30.0, 250.0, 0.0, 0.01308948
30.0, 260.0, 0.0, 0.01259751
40.0, 0.0, 0.0, 0.00309707
40.0, 10.0, 0.0, 0.00335081
40.0, 20.0, 0.0, 0.00778758
40.0, 30.0, 0.0, 0.01153918
40.0, 40.0, 0.0, 0.01449817
40.0, 50.0, 0.0, 0.01485085
40.0, 60.0, 0.0, 0.01383671
40.0, 70.0, 0.0, 0.01354427
40.0, 80.0, 0.0, 0.01383299
40.0, 90.0, 0.0, 0.01321833
40.0, 100.0, 0.0, 0.01292500
40.0, 110.0, 0.0, 0.01291599
40.0, 120.0, 0.0, 0.01261284
40.0, 130.0, 0.0, 0.01256374
40.0, 140.0, 0.0, 0.01220758
40.0, 150.0, 0.0, 0.01108294
40.0, 160.0, 0.0, 0.01099972
40.0, 170.0, 0.0, 0.01147642
40.0, 180.0, 0.0, 0.01111420
40.0, 190.0, 0.0, 0.00915740
40.0, 200.0, 0.0, 0.01279092
40.0, 210.0, 0.0, 0.01203965
40.0, 220.0, 0.0, 0.01241485
40.0, 230.0, 0.0, 0.01436220
40.0, 240.0, 0.0, 0.01489379
40.0, 250.0, 0.0, 0.01274252
40.0, 260.0, 0.0, 0.01260629
50.0, 0.0, 0.0, 0.00286329
50.0, 10.0, 0.0, 0.00828409
50.0, 20.0, 0.0, 0.01078582
50.0, 30.0, 0.0, 0.01314747
50.0, 40.0, 0.0, 0.01368383
50.0, 50.0, 0.0, 0.01342029
50.0, 60.0, 0.0, 0.01321035
50.0, 70.0, 0.0, 0.01261438
50.0, 80.0, 0.0, 0.01179354
50.0, 90.0, 0.0, 0.01166701
50.0, 100.0, 0.0, 0.01187545
50.0, 110.0, 0.0, 0.01190805
50.0, 120.0, 0.0, 0.01229371
50.0, 130.0, 0.0, 0.01233419
50.0, 140.0, 0.0, 0.01108701
50.0, 150.0, 0.0, 0.01102022
50.0, 160.0, 0.0, 0.01163733
50.0, 170.0, 0.0, 0.01062740
50.0, 180.0, 0.0, 0.00957260
50.0, 190.0, 0.0, 0.00907194
50.0, 200.0, 0.0, 0.01252203
50.0, 210.0, 0.0, 0.01167106
50.0, 220.0, 0.0, 0.01146046
50.0, 230.0, 0.0, 0.01214974
50.0, 240.0, 0.0, 0.01447779
50.0, 250.0, 0.0, 0.01430965
50.0, 260.0, 0.0, 0.01328088
60.0, 0.0, 0.0, 0.00281140
60.0, 10.0, 0.0, 0.00535560
60.0, 20.0, 0.0, 0.01012287
60.0, 30.0, 0.0, 0.01115511
60.0, 40.0, 0.0, 0.01175252
60.0, 50.0, 0.0, 0.01224462
60.0, 60.0, 0.0, 0.01174542
60.0, 70.0, 0.0, 0.01103434
60.0, 80.0, 0.0, 0.01111125
60.0, 90.0, 0.0, 0.01017504
60.0, 100.0, 0.0, 0.00978551
60.0, 110.0, 0.0, 0.00968742
60.0, 120.0, 0.0, 0.00923369
60.0, 130.0, 0.0, 0.00882859
60.0, 140.0, 0.0, 0.00841910
60.0, 150.0, 0.0, 0.00850650
60.0, 160.0, 0.0, 0.00829461
60.0, 170.0, 0.0, 0.00859210
60.0, 180.0, 0.0, 0.00868990
60.0, 190.0, 0.0, 0.01178457
60.0, 200.0, 0.0, 0.01210409
60.0, 210.0, 0.0, 0.01214508
60.0, 220.0, 0.0, 0.01205105
60.0, 230.0, 0.0, 0.01430081
60.0, 240.0, 0.0, 0.01419037
60.0, 250.0, 0.0, 0.01429413
60.0, 260.0, 0.0, 0.01380965
70.0, 0.0, 0.0, 0.00259248
70.0, 10.0, 0.0, 0.00409296
70.0, 20.0, 0.0, 0.00928854
70.0, 30.0, 0.0, 0.00903429
70.0, 40.0, 0.0, 0.00848924
70.0, 50.0, 0.0, 0.00773217
70.0, 60.0, 0.0, 0.00757411
70.0, 70.0, 0.0, 0.00620355
70.0, 80.0, 0.0, 0.00562597
70.0, 90.0, 0.0, 0.00678256
70.0, 100.0, 0.0, 0.00618818
70.0, 110.0, 0.0, 0.00545085
70.0, 120.0, 0.0, 0.00646843
70.0, 130.0, 0.0, 0.00632626
70.0, 140.0, 0.0, 0.00597605
70.0, 150.0, 0.0, 0.00503387
70.0, 160.0, 0.0, 0.00540633
70.0, 170.0, 0.0, 0.00566493
70.0, 180.0, 0.0, 0.00515638
70.0, 190.0, 0.0, 0.00759973
70.0, 200.0, 0.0, 0.00840579
70.0, 210.0, 0.0, 0.00935283
70.0, 220.0, 0.0, 0.01025779
70.0, 230.0, 0.0, 0.01097118
70.0, 240.0, 0.0, 0.01147448
70.0, 250.0, 0.0, 0.01336181
70.0, 260.0, 0.0, 0.01377152
80.0, 0.0, 0.0, 0.00293558
80.0, 10.0, 0.0, 0.00718474
80.0, 20.0, 0.0, 0.00771820
80.0, 30.0, 0.0, 0.00739843
80.0, 40.0, 0.0, 0.00606999
80.0, 50.0, 0.0, 0.00546090
80.0, 60.0, 0.0, 0.00586811
80.0, 70.0, 0.0, 0.00601950
80.0, 80.0, 0.0, 0.00541098
80.0, 90.0, 0.0, 0.00432851
80.0, 100.0, 0.0, 0.00455448
80.0, 110.0, 0.0, 0.00418381
80.0, 120.0, 0.0, 0.00410276
80.0, 130.0, 0.0, 0.00376467
80.0, 140.0, 0.0, 0.00420011
80.0, 150.0, 0.0, 0.00366904
80.0, 160.0, 0.0, 0.00461323
80.0, 170.0, 0.0, 0.00436634
80.0, 180.0, 0.0, 0.00386012
80.0, 190.0, 0.0, 0.00601659
80.0, 200.0, 0.0, 0.00600746
80.0, 210.0, 0.0, 0.00689526
80.0, 220.0, 0.0, 0.00830835
80.0, 230.0, 0.0, 0.00912692
80.0, 240.0, 0.0, 0.00971779
80.0, 250.0, 0.0, 0.01071559
80.0, 260.0, 0.0, 0.01335283
90.0, 0.0, 0.0, 0.00299779
90.0, 10.0, 0.0, 0.00559912
90.0, 20.0, 0.0, 0.00538664
90.0, 30.0, 0.0, 0.00528600
90.0, 40.0, 0.0, 0.00509436
90.0, 50.0, 0.0, 0.00489158
90.0, 60.0, 0.0, 0.00543360
90.0, 70.0, 0.0, 0.00530390
90.0, 80.0, 0.0, 0.00492865
90.0, 90.0, 0.0, 0.00471815
90.0, 100.0, 0.0, 0.00388088
90.0, 110.0, 0.0, 0.00360498
90.0, 120.0, 0.0, 0.00338484
90.0, 130.0, 0.0, 0.00343586
90.0, 140.0, 0.0, 0.00369921
90.0, 150.0, 0.0, 0.00361334
90.0, 160.0, 0.0, 0.00317129
90.0, 170.0, 0.0, 0.00389289
90.0, 180.0, 0.0, 0.00398685
90.0, 190.0, 0.0, 0.00527462
90.0, 200.0, 0.0, 0.00572752
90.0, 210.0, 0.0, 0.00637656
90.0, 220.0, 0.0, 0.00715292
90.0, 230.0, 0.0, 0.00778209
90.0, 240.0, 0.0, 0.00862738
90.0, 250.0, 0.0, 0.00941536
90.0, 260.0, 0.0, 0.01021524
100.0, 0.0, 0.0, 0.00403829
100.0, 10.0, 0.0, 0.00410985
100.0, 20.0, 0.0, 0.00468141
100.0, 30.0, 0.0, 0.00424350
100.0, 40.0, 0.0, 0.00477011
100.0, 50.0, 0.0, 0.00506752
100.0, 60.0, 0.0, 0.00532549
100.0, 70.0, 0.0, 0.00523990
100.0, 80.0, 0.0, 0.00501242
100.0, 90.0, 0.0, 0.00420004
100.0, 100.0, 0.0, 0.00370280
100.0, 110.0, 0.0, 0.00313280
100.0, 120.0, 0.0, 0.00303139
100.0, 130.0, 0.0, 0.00331349
100.0, 140.0, 0.0, 0.00325340
100.0, 150.0, 0.0, 0.00313240
100.0, 160.0, 0.0, 0.00309790
100.0, 170.0, 0.0, 0.00334172
100.0, 180.0, 0.0, 0.00426865
100.0, 190.0, 0.0, 0.00427915
100.0, 200.0, 0.0, 0.00560531
100.0, 210.0, 0.0, 0.00587639
100.0, 220.0, 0.0, 0.00598017
100.0, 230.0, 0.0, 0.00700478
100.0, 240.0, 0.0, 0.00812106
100.0, 250.0, 0.0, 0.00884416
100.0, 260.0, 0.0, 0.00930345
110.0, 0.0, 0.0, 0.00403138
110.0, 10.0, 0.0, 0.00394662
110.0, 20.0, 0.0, 0.00379983
110.0, 30.0, 0.0, 0.00342149
110.0, 40.0, 0.0, 0.00377592
110.0, 50.0, 0.0, 0.00434567
110.0, 60.0, 0.0, 0.00442062
110.0, 70.0, 0.0, 0.00447106
110.0, 80.0, 0.0, 0.00353164
110.0, 90.0, 0.0, 0.00255461
110.0, 100.0, 0.0, 0.00244535
110.0, 110.0, 0.0, 0.00273453
110.0, 120.0, 0.0, 0.00273303
110.0, 130.0, 0.0, 0.00282702
110.0, 140.0, 0.0, 0.00259683
110.0, 150.0, 0.0, 0.00280154
110.0, 160.0, 0.0, 0.00314892
110.0, 170.0, 0.0, 0.00319386
110.0, 180.0, 0.0, 0.00326884
110.0, 190.0, 0.0, 0.00361275
110.0, 200.0, 0.0, 0.00362145
110.0, 210.0, 0.0, 0.00400570
110.0, 220.0, 0.0, 0.00442411
110.0, 230.0, 0.0, 0.00481224
110.0, 240.0, 0.0, 0.00575908
110.0, 250.0, 0.0, 0.00693298
110.0, 260.0, 0.0, 0.00787981
120.0, 0.0, 0.0, 0.00376458
120.0, 10.0, 0.0, 0.00358701
120.0, 20.0, 0.0, 0.00324218
120.0, 30.0, 0.0, 0.00254673
120.0, 40.0, 0.0, 0.00256828
120.0, 50.0, 0.0, 0.00259646
120.0, 60.0, 0.0, 0.00283580
120.0, 70.0, 0.0, 0.00283637
120.0, 80.0, 0.0, 0.00259228
120.0, 90.0, 0.0, 0.00230255
120.0, 100.0, 0.0, 0.00257964
120.0, 110.0, 0.0, 0.00274889
120.0, 120.0, 0.0, 0.00256125
120.0, 130.0, 0.0, 0.00241645
120.0, 140.0, 0.0, 0.00226445
120.0, 150.0, 0.0, 0.00252407
120.0, 160.0, 0.0, 0.00278691
120.0, 170.0, 0.0, 0.00282554
120.0, 180.0, 0.0, 0.00321735
120.0, 190.0, 0.0, 0.00302343
120.0, 200.0, 0.0, 0.00336268
120.0, 210.0, 0.0, 0.00315450
120.0, 220.0, 0.0, 0.00371590
120.0, 230.0, 0.0, 0.00509464
120.0, 240.0, 0.0, 0.00505988
120.0, 250.0, 0.0, 0.00527144
120.0, 260.0, 0.0, 0.00582650
130.0, 0.0, 0.0, 0.00372117
130.0, 10.0, 0.0, 0.00438305
130.0, 20.0, 0.0, 0.00403727
130.0, 30.0, 0.0, 0.00336234
130.0, 40.0, 0.0, 0.00326942
130.0, 50.0, 0.0, 0.00272079
130.0, 60.0, 0.0, 0.00274989
130.0, 70.0, 0.0, 0.00328432
130.0, 80.0, 0.0, 0.00278676
130.0, 90.0, 0.0, 0.00210410
130.0, 100.0, 0.0, 0.00223716
130.0, 110.0, 0.0, 0.00242442
130.0, 120.0, 0.0, 0.00267360
130.0, 130.0, 0.0, 0.00242831
130.0, 140.0, 0.0, 0.00242669
130.0, 150.0, 0.0, 0.00271707
130.0, 160.0, 0.0, 0.00292233
130.0, 170.0, 0.0, 0.00305462
130.0, 180.0, 0.0, 0.00294871
130.0, 190.0, 0.0, 0.00329301
130.0, 200.0, 0.0, 0.00253761
130.0, 210.0, 0.0, 0.00326621
130.0, 220.0, 0.0, 0.00297145
130.0, 230.0, 0.0, 0.00350087
130.0, 240.0, 0.0, 0.00378930
130.0, 250.0, 0.0, 0.00420523
130.0, 260.0, 0.0, 0.00467555
140.0, 0.0, 0.0, 0.00344806
140.0, 10.0, 0.0, 0.00442864
140.0, 20.0, 0.0, 0.00349390
140.0, 30.0, 0.0, 0.00295555
140.0, 40.0, 0.0, 0.00294242
140.0, 50.0, 0.0, 0.00318615
140.0, 60.0, 0.0, 0.00300032
140.0, 70.0, 0.0, 0.00253266
140.0, 80.0, 0.0, 0.00249854
140.0, 90.0, 0.0, 0.00225708
140.0, 100.0, 0.0, 0.00204467
140.0, 110.0, 0.0, 0.00220928
140.0, 120.0, 0.0, 0.00240102
140.0, 130.0, 0.0, 0.00248680
140.0, 140.0, 0.0, 0.00272868
140.0, 150.0, 0.0, 0.00285426
140.0, 160.0, 0.0, 0.00298869
140.0, 170.0, 0.0, 0.00320941
140.0, 180.0, 0.0, 0.00291187
140.0, 190.0, 0.0, 0.00249745
140.0, 200.0, 0.0, 0.00267119
140.0, 210.0, 0.0, 0.00245582
140.0, 220.0, 0.0, 0.00247573
140.0, 230.0, 0.0, 0.00268858
140.0, 240.0, 0.0, 0.00319951
140.0, 250.0, 0.0, 0.00373832
140.0, 260.0, 0.0, 0.00423212
150.0, 0.0, 0.0, 0.00238914
150.0, 10.0, 0.0, 0.00308921
150.0, 20.0, 0.0, 0.00370577
150.0, 30.0, 0.0, 0.00334067
150.0, 40.0, 0.0, 0.00330342
150.0, 50.0, 0.0, 0.00323447
150.0, 60.0, 0.0, 0.00289721
150.0, 70.0, 0.0, 0.00236475
150.0, 80.0, 0.0, 0.00204825
150.0, 90.0, 0.0, 0.00197763
150.0, 100.0, 0.0, 0.00196707
150.0, 110.0, 0.0, 0.00211949
150.0, 120.0, 0.0, 0.00229962
150.0, 130.0, 0.0, 0.00247930
150.0, 140.0, 0.0, 0.00271364
150.0, 150.0, 0.0, 0.00273488
150.0, 160.0, 0.0, 0.00277354
150.0, 170.0, 0.0, 0.00288012
150.0, 180.0, 0.0, 0.00282196
150.0, 190.0, 0.0, 0.00225937
150.0, 200.0, 0.0, 0.00218099
150.0, 210.0, 0.0, 0.00235896
150.0, 220.0, 0.0, 0.00265775
150.0, 230.0, 0.0, 0.00222992
150.0, 240.0, 0.0, 0.00251987
150.0, 250.0, 0.0, 0.00298246
150.0, 260.0, 0.0, 0.00378688
160.0, 0.0, 0.0, 0.00210751
160.0, 10.0, 0.0, 0.00338411
160.0, 20.0, 0.0, 0.00342426
160.0, 30.0, 0.0, 0.00292848
160.0, 40.0, 0.0, 0.00305835
160.0, 50.0, 0.0, 0.00312604
160.0, 60.0, 0.0, 0.00263769
160.0, 70.0, 0.0, 0.00197721
160.0, 80.0, 0.0, 0.00154041
160.0, 90.0, 0.0, 0.00147379
160.0, 100.0, 0.0, 0.00159316
160.0, 110.0, 0.0, 0.00181594
160.0, 120.0, 0.0, 0.00208078
160.0, 130.0, 0.0, 0.00232185
160.0, 140.0, 0.0, 0.00270752
160.0, 150.0, 0.0, 0.00289230
160.0, 160.0, 0.0, 0.00280869
160.0, 170.0, 0.0, 0.00279091
160.0, 180.0, 0.0, 0.00259706
160.0, 190.0, 0.0, 0.00237360
160.0, 200.0, 0.0, 0.00221451
160.0, 210.0, 0.0, 0.00225756
160.0, 220.0, 0.0, 0.00219358
160.0, 230.0, 0.0, 0.00205857
160.0, 240.0, 0.0, 0.00212699
160.0, 250.0, 0.0, 0.00258085
160.0, 260.0, 0.0, 0.00313497
170.0, 0.0, 0.0, 0.00165618
170.0, 10.0, 0.0, 0.00173547
170.0, 20.0, 0.0, 0.00285001
170.0, 30.0, 0.0, 0.00298253
170.0, 40.0, 0.0, 0.00274430
170.0, 50.0, 0.0, 0.00274558
170.0, 60.0, 0.0, 0.00254477
170.0, 70.0, 0.0, 0.00205957
170.0, 80.0, 0.0, 0.00150523
170.0, 90.0, 0.0, 0.00139683
170.0, 100.0, 0.0, 0.00156577
170.0, 110.0, 0.0, 0.00168673
170.0, 120.0, 0.0, 0.00193352
170.0, 130.0, 0.0, 0.00244045
170.0, 140.0, 0.0, 0.00287894
170.0, 150.0, 0.0, 0.00288756
170.0, 160.0, 0.0, 0.00293519
170.0, 170.0, 0.0, 0.00288760
170.0, 180.0, 0.0, 0.00281943
170.0, 190.0, 0.0, 0.00275966
170.0, 200.0, 0.0, 0.00235394
170.0, 210.0, 0.0, 0.00211090
170.0, 220.0, 0.0, 0.00203663
170.0, 230.0, 0.0, 0.00182209
170.0, 240.0, 0.0, 0.00190607
170.0, 250.0, 0.0, 0.00219505
170.0, 260.0, 0.0, 0.00266522
180.0, 0.0, 0.0, 0.00186375
180.0, 10.0, 0.0, 0.00112893
180.0, 20.0, 0.0, 0.00221667
180.0, 30.0, 0.0, 0.00236752
180.0, 40.0, 0.0, 0.00258435
180.0, 50.0, 0.0, 0.00270765
180.0, 60.0, 0.0, 0.00230202
180.0, 70.0, 0.0, 0.00212311
180.0, 80.0, 0.0, 0.00185378
180.0, 90.0, 0.0, 0.00167435
180.0, 100.0, 0.0, 0.00151640
180.0, 110.0, 0.0, 0.00160349
180.0, 120.0, 0.0, 0.00186297
180.0, 130.0, 0.0, 0.00233245
180.0, 140.0, 0.0, 0.00222714
180.0, 150.0, 0.0, 0.00233454
180.0, 160.0, 0.0, 0.00262225
180.0, 170.0, 0.0, 0.00189451
180.0, 180.0, 0.0, 0.00255926
180.0, 190.0, 0.0, 0.00268727
180.0, 200.0, 0.0, 0.00247144
180.0, 210.0, 0.0, 0.00216106
180.0, 220.0, 0.0, 0.00192937
180.0, 230.0, 0.0, 0.00171195
180.0, 240.0, 0.0, 0.00152480
180.0, 250.0, 0.0, 0.00190459
180.0, 260.0, 0.0, 0.00229743
190.0, 0.0, 0.0, 0.00139294
190.0, 10.0, 0.0, 0.00142294
190.0, 20.0, 0.0, 0.00164530
190.0, 30.0, 0.0, 0.00174382
190.0, 40.0, 0.0, 0.00189159
190.0, 50.0, 0.0, 0.00205453
190.0, 60.0, 0.0, 0.00238707
190.0, 70.0, 0.0, 0.00235145
190.0, 80.0, 0.0, 0.00164138
190.0, 90.0, 0.0, 0.00177659
190.0, 100.0, 0.0, 0.00153980
190.0, 110.0, 0.0, 0.00168968
190.0, 120.0, 0.0, 0.00180558
190.0, 130.0, 0.0, 0.00185809
190.0, 140.0, 0.0, 0.00168057
190.0, 150.0, 0.0, 0.00192330
190.0, 160.0, 0.0, 0.00207948
190.0, 170.0, 0.0, 0.00215986
190.0, 180.0, 0.0, 0.00193202
190.0, 190.0, 0.0, 0.00179683
190.0, 200.0, 0.0, 0.00178090
190.0, 210.0, 0.0, 0.00180778
190.0, 220.0, 0.0, 0.00173584
190.0, 230.0, 0.0, 0.00160242
190.0, 240.0, 0.0, 0.00141659
190.0, 250.0, 0.0, 0.00145512
190.0, 260.0, 0.0, 0.00208263
200.0, 0.0, 0.0, 0.00129299
200.0, 10.0, 0.0, 0.00125469
200.0, 20.0, 0.0, 0.00175887
200.0, 30.0, 0.0, 0.00183557
200.0, 40.0, 0.0, 0.00196774
200.0, 50.0, 0.0, 0.00225248
200.0, 60.0, 0.0, 0.00245656
200.0, 70.0, 0.0, 0.00223293
200.0, 80.0, 0.0, 0.00213504
200.0, 90.0, 0.0, 0.00159851
200.0, 100.0, 0.0, 0.00157419
200.0, 110.0, 0.0, 0.00152048
200.0, 120.0, 0.0, 0.00167631
200.0, 130.0, 0.0, 0.00180634
200.0, 140.0, 0.0, 0.00142188
200.0, 150.0, 0.0, 0.00143421
200.0, 160.0, 0.0, 0.00155715
200.0, 170.0, 0.0, 0.00162345
200.0, 180.0, 0.0, 0.00108059
200.0, 190.0, 0.0, 0.00156170
200.0, 200.0, 0.0, 0.00129839
200.0, 210.0, 0.0, 0.00136450
200.0, 220.0, 0.0, 0.00135759
200.0, 230.0, 0.0, 0.00136452
200.0, 240.0, 0.0, 0.00127279
200.0, 250.0, 0.0, 0.00136956
200.0, 260.0, 0.0, 0.00203595
210.0, 0.0, 0.0, 0.00122065
210.0, 10.0, 0.0, 0.00154023
210.0, 20.0, 0.0, 0.00194473
210.0, 30.0, 0.0, 0.00155731
210.0, 40.0, 0.0, 0.00227746
210.0, 50.0, 0.0, 0.00242745
210.0, 60.0, 0.0, 0.00258536
210.0, 70.0, 0.0, 0.00243425
210.0, 80.0, 0.0, 0.00198226
210.0, 90.0, 0.0, 0.00187729
210.0, 100.0, 0.0, 0.00124212
210.0, 110.0, 0.0, 0.00153557
210.0, 120.0, 0.0, 0.00158214
210.0, 130.0, 0.0, 0.00168301
210.0, 140.0, 0.0, 0.00083254
210.0, 150.0, 0.0, 0.00125788
210.0, 160.0, 0.0, 0.00114301
210.0, 170.0, 0.0, 0.00181269
210.0, 180.0, 0.0, 0.00108215
210.0, 190.0, 0.0, 0.00119433
210.0, 200.0, 0.0, 0.00103949
210.0, 210.0, 0.0, 0.00095630
210.0, 220.0, 0.0, 0.00093392
210.0, 230.0, 0.0, 0.00088047
210.0, 240.0, 0.0, 0.00107941
210.0, 250.0, 0.0, 0.00133632
210.0, 260.0, 0.0, 0.00191738
220.0, 0.0, 0.0, 0.00120756
220.0, 10.0, 0.0, 0.00189714
220.0, 20.0, 0.0, 0.00190496
220.0, 30.0, 0.0, 0.00173282
220.0, 40.0, 0.0, 0.00186662
220.0, 50.0, 0.0, 0.00196412
220.0, 60.0, 0.0, 0.00246916
220.0, 70.0, 0.0, 0.00259907
220.0, 80.0, 0.0, 0.00197893
220.0, 90.0, 0.0, 0.00141523
220.0, 100.0, 0.0, 0.00141039
220.0, 110.0, 0.0, 0.00150935
220.0, 120.0, 0.0, 0.00130948
220.0, 130.0, 0.0, 0.00115078
220.0, 140.0, 0.0, 0.00112980
220.0, 150.0, 0.0, 0.00078642
220.0, 160.0, 0.0, 0.00091412
220.0, 170.0, 0.0, 0.00110577
220.0, 180.0, 0.0, 0.00087710
220.0, 190.0, 0.0, 0.00084620
220.0, 200.0, 0.0, 0.00074056
220.0, 210.0, 0.0, 0.00081014
220.0, 220.0, 0.0, 0.00070233
220.0, 230.0, 0.0, 0.00111032
220.0, 240.0, 0.0, 0.00119375
220.0, 250.0, 0.0, 0.00114876
220.0, 260.0, 0.0, 0.00169975
230.0, 0.0, 0.0, 0.00159182
230.0, 10.0, 0.0, 0.00187958
230.0, 20.0, 0.0, 0.00181008
230.0, 30.0, 0.0, 0.00158085
230.0, 40.0, 0.0, 0.00162394
230.0, 50.0, 0.0, 0.00181272
230.0, 60.0, 0.0, 0.00215781
230.0, 70.0, 0.0, 0.00220614
230.0, 80.0, 0.0, 0.00165918
230.0, 90.0, 0.0, 0.00136485
230.0, 100.0, 0.0, 0.00135620
230.0, 110.0, 0.0, 0.00099296
230.0, 120.0, 0.0, 0.00067285
230.0, 130.0, 0.0, 0.00062248
230.0, 140.0, 0.0, 0.00065242
230.0, 150.0, 0.0, 0.00054952
230.0, 160.0, 0.0, 0.00094381
230.0, 170.0, 0.0, 0.00085598
230.0, 180.0, 0.0, 0.00079658
230.0, 190.0, 0.0, 0.00066119
230.0, 200.0, 0.0, 0.00058959
230.0, 210.0, 0.0, 0.00057904
230.0, 220.0, 0.0, 0.00061019
230.0, 230.0, 0.0, 0.00068788
230.0, 240.0, 0.0, 0.00092666
230.0, 250.0, 0.0, 0.00115640
230.0, 260.0, 0.0, 0.00176871
0.0, 0.0, 10.0, 0.00188148
0.0, 10.0, 10.0, 0.00245797
0.0, 20.0, 10.0, 0.00299241
0.0, 30.0, 10.0, 0.00459036
0.0, 40.0, 10.0, 0.00887255
0.0, 50.0, 10.0, 0.00645334
0.0, 60.0, 10.0, 0.00606898
0.0, 70.0, 10.0, 0.00626812
0.0, 80.0, 10.0, 0.00752062
0.0, 90.0, 10.0, 0.00819593
0.0, 100.0, 10.0, 0.00968245
0.0, 110.0, 10.0, 0.00959072
0.0, 120.0, 10.0, 0.00856330
0.0, 130.0, 10.0, 0.00778603
0.0, 140.0, 10.0, 0.00745184
0.0, 150.0, 10.0, 0.00695264
0.0, 160.0, 10.0, 0.00755735
0.0, 170.0, 10.0, 0.00769386
0.0, 180.0, 10.0, 0.00811575
0.0, 190.0, 10.0, 0.00915208
0.0, 200.0, 10.0, 0.00951783
0.0, 210.0, 10.0, 0.00928788
0.0, 220.0, 10.0, 0.00916868
0.0, 230.0, 10.0, 0.00937842
0.0, 240.0, 10.0, 0.00867077
0.0, 250.0, 10.0, 0.00817815
0.0, 260.0, 10.0, 0.00833752
10.0, 0.0, 10.0, 0.00109354
10.0, 10.0, 10.0, 0.00109233
10.0, 20.0, 10.0, 0.00171528
10.0, 30.0, 10.0, 0.00404236
10.0, 40.0, 10.0, 0.00965760
10.0, 50.0, 10.0, 0.00547642
10.0, 60.0, 10.0, 0.00576873
10.0, 70.0, 10.0, 0.00589202
10.0, 80.0, 10.0, 0.00741107
10.0, 90.0, 10.0, 0.00815384
10.0, 100.0, 10.0, 0.00883052
10.0, 110.0, 10.0, 0.00949706
10.0, 120.0, 10.0, 0.00921332
10.0, 130.0, 10.0, 0.00884815
10.0, 140.0, 10.0, 0.00836294
10.0, 150.0, 10.0, 0.00740888
10.0, 160.0, 10.0, 0.00839796
10.0, 170.0, 10.0, 0.00950105
10.0, 180.0, 10.0, 0.00918189
10.0, 190.0, 10.0, 0.01029021
10.0, 200.0, 10.0, 0.01012543
10.0, 210.0, 10.0, 0.00948431
10.0, 220.0, 10.0, 0.00798800
10.0, 230.0, 10.0, 0.00606377
10.0, 240.0, 10.0, 0.00731572
10.0, 250.0, 10.0, 0.00741279
10.0, 260.0, 10.0, 0.00773129
20.0, 0.0, 10.0, 0.00039169
20.0, 10.0, 10.0, 0.00116856
20.0, 20.0, 10.0, 0.00221316
20.0, 30.0, 10.0, 0.00272253
20.0, 40.0, 10.0, 0.00893440
20.0, 50.0, 10.0, 0.00643240
20.0, 60.0, 10.0, 0.00528800
20.0, 70.0, 10.0, 0.00666062
20.0, 80.0, 10.0, 0.00813878
20.0, 90.0, 10.0, 0.00838525
20.0, 100.0, 10.0, 0.00828493
20.0, 110.0, 10.0, 0.00827476
20.0, 120.0, 10.0, 0.00811664
20.0, 130.0, 10.0, 0.00805508
20.0, 140.0, 10.0, 0.00792184
20.0, 150.0, 10.0, 0.00745904
20.0, 160.0, 10.0, 0.00726158
20.0, 170.0, 10.0, 0.00787361
20.0, 180.0, 10.0, 0.00622444
20.0, 190.0, 10.0, 0.00508993
20.0, 200.0, 10.0, 0.00465782
20.0, 210.0, 10.0, 0.00348243
20.0, 220.0, 10.0, 0.00260033
20.0, 230.0, 10.0, 0.00388769
20.0, 240.0, 10.0, 0.00631691
20.0, 250.0, 10.0, 0.00718376
20.0, 260.0, 10.0, 0.00788041
30.0, 0.0, 10.0, 0.00075072
30.0, 10.0, 10.0, 0.00237760
30.0, 20.0, 10.0, 0.00242260
30.0, 30.0, 10.0, 0.00247797
30.0, 40.0, 10.0, 0.00560873
30.0, 50.0, 10.0, 0.00740417
30.0, 60.0, 10.0, 0.00523899
30.0, 70.0, 10.0, 0.00960786
30.0, 80.0, 10.0, 0.00799244
30.0, 90.0, 10.0, 0.00794019
30.0, 100.0, 10.0, 0.00784795
30.0, 110.0, 10.0, 0.00732021
30.0, 120.0, 10.0, 0.00676063
30.0, 130.0, 10.0, 0.00659099
30.0, 140.0, 10.0, 0.00637588
30.0, 150.0, 10.0, 0.00660223
30.0, 160.0, 10.0, 0.00666340
30.0, 170.0, 10.0, 0.00577045
30.0, 180.0, 10.0, 0.00372350
30.0, 190.0, 10.0, 0.00251806
30.0, 200.0, 10.0, 0.00235908
30.0, 210.0, 10.0, 0.00208307
30.0, 220.0, 10.0, 0.00229680
30.0, 230.0, 10.0, 0.00324240
30.0, 240.0, 10.0, 0.00614276
30.0, 250.0, 10.0, 0.00797882
30.0, 260.0, 10.0, 0.00805815
40.0, 0.0, 10.0, 0.00203079
40.0, 10.0, 10.0, 0.00292053
40.0, 20.0, 10.0, 0.00261995
40.0, 30.0, 10.0, 0.00308548
40.0, 40.0, 10.0, 0.00869710
40.0, 50.0, 10.0, 0.00711772
40.0, 60.0, 10.0, 0.00852867
40.0, 70.0, 10.0, 0.00716175
40.0, 80.0, 10.0, 0.00861214
40.0, 90.0, 10.0, 0.00864339
40.0, 100.0, 10.0, 0.00761460
40.0, 110.0, 10.0, 0.00689908
40.0, 120.0, 10.0, 0.00642329
40.0, 130.0, 10.0, 0.00639488
40.0, 140.0, 10.0, 0.00668617
40.0, 150.0, 10.0, 0.00663997
40.0, 160.0, 10.0, 0.00503315
40.0, 170.0, 10.0, 0.00388611
40.0, 180.0, 10.0, 0.00226842
40.0, 190.0, 10.0, 0.00314987
40.0, 200.0, 10.0, 0.00679725
40.0, 210.0, 10.0, 0.00231121
40.0, 220.0, 10.0, 0.00216266
40.0, 230.0, 10.0, 0.00190210
40.0, 240.0, 10.0, 0.00398446
40.0, 250.0, 10.0, 0.00720241
40.0, 260.0, 10.0, 0.00796346
50.0, 0.0, 10.0, 0.00258064
50.0, 10.0, 10.0, 0.00271255
50.0, 20.0, 10.0, 0.00273197
50.0, 30.0, 10.0, 0.00787507
50.0, 40.0, 10.0, 0.01042789
50.0, 50.0, 10.0, 0.00537088
50.0, 60.0, 10.0, 0.00744128
50.0, 70.0, 10.0, 0.00829531
50.0, 80.0, 10.0, 0.00846335
50.0, 90.0, 10.0, 0.00732940
50.0, 100.0, 10.0, 0.00572053
50.0, 110.0, 10.0, 0.00490126
50.0, 120.0, 10.0, 0.00438675
50.0, 130.0, 10.0, 0.00435725
50.0, 140.0, 10.0, 0.00492590
50.0, 150.0, 10.0, 0.00467095
50.0, 160.0, 10.0, 0.00431683
50.0, 170.0, 10.0, 0.00311264
50.0, 180.0, 10.0, 0.00170463
50.0, 190.0, 10.0, 0.00212686
50.0, 200.0, 10.0, 0.00370282
50.0, 210.0, 10.0, 0.00122321
50.0, 220.0, 10.0, 0.00159574
50.0, 230.0, 10.0, 0.00210853
50.0, 240.0, 10.0, 0.00272137
50.0, 250.0, 10.0, 0.00514468
50.0, 260.0, 10.0, 0.00750138
60.0, 0.0, 10.0, 0.00235849
60.0, 10.0, 10.0, 0.00254980
60.0, 20.0, 10.0, 0.00288435
60.0, 30.0, 10.0, 0.00702433
60.0, 40.0, 10.0, 0.00694936
60.0, 50.0, 10.0, 0.00630411
60.0, 60.0, 10.0, 0.00900221
60.0, 70.0, 10.0, 0.00860306
60.0, 80.0, 10.0, 0.00708151
60.0, 90.0, 10.0, 0.00570406
60.0, 100.0, 10.0, 0.00417293
60.0, 110.0, 10.0, 0.00323736
60.0, 120.0, 10.0, 0.00387202
60.0, 130.0, 10.0, 0.00382728
60.0, 140.0, 10.0, 0.00381846
60.0, 150.0, 10.0, 0.00381860
60.0, 160.0, 10.0, 0.00396362
60.0, 170.0, 10.0, 0.00362945
60.0, 180.0, 10.0, 0.00228469
60.0, 190.0, 10.0, 0.00458145
60.0, 200.0, 10.0, 0.00724794
60.0, 210.0, 10.0, 0.00322088
60.0, 220.0, 10.0, 0.00130950
60.0, 230.0, 10.0, 0.00367725
60.0, 240.0, 10.0, 0.00488557
60.0, 250.0, 10.0, 0.00415643
60.0, 260.0, 10.0, 0.00568957
70.0, 0.0, 10.0, 0.00220301
70.0, 10.0, 10.0, 0.00265657
70.0, 20.0, 10.0, 0.00220637
70.0, 30.0, 10.0, 0.00570376
70.0, 40.0, 10.0, 0.00670516
70.0, 50.0, 10.0, 0.00615990
70.0, 60.0, 10.0, 0.00865255
70.0, 70.0, 10.0, 0.00752460
70.0, 80.0, 10.0, 0.00670938
70.0, 90.0, 10.0, 0.00515984
70.0, 100.0, 10.0, 0.00502595
70.0, 110.0, 10.0, 0.00536889
70.0, 120.0, 10.0, 0.00559161
70.0, 130.0, 10.0, 0.00509008
70.0, 140.0, 10.0, 0.00600009
70.0, 150.0, 10.0, 0.00620693
70.0, 160.0, 10.0, 0.00621771
70.0, 170.0, 10.0, 0.00536638
70.0, 180.0, 10.0, 0.00418126
70.0, 190.0, 10.0, 0.00564158
70.0, 200.0, 10.0, 0.00560573
70.0, 210.0, 10.0, 0.00348420
70.0, 220.0, 10.0, 0.00364512
70.0, 230.0, 10.0, 0.00315590
70.0, 240.0, 10.0, 0.00534484
70.0, 250.0, 10.0, 0.00649877
70.0, 260.0, 10.0, 0.00662000
80.0, 0.0, 10.0, 0.00235862
80.0, 10.0, 10.0, 0.00250992
80.0, 20.0, 10.0, 0.00489899
80.0, 30.0, 10.0, 0.00367889
80.0, 40.0, 10.0, 0.00342414
80.0, 50.0, 10.0, 0.00656153
80.0, 60.0, 10.0, 0.00752691
80.0, 70.0, 10.0, 0.00810509
80.0, 80.0, 10.0, 0.00781245
80.0, 90.0, 10.0, 0.00677207
80.0, 100.0, 10.0, 0.00645912
80.0, 110.0, 10.0, 0.00612844
80.0, 120.0, 10.0, 0.00590840
80.0, 130.0, 10.0, 0.00585814
80.0, 140.0, 10.0, 0.00583212
80.0, 150.0, 10.0, 0.00561895
80.0, 160.0, 10.0, 0.00588219
80.0, 170.0, 10.0, 0.00609150
80.0, 180.0, 10.0, 0.00524653
80.0, 190.0, 10.0, 0.00416761
80.0, 200.0, 10.0, 0.00338585
80.0, 210.0, 10.0, 0.00327161
80.0, 220.0, 10.0, 0.00383489
80.0, 230.0, 10.0, 0.00435996
80.0, 240.0, 10.0, 0.00461502
80.0, 250.0, 10.0, 0.00537219
80.0, 260.0, 10.0, 0.00681086
90.0, 0.0, 10.0, 0.00250548
90.0, 10.0, 10.0, 0.00300064
90.0, 20.0, 10.0, 0.00365249
90.0, 30.0, 10.0, 0.00387209
90.0, 40.0, 10.0, 0.00454501
90.0, 50.0, 10.0, 0.00575253
90.0, 60.0, 10.0, 0.00692416
90.0, 70.0, 10.0, 0.00695383
90.0, 80.0, 10.0, 0.00743210
90.0, 90.0, 10.0, 0.00692388
90.0, 100.0, 10.0, 0.00633562
90.0, 110.0, 10.0, 0.00560238
90.0, 120.0, 10.0, 0.00582486
90.0, 130.0, 10.0, 0.00511314
90.0, 140.0, 10.0, 0.00401977
90.0, 150.0, 10.0, 0.00338908
90.0, 160.0, 10.0, 0.00305623
90.0, 170.0, 10.0, 0.00335078
90.0, 180.0, 10.0, 0.00234931
90.0, 190.0, 10.0, 0.00259970
90.0, 200.0, 10.0, 0.00333521
90.0, 210.0, 10.0, 0.00327769
90.0, 220.0, 10.0, 0.00351077
90.0, 230.0, 10.0, 0.00346083
90.0, 240.0, 10.0, 0.00363265
90.0, 250.0, 10.0, 0.00417287
90.0, 260.0, 10.0, 0.00506209
100.0, 0.0, 10.0, 0.00278984
100.0, 10.0, 10.0, 0.00425245
100.0, 20.0, 10.0, 0.00462772
100.0, 30.0, 10.0, 0.00439083
100.0, 40.0, 10.0, 0.00495943
100.0, 50.0, 10.0, 0.00489402
100.0, 60.0, 10.0, 0.00472469
100.0, 70.0, 10.0, 0.00428818
100.0, 80.0, 10.0, 0.00483100
100.0, 90.0, 10.0, 0.00477050
100.0, 100.0, 10.0, 0.00461548
100.0, 110.0, 10.0, 0.00467125
100.0, 120.0, 10.0, 0.00111542
100.0, 130.0, 10.0, 0.00117051
100.0, 140.0, 10.0, 0.00108591
100.0, 150.0, 10.0, 0.00121310
100.0, 160.0, 10.0, 0.00098415
100.0, 170.0, 10.0, 0.00056461
100.0, 180.0, 10.0, 0.00086452
100.0, 190.0, 10.0, 0.00154580
100.0, 200.0, 10.0, 0.00150690
100.0, 210.0, 10.0, 0.00176875
100.0, 220.0, 10.0, 0.00211775
100.0, 230.0, 10.0, 0.00233998
100.0, 240.0, 10.0, 0.00200998
100.0, 250.0, 10.0, 0.00202199
100.0, 260.0, 10.0, 0.00387984
110.0, 0.0, 10.0, 0.00259843
110.0, 10.0, 10.0, 0.00385681
110.0, 20.0, 10.0, 0.00385856
110.0, 30.0, 10.0, 0.00391970
110.0, 40.0, 10.0, 0.00427189
110.0, 50.0, 10.0, 0.00393732
110.0, 60.0, 10.0, 0.00371511
110.0, 70.0, 10.0, 0.00367749
110.0, 80.0, 10.0, 0.00301302
110.0, 90.0, 10.0, 0.00197074
110.0, 100.0, 10.0, 0.00034290
110.0, 110.0, 10.0, 0.00079506
110.0, 120.0, 10.0, 0.00103957
110.0, 130.0, 10.0, 0.00099040
110.0, 140.0, 10.0, 0.00090696
110.0, 150.0, 10.0, 0.00061456
110.0, 160.0, 10.0, 0.00037977
110.0, 170.0, 10.0, 0.00001043
110.0, 180.0, 10.0, 0.00105201
110.0, 190.0, 10.0, 0.00156069
110.0, 200.0, 10.0, 0.00175800
110.0, 210.0, 10.0, 0.00200936
110.0, 220.0, 10.0, 0.00249072
110.0, 230.0, 10.0, 0.00250284
110.0, 240.0, 10.0, 0.00195890
110.0, 250.0, 10.0, 0.00150952
110.0, 260.0, 10.0, 0.00258135
120.0, 0.0, 10.0, 0.00271020
120.0, 10.0, 10.0, 0.00372263
120.0, 20.0, 10.0, 0.00374352
120.0, 30.0, 10.0, 0.00359632
120.0, 40.0, 10.0, 0.00301015
120.0, 50.0, 10.0, 0.00293627
120.0, 60.0, 10.0, 0.00252527
120.0, 70.0, 10.0, 0.00185277
120.0, 80.0, 10.0, 0.00089082
120.0, 90.0, 10.0, 0.00174482
120.0, 100.0, 10.0, 0.00196937
120.0, 110.0, 10.0, 0.00206843
120.0, 120.0, 10.0, 0.00133543
120.0, 130.0, 10.0, 0.00078869
120.0, 140.0, 10.0, 0.00058818
120.0, 150.0, 10.0, 0.00052966
120.0, 160.0, 10.0, 0.00024046
120.0, 170.0, 10.0, 0.00029915
120.0, 180.0, 10.0, 0.00145745
120.0, 190.0, 10.0, 0.00203114
120.0, 200.0, 10.0, 0.00176428
120.0, 210.0, 10.0, 0.00144320
120.0, 220.0, 10.0, 0.00143795
120.0, 230.0, 10.0, 0.00214286
120.0, 240.0, 10.0, 0.00268675
120.0, 250.0, 10.0, 0.00169583
120.0, 260.0, 10.0, 0.00190584
130.0, 0.0, 10.0, 0.00243218
130.0, 10.0, 10.0, 0.00361332
130.0, 20.0, 10.0, 0.00326993
130.0, 30.0, 10.0, 0.00316457
130.0, 40.0, 10.0, 0.00276097
130.0, 50.0, 10.0, 0.00294505
130.0, 60.0, 10.0, 0.00262741
130.0, 70.0, 10.0, 0.00259162
130.0, 80.0, 10.0, 0.00267929
130.0, 90.0, 10.0, 0.00250106
130.0, 100.0, 10.0, 0.00191227
130.0, 110.0, 10.0, 0.00090585
130.0, 120.0, 10.0, 0.00069616
130.0, 130.0, 10.0, 0.00056976
130.0, 140.0, 10.0, 0.00041622
130.0, 150.0, 10.0, 0.00034647
130.0, 160.0, 10.0, 0.00033203
130.0, 170.0, 10.0, 0.00057862
130.0, 180.0, 10.0, 0.00029016
130.0, 190.0, 10.0, 0.00193884
130.0, 200.0, 10.0, 0.00206811
130.0, 210.0, 10.0, 0.00165825
130.0, 220.0, 10.0, 0.00221473
130.0, 230.0, 10.0, 0.00225774
130.0, 240.0, 10.0, 0.00253210
130.0, 250.0, 10.0, 0.00241294
130.0, 260.0, 10.0, 0.00177675
140.0, 0.0, 10.0, 0.00201045
140.0, 10.0, 10.0, 0.00288510
140.0, 20.0, 10.0, 0.00268976
140.0, 30.0, 10.0, 0.00273645
140.0, 40.0, 10.0, 0.00249926
140.0, 50.0, 10.0, 0.00244449
140.0, 60.0, 10.0, 0.00237483
140.0, 70.0, 10.0, 0.00223095
140.0, 80.0, 10.0, 0.00188747
140.0, 90.0, 10.0, 0.00134278
140.0, 100.0, 10.0, 0.00096597
140.0, 110.0, 10.0, 0.00056336
140.0, 120.0, 10.0, 0.00045437
140.0, 130.0, 10.0, 0.00047026
140.0, 140.0, 10.0, 0.00055907
140.0, 150.0, 10.0, 0.00068309
140.0, 160.0, 10.0, 0.00077280
140.0, 170.0, 10.0, 0.00091050
140.0, 180.0, 10.0, 0.00058532
140.0, 190.0, 10.0, 0.00076744
140.0, 200.0, 10.0, 0.00125248
140.0, 210.0, 10.0, 0.00191755
140.0, 220.0, 10.0, 0.00188465
140.0, 230.0, 10.0, 0.00151915
140.0, 240.0, 10.0, 0.00144793
140.0, 250.0, 10.0, 0.00146991
140.0, 260.0, 10.0, 0.00156516
150.0, 0.0, 10.0, 0.00068996
150.0, 10.0, 10.0, 0.00137848
150.0, 20.0, 10.0, 0.00206855
150.0, 30.0, 10.0, 0.00219796
150.0, 40.0, 10.0, 0.00223774
150.0, 50.0, 10.0, 0.00209454
150.0, 60.0, 10.0, 0.00174700
150.0, 70.0, 10.0, 0.00127031
150.0, 80.0, 10.0, 0.00060194
150.0, 90.0, 10.0, 0.00028699
150.0, 100.0, 10.0, 0.00018200
150.0, 110.0, 10.0, 0.00014756
150.0, 120.0, 10.0, 0.00019933
150.0, 130.0, 10.0, 0.00036271
150.0, 140.0, 10.0, 0.00065140
150.0, 150.0, 10.0, 0.00101838
150.0, 160.0, 10.0, 0.00120334
150.0, 170.0, 10.0, 0.00140595
150.0, 180.0, 10.0, 0.00137029
150.0, 190.0, 10.0, 0.00080149
150.0, 200.0, 10.0, 0.00094754
150.0, 210.0, 10.0, 0.00113694
150.0, 220.0, 10.0, 0.00097207
150.0, 230.0, 10.0, 0.00082130
150.0, 240.0, 10.0, 0.00079513
150.0, 250.0, 10.0, 0.00090254
150.0, 260.0, 10.0, 0.00101772
160.0, 0.0, 10.0, 0.00092750
160.0, 10.0, 10.0, 0.00194953
160.0, 20.0, 10.0, 0.00175621
160.0, 30.0, 10.0, 0.00163365
160.0, 40.0, 10.0, 0.00200538
160.0, 50.0, 10.0, 0.00180296
160.0, 60.0, 10.0, 0.00167073
160.0, 70.0, 10.0, 0.00100294
160.0, 80.0, 10.0, 0.00036613
160.0, 90.0, 10.0, 0.00012104
160.0, 100.0, 10.0, 0.00004437
160.0, 110.0, 10.0, 0.00002698
160.0, 120.0, 10.0, 0.00005190
160.0, 130.0, 10.0, 0.00026457
160.0, 140.0, 10.0, 0.00077466
160.0, 150.0, 10.0, 0.00106562
160.0, 160.0, 10.0, 0.00138674
160.0, 170.0, 10.0, 0.00143737
160.0, 180.0, 10.0, 0.00136463
160.0, 190.0, 10.0, 0.00119907
160.0, 200.0, 10.0, 0.00094534
160.0, 210.0, 10.0, 0.00113970
160.0, 220.0, 10.0, 0.00092491
160.0, 230.0, 10.0, 0.00074569
160.0, 240.0, 10.0, 0.00064742
160.0, 250.0, 10.0, 0.00067904
160.0, 260.0, 10.0, 0.00083237
170.0, 0.0, 10.0, 0.00073123
170.0, 10.0, 10.0, 0.00098799
170.0, 20.0, 10.0, 0.00125956
170.0, 30.0, 10.0, 0.00124766
170.0, 40.0, 10.0, 0.00141140
170.0, 50.0, 10.0, 0.00116265
170.0, 60.0, 10.0, 0.00128058
170.0, 70.0, 10.0, 0.00093925
170.0, 80.0, 10.0, 0.00036152
170.0, 90.0, 10.0, 0.00014992
170.0, 100.0, 10.0, 0.00006334
170.0, 110.0, 10.0, 0.00000957
170.0, 120.0, 10.0, 0.00021795
170.0, 130.0, 10.0, 0.00070471
170.0, 140.0, 10.0, 0.00120982
170.0, 150.0, 10.0, 0.00147460
170.0, 160.0, 10.0, 0.00135472
170.0, 170.0, 10.0, 0.00138782
170.0, 180.0, 10.0, 0.00126376
170.0, 190.0, 10.0, 0.00127286
170.0, 200.0, 10.0, 0.00103192
170.0, 210.0, 10.0, 0.00111727
170.0, 220.0, 10.0, 0.00093096
170.0, 230.0, 10.0, 0.00078801
170.0, 240.0, 10.0, 0.00065368
170.0, 250.0, 10.0, 0.00074899
170.0, 260.0, 10.0, 0.00100166
180.0, 0.0, 10.0, 0.00087886
180.0, 10.0, 10.0, 0.00061378
180.0, 20.0, 10.0, 0.00090773
180.0, 30.0, 10.0, 0.00059499
180.0, 40.0, 10.0, 0.00126887
180.0, 50.0, 10.0, 0.00082789
180.0, 60.0, 10.0, 0.00128009
180.0, 70.0, 10.0, 0.00104517
180.0, 80.0, 10.0, 0.00047409
180.0, 90.0, 10.0, 0.00016414
180.0, 100.0, 10.0, 0.00000973
180.0, 110.0, 10.0, 0.00015959
180.0, 120.0, 10.0, 0.00061137
180.0, 130.0, 10.0, 0.00107984
180.0, 140.0, 10.0, 0.00142339
180.0, 150.0, 10.0, 0.00150804
180.0, 160.0, 10.0, 0.00157912
180.0, 170.0, 10.0, 0.00145886
180.0, 180.0, 10.0, 0.00124861
180.0, 190.0, 10.0, 0.00119142
180.0, 200.0, 10.0, 0.00111122
180.0, 210.0, 10.0, 0.00099251
180.0, 220.0, 10.0, 0.00088163
180.0, 230.0, 10.0, 0.00080654
180.0, 240.0, 10.0, 0.00058678
180.0, 250.0, 10.0, 0.00080388
180.0, 260.0, 10.0, 0.00119266
190.0, 0.0, 10.0, 0.00067082
190.0, 10.0, 10.0, 0.00068108
190.0, 20.0, 10.0, 0.00047000
190.0, 30.0, 10.0, 0.00064689
190.0, 40.0, 10.0, 0.00085949
190.0, 50.0, 10.0, 0.00088970
190.0, 60.0, 10.0, 0.00096994
190.0, 70.0, 10.0, 0.00096671
190.0, 80.0, 10.0, 0.00065672
190.0, 90.0, 10.0, 0.00029458
190.0, 100.0, 10.0, 0.00001635
190.0, 110.0, 10.0, 0.00022879
190.0, 120.0, 10.0, 0.00060716
190.0, 130.0, 10.0, 0.00087462
190.0, 140.0, 10.0, 0.00094175
190.0, 150.0, 10.0, 0.00099903
190.0, 160.0, 10.0, 0.00115134
190.0, 170.0, 10.0, 0.00119235
190.0, 180.0, 10.0, 0.00121717
190.0, 190.0, 10.0, 0.00134942
190.0, 200.0, 10.0, 0.00108249
190.0, 210.0, 10.0, 0.00124555
190.0, 220.0, 10.0, 0.00096559
190.0, 230.0, 10.0, 0.00069747
190.0, 240.0, 10.0, 0.00050939
190.0, 250.0, 10.0, 0.00077223
190.0, 260.0, 10.0, 0.00125588
200.0, 0.0, 10.0, 0.00057185
200.0, 10.0, 10.0, 0.00054747
200.0, 20.0, 10.0, 0.00048235
200.0, 30.0, 10.0, 0.00090923
200.0, 40.0, 10.0, 0.00077487
200.0, 50.0, 10.0, 0.00096558
200.0, 60.0, 10.0, 0.00124725
200.0, 70.0, 10.0, 0.00127526
200.0, 80.0, 10.0, 0.00079512
200.0, 90.0, 10.0, 0.00064108
200.0, 100.0, 10.0, 0.00006218
200.0, 110.0, 10.0, 0.00020260
200.0, 120.0, 10.0, 0.00032698
200.0, 130.0, 10.0, 0.00058093
200.0, 140.0, 10.0, 0.00051765
200.0, 150.0, 10.0, 0.00053734
200.0, 160.0, 10.0, 0.00068888
200.0, 170.0, 10.0, 0.00085677
200.0, 180.0, 10.0, 0.00076104
200.0, 190.0, 10.0, 0.00066754
200.0, 200.0, 10.0, 0.00068582
200.0, 210.0, 10.0, 0.00069539
200.0, 220.0, 10.0, 0.00068540
200.0, 230.0, 10.0, 0.00062883
200.0, 240.0, 10.0, 0.00041610
200.0, 250.0, 10.0, 0.00068155
200.0, 260.0, 10.0, 0.00131439
210.0, 0.0, 10.0, 0.00067422
210.0, 10.0, 10.0, 0.00052866
210.0, 20.0, 10.0, 0.00068002
210.0, 30.0, 10.0, 0.00060477
210.0, 40.0, 10.0, 0.00113394
210.0, 50.0, 10.0, 0.00094569
210.0, 60.0, 10.0, 0.00115332
210.0, 70.0, 10.0, 0.00126442
210.0, 80.0, 10.0, 0.00139764
210.0, 90.0, 10.0, 0.00112918
210.0, 100.0, 10.0, 0.00010702
210.0, 110.0, 10.0, 0.00019695
210.0, 120.0, 10.0, 0.00028579
210.0, 130.0, 10.0, 0.00037783
210.0, 140.0, 10.0, 0.00040444
210.0, 150.0, 10.0, 0.00045523
210.0, 160.0, 10.0, 0.00048016
210.0, 170.0, 10.0, 0.00048603
210.0, 180.0, 10.0, 0.00043040
210.0, 190.0, 10.0, 0.00035094
210.0, 200.0, 10.0, 0.00032894
210.0, 210.0, 10.0, 0.00034516
210.0, 220.0, 10.0, 0.00036323
210.0, 230.0, 10.0, 0.00029503
210.0, 240.0, 10.0, 0.00033350
210.0, 250.0, 10.0, 0.00066165
210.0, 260.0, 10.0, 0.00125594
220.0, 0.0, 10.0, 0.00082714
220.0, 10.0, 10.0, 0.00087192
220.0, 20.0, 10.0, 0.00077314
220.0, 30.0, 10.0, 0.00081370
220.0, 40.0, 10.0, 0.00084050
220.0, 50.0, 10.0, 0.00086751
220.0, 60.0, 10.0, 0.00120274
220.0, 70.0, 10.0, 0.00113881
220.0, 80.0, 10.0, 0.00138471
220.0, 90.0, 10.0, 0.00137679
220.0, 100.0, 10.0, 0.00045899
220.0, 110.0, 10.0, 0.00013976
220.0, 120.0, 10.0, 0.00024838
220.0, 130.0, 10.0, 0.00032429
220.0, 140.0, 10.0, 0.00038353
220.0, 150.0, 10.0, 0.00041400
220.0, 160.0, 10.0, 0.00041817
220.0, 170.0, 10.0, 0.00038338
220.0, 180.0, 10.0, 0.00034980
220.0, 190.0, 10.0, 0.00034000
220.0, 200.0, 10.0, 0.00032109
220.0, 210.0, 10.0, 0.00029830
220.0, 220.0, 10.0, 0.00030407
220.0, 230.0, 10.0, 0.00031540
220.0, 240.0, 10.0, 0.00031035
220.0, 250.0, 10.0, 0.00048478
220.0, 260.0, 10.0, 0.00150896
230.0, 0.0, 10.0, 0.00078780
230.0, 10.0, 10.0, 0.00087109
230.0, 20.0, 10.0, 0.00077236
230.0, 30.0, 10.0, 0.00080013
230.0, 40.0, 10.0, 0.00075350
230.0, 50.0, 10.0, 0.00085086
230.0, 60.0, 10.0, 0.00093858
230.0, 70.0, 10.0, 0.00100671
230.0, 80.0, 10.0, 0.00116918
230.0, 90.0, 10.0, 0.00110268
230.0, 100.0, 10.0, 0.00088015
230.0, 110.0, 10.0, 0.00022705
230.0, 120.0, 10.0, 0.00018721
230.0, 130.0, 10.0, 0.00030921
230.0, 140.0, 10.0, 0.00034111
230.0, 150.0, 10.0, 0.00034083
230.0, 160.0, 10.0, 0.00033487
230.0, 170.0, 10.0, 0.00033864
230.0, 180.0, 10.0, 0.00032910
230.0, 190.0, 10.0, 0.00034521
230.0, 200.0, 10.0, 0.00035512
230.0, 210.0, 10.0, 0.00032669
230.0, 220.0, 10.0, 0.00029664
230.0, 230.0, 10.0, 0.00029306
230.0, 240.0, 10.0, 0.00034243
230.0, 250.0, 10.0, 0.00059827
230.0, 260.0, 10.0, 0.00109484
0.0, 0.0, 20.0, 0.00011336
0.0, 10.0, 20.0, 0.00009249
0.0, 20.0, 20.0, 0.00008032
0.0, 30.0, 20.0, 0.00008564
0.0, 40.0, 20.0, 0.00012704
0.0, 50.0, 20.0, 0.00024230
0.0, 60.0, 20.0, 0.00048426
0.0, 70.0, 20.0, 0.00079294
0.0, 80.0, 20.0, 0.00111500
0.0, 90.0, 20.0, 0.00130259
0.0, 100.0, 20.0, 0.00126680
0.0, 110.0, 20.0, 0.00114316
0.0, 120.0, 20.0, 0.00124306
0.0, 130.0, 20.0, 0.00128970
0.0, 140.0, 20.0, 0.00111787
0.0, 150.0, 20.0, 0.00091682
0.0, 160.0, 20.0, 0.00072749
0.0, 170.0, 20.0, 0.00061437
0.0, 180.0, 20.0, 0.00053745
0.0, 190.0, 20.0, 0.00048700
0.0, 200.0, 20.0, 0.00046348
0.0, 210.0, 20.0, 0.00042966
0.0, 220.0, 20.0, 0.00036561
0.0, 230.0, 20.0, 0.00029046
0.0, 240.0, 20.0, 0.00019580
0.0, 250.0, 20.0, 0.00011852
0.0, 260.0, 20.0, 0.00009404
10.0, 0.0, 20.0, 0.00013486
10.0, 10.0, 20.0, 0.00011230
10.0, 20.0, 20.0, 0.00011722
10.0, 30.0, 20.0, 0.00012240
10.0, 40.0, 20.0, 0.00010312
10.0, 50.0, 20.0, 0.00001601
10.0, 60.0, 20.0, 0.00010141
10.0, 70.0, 20.0, 0.00017925
10.0, 80.0, 20.0, 0.00025150
10.0, 90.0, 20.0, 0.00053395
10.0, 100.0, 20.0, 0.00076529
10.0, 110.0, 20.0, 0.00085815
10.0, 120.0, 20.0, 0.00091085
10.0, 130.0, 20.0, 0.00117277
10.0, 140.0, 20.0, 0.00136103
10.0, 150.0, 20.0, 0.00128485
10.0, 160.0, 20.0, 0.00106771
10.0, 170.0, 20.0, 0.00084977
10.0, 180.0, 20.0, 0.00070961
10.0, 190.0, 20.0, 0.00073066
10.0, 200.0, 20.0, 0.00064468
10.0, 210.0, 20.0, 0.00073091
10.0, 220.0, 20.0, 0.00051319
10.0, 230.0, 20.0, 0.00035329
10.0, 240.0, 20.0, 0.00027889
10.0, 250.0, 20.0, 0.00018521
10.0, 260.0, 20.0, 0.00019011
20.0, 0.0, 20.0, 0.00010424
20.0, 10.0, 20.0, 0.00010504
20.0, 20.0, 20.0, 0.00012380
20.0, 30.0, 20.0, 0.00011934
20.0, 40.0, 20.0, 0.00013324
20.0, 50.0, 20.0, 0.00011787
20.0, 60.0, 20.0, 0.00007199
20.0, 70.0, 20.0, 0.00021199
20.0, 80.0, 20.0, 0.00012788
20.0, 90.0, 20.0, 0.00005856
20.0, 100.0, 20.0, 0.00023927
20.0, 110.0, 20.0, 0.00052165
20.0, 120.0, 20.0, 0.00055472
20.0, 130.0, 20.0, 0.00087513
20.0, 140.0, 20.0, 0.00154333
20.0, 150.0, 20.0, 0.00137116
20.0, 160.0, 20.0, 0.00123139
20.0, 170.0, 20.0, 0.00097049
20.0, 180.0, 20.0, 0.00072172
20.0, 190.0, 20.0, 0.00063911
20.0, 200.0, 20.0, 0.00062801
20.0, 210.0, 20.0, 0.00063534
20.0, 220.0, 20.0, 0.00058609
20.0, 230.0, 20.0, 0.00039845
20.0, 240.0, 20.0, 0.00028489
20.0, 250.0, 20.0, 0.00018537
20.0, 260.0, 20.0, 0.00003884
30.0, 0.0, 20.0, 0.00008409
30.0, 10.0, 20.0, 0.00012074
30.0, 20.0, 20.0, 0.00011203
30.0, 30.0, 20.0, 0.00007748
30.0, 40.0, 20.0, 0.00020584
30.0, 50.0, 20.0, 0.00024651
30.0, 60.0, 20.0, 0.00021031
30.0, 70.0, 20.0, 0.00031484
30.0, 80.0, 20.0, 0.00034458
30.0, 90.0, 20.0, 0.00016430
30.0, 100.0, 20.0, 0.00029641
30.0, 110.0, 20.0, 0.00056699
30.0, 120.0, 20.0, 0.00068612
30.0, 130.0, 20.0, 0.00113865
30.0, 140.0, 20.0, 0.00137617
30.0, 150.0, 20.0, 0.00153223
30.0, 160.0, 20.0, 0.00150591
30.0, 170.0, 20.0, 0.00143368
30.0, 180.0, 20.0, 0.00100129
30.0, 190.0, 20.0, 0.00076650
30.0, 200.0, 20.0, 0.00080240
30.0, 210.0, 20.0, 0.00076745
30.0, 220.0, 20.0, 0.00075692
30.0, 230.0, 20.0, 0.00055135
30.0, 240.0, 20.0, 0.00036321
30.0, 250.0, 20.0, 0.00040152
30.0, 260.0, 20.0, 0.00015073
40.0, 0.0, 20.0, 0.00005434
40.0, 10.0, 20.0, 0.00014090
40.0, 20.0, 20.0, 0.00013230
40.0, 30.0, 20.0, 0.00020902
40.0, 40.0, 20.0, 0.00020128
40.0, 50.0, 20.0, 0.00025651
40.0, 60.0, 20.0, 0.00034322
40.0, 70.0, 20.0, 0.00080336
40.0, 80.0, 20.0, 0.00064521
40.0, 90.0, 20.0, 0.00067919
40.0, 100.0, 20.0, 0.00117784
40.0, 110.0, 20.0, 0.00119095
40.0, 120.0, 20.0, 0.00120702
40.0, 130.0, 20.0, 0.00127287
40.0, 140.0, 20.0, 0.00146430
40.0, 150.0, 20.0, 0.00146534
40.0, 160.0, 20.0, 0.00147234
40.0, 170.0, 20.0, 0.00140853
40.0, 180.0, 20.0, 0.00124058
40.0, 190.0, 20.0, 0.00123288
40.0, 200.0, 20.0, 0.00095436
40.0, 210.0, 20.0, 0.00084758
40.0, 220.0, 20.0, 0.00083950
40.0, 230.0, 20.0, 0.00067779
40.0, 240.0, 20.0, 0.00044417
40.0, 250.0, 20.0, 0.00040385
40.0, 260.0, 20.0, 0.00030475
50.0, 0.0, 20.0, 0.00002261
50.0, 10.0, 20.0, 0.00008839
50.0, 20.0, 20.0, 0.00020192
50.0, 30.0, 20.0, 0.00027982
50.0, 40.0, 20.0, 0.00050778
50.0, 50.0, 20.0, 0.00052859
50.0, 60.0, 20.0, 0.00074049
50.0, 70.0, 20.0, 0.00082907
50.0, 80.0, 20.0, 0.00081432
50.0, 90.0, 20.0, 0.00105142
50.0, 100.0, 20.0, 0.00093100
50.0, 110.0, 20.0, 0.00115054
50.0, 120.0, 20.0, 0.00108686
50.0, 130.0, 20.0, 0.00111390
50.0, 140.0, 20.0, 0.00128077
50.0, 150.0, 20.0, 0.00128844
50.0, 160.0, 20.0, 0.00126054
50.0, 170.0, 20.0, 0.00128045
50.0, 180.0, 20.0, 0.00127767
50.0, 190.0, 20.0, 0.00126499
50.0, 200.0, 20.0, 0.00117421
50.0, 210.0, 20.0, 0.00096958
50.0, 220.0, 20.0, 0.00085878
50.0, 230.0, 20.0, 0.00081325
50.0, 240.0, 20.0, 0.00053962
50.0, 250.0, 20.0, 0.00031163
50.0, 260.0, 20.0, 0.00026215
60.0, 0.0, 20.0, 0.00003196
60.0, 10.0, 20.0, 0.00021009
60.0, 20.0, 20.0, 0.00030844
60.0, 30.0, 20.0, 0.00032848
60.0, 40.0, 20.0, 0.00034454
60.0, 50.0, 20.0, 0.00035449
60.0, 60.0, 20.0, 0.00054225
60.0, 70.0, 20.0, 0.00067546
60.0, 80.0, 20.0, 0.00073377
60.0, 90.0, 20.0, 0.00061369
60.0, 100.0, 20.0, 0.00089289
60.0, 110.0, 20.0, 0.00099323
60.0, 120.0, 20.0, 0.00098305
60.0, 130.0, 20.0, 0.00099285
60.0, 140.0, 20.0, 0.00120283
60.0, 150.0, 20.0, 0.00113878
60.0, 160.0, 20.0, 0.00113421
60.0, 170.0, 20.0, 0.00109453
60.0, 180.0, 20.0, 0.00106859
60.0, 190.0, 20.0, 0.00111516
60.0, 200.0, 20.0, 0.00119188
60.0, 210.0, 20.0, 0.00114320
60.0, 220.0, 20.0, 0.00094309
60.0, 230.0, 20.0, 0.00088841
60.0, 240.0, 20.0, 0.00071215
60.0, 250.0, 20.0, 0.00035081
60.0, 260.0, 20.0, 0.00024728
70.0, 0.0, 20.0, 0.00006808
70.0, 10.0, 20.0, 0.00041024
70.0, 20.0, 20.0, 0.00023587
70.0, 30.0, 20.0, 0.00039352
70.0, 40.0, 20.0, 0.00047400
70.0, 50.0, 20.0, 0.00034670
70.0, 60.0, 20.0, 0.00032252
70.0, 70.0, 20.0, 0.00055726
70.0, 80.0, 20.0, 0.00026985
70.0, 90.0, 20.0, 0.00040446
70.0, 100.0, 20.0, 0.00072108
70.0, 110.0, 20.0, 0.00094598
70.0, 120.0, 20.0, 0.00096681
70.0, 130.0, 20.0, 0.00099159
70.0, 140.0, 20.0, 0.00097853
70.0, 150.0, 20.0, 0.00093989
70.0, 160.0, 20.0, 0.00089138
70.0, 170.0, 20.0, 0.00085115
70.0, 180.0, 20.0, 0.00079721
70.0, 190.0, 20.0, 0.00073110
70.0, 200.0, 20.0, 0.00076087
70.0, 210.0, 20.0, 0.00094573
70.0, 220.0, 20.0, 0.00104742
70.0, 230.0, 20.0, 0.00094217
70.0, 240.0, 20.0, 0.00072621
70.0, 250.0, 20.0, 0.00050168
70.0, 260.0, 20.0, 0.00031304
80.0, 0.0, 20.0, 0.00017736
80.0, 10.0, 20.0, 0.00032335
80.0, 20.0, 20.0, 0.00030015
80.0, 30.0, 20.0, 0.00038427
80.0, 40.0, 20.0, 0.00033199
80.0, 50.0, 20.0, 0.00042843
80.0, 60.0, 20.0, 0.00039803
80.0, 70.0, 20.0, 0.00036751
80.0, 80.0, 20.0, 0.00023518
80.0, 90.0, 20.0, 0.00023372
80.0, 100.0, 20.0, 0.00050285
80.0, 110.0, 20.0, 0.00067533
80.0, 120.0, 20.0, 0.00074621
80.0, 130.0, 20.0, 0.00069872
80.0, 140.0, 20.0, 0.00078962
80.0, 150.0, 20.0, 0.00075881
80.0, 160.0, 20.0, 0.00060384
80.0, 170.0, 20.0, 0.00049696
80.0, 180.0, 20.0, 0.00056159
80.0, 190.0, 20.0, 0.00061501
80.0, 200.0, 20.0, 0.00063481
80.0, 210.0, 20.0, 0.00066725
80.0, 220.0, 20.0, 0.00071779
80.0, 230.0, 20.0, 0.00075462
80.0, 240.0, 20.0, 0.00074066
80.0, 250.0, 20.0, 0.00070506
80.0, 260.0, 20.0, 0.00038215
90.0, 0.0, 20.0, 0.00025541
90.0, 10.0, 20.0, 0.00027031
90.0, 20.0, 20.0, 0.00033084
90.0, 30.0, 20.0, 0.00032365
90.0, 40.0, 20.0, 0.00030637
90.0, 50.0, 20.0, 0.00047212
90.0, 60.0, 20.0, 0.00049768
90.0, 70.0, 20.0, 0.00040275
90.0, 80.0, 20.0, 0.00030647
90.0, 90.0, 20.0, 0.00011645
90.0, 100.0, 20.0, 0.00067944
90.0, 110.0, 20.0, 0.00085706
90.0, 120.0, 20.0, 0.00083791
90.0, 130.0, 20.0, 0.00082455
90.0, 140.0, 20.0, 0.00081203
90.0, 150.0, 20.0, 0.00073319
90.0, 160.0, 20.0, 0.00045905
90.0, 170.0, 20.0, 0.00036040
90.0, 180.0, 20.0, 0.00048068
90.0, 190.0, 20.0, 0.00062299
90.0, 200.0, 20.0, 0.00062753
90.0, 210.0, 20.0, 0.00069894
90.0, 220.0, 20.0, 0.00069889
90.0, 230.0, 20.0, 0.00074543
90.0, 240.0, 20.0, 0.00078912
90.0, 250.0, 20.0, 0.00068190
90.0, 260.0, 20.0, 0.00046277
100.0, 0.0, 20.0, 0.00029596
100.0, 10.0, 20.0, 0.00038160
100.0, 20.0, 20.0, 0.00037156
100.0, 30.0, 20.0, 0.00026546
100.0, 40.0, 20.0, 0.00023809
100.0, 50.0, 20.0, 0.00043397
100.0, 60.0, 20.0, 0.00050048
100.0, 70.0, 20.0, 0.00045348
100.0, 80.0, 20.0, 0.00048551
100.0, 90.0, 20.0, 0.00027376
100.0, 100.0, 20.0, 0.00080113
100.0, 110.0, 20.0, 0.00086439
100.0, 120.0, 20.0, 0.00079062
100.0, 130.0, 20.0, 0.00075214
100.0, 140.0, 20.0, 0.00059474
100.0, 150.0, 20.0, 0.00058300
100.0, 160.0, 20.0, 0.00039679
100.0, 170.0, 20.0, 0.00039669
100.0, 180.0, 20.0, 0.00052836
100.0, 190.0, 20.0, 0.00070462
100.0, 200.0, 20.0, 0.00070850
100.0, 210.0, 20.0, 0.00070062
100.0, 220.0, 20.0, 0.00069752
100.0, 230.0, 20.0, 0.00071045
100.0, 240.0, 20.0, 0.00075727
100.0, 250.0, 20.0, 0.00084630
100.0, 260.0, 20.0, 0.00078163
110.0, 0.0, 20.0, 0.00013756
110.0, 10.0, 20.0, 0.00032964
110.0, 20.0, 20.0, 0.00035434
110.0, 30.0, 20.0, 0.00041225
110.0, 40.0, 20.0, 0.00038400
110.0, 50.0, 20.0, 0.00034799
110.0, 60.0, 20.0, 0.00058329
110.0, 70.0, 20.0, 0.00057904
110.0, 80.0, 20.0, 0.00059551
110.0, 90.0, 20.0, 0.00051053
110.0, 100.0, 20.0, 0.00048161
110.0, 110.0, 20.0, 0.00071183
110.0, 120.0, 20.0, 0.00067116
110.0, 130.0, 20.0, 0.00049429
110.0, 140.0, 20.0, 0.00046497
110.0, 150.0, 20.0, 0.00042475
110.0, 160.0, 20.0, 0.00035730
110.0, 170.0, 20.0, 0.00035478
110.0, 180.0, 20.0, 0.00044296
110.0, 190.0, 20.0, 0.00060736
110.0, 200.0, 20.0, 0.00068992
110.0, 210.0, 20.0, 0.00069698
110.0, 220.0, 20.0, 0.00073564
110.0, 230.0, 20.0, 0.00072847
110.0, 240.0, 20.0, 0.00073844
110.0, 250.0, 20.0, 0.00076457
110.0, 260.0, 20.0, 0.00071809
120.0, 0.0, 20.0, 0.00008486
120.0, 10.0, 20.0, 0.00023666
120.0, 20.0, 20.0, 0.00032801
120.0, 30.0, 20.0, 0.00035202
120.0, 40.0, 20.0, 0.00045383
120.0, 50.0, 20.0, 0.00047477
120.0, 60.0, 20.0, 0.00047397
120.0, 70.0, 20.0, 0.00035824
120.0, 80.0, 20.0, 0.00050290
120.0, 90.0, 20.0, 0.00050618
120.0, 100.0, 20.0, 0.00054127
120.0, 110.0, 20.0, 0.00051860
120.0, 120.0, 20.0, 0.00040006
120.0, 130.0, 20.0, 0.00051543
120.0, 140.0, 20.0, 0.00047954
120.0, 150.0, 20.0, 0.00039475
120.0, 160.0, 20.0, 0.00034569
120.0, 170.0, 20.0, 0.00027810
120.0, 180.0, 20.0, 0.00038667
120.0, 190.0, 20.0, 0.00041609
120.0, 200.0, 20.0, 0.00049552
120.0, 210.0, 20.0, 0.00058042
120.0, 220.0, 20.0, 0.00062877
120.0, 230.0, 20.0, 0.00062210
120.0, 240.0, 20.0, 0.00063715
120.0, 250.0, 20.0, 0.00063556
120.0, 260.0, 20.0, 0.00063163
130.0, 0.0, 20.0, 0.00007307
130.0, 10.0, 20.0, 0.00018860
130.0, 20.0, 20.0, 0.00022311
130.0, 30.0, 20.0, 0.00034488
130.0, 40.0, 20.0, 0.00036679
130.0, 50.0, 20.0, 0.00042393
130.0, 60.0, 20.0, 0.00047145
130.0, 70.0, 20.0, 0.00049138
130.0, 80.0, 20.0, 0.00049408
130.0, 90.0, 20.0, 0.00040558
130.0, 100.0, 20.0, 0.00042694
130.0, 110.0, 20.0, 0.00046395
130.0, 120.0, 20.0, 0.00055431
130.0, 130.0, 20.0, 0.00053280
130.0, 140.0, 20.0, 0.00051823
130.0, 150.0, 20.0, 0.00050289
130.0, 160.0, 20.0, 0.00038381
130.0, 170.0, 20.0, 0.00038890
130.0, 180.0, 20.0, 0.00029799
130.0, 190.0, 20.0, 0.00031341
130.0, 200.0, 20.0, 0.00031932
130.0, 210.0, 20.0, 0.00035489
130.0, 220.0, 20.0, 0.00034786
130.0, 230.0, 20.0, 0.00033482
130.0, 240.0, 20.0, 0.00029396
130.0, 250.0, 20.0, 0.00027595
130.0, 260.0, 20.0, 0.00034005
140.0, 0.0, 20.0, 0.00006933
140.0, 10.0, 20.0, 0.00007527
140.0, 20.0, 20.0, 0.00010463
140.0, 30.0, 20.0, 0.00030634
140.0, 40.0, 20.0, 0.00033222
140.0, 50.0, 20.0, 0.00040981
140.0, 60.0, 20.0, 0.00043432
140.0, 70.0, 20.0, 0.00044069
140.0, 80.0, 20.0, 0.00047529
140.0, 90.0, 20.0, 0.00046077
140.0, 100.0, 20.0, 0.00045243
140.0, 110.0, 20.0, 0.00049424
140.0, 120.0, 20.0, 0.00052951
140.0, 130.0, 20.0, 0.00053081
140.0, 140.0, 20.0, 0.00051726
140.0, 150.0, 20.0, 0.00048765
140.0, 160.0, 20.0, 0.00045084
140.0, 170.0, 20.0, 0.00040577
140.0, 180.0, 20.0, 0.00027754
140.0, 190.0, 20.0, 0.00029388
140.0, 200.0, 20.0, 0.00031372
140.0, 210.0, 20.0, 0.00027642
140.0, 220.0, 20.0, 0.00028456
140.0, 230.0, 20.0, 0.00026516
140.0, 240.0, 20.0, 0.00023169
140.0, 250.0, 20.0, 0.00019587
140.0, 260.0, 20.0, 0.00017559
150.0, 0.0, 20.0, 0.00009654
150.0, 10.0, 20.0, 0.00005290
150.0, 20.0, 20.0, 0.00005350
150.0, 30.0, 20.0, 0.00009595
150.0, 40.0, 20.0, 0.00020062
150.0, 50.0, 20.0, 0.00029983
150.0, 60.0, 20.0, 0.00033249
150.0, 70.0, 20.0, 0.00035903
150.0, 80.0, 20.0, 0.00038893
150.0, 90.0, 20.0, 0.00041808
150.0, 100.0, 20.0, 0.00042920
150.0, 110.0, 20.0, 0.00043155
150.0, 120.0, 20.0, 0.00046074
150.0, 130.0, 20.0, 0.00046637
150.0, 140.0, 20.0, 0.00046057
150.0, 150.0, 20.0, 0.00045092
150.0, 160.0, 20.0, 0.00041649
150.0, 170.0, 20.0, 0.00037632
150.0, 180.0, 20.0, 0.00031244
150.0, 190.0, 20.0, 0.00018010
150.0, 200.0, 20.0, 0.00021637
150.0, 210.0, 20.0, 0.00023895
150.0, 220.0, 20.0, 0.00024199
150.0, 230.0, 20.0, 0.00025676
150.0, 240.0, 20.0, 0.00023951
150.0, 250.0, 20.0, 0.00020786
150.0, 260.0, 20.0, 0.00016714
160.0, 0.0, 20.0, 0.00007645
160.0, 10.0, 20.0, 0.00004094
160.0, 20.0, 20.0, 0.00006514
160.0, 30.0, 20.0, 0.00009052
160.0, 40.0, 20.0, 0.00011603
160.0, 50.0, 20.0, 0.00013288
160.0, 60.0, 20.0, 0.00016296
160.0, 70.0, 20.0, 0.00014542
160.0, 80.0, 20.0, 0.00016952
160.0, 90.0, 20.0, 0.00031473
160.0, 100.0, 20.0, 0.00033975
160.0, 110.0, 20.0, 0.00035801
160.0, 120.0, 20.0, 0.00037640
160.0, 130.0, 20.0, 0.00038639
160.0, 140.0, 20.0, 0.00034384
160.0, 150.0, 20.0, 0.00029279
160.0, 160.0, 20.0, 0.00025527
160.0, 170.0, 20.0, 0.00023059
160.0, 180.0, 20.0, 0.00021824
160.0, 190.0, 20.0, 0.00019572
160.0, 200.0, 20.0, 0.00019498
160.0, 210.0, 20.0, 0.00019853
160.0, 220.0, 20.0, 0.00018520
160.0, 230.0, 20.0, 0.00018018
160.0, 240.0, 20.0, 0.00017293
160.0, 250.0, 20.0, 0.00016546
160.0, 260.0, 20.0, 0.00015453
170.0, 0.0, 20.0, 0.00003300
170.0, 10.0, 20.0, 0.00002742
170.0, 20.0, 20.0, 0.00007379
170.0, 30.0, 20.0, 0.00012998
170.0, 40.0, 20.0, 0.00014986
170.0, 50.0, 20.0, 0.00013804
170.0, 60.0, 20.0, 0.00011895
170.0, 70.0, 20.0, 0.00009900
170.0, 80.0, 20.0, 0.00009259
170.0, 90.0, 20.0, 0.00010611
170.0, 100.0, 20.0, 0.00010790
170.0, 110.0, 20.0, 0.00012322
170.0, 120.0, 20.0, 0.00013931
170.0, 130.0, 20.0, 0.00015588
170.0, 140.0, 20.0, 0.00015011
170.0, 150.0, 20.0, 0.00014551
170.0, 160.0, 20.0, 0.00014070
170.0, 170.0, 20.0, 0.00012770
170.0, 180.0, 20.0, 0.00012270
170.0, 190.0, 20.0, 0.00012137
170.0, 200.0, 20.0, 0.00011732
170.0, 210.0, 20.0, 0.00011352
170.0, 220.0, 20.0, 0.00009601
170.0, 230.0, 20.0, 0.00008600
170.0, 240.0, 20.0, 0.00007900
170.0, 250.0, 20.0, 0.00007658
170.0, 260.0, 20.0, 0.00008379
180.0, 0.0, 20.0, 0.00002386
180.0, 10.0, 20.0, 0.00002499
180.0, 20.0, 20.0, 0.00008724
180.0, 30.0, 20.0, 0.00009710
180.0, 40.0, 20.0, 0.00010739
180.0, 50.0, 20.0, 0.00010829
180.0, 60.0, 20.0, 0.00008716
180.0, 70.0, 20.0, 0.00006674
180.0, 80.0, 20.0, 0.00006891
180.0, 90.0, 20.0, 0.00008063
180.0, 100.0, 20.0, 0.00010173
180.0, 110.0, 20.0, 0.00010459
180.0, 120.0, 20.0, 0.00009379
180.0, 130.0, 20.0, 0.00009057
180.0, 140.0, 20.0, 0.00007295
180.0, 150.0, 20.0, 0.00005957
180.0, 160.0, 20.0, 0.00005970
180.0, 170.0, 20.0, 0.00006360
180.0, 180.0, 20.0, 0.00006546
180.0, 190.0, 20.0, 0.00006286
180.0, 200.0, 20.0, 0.00005519
180.0, 210.0, 20.0, 0.00004212
180.0, 220.0, 20.0, 0.00003592
180.0, 230.0, 20.0, 0.00004053
180.0, 240.0, 20.0, 0.00004999
180.0, 250.0, 20.0, 0.00005557
180.0, 260.0, 20.0, 0.00005307
190.0, 0.0, 20.0, 0.00002107
190.0, 10.0, 20.0, 0.00002451
190.0, 20.0, 20.0, 0.00004935
190.0, 30.0, 20.0, 0.00006226
190.0, 40.0, 20.0, 0.00005600
190.0, 50.0, 20.0, 0.00004729
190.0, 60.0, 20.0, 0.00004363
190.0, 70.0, 20.0, 0.00004959
190.0, 80.0, 20.0, 0.00005873
190.0, 90.0, 20.0, 0.00006845
190.0, 100.0, 20.0, 0.00005919
190.0, 110.0, 20.0, 0.00004501
190.0, 120.0, 20.0, 0.00003736
190.0, 130.0, 20.0, 0.00003998
190.0, 140.0, 20.0, 0.00004294
190.0, 150.0, 20.0, 0.00004308
190.0, 160.0, 20.0, 0.00004428
190.0, 170.0, 20.0, 0.00004313
190.0, 180.0, 20.0, 0.00003677
190.0, 190.0, 20.0, 0.00003429
190.0, 200.0, 20.0, 0.00003052
190.0, 210.0, 20.0, 0.00003895
190.0, 220.0, 20.0, 0.00004555
190.0, 230.0, 20.0, 0.00009318
190.0, 240.0, 20.0, 0.00010364
190.0, 250.0, 20.0, 0.00011859
190.0, 260.0, 20.0, 0.00012138
200.0, 0.0, 20.0, 0.00002139
200.0, 10.0, 20.0, 0.00001664
200.0, 20.0, 20.0, 0.00002600
200.0, 30.0, 20.0, 0.00003612
200.0, 40.0, 20.0, 0.00003382
200.0, 50.0, 20.0, 0.00003837
200.0, 60.0, 20.0, 0.00004165
200.0, 70.0, 20.0, 0.00003846
200.0, 80.0, 20.0, 0.00003822
200.0, 90.0, 20.0, 0.00003980
200.0, 100.0, 20.0, 0.00004016
200.0, 110.0, 20.0, 0.00004931
200.0, 120.0, 20.0, 0.00005504
200.0, 130.0, 20.0, 0.00005927
200.0, 140.0, 20.0, 0.00006304
200.0, 150.0, 20.0, 0.00005513
200.0, 160.0, 20.0, 0.00005411
200.0, 170.0, 20.0, 0.00005011
200.0, 180.0, 20.0, 0.00004988
200.0, 190.0, 20.0, 0.00005997
200.0, 200.0, 20.0, 0.00006698
200.0, 210.0, 20.0, 0.00006974
200.0, 220.0, 20.0, 0.00007377
200.0, 230.0, 20.0, 0.00009797
200.0, 240.0, 20.0, 0.00011629
200.0, 250.0, 20.0, 0.00013053
200.0, 260.0, 20.0, 0.00012438
210.0, 0.0, 20.0, 0.00002418
210.0, 10.0, 20.0, 0.00002471
210.0, 20.0, 20.0, 0.00002930
210.0, 30.0, 20.0, 0.00002780
210.0, 40.0, 20.0, 0.00004067
210.0, 50.0, 20.0, 0.00005004
210.0, 60.0, 20.0, 0.00005335
210.0, 70.0, 20.0, 0.00005360
210.0, 80.0, 20.0, 0.00005673
210.0, 90.0, 20.0, 0.00005938
210.0, 100.0, 20.0, 0.00006659
210.0, 110.0, 20.0, 0.00007893
210.0, 120.0, 20.0, 0.00007867
210.0, 130.0, 20.0, 0.00008060
210.0, 140.0, 20.0, 0.00007418
210.0, 150.0, 20.0, 0.00006528
210.0, 160.0, 20.0, 0.00005911
210.0, 170.0, 20.0, 0.00005674
210.0, 180.0, 20.0, 0.00005037
210.0, 190.0, 20.0, 0.00004820
210.0, 200.0, 20.0, 0.00005249
210.0, 210.0, 20.0, 0.00006708
210.0, 220.0, 20.0, 0.00006621
210.0, 230.0, 20.0, 0.00007803
210.0, 240.0, 20.0, 0.00008779
210.0, 250.0, 20.0, 0.00011854
210.0, 260.0, 20.0, 0.00011056
220.0, 0.0, 20.0, 0.00002857
220.0, 10.0, 20.0, 0.00002698
220.0, 20.0, 20.0, 0.00003135
220.0, 30.0, 20.0, 0.00003769
220.0, 40.0, 20.0, 0.00004370
220.0, 50.0, 20.0, 0.00005169
220.0, 60.0, 20.0, 0.00005746
220.0, 70.0, 20.0, 0.00006022
220.0, 80.0, 20.0, 0.00006398
220.0, 90.0, 20.0, 0.00006434
220.0, 100.0, 20.0, 0.00007070
220.0, 110.0, 20.0, 0.00007196
220.0, 120.0, 20.0, 0.00007164
220.0, 130.0, 20.0, 0.00007558
220.0, 140.0, 20.0, 0.00008109
220.0, 150.0, 20.0, 0.00007462
220.0, 160.0, 20.0, 0.00006598
220.0, 170.0, 20.0, 0.00005865
220.0, 180.0, 20.0, 0.00005682
220.0, 190.0, 20.0, 0.00005435
220.0, 200.0, 20.0, 0.00005058
220.0, 210.0, 20.0, 0.00005465
220.0, 220.0, 20.0, 0.00005809
220.0, 230.0, 20.0, 0.00007036
220.0, 240.0, 20.0, 0.00007495
220.0, 250.0, 20.0, 0.00008975
220.0, 260.0, 20.0, 0.00009151
230.0, 0.0, 20.0, 0.00003062
230.0, 10.0, 20.0, 0.00003588
230.0, 20.0, 20.0, 0.00004146
230.0, 30.0, 20.0, 0.00004060
230.0, 40.0, 20.0, 0.00004368
230.0, 50.0, 20.0, 0.00005081
230.0, 60.0, 20.0, 0.00005407
230.0, 70.0, 20.0, 0.00006122
230.0, 80.0, 20.0, 0.00006384
230.0, 90.0, 20.0, 0.00006315
230.0, 100.0, 20.0, 0.00006610
230.0, 110.0, 20.0, 0.00007622
230.0, 120.0, 20.0, 0.00007954
230.0, 130.0, 20.0, 0.00007916
230.0, 140.0, 20.0, 0.00008028
230.0, 150.0, 20.0, 0.00007440
230.0, 160.0, 20.0, 0.00006116
230.0, 170.0, 20.0, 0.00005431
230.0, 180.0, 20.0, 0.00005531
230.0, 190.0, 20.0, 0.00005658
230.0, 200.0, 20.0, 0.00005986
230.0, 210.0, 20.0, 0.00006184
230.0, 220.0, 20.0, 0.00005611
230.0, 230.0, 20.0, 0.00005057
230.0, 240.0, 20.0, 0.00005574
230.0, 250.0, 20.0, 0.00006873
230.0, 260.0, 20.0, 0.00007773
