S3D
I=24,J=27,K=3
0.0, 0.0, 0.0, 0.00474374
0.0, 10.0, 0.0, 0.00435648
0.0, 20.0, 0.0, 0.00428378
0.0, 30.0, 0.0, 0.01212665
0.0, 40.0, 0.0, 0.01528828
0.0, 50.0, 0.0, 0.01533114
0.0, 60.0, 0.0, 0.01571931
0.0, 70.0, 0.0, 0.01584035
0.0, 80.0, 0.0, 0.01586829
0.0, 90.0, 0.0, 0.01538015
0.0, 100.0, 0.0, 0.01536779
0.0, 110.0, 0.0, 0.01563765
0.0, 120.0, 0.0, 0.01571238
0.0, 130.0, 0.0, 0.01571465
0.0, 140.0, 0.0, 0.01617341
0.0, 150.0, 0.0, 0.01597160
0.0, 160.0, 0.0, 0.01568722
0.0, 170.0, 0.0, 0.01490551
0.0, 180.0, 0.0, 0.01559628
0.0, 190.0, 0.0, 0.01509192
0.0, 200.0, 0.0, 0.01497793
0.0, 210.0, 0.0, 0.01398411
0.0, 220.0, 0.0, 0.01511590
0.0, 230.0, 0.0, 0.01558066
0.0, 240.0, 0.0, 0.01560289
0.0, 250.0, 0.0, 0.01534512
0.0, 260.0, 0.0, 0.01582356
10.0, 0.0, 0.0, 0.00486494
10.0, 10.0, 0.0, 0.00439297
10.0, 20.0, 0.0, 0.00378050
10.0, 30.0, 0.0, 0.01282359
10.0, 40.0, 0.0, 0.01540807
10.0, 50.0, 0.0, 0.01603810
10.0, 60.0, 0.0, 0.01564764
10.0, 70.0, 0.0, 0.01545725
10.0, 80.0, 0.0, 0.01546861
10.0, 90.0, 0.0, 0.01484687
10.0, 100.0, 0.0, 0.01516562
10.0, 110.0, 0.0, 0.01527020
10.0, 120.0, 0.0, 0.01544705
10.0, 130.0, 0.0, 0.01571494
10.0, 140.0, 0.0, 0.01476261
10.0, 150.0, 0.0, 0.01439507
10.0, 160.0, 0.0, 0.01475814
10.0, 170.0, 0.0, 0.01536945
10.0, 180.0, 0.0, 0.01562035
10.0, 190.0, 0.0, 0.01428909
10.0, 200.0, 0.0, 0.01503398
10.0, 210.0, 0.0, 0.01469694
10.0, 220.0, 0.0, 0.01536381
10.0, 230.0, 0.0, 0.01439821
10.0, 240.0, 0.0, 0.01381268
10.0, 250.0, 0.0, 0.01395883
10.0, 260.0, 0.0, 0.01410749
20.0, 0.0, 0.0, 0.00368727
20.0, 10.0, 0.0, 0.00400407
20.0, 20.0, 0.0, 0.00416575
20.0, 30.0, 0.0, 0.01078330
20.0, 40.0, 0.0, 0.01396601
20.0, 50.0, 0.0, 0.01587284
20.0, 60.0, 0.0, 0.01537233
20.0, 70.0, 0.0, 0.01538440
20.0, 80.0, 0.0, 0.01491796
20.0, 90.0, 0.0, 0.01440866
20.0, 100.0, 0.0, 0.01470441
20.0, 110.0, 0.0, 0.01461732
20.0, 120.0, 0.0, 0.01463506
20.0, 130.0, 0.0, 0.01487241
20.0, 140.0, 0.0, 0.01374123
20.0, 150.0, 0.0, 0.01208929
20.0, 160.0, 0.0, 0.01324757
20.0, 170.0, 0.0, 0.01370899
20.0, 180.0, 0.0, 0.01477182
20.0, 190.0, 0.0, 0.01508157
20.0, 200.0, 0.0, 0.01549483
20.0, 210.0, 0.0, 0.01406098
20.0, 220.0, 0.0, 0.01438891
20.0, 230.0, 0.0, 0.01437678
20.0, 240.0, 0.0, 0.01382934
20.0, 250.0, 0.0, 0.01296451
20.0, 260.0, 0.0, 0.01282777
30.0, 0.0, 0.0, 0.00340168
30.0, 10.0, 0.0, 0.00341208
30.0, 20.0, 0.0, 0.00337133
30.0, 30.0, 0.0, 0.00856111
30.0, 40.0, 0.0, 0.01304710
30.0, 50.0, 0.0, 0.01538607
30.0, 60.0, 0.0, 0.01532089
30.0, 70.0, 0.0, 0.01528530
30.0, 80.0, 0.0, 0.01459805
30.0, 90.0, 0.0, 0.01429750
30.0, 100.0, 0.0, 0.01424732
30.0, 110.0, 0.0, 0.01433464
30.0, 120.0, 0.0, 0.01347525
30.0, 130.0, 0.0, 0.01370269
30.0, 140.0, 0.0, 0.01297158
30.0, 150.0, 0.0, 0.01202042
30.0, 160.0, 0.0, 0.01145666
30.0, 170.0, 0.0, 0.01302704
30.0, 180.0, 0.0, 0.01282856
30.0, 190.0, 0.0, 0.01390394
30.0, 200.0, 0.0, 0.01352094
30.0, 210.0, 0.0, 0.01420716
30.0, 220.0, 0.0, 0.01415815
30.0, 230.0, 0.0, 0.01333902
30.0, 240.0, 0.0, 0.01350958
30.0, 250.0, 0.0, 0.01283185
30.0, 260.0, 0.0, 0.01243807
40.0, 0.0, 0.0, 0.00309707
40.0, 10.0, 0.0, 0.00339721
40.0, 20.0, 0.0, 0.00918557
40.0, 30.0, 0.0, 0.01187595
40.0, 40.0, 0.0, 0.01362125
40.0, 50.0, 0.0, 0.01466219
40.0, 60.0, 0.0, 0.01451334
40.0, 70.0, 0.0, 0.01377979
40.0, 80.0, 0.0, 0.01386451
40.0, 90.0, 0.0, 0.01348509
40.0, 100.0, 0.0, 0.01327699
40.0, 110.0, 0.0, 0.01339620
40.0, 120.0, 0.0, 0.01330196
40.0, 130.0, 0.0, 0.01324761
40.0, 140.0, 0.0, 0.01267663
40.0, 150.0, 0.0, 0.01150391
40.0, 160.0, 0.0, 0.01090392
40.0, 170.0, 0.0, 0.01159584
40.0, 180.0, 0.0, 0.01115974
40.0, 190.0, 0.0, 0.00933532
40.0, 200.0, 0.0, 0.01291995
40.0, 210.0, 0.0, 0.01218084
40.0, 220.0, 0.0, 0.01300094
40.0, 230.0, 0.0, 0.01431696
40.0, 240.0, 0.0, 0.01404131
40.0, 250.0, 0.0, 0.01279426
40.0, 260.0, 0.0, 0.01232558
50.0, 0.0, 0.0, 0.00286329
50.0, 10.0, 0.0, 0.00866550
50.0, 20.0, 0.0, 0.00995687
50.0, 30.0, 0.0, 0.01212258
50.0, 40.0, 0.0, 0.01307322
50.0, 50.0, 0.0, 0.01331368
50.0, 60.0, 0.0, 0.01343416
50.0, 70.0, 0.0, 0.01310627
50.0, 80.0, 0.0, 0.01231303
50.0, 90.0, 0.0, 0.01175192
50.0, 100.0, 0.0, 0.01208950
50.0, 110.0, 0.0, 0.01217251
50.0, 120.0, 0.0, 0.01226760
50.0, 130.0, 0.0, 0.01236936
50.0, 140.0, 0.0, 0.01147437
50.0, 150.0, 0.0, 0.01124615
50.0, 160.0, 0.0, 0.01171189
50.0, 170.0, 0.0, 0.01069284
50.0, 180.0, 0.0, 0.00966579
50.0, 190.0, 0.0, 0.00909100
50.0, 200.0, 0.0, 0.01264086
50.0, 210.0, 0.0, 0.01146400
50.0, 220.0, 0.0, 0.01165441
50.0, 230.0, 0.0, 0.01228260
50.0, 240.0, 0.0, 0.01440325
50.0, 250.0, 0.0, 0.01335227
50.0, 260.0, 0.0, 0.01194106
60.0, 0.0, 0.0, 0.00281140
60.0, 10.0, 0.0, 0.00795153
60.0, 20.0, 0.0, 0.00994990
60.0, 30.0, 0.0, 0.01159602
60.0, 40.0, 0.0, 0.01248835
60.0, 50.0, 0.0, 0.01252572
60.0, 60.0, 0.0, 0.01240270
60.0, 70.0, 0.0, 0.01097656
60.0, 80.0, 0.0, 0.01123152
60.0, 90.0, 0.0, 0.01033979
60.0, 100.0, 0.0, 0.00987634
60.0, 110.0, 0.0, 0.00968881
60.0, 120.0, 0.0, 0.00932294
60.0, 130.0, 0.0, 0.00889741
60.0, 140.0, 0.0, 0.00842630
60.0, 150.0, 0.0, 0.00859029
60.0, 160.0, 0.0, 0.00837390
60.0, 170.0, 0.0, 0.00868752
60.0, 180.0, 0.0, 0.00881248
60.0, 190.0, 0.0, 0.01186776
60.0, 200.0, 0.0, 0.01217208
60.0, 210.0, 0.0, 0.01329794
60.0, 220.0, 0.0, 0.01265535
60.0, 230.0, 0.0, 0.01271816
60.0, 240.0, 0.0, 0.01246723
60.0, 250.0, 0.0, 0.01265252
60.0, 260.0, 0.0, 0.01292673
70.0, 0.0, 0.0, 0.00259248
70.0, 10.0, 0.0, 0.00459355
70.0, 20.0, 0.0, 0.00942037
70.0, 30.0, 0.0, 0.00900679
70.0, 40.0, 0.0, 0.00811721
70.0, 50.0, 0.0, 0.00778205
70.0, 60.0, 0.0, 0.00752412
70.0, 70.0, 0.0, 0.00623707
70.0, 80.0, 0.0, 0.00550847
70.0, 90.0, 0.0, 0.00680460
70.0, 100.0, 0.0, 0.00648341
70.0, 110.0, 0.0, 0.00543801
70.0, 120.0, 0.0, 0.00655869
70.0, 130.0, 0.0, 0.00641002
70.0, 140.0, 0.0, 0.00599687
70.0, 150.0, 0.0, 0.00505371
70.0, 160.0, 0.0, 0.00523995
70.0, 170.0, 0.0, 0.00551638
70.0, 180.0, 0.0, 0.00520557
70.0, 190.0, 0.0, 0.00779380
70.0, 200.0, 0.0, 0.00877991
70.0, 210.0, 0.0, 0.00980867
70.0, 220.0, 0.0, 0.01063422
70.0, 230.0, 0.0, 0.01111542
70.0, 240.0, 0.0, 0.01143710
70.0, 250.0, 0.0, 0.01224494
70.0, 260.0, 0.0, 0.01254682
80.0, 0.0, 0.0, 0.00293558
80.0, 10.0, 0.0, 0.00727959
80.0, 20.0, 0.0, 0.00846080
80.0, 30.0, 0.0, 0.00755198
80.0, 40.0, 0.0, 0.00618359
80.0, 50.0, 0.0, 0.00527110
80.0, 60.0, 0.0, 0.00561099
80.0, 70.0, 0.0, 0.00562534
80.0, 80.0, 0.0, 0.00471126
80.0, 90.0, 0.0, 0.00435839
80.0, 100.0, 0.0, 0.00465601
80.0, 110.0, 0.0, 0.00429572
80.0, 120.0, 0.0, 0.00414110
80.0, 130.0, 0.0, 0.00379319
80.0, 140.0, 0.0, 0.00421368
80.0, 150.0, 0.0, 0.00368523
80.0, 160.0, 0.0, 0.00458976
80.0, 170.0, 0.0, 0.00447159
80.0, 180.0, 0.0, 0.00388601
80.0, 190.0, 0.0, 0.00584086
80.0, 200.0, 0.0, 0.00602747
80.0, 210.0, 0.0, 0.00688042
80.0, 220.0, 0.0, 0.00840444
80.0, 230.0, 0.0, 0.00920952
80.0, 240.0, 0.0, 0.00988222
80.0, 250.0, 0.0, 0.01074370
80.0, 260.0, 0.0, 0.01182187
90.0, 0.0, 0.0, 0.00299779
90.0, 10.0, 0.0, 0.00518405
90.0, 20.0, 0.0, 0.00531524
90.0, 30.0, 0.0, 0.00532174
90.0, 40.0, 0.0, 0.00510012
90.0, 50.0, 0.0, 0.00492815
90.0, 60.0, 0.0, 0.00519805
90.0, 70.0, 0.0, 0.00508752
90.0, 80.0, 0.0, 0.00470850
90.0, 90.0, 0.0, 0.00463132
90.0, 100.0, 0.0, 0.00391631
90.0, 110.0, 0.0, 0.00372324
90.0, 120.0, 0.0, 0.00356302
90.0, 130.0, 0.0, 0.00348586
90.0, 140.0, 0.0, 0.00372551
90.0, 150.0, 0.0, 0.00362424
90.0, 160.0, 0.0, 0.00318570
90.0, 170.0, 0.0, 0.00390447
90.0, 180.0, 0.0, 0.00379233
90.0, 190.0, 0.0, 0.00514893
90.0, 200.0, 0.0, 0.00564187
90.0, 210.0, 0.0, 0.00634826
90.0, 220.0, 0.0, 0.00704487
90.0, 230.0, 0.0, 0.00771627
90.0, 240.0, 0.0, 0.00870505
90.0, 250.0, 0.0, 0.00951238
90.0, 260.0, 0.0, 0.01036907
100.0, 0.0, 0.0, 0.00403829
100.0, 10.0, 0.0, 0.00406532
100.0, 20.0, 0.0, 0.00400734
100.0, 30.0, 0.0, 0.00427078
100.0, 40.0, 0.0, 0.00471709
100.0, 50.0, 0.0, 0.00482663
100.0, 60.0, 0.0, 0.00494521
100.0, 70.0, 0.0, 0.00467836
100.0, 80.0, 0.0, 0.00463507
100.0, 90.0, 0.0, 0.00399523
100.0, 100.0, 0.0, 0.00392568
100.0, 110.0, 0.0, 0.00341607
100.0, 120.0, 0.0, 0.00299329
100.0, 130.0, 0.0, 0.00334881
100.0, 140.0, 0.0, 0.00322708
100.0, 150.0, 0.0, 0.00312648
100.0, 160.0, 0.0, 0.00311658
100.0, 170.0, 0.0, 0.00356651
100.0, 180.0, 0.0, 0.00435602
100.0, 190.0, 0.0, 0.00430989
100.0, 200.0, 0.0, 0.00563790
100.0, 210.0, 0.0, 0.00588839
100.0, 220.0, 0.0, 0.00603589
100.0, 230.0, 0.0, 0.00722349
100.0, 240.0, 0.0, 0.00850589
100.0, 250.0, 0.0, 0.00889128
100.0, 260.0, 0.0, 0.00951833
110.0, 0.0, 0.0, 0.00403138
110.0, 10.0, 0.0, 0.00355295
110.0, 20.0, 0.0, 0.00357720
110.0, 30.0, 0.0, 0.00358498
110.0, 40.0, 0.0, 0.00394326
110.0, 50.0, 0.0, 0.00409410
110.0, 60.0, 0.0, 0.00405555
110.0, 70.0, 0.0, 0.00408468
110.0, 80.0, 0.0, 0.00311480
110.0, 90.0, 0.0, 0.00253979
110.0, 100.0, 0.0, 0.00241949
110.0, 110.0, 0.0, 0.00272983
110.0, 120.0, 0.0, 0.00272994
110.0, 130.0, 0.0, 0.00280528
110.0, 140.0, 0.0, 0.00259378
110.0, 150.0, 0.0, 0.00279286
110.0, 160.0, 0.0, 0.00317182
110.0, 170.0, 0.0, 0.00321742
110.0, 180.0, 0.0, 0.00333301
110.0, 190.0, 0.0, 0.00363230
110.0, 200.0, 0.0, 0.00364074
110.0, 210.0, 0.0, 0.00402123
110.0, 220.0, 0.0, 0.00444490
110.0, 230.0, 0.0, 0.00482451
110.0, 240.0, 0.0, 0.00579544
110.0, 250.0, 0.0, 0.00703294
110.0, 260.0, 0.0, 0.00805933
120.0, 0.0, 0.0, 0.00376458
120.0, 10.0, 0.0, 0.00340044
120.0, 20.0, 0.0, 0.00304743
120.0, 30.0, 0.0, 0.00255909
120.0, 40.0, 0.0, 0.00260243
120.0, 50.0, 0.0, 0.00260417
120.0, 60.0, 0.0, 0.00285062
120.0, 70.0, 0.0, 0.00300534
120.0, 80.0, 0.0, 0.00280002
120.0, 90.0, 0.0, 0.00239662
120.0, 100.0, 0.0, 0.00256998
120.0, 110.0, 0.0, 0.00273481
120.0, 120.0, 0.0, 0.00254247
120.0, 130.0, 0.0, 0.00245492
120.0, 140.0, 0.0, 0.00227868
120.0, 150.0, 0.0, 0.00251737
120.0, 160.0, 0.0, 0.00279531
120.0, 170.0, 0.0, 0.00282841
120.0, 180.0, 0.0, 0.00321845
120.0, 190.0, 0.0, 0.00303693
120.0, 200.0, 0.0, 0.00337785
120.0, 210.0, 0.0, 0.00310261
120.0, 220.0, 0.0, 0.00366015
120.0, 230.0, 0.0, 0.00509512
120.0, 240.0, 0.0, 0.00518144
120.0, 250.0, 0.0, 0.00549293
120.0, 260.0, 0.0, 0.00601053
130.0, 0.0, 0.0, 0.00372117
130.0, 10.0, 0.0, 0.00409743
130.0, 20.0, 0.0, 0.00378848
130.0, 30.0, 0.0, 0.00332714
130.0, 40.0, 0.0, 0.00327254
130.0, 50.0, 0.0, 0.00323604
130.0, 60.0, 0.0, 0.00327672
130.0, 70.0, 0.0, 0.00317543
130.0, 80.0, 0.0, 0.00296619
130.0, 90.0, 0.0, 0.00217534
130.0, 100.0, 0.0, 0.00212180
130.0, 110.0, 0.0, 0.00242774
130.0, 120.0, 0.0, 0.00261527
130.0, 130.0, 0.0, 0.00242240
130.0, 140.0, 0.0, 0.00242390
130.0, 150.0, 0.0, 0.00275621
130.0, 160.0, 0.0, 0.00293167
130.0, 170.0, 0.0, 0.00305653
130.0, 180.0, 0.0, 0.00278522
130.0, 190.0, 0.0, 0.00329007
130.0, 200.0, 0.0, 0.00254108
130.0, 210.0, 0.0, 0.00327571
130.0, 220.0, 0.0, 0.00298925
130.0, 230.0, 0.0, 0.00349575
130.0, 240.0, 0.0, 0.00379418
130.0, 250.0, 0.0, 0.00422784
130.0, 260.0, 0.0, 0.00465350
140.0, 0.0, 0.0, 0.00344806
140.0, 10.0, 0.0, 0.00441069
140.0, 20.0, 0.0, 0.00357177
140.0, 30.0, 0.0, 0.00298077
140.0, 40.0, 0.0, 0.00309109
140.0, 50.0, 0.0, 0.00319621
140.0, 60.0, 0.0, 0.00323077
140.0, 70.0, 0.0, 0.00294053
140.0, 80.0, 0.0, 0.00253846
140.0, 90.0, 0.0, 0.00221655
140.0, 100.0, 0.0, 0.00195374
140.0, 110.0, 0.0, 0.00208870
140.0, 120.0, 0.0, 0.00234944
140.0, 130.0, 0.0, 0.00245341
140.0, 140.0, 0.0, 0.00275028
140.0, 150.0, 0.0, 0.00288510
140.0, 160.0, 0.0, 0.00303168
140.0, 170.0, 0.0, 0.00299368
140.0, 180.0, 0.0, 0.00264491
140.0, 190.0, 0.0, 0.00248687
140.0, 200.0, 0.0, 0.00267254
140.0, 210.0, 0.0, 0.00244196
140.0, 220.0, 0.0, 0.00248288
140.0, 230.0, 0.0, 0.00269008
140.0, 240.0, 0.0, 0.00319360
140.0, 250.0, 0.0, 0.00374801
140.0, 260.0, 0.0, 0.00406955
150.0, 0.0, 0.0, 0.00238914
150.0, 10.0, 0.0, 0.00314202
150.0, 20.0, 0.0, 0.00387889
150.0, 30.0, 0.0, 0.00342698
150.0, 40.0, 0.0, 0.00342265
150.0, 50.0, 0.0, 0.00330566
150.0, 60.0, 0.0, 0.00290952
150.0, 70.0, 0.0, 0.00219342
150.0, 80.0, 0.0, 0.00190153
150.0, 90.0, 0.0, 0.00192785
150.0, 100.0, 0.0, 0.00185026
150.0, 110.0, 0.0, 0.00206505
150.0, 120.0, 0.0, 0.00224593
150.0, 130.0, 0.0, 0.00243615
150.0, 140.0, 0.0, 0.00269629
150.0, 150.0, 0.0, 0.00276464
150.0, 160.0, 0.0, 0.00277696
150.0, 170.0, 0.0, 0.00288078
150.0, 180.0, 0.0, 0.00283622
150.0, 190.0, 0.0, 0.00219604
150.0, 200.0, 0.0, 0.00218080
150.0, 210.0, 0.0, 0.00235916
150.0, 220.0, 0.0, 0.00264065
150.0, 230.0, 0.0, 0.00223163
150.0, 240.0, 0.0, 0.00252030
150.0, 250.0, 0.0, 0.00303924
150.0, 260.0, 0.0, 0.00360914
160.0, 0.0, 0.0, 0.00210751
160.0, 10.0, 0.0, 0.00364733
160.0, 20.0, 0.0, 0.00350077
160.0, 30.0, 0.0, 0.00303546
160.0, 40.0, 0.0, 0.00330649
160.0, 50.0, 0.0, 0.00348151
160.0, 60.0, 0.0, 0.00269067
160.0, 70.0, 0.0, 0.00193330
160.0, 80.0, 0.0, 0.00144309
160.0, 90.0, 0.0, 0.00138416
160.0, 100.0, 0.0, 0.00150667
160.0, 110.0, 0.0, 0.00179901
160.0, 120.0, 0.0, 0.00208035
160.0, 130.0, 0.0, 0.00232354
160.0, 140.0, 0.0, 0.00270590
160.0, 150.0, 0.0, 0.00289346
160.0, 160.0, 0.0, 0.00282108
160.0, 170.0, 0.0, 0.00275382
160.0, 180.0, 0.0, 0.00264397
160.0, 190.0, 0.0, 0.00238957
160.0, 200.0, 0.0, 0.00221277
160.0, 210.0, 0.0, 0.00225795
160.0, 220.0, 0.0, 0.00219374
160.0, 230.0, 0.0, 0.00204886
160.0, 240.0, 0.0, 0.00212403
160.0, 250.0, 0.0, 0.00257080
160.0, 260.0, 0.0, 0.00308119
170.0, 0.0, 0.0, 0.00165618
170.0, 10.0, 0.0, 0.00191872
170.0, 20.0, 0.0, 0.00270780
170.0, 30.0, 0.0, 0.00297273
170.0, 40.0, 0.0, 0.00306938
170.0, 50.0, 0.0, 0.00308593
170.0, 60.0, 0.0, 0.00239114
170.0, 70.0, 0.0, 0.00197292
170.0, 80.0, 0.0, 0.00147730
170.0, 90.0, 0.0, 0.00139600
170.0, 100.0, 0.0, 0.00156312
170.0, 110.0, 0.0, 0.00168515
170.0, 120.0, 0.0, 0.00193283
170.0, 130.0, 0.0, 0.00245038
170.0, 140.0, 0.0, 0.00285559
170.0, 150.0, 0.0, 0.00311143
170.0, 160.0, 0.0, 0.00300166
170.0, 170.0, 0.0, 0.00298090
170.0, 180.0, 0.0, 0.00283560
170.0, 190.0, 0.0, 0.00276975
170.0, 200.0, 0.0, 0.00247357
170.0, 210.0, 0.0, 0.00211371
170.0, 220.0, 0.0, 0.00203688
170.0, 230.0, 0.0, 0.00181535
170.0, 240.0, 0.0, 0.00190050
170.0, 250.0, 0.0, 0.00219588
170.0, 260.0, 0.0, 0.00261060
180.0, 0.0, 0.0, 0.00186375
180.0, 10.0, 0.0, 0.00123987
180.0, 20.0, 0.0, 0.00207265
180.0, 30.0, 0.0, 0.00239267
180.0, 40.0, 0.0, 0.00284065
180.0, 50.0, 0.0, 0.00268990
180.0, 60.0, 0.0, 0.00238861
180.0, 70.0, 0.0, 0.00204773
180.0, 80.0, 0.0, 0.00162763
180.0, 90.0, 0.0, 0.00167431
180.0, 100.0, 0.0, 0.00151743
180.0, 110.0, 0.0, 0.00160349
180.0, 120.0, 0.0, 0.00186423
180.0, 130.0, 0.0, 0.00235714
180.0, 140.0, 0.0, 0.00223899
180.0, 150.0, 0.0, 0.00240183
180.0, 160.0, 0.0, 0.00270615
180.0, 170.0, 0.0, 0.00224116
180.0, 180.0, 0.0, 0.00272344
180.0, 190.0, 0.0, 0.00278510
180.0, 200.0, 0.0, 0.00251028
180.0, 210.0, 0.0, 0.00225518
180.0, 220.0, 0.0, 0.00192746
180.0, 230.0, 0.0, 0.00170733
180.0, 240.0, 0.0, 0.00152339
180.0, 250.0, 0.0, 0.00190517
180.0, 260.0, 0.0, 0.00229721
190.0, 0.0, 0.0, 0.00139294
190.0, 10.0, 0.0, 0.00147345
190.0, 20.0, 0.0, 0.00150023
190.0, 30.0, 0.0, 0.00168589
190.0, 40.0, 0.0, 0.00182210
190.0, 50.0, 0.0, 0.00212603
190.0, 60.0, 0.0, 0.00235453
190.0, 70.0, 0.0, 0.00228927
190.0, 80.0, 0.0, 0.00163115
190.0, 90.0, 0.0, 0.00177823
190.0, 100.0, 0.0, 0.00154372
190.0, 110.0, 0.0, 0.00169663
190.0, 120.0, 0.0, 0.00180508
190.0, 130.0, 0.0, 0.00186963
190.0, 140.0, 0.0, 0.00168332
190.0, 150.0, 0.0, 0.00191389
190.0, 160.0, 0.0, 0.00208263
190.0, 170.0, 0.0, 0.00236418
190.0, 180.0, 0.0, 0.00195163
190.0, 190.0, 0.0, 0.00215622
190.0, 200.0, 0.0, 0.00197233
190.0, 210.0, 0.0, 0.00193880
190.0, 220.0, 0.0, 0.00174519
190.0, 230.0, 0.0, 0.00156324
190.0, 240.0, 0.0, 0.00139744
190.0, 250.0, 0.0, 0.00146054
190.0, 260.0, 0.0, 0.00207839
200.0, 0.0, 0.0, 0.00129299
200.0, 10.0, 0.0, 0.00130229
200.0, 20.0, 0.0, 0.00167539
200.0, 30.0, 0.0, 0.00179900
200.0, 40.0, 0.0, 0.00194658
200.0, 50.0, 0.0, 0.00225722
200.0, 60.0, 0.0, 0.00247581
200.0, 70.0, 0.0, 0.00223139
200.0, 80.0, 0.0, 0.00213590
200.0, 90.0, 0.0, 0.00159866
200.0, 100.0, 0.0, 0.00157554
200.0, 110.0, 0.0, 0.00152018
200.0, 120.0, 0.0, 0.00167733
200.0, 130.0, 0.0, 0.00178463
200.0, 140.0, 0.0, 0.00142252
200.0, 150.0, 0.0, 0.00143860
200.0, 160.0, 0.0, 0.00155913
200.0, 170.0, 0.0, 0.00165532
200.0, 180.0, 0.0, 0.00105933
200.0, 190.0, 0.0, 0.00156635
200.0, 200.0, 0.0, 0.00129960
200.0, 210.0, 0.0, 0.00136299
200.0, 220.0, 0.0, 0.00138620
200.0, 230.0, 0.0, 0.00137810
200.0, 240.0, 0.0, 0.00125668
200.0, 250.0, 0.0, 0.00136772
200.0, 260.0, 0.0, 0.00203044
210.0, 0.0, 0.0, 0.00122065
210.0, 10.0, 0.0, 0.00143448
210.0, 20.0, 0.0, 0.00192891
210.0, 30.0, 0.0, 0.00144521
210.0, 40.0, 0.0, 0.00220263
210.0, 50.0, 0.0, 0.00241478
210.0, 60.0, 0.0, 0.00255955
210.0, 70.0, 0.0, 0.00247267
210.0, 80.0, 0.0, 0.00199598
210.0, 90.0, 0.0, 0.00187708
210.0, 100.0, 0.0, 0.00124045
210.0, 110.0, 0.0, 0.00155719
210.0, 120.0, 0.0, 0.00158588
210.0, 130.0, 0.0, 0.00167372
210.0, 140.0, 0.0, 0.00083145
210.0, 150.0, 0.0, 0.00124666
210.0, 160.0, 0.0, 0.00114536
210.0, 170.0, 0.0, 0.00176686
210.0, 180.0, 0.0, 0.00108449
210.0, 190.0, 0.0, 0.00119579
210.0, 200.0, 0.0, 0.00104048
210.0, 210.0, 0.0, 0.00095775
210.0, 220.0, 0.0, 0.00093472
210.0, 230.0, 0.0, 0.00087050
210.0, 240.0, 0.0, 0.00106143
210.0, 250.0, 0.0, 0.00130198
210.0, 260.0, 0.0, 0.00192222
220.0, 0.0, 0.0, 0.00120756
220.0, 10.0, 0.0, 0.00187735
220.0, 20.0, 0.0, 0.00189257
220.0, 30.0, 0.0, 0.00171090
220.0, 40.0, 0.0, 0.00185241
220.0, 50.0, 0.0, 0.00192497
220.0, 60.0, 0.0, 0.00241781
220.0, 70.0, 0.0, 0.00254367
220.0, 80.0, 0.0, 0.00204977
220.0, 90.0, 0.0, 0.00154485
220.0, 100.0, 0.0, 0.00130335
220.0, 110.0, 0.0, 0.00158172
220.0, 120.0, 0.0, 0.00140096
220.0, 130.0, 0.0, 0.00115853
220.0, 140.0, 0.0, 0.00112942
220.0, 150.0, 0.0, 0.00078589
220.0, 160.0, 0.0, 0.00091393
220.0, 170.0, 0.0, 0.00110618
220.0, 180.0, 0.0, 0.00087683
220.0, 190.0, 0.0, 0.00084664
220.0, 200.0, 0.0, 0.00074032
220.0, 210.0, 0.0, 0.00081050
220.0, 220.0, 0.0, 0.00070209
220.0, 230.0, 0.0, 0.00110717
220.0, 240.0, 0.0, 0.00119435
220.0, 250.0, 0.0, 0.00114665
220.0, 260.0, 0.0, 0.00181372
230.0, 0.0, 0.0, 0.00159182
230.0, 10.0, 0.0, 0.00188887
230.0, 20.0, 0.0, 0.00173463
230.0, 30.0, 0.0, 0.00150901
230.0, 40.0, 0.0, 0.00158392
230.0, 50.0, 0.0, 0.00176876
230.0, 60.0, 0.0, 0.00215116
230.0, 70.0, 0.0, 0.00221987
230.0, 80.0, 0.0, 0.00178777
230.0, 90.0, 0.0, 0.00156965
230.0, 100.0, 0.0, 0.00133668
230.0, 110.0, 0.0, 0.00110484
230.0, 120.0, 0.0, 0.00078261
230.0, 130.0, 0.0, 0.00070597
230.0, 140.0, 0.0, 0.00064674
230.0, 150.0, 0.0, 0.00055006
230.0, 160.0, 0.0, 0.00094414
230.0, 170.0, 0.0, 0.00085588
230.0, 180.0, 0.0, 0.00079663
230.0, 190.0, 0.0, 0.00066123
230.0, 200.0, 0.0, 0.00058971
230.0, 210.0, 0.0, 0.00057935
230.0, 220.0, 0.0, 0.00061038
230.0, 230.0, 0.0, 0.00068804
230.0, 240.0, 0.0, 0.00093154
230.0, 250.0, 0.0, 0.00115550
230.0, 260.0, 0.0, 0.00180026
0.0, 0.0, 10.0, 0.00188148
0.0, 10.0, 10.0, 0.00245797
0.0, 20.0, 10.0, 0.00299241
0.0, 30.0, 10.0, 0.00459036
0.0, 40.0, 10.0, 0.00887255
0.0, 50.0, 10.0, 0.00645334
0.0, 60.0, 10.0, 0.00606898
0.0, 70.0, 10.0, 0.00626812
0.0, 80.0, 10.0, 0.00752062
0.0, 90.0, 10.0, 0.00819593
0.0, 100.0, 10.0, 0.00968245
0.0, 110.0, 10.0, 0.00959072
0.0, 120.0, 10.0, 0.00856330
0.0, 130.0, 10.0, 0.00778603
0.0, 140.0, 10.0, 0.00745184
0.0, 150.0, 10.0, 0.00695264
0.0, 160.0, 10.0, 0.00755735
0.0, 170.0, 10.0, 0.00769386
0.0, 180.0, 10.0, 0.00811575
0.0, 190.0, 10.0, 0.00915208
0.0, 200.0, 10.0, 0.00951783
0.0, 210.0, 10.0, 0.00928788
0.0, 220.0, 10.0, 0.00916868
0.0, 230.0, 10.0, 0.00937842
0.0, 240.0, 10.0, 0.00867077
0.0, 250.0, 10.0, 0.00817815
0.0, 260.0, 10.0, 0.00833752
10.0, 0.0, 10.0, 0.00109354
10.0, 10.0, 10.0, 0.00109406
10.0, 20.0, 10.0, 0.00181753
10.0, 30.0, 10.0, 0.00431945
10.0, 40.0, 10.0, 0.00941412
10.0, 50.0, 10.0, 0.00546917
10.0, 60.0, 10.0, 0.00608410
10.0, 70.0, 10.0, 0.00638657
10.0, 80.0, 10.0, 0.00801373
10.0, 90.0, 10.0, 0.00827310
10.0, 100.0, 10.0, 0.00890188
10.0, 110.0, 10.0, 0.00948814
10.0, 120.0, 10.0, 0.00945901
10.0, 130.0, 10.0, 0.00912000
10.0, 140.0, 10.0, 0.00875595
10.0, 150.0, 10.0, 0.00771034
10.0, 160.0, 10.0, 0.00796885
10.0, 170.0, 10.0, 0.00946068
10.0, 180.0, 10.0, 0.00918681
10.0, 190.0, 10.0, 0.01000386
10.0, 200.0, 10.0, 0.00961882
10.0, 210.0, 10.0, 0.00950184
10.0, 220.0, 10.0, 0.00792058
10.0, 230.0, 10.0, 0.00569999
10.0, 240.0, 10.0, 0.00698633
10.0, 250.0, 10.0, 0.00758289
10.0, 260.0, 10.0, 0.00784699
20.0, 0.0, 10.0, 0.00039169
20.0, 10.0, 10.0, 0.00113497
20.0, 20.0, 10.0, 0.00221519
20.0, 30.0, 10.0, 0.00283102
20.0, 40.0, 10.0, 0.00925194
20.0, 50.0, 10.0, 0.00595016
20.0, 60.0, 10.0, 0.00590263
20.0, 70.0, 10.0, 0.00776127
20.0, 80.0, 10.0, 0.00844744
20.0, 90.0, 10.0, 0.00815676
20.0, 100.0, 10.0, 0.00823821
20.0, 110.0, 10.0, 0.00828149
20.0, 120.0, 10.0, 0.00805251
20.0, 130.0, 10.0, 0.00806290
20.0, 140.0, 10.0, 0.00796786
20.0, 150.0, 10.0, 0.00769640
20.0, 160.0, 10.0, 0.00706428
20.0, 170.0, 10.0, 0.00781571
20.0, 180.0, 10.0, 0.00617750
20.0, 190.0, 10.0, 0.00484292
20.0, 200.0, 10.0, 0.00439078
20.0, 210.0, 10.0, 0.00376877
20.0, 220.0, 10.0, 0.00250195
20.0, 230.0, 10.0, 0.00418760
20.0, 240.0, 10.0, 0.00694093
20.0, 250.0, 10.0, 0.00773795
20.0, 260.0, 10.0, 0.00815862
30.0, 0.0, 10.0, 0.00075072
30.0, 10.0, 10.0, 0.00236249
30.0, 20.0, 10.0, 0.00243084
30.0, 30.0, 10.0, 0.00245915
30.0, 40.0, 10.0, 0.00668834
30.0, 50.0, 10.0, 0.00697724
30.0, 60.0, 10.0, 0.00707996
30.0, 70.0, 10.0, 0.00825851
30.0, 80.0, 10.0, 0.00806889
30.0, 90.0, 10.0, 0.00805418
30.0, 100.0, 10.0, 0.00801189
30.0, 110.0, 10.0, 0.00726202
30.0, 120.0, 10.0, 0.00681287
30.0, 130.0, 10.0, 0.00662002
30.0, 140.0, 10.0, 0.00702359
30.0, 150.0, 10.0, 0.00664582
30.0, 160.0, 10.0, 0.00692716
30.0, 170.0, 10.0, 0.00594586
30.0, 180.0, 10.0, 0.00364238
30.0, 190.0, 10.0, 0.00325315
30.0, 200.0, 10.0, 0.00256446
30.0, 210.0, 10.0, 0.00306142
30.0, 220.0, 10.0, 0.00297575
30.0, 230.0, 10.0, 0.00406820
30.0, 240.0, 10.0, 0.00582145
30.0, 250.0, 10.0, 0.00785171
30.0, 260.0, 10.0, 0.00827092
40.0, 0.0, 10.0, 0.00203079
40.0, 10.0, 10.0, 0.00294029
40.0, 20.0, 10.0, 0.00267921
40.0, 30.0, 10.0, 0.00351551
40.0, 40.0, 10.0, 0.01108407
40.0, 50.0, 10.0, 0.00609194
40.0, 60.0, 10.0, 0.00801878
40.0, 70.0, 10.0, 0.00776507
40.0, 80.0, 10.0, 0.00750288
40.0, 90.0, 10.0, 0.00839404
40.0, 100.0, 10.0, 0.00790200
40.0, 110.0, 10.0, 0.00694290
40.0, 120.0, 10.0, 0.00667032
40.0, 130.0, 10.0, 0.00632003
40.0, 140.0, 10.0, 0.00671089
40.0, 150.0, 10.0, 0.00675801
40.0, 160.0, 10.0, 0.00532826
40.0, 170.0, 10.0, 0.00402857
40.0, 180.0, 10.0, 0.00223286
40.0, 190.0, 10.0, 0.00461372
40.0, 200.0, 10.0, 0.00652793
40.0, 210.0, 10.0, 0.00240713
40.0, 220.0, 10.0, 0.00282831
40.0, 230.0, 10.0, 0.00188822
40.0, 240.0, 10.0, 0.00418552
40.0, 250.0, 10.0, 0.00718894
40.0, 260.0, 10.0, 0.00789189
50.0, 0.0, 10.0, 0.00258064
50.0, 10.0, 10.0, 0.00268146
50.0, 20.0, 10.0, 0.00327284
50.0, 30.0, 10.0, 0.00745650
50.0, 40.0, 10.0, 0.00977158
50.0, 50.0, 10.0, 0.00594603
50.0, 60.0, 10.0, 0.00822128
50.0, 70.0, 10.0, 0.00869406
50.0, 80.0, 10.0, 0.00829651
50.0, 90.0, 10.0, 0.00685833
50.0, 100.0, 10.0, 0.00649168
50.0, 110.0, 10.0, 0.00554296
50.0, 120.0, 10.0, 0.00518409
50.0, 130.0, 10.0, 0.00536208
50.0, 140.0, 10.0, 0.00555082
50.0, 150.0, 10.0, 0.00492431
50.0, 160.0, 10.0, 0.00441639
50.0, 170.0, 10.0, 0.00317771
50.0, 180.0, 10.0, 0.00181264
50.0, 190.0, 10.0, 0.00408072
50.0, 200.0, 10.0, 0.00503490
50.0, 210.0, 10.0, 0.00160201
50.0, 220.0, 10.0, 0.00184356
50.0, 230.0, 10.0, 0.00234796
50.0, 240.0, 10.0, 0.00250445
50.0, 250.0, 10.0, 0.00562923
50.0, 260.0, 10.0, 0.00716853
60.0, 0.0, 10.0, 0.00235849
60.0, 10.0, 10.0, 0.00275229
60.0, 20.0, 10.0, 0.00338606
60.0, 30.0, 10.0, 0.00909499
60.0, 40.0, 10.0, 0.00936033
60.0, 50.0, 10.0, 0.00771849
60.0, 60.0, 10.0, 0.00925590
60.0, 70.0, 10.0, 0.00839947
60.0, 80.0, 10.0, 0.00785745
60.0, 90.0, 10.0, 0.00639456
60.0, 100.0, 10.0, 0.00435530
60.0, 110.0, 10.0, 0.00332294
60.0, 120.0, 10.0, 0.00380639
60.0, 130.0, 10.0, 0.00359758
60.0, 140.0, 10.0, 0.00349773
60.0, 150.0, 10.0, 0.00390902
60.0, 160.0, 10.0, 0.00415227
60.0, 170.0, 10.0, 0.00374872
60.0, 180.0, 10.0, 0.00243366
60.0, 190.0, 10.0, 0.00455297
60.0, 200.0, 10.0, 0.00610654
60.0, 210.0, 10.0, 0.00285081
60.0, 220.0, 10.0, 0.00170152
60.0, 230.0, 10.0, 0.00395296
60.0, 240.0, 10.0, 0.00436059
60.0, 250.0, 10.0, 0.00389376
60.0, 260.0, 10.0, 0.00492024
70.0, 0.0, 10.0, 0.00220301
70.0, 10.0, 10.0, 0.00264475
70.0, 20.0, 10.0, 0.00273325
70.0, 30.0, 10.0, 0.00757132
70.0, 40.0, 10.0, 0.00851456
70.0, 50.0, 10.0, 0.00833661
70.0, 60.0, 10.0, 0.00842546
70.0, 70.0, 10.0, 0.00791671
70.0, 80.0, 10.0, 0.00713015
70.0, 90.0, 10.0, 0.00531372
70.0, 100.0, 10.0, 0.00491515
70.0, 110.0, 10.0, 0.00512939
70.0, 120.0, 10.0, 0.00579513
70.0, 130.0, 10.0, 0.00481080
70.0, 140.0, 10.0, 0.00592794
70.0, 150.0, 10.0, 0.00620473
70.0, 160.0, 10.0, 0.00620397
70.0, 170.0, 10.0, 0.00540278
70.0, 180.0, 10.0, 0.00418463
70.0, 190.0, 10.0, 0.00616023
70.0, 200.0, 10.0, 0.00594829
70.0, 210.0, 10.0, 0.00359967
70.0, 220.0, 10.0, 0.00355683
70.0, 230.0, 10.0, 0.00317573
70.0, 240.0, 10.0, 0.00528385
70.0, 250.0, 10.0, 0.00650500
70.0, 260.0, 10.0, 0.00682783
80.0, 0.0, 10.0, 0.00235862
80.0, 10.0, 10.0, 0.00259165
80.0, 20.0, 10.0, 0.00706412
80.0, 30.0, 10.0, 0.00506038
80.0, 40.0, 10.0, 0.00488980
80.0, 50.0, 10.0, 0.00724949
80.0, 60.0, 10.0, 0.00796957
80.0, 70.0, 10.0, 0.00818292
80.0, 80.0, 10.0, 0.00761868
80.0, 90.0, 10.0, 0.00673550
80.0, 100.0, 10.0, 0.00637358
80.0, 110.0, 10.0, 0.00632223
80.0, 120.0, 10.0, 0.00617669
80.0, 130.0, 10.0, 0.00602848
80.0, 140.0, 10.0, 0.00591127
80.0, 150.0, 10.0, 0.00567268
80.0, 160.0, 10.0, 0.00591631
80.0, 170.0, 10.0, 0.00608999
80.0, 180.0, 10.0, 0.00516382
80.0, 190.0, 10.0, 0.00402426
80.0, 200.0, 10.0, 0.00340059
80.0, 210.0, 10.0, 0.00330330
80.0, 220.0, 10.0, 0.00401769
80.0, 230.0, 10.0, 0.00449380
80.0, 240.0, 10.0, 0.00454788
80.0, 250.0, 10.0, 0.00523095
80.0, 260.0, 10.0, 0.00647549
90.0, 0.0, 10.0, 0.00250548
90.0, 10.0, 10.0, 0.00307138
90.0, 20.0, 10.0, 0.00421708
90.0, 30.0, 10.0, 0.00463847
90.0, 40.0, 10.0, 0.00527691
90.0, 50.0, 10.0, 0.00612405
90.0, 60.0, 10.0, 0.00657109
90.0, 70.0, 10.0, 0.00725034
90.0, 80.0, 10.0, 0.00729796
90.0, 90.0, 10.0, 0.00689080
90.0, 100.0, 10.0, 0.00628492
90.0, 110.0, 10.0, 0.00576171
90.0, 120.0, 10.0, 0.00567904
90.0, 130.0, 10.0, 0.00476262
90.0, 140.0, 10.0, 0.00372832
90.0, 150.0, 10.0, 0.00326543
90.0, 160.0, 10.0, 0.00311024
90.0, 170.0, 10.0, 0.00337670
90.0, 180.0, 10.0, 0.00227282
90.0, 190.0, 10.0, 0.00277316
90.0, 200.0, 10.0, 0.00327997
90.0, 210.0, 10.0, 0.00328392
90.0, 220.0, 10.0, 0.00353628
90.0, 230.0, 10.0, 0.00349647
90.0, 240.0, 10.0, 0.00383953
90.0, 250.0, 10.0, 0.00433582
90.0, 260.0, 10.0, 0.00502025
100.0, 0.0, 10.0, 0.00278984
100.0, 10.0, 10.0, 0.00398309
100.0, 20.0, 10.0, 0.00433532
100.0, 30.0, 10.0, 0.00472562
100.0, 40.0, 10.0, 0.00503624
100.0, 50.0, 10.0, 0.00488401
100.0, 60.0, 10.0, 0.00472088
100.0, 70.0, 10.0, 0.00441565
100.0, 80.0, 10.0, 0.00496050
100.0, 90.0, 10.0, 0.00468578
100.0, 100.0, 10.0, 0.00475830
100.0, 110.0, 10.0, 0.00450618
100.0, 120.0, 10.0, 0.00185620
100.0, 130.0, 10.0, 0.00106552
100.0, 140.0, 10.0, 0.00106548
100.0, 150.0, 10.0, 0.00116739
100.0, 160.0, 10.0, 0.00095329
100.0, 170.0, 10.0, 0.00056533
100.0, 180.0, 10.0, 0.00087109
100.0, 190.0, 10.0, 0.00146748
100.0, 200.0, 10.0, 0.00164749
100.0, 210.0, 10.0, 0.00190624
100.0, 220.0, 10.0, 0.00227376
100.0, 230.0, 10.0, 0.00271371
100.0, 240.0, 10.0, 0.00287038
100.0, 250.0, 10.0, 0.00221072
100.0, 260.0, 10.0, 0.00329268
110.0, 0.0, 10.0, 0.00259843
110.0, 10.0, 10.0, 0.00371119
110.0, 20.0, 10.0, 0.00388562
110.0, 30.0, 10.0, 0.00393745
110.0, 40.0, 10.0, 0.00445020
110.0, 50.0, 10.0, 0.00400027
110.0, 60.0, 10.0, 0.00388024
110.0, 70.0, 10.0, 0.00364337
110.0, 80.0, 10.0, 0.00257627
110.0, 90.0, 10.0, 0.00058332
110.0, 100.0, 10.0, 0.00051990
110.0, 110.0, 10.0, 0.00091180
110.0, 120.0, 10.0, 0.00106003
110.0, 130.0, 10.0, 0.00101573
110.0, 140.0, 10.0, 0.00089289
110.0, 150.0, 10.0, 0.00060597
110.0, 160.0, 10.0, 0.00038000
110.0, 170.0, 10.0, 0.00000954
110.0, 180.0, 10.0, 0.00107941
110.0, 190.0, 10.0, 0.00160405
110.0, 200.0, 10.0, 0.00176537
110.0, 210.0, 10.0, 0.00206079
110.0, 220.0, 10.0, 0.00253621
110.0, 230.0, 10.0, 0.00252291
110.0, 240.0, 10.0, 0.00194204
110.0, 250.0, 10.0, 0.00196681
110.0, 260.0, 10.0, 0.00376658
120.0, 0.0, 10.0, 0.00271020
120.0, 10.0, 10.0, 0.00390204
120.0, 20.0, 10.0, 0.00373696
120.0, 30.0, 10.0, 0.00360107
120.0, 40.0, 10.0, 0.00319110
120.0, 50.0, 10.0, 0.00314708
120.0, 60.0, 10.0, 0.00260716
120.0, 70.0, 10.0, 0.00183457
120.0, 80.0, 10.0, 0.00102856
120.0, 90.0, 10.0, 0.00210250
120.0, 100.0, 10.0, 0.00177185
120.0, 110.0, 10.0, 0.00220233
120.0, 120.0, 10.0, 0.00136047
120.0, 130.0, 10.0, 0.00081640
120.0, 140.0, 10.0, 0.00063619
120.0, 150.0, 10.0, 0.00053828
120.0, 160.0, 10.0, 0.00023794
120.0, 170.0, 10.0, 0.00029775
120.0, 180.0, 10.0, 0.00147739
120.0, 190.0, 10.0, 0.00205627
120.0, 200.0, 10.0, 0.00179658
120.0, 210.0, 10.0, 0.00147421
120.0, 220.0, 10.0, 0.00146985
120.0, 230.0, 10.0, 0.00234247
120.0, 240.0, 10.0, 0.00318387
120.0, 250.0, 10.0, 0.00229508
120.0, 260.0, 10.0, 0.00190796
130.0, 0.0, 10.0, 0.00243218
130.0, 10.0, 10.0, 0.00384145
130.0, 20.0, 10.0, 0.00314816
130.0, 30.0, 10.0, 0.00313466
130.0, 40.0, 10.0, 0.00281975
130.0, 50.0, 10.0, 0.00277309
130.0, 60.0, 10.0, 0.00233219
130.0, 70.0, 10.0, 0.00247036
130.0, 80.0, 10.0, 0.00263787
130.0, 90.0, 10.0, 0.00236015
130.0, 100.0, 10.0, 0.00164617
130.0, 110.0, 10.0, 0.00097012
130.0, 120.0, 10.0, 0.00069214
130.0, 130.0, 10.0, 0.00057540
130.0, 140.0, 10.0, 0.00041049
130.0, 150.0, 10.0, 0.00034505
130.0, 160.0, 10.0, 0.00033672
130.0, 170.0, 10.0, 0.00060323
130.0, 180.0, 10.0, 0.00026641
130.0, 190.0, 10.0, 0.00192781
130.0, 200.0, 10.0, 0.00208256
130.0, 210.0, 10.0, 0.00170640
130.0, 220.0, 10.0, 0.00223154
130.0, 230.0, 10.0, 0.00222150
130.0, 240.0, 10.0, 0.00254611
130.0, 250.0, 10.0, 0.00248753
130.0, 260.0, 10.0, 0.00187580
140.0, 0.0, 10.0, 0.00201045
140.0, 10.0, 10.0, 0.00280856
140.0, 20.0, 10.0, 0.00258889
140.0, 30.0, 10.0, 0.00260540
140.0, 40.0, 10.0, 0.00246994
140.0, 50.0, 10.0, 0.00240527
140.0, 60.0, 10.0, 0.00236282
140.0, 70.0, 10.0, 0.00219687
140.0, 80.0, 10.0, 0.00159758
140.0, 90.0, 10.0, 0.00136470
140.0, 100.0, 10.0, 0.00113674
140.0, 110.0, 10.0, 0.00064046
140.0, 120.0, 10.0, 0.00046314
140.0, 130.0, 10.0, 0.00047373
140.0, 140.0, 10.0, 0.00057029
140.0, 150.0, 10.0, 0.00067831
140.0, 160.0, 10.0, 0.00078682
140.0, 170.0, 10.0, 0.00094918
140.0, 180.0, 10.0, 0.00060416
140.0, 190.0, 10.0, 0.00081412
140.0, 200.0, 10.0, 0.00126715
140.0, 210.0, 10.0, 0.00192324
140.0, 220.0, 10.0, 0.00189967
140.0, 230.0, 10.0, 0.00155776
140.0, 240.0, 10.0, 0.00148158
140.0, 250.0, 10.0, 0.00148066
140.0, 260.0, 10.0, 0.00156519
150.0, 0.0, 10.0, 0.00068996
150.0, 10.0, 10.0, 0.00149601
150.0, 20.0, 10.0, 0.00214831
150.0, 30.0, 10.0, 0.00200865
150.0, 40.0, 10.0, 0.00207654
150.0, 50.0, 10.0, 0.00206634
150.0, 60.0, 10.0, 0.00183371
150.0, 70.0, 10.0, 0.00142341
150.0, 80.0, 10.0, 0.00075966
150.0, 90.0, 10.0, 0.00032268
150.0, 100.0, 10.0, 0.00018649
150.0, 110.0, 10.0, 0.00015197
150.0, 120.0, 10.0, 0.00021023
150.0, 130.0, 10.0, 0.00036528
150.0, 140.0, 10.0, 0.00065509
150.0, 150.0, 10.0, 0.00103402
150.0, 160.0, 10.0, 0.00125210
150.0, 170.0, 10.0, 0.00141162
150.0, 180.0, 10.0, 0.00147512
150.0, 190.0, 10.0, 0.00080141
150.0, 200.0, 10.0, 0.00094951
150.0, 210.0, 10.0, 0.00114748
150.0, 220.0, 10.0, 0.00097487
150.0, 230.0, 10.0, 0.00082283
150.0, 240.0, 10.0, 0.00079778
150.0, 250.0, 10.0, 0.00090063
150.0, 260.0, 10.0, 0.00133219
160.0, 0.0, 10.0, 0.00092750
160.0, 10.0, 10.0, 0.00188702
160.0, 20.0, 10.0, 0.00187882
160.0, 30.0, 10.0, 0.00139326
160.0, 40.0, 10.0, 0.00179627
160.0, 50.0, 10.0, 0.00185606
160.0, 60.0, 10.0, 0.00164230
160.0, 70.0, 10.0, 0.00110819
160.0, 80.0, 10.0, 0.00035565
160.0, 90.0, 10.0, 0.00011679
160.0, 100.0, 10.0, 0.00004259
160.0, 110.0, 10.0, 0.00002683
160.0, 120.0, 10.0, 0.00004968
160.0, 130.0, 10.0, 0.00025088
160.0, 140.0, 10.0, 0.00076303
160.0, 150.0, 10.0, 0.00106653
160.0, 160.0, 10.0, 0.00140158
160.0, 170.0, 10.0, 0.00142550
160.0, 180.0, 10.0, 0.00146920
160.0, 190.0, 10.0, 0.00120651
160.0, 200.0, 10.0, 0.00093948
160.0, 210.0, 10.0, 0.00115361
160.0, 220.0, 10.0, 0.00092751
160.0, 230.0, 10.0, 0.00074620
160.0, 240.0, 10.0, 0.00064641
160.0, 250.0, 10.0, 0.00068768
160.0, 260.0, 10.0, 0.00117418
170.0, 0.0, 10.0, 0.00073123
170.0, 10.0, 10.0, 0.00103784
170.0, 20.0, 10.0, 0.00117500
170.0, 30.0, 10.0, 0.00129880
170.0, 40.0, 10.0, 0.00152448
170.0, 50.0, 10.0, 0.00124860
170.0, 60.0, 10.0, 0.00128990
170.0, 70.0, 10.0, 0.00099413
170.0, 80.0, 10.0, 0.00036775
170.0, 90.0, 10.0, 0.00014772
170.0, 100.0, 10.0, 0.00006462
170.0, 110.0, 10.0, 0.00000883
170.0, 120.0, 10.0, 0.00022430
170.0, 130.0, 10.0, 0.00067879
170.0, 140.0, 10.0, 0.00121086
170.0, 150.0, 10.0, 0.00145293
170.0, 160.0, 10.0, 0.00131330
170.0, 170.0, 10.0, 0.00146328
170.0, 180.0, 10.0, 0.00124682
170.0, 190.0, 10.0, 0.00125936
170.0, 200.0, 10.0, 0.00101593
170.0, 210.0, 10.0, 0.00113194
170.0, 220.0, 10.0, 0.00094239
170.0, 230.0, 10.0, 0.00079103
170.0, 240.0, 10.0, 0.00065473
170.0, 250.0, 10.0, 0.00075162
170.0, 260.0, 10.0, 0.00096754
180.0, 0.0, 10.0, 0.00087886
180.0, 10.0, 10.0, 0.00058601
180.0, 20.0, 10.0, 0.00096208
180.0, 30.0, 10.0, 0.00078117
180.0, 40.0, 10.0, 0.00136594
180.0, 50.0, 10.0, 0.00085326
180.0, 60.0, 10.0, 0.00131864
180.0, 70.0, 10.0, 0.00108433
180.0, 80.0, 10.0, 0.00047789
180.0, 90.0, 10.0, 0.00016763
180.0, 100.0, 10.0, 0.00001088
180.0, 110.0, 10.0, 0.00015720
180.0, 120.0, 10.0, 0.00061733
180.0, 130.0, 10.0, 0.00116314
180.0, 140.0, 10.0, 0.00132213
180.0, 150.0, 10.0, 0.00138851
180.0, 160.0, 10.0, 0.00153328
180.0, 170.0, 10.0, 0.00137505
180.0, 180.0, 10.0, 0.00125013
180.0, 190.0, 10.0, 0.00126219
180.0, 200.0, 10.0, 0.00115106
180.0, 210.0, 10.0, 0.00110660
180.0, 220.0, 10.0, 0.00097094
180.0, 230.0, 10.0, 0.00082911
180.0, 240.0, 10.0, 0.00060223
180.0, 250.0, 10.0, 0.00080833
180.0, 260.0, 10.0, 0.00119573
190.0, 0.0, 10.0, 0.00067082
190.0, 10.0, 10.0, 0.00070794
190.0, 20.0, 10.0, 0.00059533
190.0, 30.0, 10.0, 0.00061997
190.0, 40.0, 10.0, 0.00088354
190.0, 50.0, 10.0, 0.00087026
190.0, 60.0, 10.0, 0.00099291
190.0, 70.0, 10.0, 0.00097764
190.0, 80.0, 10.0, 0.00064965
190.0, 90.0, 10.0, 0.00029552
190.0, 100.0, 10.0, 0.00001581
190.0, 110.0, 10.0, 0.00022995
190.0, 120.0, 10.0, 0.00061020
190.0, 130.0, 10.0, 0.00088326
190.0, 140.0, 10.0, 0.00098988
190.0, 150.0, 10.0, 0.00100853
190.0, 160.0, 10.0, 0.00115283
190.0, 170.0, 10.0, 0.00120624
190.0, 180.0, 10.0, 0.00121398
190.0, 190.0, 10.0, 0.00130784
190.0, 200.0, 10.0, 0.00105137
190.0, 210.0, 10.0, 0.00115242
190.0, 220.0, 10.0, 0.00092603
190.0, 230.0, 10.0, 0.00070775
190.0, 240.0, 10.0, 0.00053245
190.0, 250.0, 10.0, 0.00077678
190.0, 260.0, 10.0, 0.00126175
200.0, 0.0, 10.0, 0.00057185
200.0, 10.0, 10.0, 0.00052828
200.0, 20.0, 10.0, 0.00050733
200.0, 30.0, 10.0, 0.00075125
200.0, 40.0, 10.0, 0.00076003
200.0, 50.0, 10.0, 0.00095374
200.0, 60.0, 10.0, 0.00110021
200.0, 70.0, 10.0, 0.00121393
200.0, 80.0, 10.0, 0.00079721
200.0, 90.0, 10.0, 0.00064228
200.0, 100.0, 10.0, 0.00006194
200.0, 110.0, 10.0, 0.00020249
200.0, 120.0, 10.0, 0.00032837
200.0, 130.0, 10.0, 0.00056832
200.0, 140.0, 10.0, 0.00052470
200.0, 150.0, 10.0, 0.00053962
200.0, 160.0, 10.0, 0.00069773
200.0, 170.0, 10.0, 0.00085316
200.0, 180.0, 10.0, 0.00074736
200.0, 190.0, 10.0, 0.00070845
200.0, 200.0, 10.0, 0.00070102
200.0, 210.0, 10.0, 0.00070893
200.0, 220.0, 10.0, 0.00069279
200.0, 230.0, 10.0, 0.00063272
200.0, 240.0, 10.0, 0.00041418
200.0, 250.0, 10.0, 0.00068381
200.0, 260.0, 10.0, 0.00137175
210.0, 0.0, 10.0, 0.00067422
210.0, 10.0, 10.0, 0.00055058
210.0, 20.0, 10.0, 0.00061011
210.0, 30.0, 10.0, 0.00061321
210.0, 40.0, 10.0, 0.00087626
210.0, 50.0, 10.0, 0.00087268
210.0, 60.0, 10.0, 0.00112978
210.0, 70.0, 10.0, 0.00130476
210.0, 80.0, 10.0, 0.00127642
210.0, 90.0, 10.0, 0.00113147
210.0, 100.0, 10.0, 0.00010811
210.0, 110.0, 10.0, 0.00019686
210.0, 120.0, 10.0, 0.00028569
210.0, 130.0, 10.0, 0.00038677
210.0, 140.0, 10.0, 0.00040447
210.0, 150.0, 10.0, 0.00045527
210.0, 160.0, 10.0, 0.00048056
210.0, 170.0, 10.0, 0.00048885
210.0, 180.0, 10.0, 0.00042102
210.0, 190.0, 10.0, 0.00035132
210.0, 200.0, 10.0, 0.00032956
210.0, 210.0, 10.0, 0.00034651
210.0, 220.0, 10.0, 0.00036583
210.0, 230.0, 10.0, 0.00029436
210.0, 240.0, 10.0, 0.00033178
210.0, 250.0, 10.0, 0.00065970
210.0, 260.0, 10.0, 0.00129862
220.0, 0.0, 10.0, 0.00082714
220.0, 10.0, 10.0, 0.00085038
220.0, 20.0, 10.0, 0.00065505
220.0, 30.0, 10.0, 0.00073984
220.0, 40.0, 10.0, 0.00081768
220.0, 50.0, 10.0, 0.00089476
220.0, 60.0, 10.0, 0.00105906
220.0, 70.0, 10.0, 0.00110629
220.0, 80.0, 10.0, 0.00146545
220.0, 90.0, 10.0, 0.00128993
220.0, 100.0, 10.0, 0.00045484
220.0, 110.0, 10.0, 0.00013955
220.0, 120.0, 10.0, 0.00024862
220.0, 130.0, 10.0, 0.00032420
220.0, 140.0, 10.0, 0.00038351
220.0, 150.0, 10.0, 0.00041406
220.0, 160.0, 10.0, 0.00041818
220.0, 170.0, 10.0, 0.00038342
220.0, 180.0, 10.0, 0.00034975
220.0, 190.0, 10.0, 0.00033983
220.0, 200.0, 10.0, 0.00032093
220.0, 210.0, 10.0, 0.00029843
220.0, 220.0, 10.0, 0.00030455
220.0, 230.0, 10.0, 0.00031595
220.0, 240.0, 10.0, 0.00031264
220.0, 250.0, 10.0, 0.00048771
220.0, 260.0, 10.0, 0.00144606
230.0, 0.0, 10.0, 0.00078780
230.0, 10.0, 10.0, 0.00080016
230.0, 20.0, 10.0, 0.00078265
230.0, 30.0, 10.0, 0.00077509
230.0, 40.0, 10.0, 0.00075070
230.0, 50.0, 10.0, 0.00084217
230.0, 60.0, 10.0, 0.00092438
230.0, 70.0, 10.0, 0.00099926
230.0, 80.0, 10.0, 0.00119110
230.0, 90.0, 10.0, 0.00108585
230.0, 100.0, 10.0, 0.00087841
230.0, 110.0, 10.0, 0.00022556
230.0, 120.0, 10.0, 0.00018829
230.0, 130.0, 10.0, 0.00030932
230.0, 140.0, 10.0, 0.00034111
230.0, 150.0, 10.0, 0.00034091
230.0, 160.0, 10.0, 0.00033494
230.0, 170.0, 10.0, 0.00033857
230.0, 180.0, 10.0, 0.00032892
230.0, 190.0, 10.0, 0.00034499
230.0, 200.0, 10.0, 0.00035484
230.0, 210.0, 10.0, 0.00032652
230.0, 220.0, 10.0, 0.00029661
230.0, 230.0, 10.0, 0.00029332
230.0, 240.0, 10.0, 0.00034411
230.0, 250.0, 10.0, 0.00060376
230.0, 260.0, 10.0, 0.00112026
0.0, 0.0, 20.0, 0.00011336
0.0, 10.0, 20.0, 0.00009249
0.0, 20.0, 20.0, 0.00008032
0.0, 30.0, 20.0, 0.00008564
0.0, 40.0, 20.0, 0.00012704
0.0, 50.0, 20.0, 0.00024230
0.0, 60.0, 20.0, 0.00048426
0.0, 70.0, 20.0, 0.00079294
0.0, 80.0, 20.0, 0.00111500
0.0, 90.0, 20.0, 0.00130259
0.0, 100.0, 20.0, 0.00126680
0.0, 110.0, 20.0, 0.00114316
0.0, 120.0, 20.0, 0.00124306
0.0, 130.0, 20.0, 0.00128970
0.0, 140.0, 20.0, 0.00111787
0.0, 150.0, 20.0, 0.00091682
0.0, 160.0, 20.0, 0.00072749
0.0, 170.0, 20.0, 0.00061437
0.0, 180.0, 20.0, 0.00053745
0.0, 190.0, 20.0, 0.00048700
0.0, 200.0, 20.0, 0.00046348
0.0, 210.0, 20.0, 0.00042966
0.0, 220.0, 20.0, 0.00036561
0.0, 230.0, 20.0, 0.00029046
0.0, 240.0, 20.0, 0.00019580
0.0, 250.0, 20.0, 0.00011852
0.0, 260.0, 20.0, 0.00009404
10.0, 0.0, 20.0, 0.00013486
10.0, 10.0, 20.0, 0.00011164
10.0, 20.0, 20.0, 0.00011894
10.0, 30.0, 20.0, 0.00013295
10.0, 40.0, 20.0, 0.00009884
10.0, 50.0, 20.0, 0.00005020
10.0, 60.0, 20.0, 0.00047020
10.0, 70.0, 20.0, 0.00024864
10.0, 80.0, 20.0, 0.00031150
10.0, 90.0, 20.0, 0.00063053
10.0, 100.0, 20.0, 0.00092446
10.0, 110.0, 20.0, 0.00097967
10.0, 120.0, 20.0, 0.00102591
10.0, 130.0, 20.0, 0.00113270
10.0, 140.0, 20.0, 0.00142471
10.0, 150.0, 20.0, 0.00112047
10.0, 160.0, 20.0, 0.00088893
10.0, 170.0, 20.0, 0.00070522
10.0, 180.0, 20.0, 0.00066277
10.0, 190.0, 20.0, 0.00083119
10.0, 200.0, 20.0, 0.00070851
10.0, 210.0, 20.0, 0.00081854
10.0, 220.0, 20.0, 0.00065699
10.0, 230.0, 20.0, 0.00030973
10.0, 240.0, 20.0, 0.00019834
10.0, 250.0, 20.0, 0.00010068
10.0, 260.0, 20.0, 0.00000769
20.0, 0.0, 20.0, 0.00010424
20.0, 10.0, 20.0, 0.00010686
20.0, 20.0, 20.0, 0.00013254
20.0, 30.0, 20.0, 0.00012611
20.0, 40.0, 20.0, 0.00013811
20.0, 50.0, 20.0, 0.00014589
20.0, 60.0, 20.0, 0.00011197
20.0, 70.0, 20.0, 0.00015261
20.0, 80.0, 20.0, 0.00012774
20.0, 90.0, 20.0, 0.00012932
20.0, 100.0, 20.0, 0.00032504
20.0, 110.0, 20.0, 0.00057567
20.0, 120.0, 20.0, 0.00060557
20.0, 130.0, 20.0, 0.00086696
20.0, 140.0, 20.0, 0.00149279
20.0, 150.0, 20.0, 0.00144688
20.0, 160.0, 20.0, 0.00088186
20.0, 170.0, 20.0, 0.00069082
20.0, 180.0, 20.0, 0.00064572
20.0, 190.0, 20.0, 0.00056919
20.0, 200.0, 20.0, 0.00058469
20.0, 210.0, 20.0, 0.00057951
20.0, 220.0, 20.0, 0.00051918
20.0, 230.0, 20.0, 0.00035113
20.0, 240.0, 20.0, 0.00020511
20.0, 250.0, 20.0, 0.00009535
20.0, 260.0, 20.0, 0.00000248
30.0, 0.0, 20.0, 0.00008409
30.0, 10.0, 20.0, 0.00011872
30.0, 20.0, 20.0, 0.00012686
30.0, 30.0, 20.0, 0.00009622
30.0, 40.0, 20.0, 0.00023727
30.0, 50.0, 20.0, 0.00028911
30.0, 60.0, 20.0, 0.00021572
30.0, 70.0, 20.0, 0.00025865
30.0, 80.0, 20.0, 0.00013734
30.0, 90.0, 20.0, 0.00006000
30.0, 100.0, 20.0, 0.00030983
30.0, 110.0, 20.0, 0.00066222
30.0, 120.0, 20.0, 0.00081104
30.0, 130.0, 20.0, 0.00102988
30.0, 140.0, 20.0, 0.00139571
30.0, 150.0, 20.0, 0.00148304
30.0, 160.0, 20.0, 0.00142218
30.0, 170.0, 20.0, 0.00131218
30.0, 180.0, 20.0, 0.00088209
30.0, 190.0, 20.0, 0.00075004
30.0, 200.0, 20.0, 0.00073764
30.0, 210.0, 20.0, 0.00075645
30.0, 220.0, 20.0, 0.00070168
30.0, 230.0, 20.0, 0.00048689
30.0, 240.0, 20.0, 0.00022622
30.0, 250.0, 20.0, 0.00010484
30.0, 260.0, 20.0, 0.00001094
40.0, 0.0, 20.0, 0.00005434
40.0, 10.0, 20.0, 0.00013990
40.0, 20.0, 20.0, 0.00017771
40.0, 30.0, 20.0, 0.00028894
40.0, 40.0, 20.0, 0.00023958
40.0, 50.0, 20.0, 0.00030729
40.0, 60.0, 20.0, 0.00022931
40.0, 70.0, 20.0, 0.00076454
40.0, 80.0, 20.0, 0.00063425
40.0, 90.0, 20.0, 0.00104956
40.0, 100.0, 20.0, 0.00113913
40.0, 110.0, 20.0, 0.00113024
40.0, 120.0, 20.0, 0.00102615
40.0, 130.0, 20.0, 0.00118871
40.0, 140.0, 20.0, 0.00137607
40.0, 150.0, 20.0, 0.00148532
40.0, 160.0, 20.0, 0.00136583
40.0, 170.0, 20.0, 0.00140215
40.0, 180.0, 20.0, 0.00136561
40.0, 190.0, 20.0, 0.00102037
40.0, 200.0, 20.0, 0.00088081
40.0, 210.0, 20.0, 0.00082844
40.0, 220.0, 20.0, 0.00080767
40.0, 230.0, 20.0, 0.00064519
40.0, 240.0, 20.0, 0.00034380
40.0, 250.0, 20.0, 0.00017992
40.0, 260.0, 20.0, 0.00009981
50.0, 0.0, 20.0, 0.00002261
50.0, 10.0, 20.0, 0.00016873
50.0, 20.0, 20.0, 0.00024461
50.0, 30.0, 20.0, 0.00029571
50.0, 40.0, 20.0, 0.00027772
50.0, 50.0, 20.0, 0.00047956
50.0, 60.0, 20.0, 0.00061784
50.0, 70.0, 20.0, 0.00063546
50.0, 80.0, 20.0, 0.00085017
50.0, 90.0, 20.0, 0.00112269
50.0, 100.0, 20.0, 0.00124348
50.0, 110.0, 20.0, 0.00098612
50.0, 120.0, 20.0, 0.00094541
50.0, 130.0, 20.0, 0.00113312
50.0, 140.0, 20.0, 0.00128775
50.0, 150.0, 20.0, 0.00133300
50.0, 160.0, 20.0, 0.00133653
50.0, 170.0, 20.0, 0.00138994
50.0, 180.0, 20.0, 0.00140287
50.0, 190.0, 20.0, 0.00132608
50.0, 200.0, 20.0, 0.00104731
50.0, 210.0, 20.0, 0.00091664
50.0, 220.0, 20.0, 0.00085723
50.0, 230.0, 20.0, 0.00081997
50.0, 240.0, 20.0, 0.00051725
50.0, 250.0, 20.0, 0.00024305
50.0, 260.0, 20.0, 0.00014244
60.0, 0.0, 20.0, 0.00003196
60.0, 10.0, 20.0, 0.00018061
60.0, 20.0, 20.0, 0.00032035
60.0, 30.0, 20.0, 0.00053624
60.0, 40.0, 20.0, 0.00029601
60.0, 50.0, 20.0, 0.00036071
60.0, 60.0, 20.0, 0.00074092
60.0, 70.0, 20.0, 0.00095697
60.0, 80.0, 20.0, 0.00081207
60.0, 90.0, 20.0, 0.00059678
60.0, 100.0, 20.0, 0.00090545
60.0, 110.0, 20.0, 0.00109432
60.0, 120.0, 20.0, 0.00092667
60.0, 130.0, 20.0, 0.00096097
60.0, 140.0, 20.0, 0.00117292
60.0, 150.0, 20.0, 0.00119122
60.0, 160.0, 20.0, 0.00119308
60.0, 170.0, 20.0, 0.00119682
60.0, 180.0, 20.0, 0.00117545
60.0, 190.0, 20.0, 0.00116379
60.0, 200.0, 20.0, 0.00115605
60.0, 210.0, 20.0, 0.00117207
60.0, 220.0, 20.0, 0.00088447
60.0, 230.0, 20.0, 0.00084921
60.0, 240.0, 20.0, 0.00064205
60.0, 250.0, 20.0, 0.00033426
60.0, 260.0, 20.0, 0.00015847
70.0, 0.0, 20.0, 0.00006808
70.0, 10.0, 20.0, 0.00037054
70.0, 20.0, 20.0, 0.00025341
70.0, 30.0, 20.0, 0.00043007
70.0, 40.0, 20.0, 0.00039213
70.0, 50.0, 20.0, 0.00037707
70.0, 60.0, 20.0, 0.00054036
70.0, 70.0, 20.0, 0.00055425
70.0, 80.0, 20.0, 0.00029160
70.0, 90.0, 20.0, 0.00045729
70.0, 100.0, 20.0, 0.00075587
70.0, 110.0, 20.0, 0.00093961
70.0, 120.0, 20.0, 0.00088911
70.0, 130.0, 20.0, 0.00103079
70.0, 140.0, 20.0, 0.00101109
70.0, 150.0, 20.0, 0.00095975
70.0, 160.0, 20.0, 0.00092106
70.0, 170.0, 20.0, 0.00092941
70.0, 180.0, 20.0, 0.00091607
70.0, 190.0, 20.0, 0.00084703
70.0, 200.0, 20.0, 0.00086259
70.0, 210.0, 20.0, 0.00097417
70.0, 220.0, 20.0, 0.00099713
70.0, 230.0, 20.0, 0.00084403
70.0, 240.0, 20.0, 0.00074569
70.0, 250.0, 20.0, 0.00043889
70.0, 260.0, 20.0, 0.00034603
80.0, 0.0, 20.0, 0.00017736
80.0, 10.0, 20.0, 0.00024402
80.0, 20.0, 20.0, 0.00027163
80.0, 30.0, 20.0, 0.00035289
80.0, 40.0, 20.0, 0.00038291
80.0, 50.0, 20.0, 0.00047659
80.0, 60.0, 20.0, 0.00045849
80.0, 70.0, 20.0, 0.00039584
80.0, 80.0, 20.0, 0.00028951
80.0, 90.0, 20.0, 0.00031814
80.0, 100.0, 20.0, 0.00053916
80.0, 110.0, 20.0, 0.00070367
80.0, 120.0, 20.0, 0.00080763
80.0, 130.0, 20.0, 0.00091848
80.0, 140.0, 20.0, 0.00091931
80.0, 150.0, 20.0, 0.00080960
80.0, 160.0, 20.0, 0.00063563
80.0, 170.0, 20.0, 0.00052261
80.0, 180.0, 20.0, 0.00059553
80.0, 190.0, 20.0, 0.00065693
80.0, 200.0, 20.0, 0.00066948
80.0, 210.0, 20.0, 0.00071410
80.0, 220.0, 20.0, 0.00074984
80.0, 230.0, 20.0, 0.00074503
80.0, 240.0, 20.0, 0.00074156
80.0, 250.0, 20.0, 0.00054807
80.0, 260.0, 20.0, 0.00028369
90.0, 0.0, 20.0, 0.00025541
90.0, 10.0, 20.0, 0.00031784
90.0, 20.0, 20.0, 0.00034741
90.0, 30.0, 20.0, 0.00035353
90.0, 40.0, 20.0, 0.00030698
90.0, 50.0, 20.0, 0.00055489
90.0, 60.0, 20.0, 0.00050862
90.0, 70.0, 20.0, 0.00046367
90.0, 80.0, 20.0, 0.00045573
90.0, 90.0, 20.0, 0.00014078
90.0, 100.0, 20.0, 0.00064443
90.0, 110.0, 20.0, 0.00085664
90.0, 120.0, 20.0, 0.00085036
90.0, 130.0, 20.0, 0.00085638
90.0, 140.0, 20.0, 0.00082974
90.0, 150.0, 20.0, 0.00059514
90.0, 160.0, 20.0, 0.00047387
90.0, 170.0, 20.0, 0.00036990
90.0, 180.0, 20.0, 0.00050420
90.0, 190.0, 20.0, 0.00065017
90.0, 200.0, 20.0, 0.00066786
90.0, 210.0, 20.0, 0.00073088
90.0, 220.0, 20.0, 0.00073184
90.0, 230.0, 20.0, 0.00076920
90.0, 240.0, 20.0, 0.00079498
90.0, 250.0, 20.0, 0.00069778
90.0, 260.0, 20.0, 0.00041635
100.0, 0.0, 20.0, 0.00029596
100.0, 10.0, 20.0, 0.00036856
100.0, 20.0, 20.0, 0.00037108
100.0, 30.0, 20.0, 0.00025641
100.0, 40.0, 20.0, 0.00024716
100.0, 50.0, 20.0, 0.00051527
100.0, 60.0, 20.0, 0.00053761
100.0, 70.0, 20.0, 0.00037287
100.0, 80.0, 20.0, 0.00054522
100.0, 90.0, 20.0, 0.00025005
100.0, 100.0, 20.0, 0.00072827
100.0, 110.0, 20.0, 0.00084757
100.0, 120.0, 20.0, 0.00079002
100.0, 130.0, 20.0, 0.00075370
100.0, 140.0, 20.0, 0.00059167
100.0, 150.0, 20.0, 0.00058817
100.0, 160.0, 20.0, 0.00039888
100.0, 170.0, 20.0, 0.00040406
100.0, 180.0, 20.0, 0.00055258
100.0, 190.0, 20.0, 0.00073985
100.0, 200.0, 20.0, 0.00075346
100.0, 210.0, 20.0, 0.00075343
100.0, 220.0, 20.0, 0.00071547
100.0, 230.0, 20.0, 0.00072454
100.0, 240.0, 20.0, 0.00076640
100.0, 250.0, 20.0, 0.00083094
100.0, 260.0, 20.0, 0.00081651
110.0, 0.0, 20.0, 0.00013756
110.0, 10.0, 20.0, 0.00031605
110.0, 20.0, 20.0, 0.00034310
110.0, 30.0, 20.0, 0.00040124
110.0, 40.0, 20.0, 0.00038119
110.0, 50.0, 20.0, 0.00033610
110.0, 60.0, 20.0, 0.00054567
110.0, 70.0, 20.0, 0.00062424
110.0, 80.0, 20.0, 0.00050472
110.0, 90.0, 20.0, 0.00028425
110.0, 100.0, 20.0, 0.00066364
110.0, 110.0, 20.0, 0.00070842
110.0, 120.0, 20.0, 0.00069218
110.0, 130.0, 20.0, 0.00049044
110.0, 140.0, 20.0, 0.00049048
110.0, 150.0, 20.0, 0.00043732
110.0, 160.0, 20.0, 0.00035857
110.0, 170.0, 20.0, 0.00035486
110.0, 180.0, 20.0, 0.00045094
110.0, 190.0, 20.0, 0.00067744
110.0, 200.0, 20.0, 0.00068436
110.0, 210.0, 20.0, 0.00071285
110.0, 220.0, 20.0, 0.00072939
110.0, 230.0, 20.0, 0.00072742
110.0, 240.0, 20.0, 0.00071956
110.0, 250.0, 20.0, 0.00069845
110.0, 260.0, 20.0, 0.00067308
120.0, 0.0, 20.0, 0.00008486
120.0, 10.0, 20.0, 0.00023616
120.0, 20.0, 20.0, 0.00032624
120.0, 30.0, 20.0, 0.00035547
120.0, 40.0, 20.0, 0.00044393
120.0, 50.0, 20.0, 0.00050065
120.0, 60.0, 20.0, 0.00049611
120.0, 70.0, 20.0, 0.00026662
120.0, 80.0, 20.0, 0.00041121
120.0, 90.0, 20.0, 0.00029928
120.0, 100.0, 20.0, 0.00042019
120.0, 110.0, 20.0, 0.00032541
120.0, 120.0, 20.0, 0.00040840
120.0, 130.0, 20.0, 0.00050959
120.0, 140.0, 20.0, 0.00049340
120.0, 150.0, 20.0, 0.00040919
120.0, 160.0, 20.0, 0.00035175
120.0, 170.0, 20.0, 0.00028608
120.0, 180.0, 20.0, 0.00039228
120.0, 190.0, 20.0, 0.00042878
120.0, 200.0, 20.0, 0.00054320
120.0, 210.0, 20.0, 0.00064987
120.0, 220.0, 20.0, 0.00066924
120.0, 230.0, 20.0, 0.00065356
120.0, 240.0, 20.0, 0.00067689
120.0, 250.0, 20.0, 0.00066474
120.0, 260.0, 20.0, 0.00066293
130.0, 0.0, 20.0, 0.00007307
130.0, 10.0, 20.0, 0.00019146
130.0, 20.0, 20.0, 0.00018924
130.0, 30.0, 20.0, 0.00033454
130.0, 40.0, 20.0, 0.00036799
130.0, 50.0, 20.0, 0.00043133
130.0, 60.0, 20.0, 0.00047177
130.0, 70.0, 20.0, 0.00048948
130.0, 80.0, 20.0, 0.00050780
130.0, 90.0, 20.0, 0.00035709
130.0, 100.0, 20.0, 0.00040675
130.0, 110.0, 20.0, 0.00045957
130.0, 120.0, 20.0, 0.00052877
130.0, 130.0, 20.0, 0.00051506
130.0, 140.0, 20.0, 0.00049768
130.0, 150.0, 20.0, 0.00049836
130.0, 160.0, 20.0, 0.00040383
130.0, 170.0, 20.0, 0.00039958
130.0, 180.0, 20.0, 0.00030161
130.0, 190.0, 20.0, 0.00031897
130.0, 200.0, 20.0, 0.00032602
130.0, 210.0, 20.0, 0.00036980
130.0, 220.0, 20.0, 0.00036191
130.0, 230.0, 20.0, 0.00034153
130.0, 240.0, 20.0, 0.00029915
130.0, 250.0, 20.0, 0.00027883
130.0, 260.0, 20.0, 0.00034292
140.0, 0.0, 20.0, 0.00006933
140.0, 10.0, 20.0, 0.00007713
140.0, 20.0, 20.0, 0.00010738
140.0, 30.0, 20.0, 0.00030219
140.0, 40.0, 20.0, 0.00031185
140.0, 50.0, 20.0, 0.00040758
140.0, 60.0, 20.0, 0.00044111
140.0, 70.0, 20.0, 0.00044793
140.0, 80.0, 20.0, 0.00048533
140.0, 90.0, 20.0, 0.00047124
140.0, 100.0, 20.0, 0.00045323
140.0, 110.0, 20.0, 0.00047123
140.0, 120.0, 20.0, 0.00049624
140.0, 130.0, 20.0, 0.00049271
140.0, 140.0, 20.0, 0.00047245
140.0, 150.0, 20.0, 0.00043806
140.0, 160.0, 20.0, 0.00042633
140.0, 170.0, 20.0, 0.00042160
140.0, 180.0, 20.0, 0.00028186
140.0, 190.0, 20.0, 0.00029803
140.0, 200.0, 20.0, 0.00031869
140.0, 210.0, 20.0, 0.00028271
140.0, 220.0, 20.0, 0.00029461
140.0, 230.0, 20.0, 0.00026798
140.0, 240.0, 20.0, 0.00023284
140.0, 250.0, 20.0, 0.00019729
140.0, 260.0, 20.0, 0.00017811
150.0, 0.0, 20.0, 0.00009654
150.0, 10.0, 20.0, 0.00005250
150.0, 20.0, 20.0, 0.00005524
150.0, 30.0, 20.0, 0.00010607
150.0, 40.0, 20.0, 0.00023823
150.0, 50.0, 20.0, 0.00030547
150.0, 60.0, 20.0, 0.00035009
150.0, 70.0, 20.0, 0.00036517
150.0, 80.0, 20.0, 0.00039378
150.0, 90.0, 20.0, 0.00042512
150.0, 100.0, 20.0, 0.00043465
150.0, 110.0, 20.0, 0.00043311
150.0, 120.0, 20.0, 0.00045219
150.0, 130.0, 20.0, 0.00045941
150.0, 140.0, 20.0, 0.00045611
150.0, 150.0, 20.0, 0.00045736
150.0, 160.0, 20.0, 0.00042402
150.0, 170.0, 20.0, 0.00038561
150.0, 180.0, 20.0, 0.00031641
150.0, 190.0, 20.0, 0.00018278
150.0, 200.0, 20.0, 0.00022058
150.0, 210.0, 20.0, 0.00024302
150.0, 220.0, 20.0, 0.00024839
150.0, 230.0, 20.0, 0.00025903
150.0, 240.0, 20.0, 0.00024006
150.0, 250.0, 20.0, 0.00020809
150.0, 260.0, 20.0, 0.00016795
160.0, 0.0, 20.0, 0.00007645
160.0, 10.0, 20.0, 0.00004126
160.0, 20.0, 20.0, 0.00006424
160.0, 30.0, 20.0, 0.00008862
160.0, 40.0, 20.0, 0.00011771
160.0, 50.0, 20.0, 0.00013665
160.0, 60.0, 20.0, 0.00016976
160.0, 70.0, 20.0, 0.00014920
160.0, 80.0, 20.0, 0.00022777
160.0, 90.0, 20.0, 0.00032652
160.0, 100.0, 20.0, 0.00035206
160.0, 110.0, 20.0, 0.00035999
160.0, 120.0, 20.0, 0.00038193
160.0, 130.0, 20.0, 0.00039064
160.0, 140.0, 20.0, 0.00036301
160.0, 150.0, 20.0, 0.00029993
160.0, 160.0, 20.0, 0.00026126
160.0, 170.0, 20.0, 0.00023431
160.0, 180.0, 20.0, 0.00022090
160.0, 190.0, 20.0, 0.00019792
160.0, 200.0, 20.0, 0.00019620
160.0, 210.0, 20.0, 0.00019882
160.0, 220.0, 20.0, 0.00018654
160.0, 230.0, 20.0, 0.00018113
160.0, 240.0, 20.0, 0.00017263
160.0, 250.0, 20.0, 0.00016521
160.0, 260.0, 20.0, 0.00015444
170.0, 0.0, 20.0, 0.00003300
170.0, 10.0, 20.0, 0.00002729
170.0, 20.0, 20.0, 0.00007135
170.0, 30.0, 20.0, 0.00012752
170.0, 40.0, 20.0, 0.00014415
170.0, 50.0, 20.0, 0.00013937
170.0, 60.0, 20.0, 0.00011992
170.0, 70.0, 20.0, 0.00010042
170.0, 80.0, 20.0, 0.00009473
170.0, 90.0, 20.0, 0.00010721
170.0, 100.0, 20.0, 0.00011637
170.0, 110.0, 20.0, 0.00012755
170.0, 120.0, 20.0, 0.00014299
170.0, 130.0, 20.0, 0.00016018
170.0, 140.0, 20.0, 0.00015434
170.0, 150.0, 20.0, 0.00014634
170.0, 160.0, 20.0, 0.00014122
170.0, 170.0, 20.0, 0.00012779
170.0, 180.0, 20.0, 0.00012244
170.0, 190.0, 20.0, 0.00012110
170.0, 200.0, 20.0, 0.00011688
170.0, 210.0, 20.0, 0.00011300
170.0, 220.0, 20.0, 0.00009561
170.0, 230.0, 20.0, 0.00008519
170.0, 240.0, 20.0, 0.00007843
170.0, 250.0, 20.0, 0.00007646
170.0, 260.0, 20.0, 0.00008370
180.0, 0.0, 20.0, 0.00002386
180.0, 10.0, 20.0, 0.00002506
180.0, 20.0, 20.0, 0.00008718
180.0, 30.0, 20.0, 0.00008985
180.0, 40.0, 20.0, 0.00010296
180.0, 50.0, 20.0, 0.00010718
180.0, 60.0, 20.0, 0.00008789
180.0, 70.0, 20.0, 0.00006542
180.0, 80.0, 20.0, 0.00006389
180.0, 90.0, 20.0, 0.00007168
180.0, 100.0, 20.0, 0.00009355
180.0, 110.0, 20.0, 0.00010331
180.0, 120.0, 20.0, 0.00009456
180.0, 130.0, 20.0, 0.00009124
180.0, 140.0, 20.0, 0.00007312
180.0, 150.0, 20.0, 0.00005966
180.0, 160.0, 20.0, 0.00005979
180.0, 170.0, 20.0, 0.00006360
180.0, 180.0, 20.0, 0.00006535
180.0, 190.0, 20.0, 0.00006246
180.0, 200.0, 20.0, 0.00005523
180.0, 210.0, 20.0, 0.00004169
180.0, 220.0, 20.0, 0.00003579
180.0, 230.0, 20.0, 0.00004098
180.0, 240.0, 20.0, 0.00005094
180.0, 250.0, 20.0, 0.00005628
180.0, 260.0, 20.0, 0.00005331
190.0, 0.0, 20.0, 0.00002107
190.0, 10.0, 20.0, 0.00002424
190.0, 20.0, 20.0, 0.00004780
190.0, 30.0, 20.0, 0.00005677
190.0, 40.0, 20.0, 0.00005462
190.0, 50.0, 20.0, 0.00004743
190.0, 60.0, 20.0, 0.00004377
190.0, 70.0, 20.0, 0.00004986
190.0, 80.0, 20.0, 0.00006030
190.0, 90.0, 20.0, 0.00006917
190.0, 100.0, 20.0, 0.00005920
190.0, 110.0, 20.0, 0.00004492
190.0, 120.0, 20.0, 0.00003755
190.0, 130.0, 20.0, 0.00004015
190.0, 140.0, 20.0, 0.00004311
190.0, 150.0, 20.0, 0.00004335
190.0, 160.0, 20.0, 0.00004457
190.0, 170.0, 20.0, 0.00004300
190.0, 180.0, 20.0, 0.00003689
190.0, 190.0, 20.0, 0.00003450
190.0, 200.0, 20.0, 0.00003022
190.0, 210.0, 20.0, 0.00003964
190.0, 220.0, 20.0, 0.00004548
190.0, 230.0, 20.0, 0.00009426
190.0, 240.0, 20.0, 0.00010433
190.0, 250.0, 20.0, 0.00011961
190.0, 260.0, 20.0, 0.00012136
200.0, 0.0, 20.0, 0.00002139
200.0, 10.0, 20.0, 0.00001642
200.0, 20.0, 20.0, 0.00002567
200.0, 30.0, 20.0, 0.00003565
200.0, 40.0, 20.0, 0.00003415
200.0, 50.0, 20.0, 0.00003800
200.0, 60.0, 20.0, 0.00004218
200.0, 70.0, 20.0, 0.00003913
200.0, 80.0, 20.0, 0.00003859
200.0, 90.0, 20.0, 0.00004005
200.0, 100.0, 20.0, 0.00004054
200.0, 110.0, 20.0, 0.00005001
200.0, 120.0, 20.0, 0.00005571
200.0, 130.0, 20.0, 0.00006001
200.0, 140.0, 20.0, 0.00006350
200.0, 150.0, 20.0, 0.00005530
200.0, 160.0, 20.0, 0.00005408
200.0, 170.0, 20.0, 0.00005008
200.0, 180.0, 20.0, 0.00004956
200.0, 190.0, 20.0, 0.00006001
200.0, 200.0, 20.0, 0.00006686
200.0, 210.0, 20.0, 0.00006942
200.0, 220.0, 20.0, 0.00007403
200.0, 230.0, 20.0, 0.00009822
200.0, 240.0, 20.0, 0.00011909
200.0, 250.0, 20.0, 0.00013108
200.0, 260.0, 20.0, 0.00012444
210.0, 0.0, 20.0, 0.00002418
210.0, 10.0, 20.0, 0.00002483
210.0, 20.0, 20.0, 0.00002947
210.0, 30.0, 20.0, 0.00002770
210.0, 40.0, 20.0, 0.00004013
210.0, 50.0, 20.0, 0.00005105
210.0, 60.0, 20.0, 0.00005250
210.0, 70.0, 20.0, 0.00005260
210.0, 80.0, 20.0, 0.00005716
210.0, 90.0, 20.0, 0.00005975
210.0, 100.0, 20.0, 0.00006725
210.0, 110.0, 20.0, 0.00007944
210.0, 120.0, 20.0, 0.00007914
210.0, 130.0, 20.0, 0.00008106
210.0, 140.0, 20.0, 0.00007438
210.0, 150.0, 20.0, 0.00006544
210.0, 160.0, 20.0, 0.00005920
210.0, 170.0, 20.0, 0.00005663
210.0, 180.0, 20.0, 0.00005041
210.0, 190.0, 20.0, 0.00004825
210.0, 200.0, 20.0, 0.00005253
210.0, 210.0, 20.0, 0.00006697
210.0, 220.0, 20.0, 0.00006616
210.0, 230.0, 20.0, 0.00007781
210.0, 240.0, 20.0, 0.00008803
210.0, 250.0, 20.0, 0.00011886
210.0, 260.0, 20.0, 0.00011005
220.0, 0.0, 20.0, 0.00002857
220.0, 10.0, 20.0, 0.00002711
220.0, 20.0, 20.0, 0.00003189
220.0, 30.0, 20.0, 0.00003792
220.0, 40.0, 20.0, 0.00004420
220.0, 50.0, 20.0, 0.00005239
220.0, 60.0, 20.0, 0.00005697
220.0, 70.0, 20.0, 0.00006023
220.0, 80.0, 20.0, 0.00006445
220.0, 90.0, 20.0, 0.00006227
220.0, 100.0, 20.0, 0.00006922
220.0, 110.0, 20.0, 0.00006921
220.0, 120.0, 20.0, 0.00006992
220.0, 130.0, 20.0, 0.00007411
220.0, 140.0, 20.0, 0.00008135
220.0, 150.0, 20.0, 0.00007470
220.0, 160.0, 20.0, 0.00006604
220.0, 170.0, 20.0, 0.00005868
220.0, 180.0, 20.0, 0.00005687
220.0, 190.0, 20.0, 0.00005446
220.0, 200.0, 20.0, 0.00005068
220.0, 210.0, 20.0, 0.00005474
220.0, 220.0, 20.0, 0.00005805
220.0, 230.0, 20.0, 0.00007025
220.0, 240.0, 20.0, 0.00007493
220.0, 250.0, 20.0, 0.00008954
220.0, 260.0, 20.0, 0.00009068
230.0, 0.0, 20.0, 0.00003062
230.0, 10.0, 20.0, 0.00003578
230.0, 20.0, 20.0, 0.00004160
230.0, 30.0, 20.0, 0.00004070
230.0, 40.0, 20.0, 0.00004365
230.0, 50.0, 20.0, 0.00005151
230.0, 60.0, 20.0, 0.00005459
230.0, 70.0, 20.0, 0.00005969
230.0, 80.0, 20.0, 0.00006185
230.0, 90.0, 20.0, 0.00006217
230.0, 100.0, 20.0, 0.00006458
230.0, 110.0, 20.0, 0.00007444
230.0, 120.0, 20.0, 0.00007844
230.0, 130.0, 20.0, 0.00007891
230.0, 140.0, 20.0, 0.00008050
230.0, 150.0, 20.0, 0.00007451
230.0, 160.0, 20.0, 0.00006123
230.0, 170.0, 20.0, 0.00005438
230.0, 180.0, 20.0, 0.00005539
230.0, 190.0, 20.0, 0.00005666
230.0, 200.0, 20.0, 0.00005992
230.0, 210.0, 20.0, 0.00006193
230.0, 220.0, 20.0, 0.00005618
230.0, 230.0, 20.0, 0.00005059
230.0, 240.0, 20.0, 0.00005569
230.0, 250.0, 20.0, 0.00006862
230.0, 260.0, 20.0, 0.00007770
