S
I=45,J=40
0.0, 0.0, 0.004744
0.0, 0.0, 0.004626
0.0, 0.0, 0.004378
0.0, 0.0, 0.004416
0.0, 0.0, 0.005487
0.0, 0.0, 0.012127
0.0, 0.0, 0.014484
0.0, 0.0, 0.015149
0.0, 0.0, 0.014626
0.0, 0.0, 0.015810
0.0, 0.0, 0.015719
0.0, 0.0, 0.015771
0.0, 0.0, 0.015868
0.0, 0.0, 0.015890
0.0, 0.0, 0.015754
0.0, 0.0, 0.015380
0.0, 0.0, 0.015183
0.0, 0.0, 0.015488
0.0, 0.0, 0.015605
0.0, 0.0, 0.015688
0.0, 0.0, 0.015712
0.0, 0.0, 0.015679
0.0, 0.0, 0.015409
0.0, 0.0, 0.015924
0.0, 0.0, 0.016327
0.0, 0.0, 0.015972
0.0, 0.0, 0.015902
0.0, 0.0, 0.015700
0.0, 0.0, 0.015054
0.0, 0.0, 0.015156
0.0, 0.0, 0.015596
0.0, 0.0, 0.015605
0.0, 0.0, 0.014891
0.0, 0.0, 0.014827
0.0, 0.0, 0.012079
0.0, 0.0, 0.013984
0.0, 0.0, 0.014461
0.0, 0.0, 0.015314
0.0, 0.0, 0.015624
0.0, 0.0, 0.015562
0.0, 0.0, 0.015603
0.0, 0.0, 0.015551
0.0, 0.0, 0.015148
0.0, 0.0, 0.015628
0.0, 0.0, 0.016008
0.0, 0.0, 0.004679
0.0, 0.0, 0.004579
0.0, 0.0, 0.004436
0.0, 0.0, 0.004143
0.0, 0.0, 0.004921
0.0, 0.0, 0.012450
0.0, 0.0, 0.014641
0.0, 0.0, 0.015475
0.0, 0.0, 0.015947
0.0, 0.0, 0.015951
0.0, 0.0, 0.015864
0.0, 0.0, 0.015890
0.0, 0.0, 0.015811
0.0, 0.0, 0.015782
0.0, 0.0, 0.015405
0.0, 0.0, 0.015193
0.0, 0.0, 0.015287
0.0, 0.0, 0.015543
0.0, 0.0, 0.015671
0.0, 0.0, 0.015816
0.0, 0.0, 0.016003
0.0, 0.0, 0.016107
0.0, 0.0, 0.016078
0.0, 0.0, 0.015685
0.0, 0.0, 0.014862
0.0, 0.0, 0.015082
0.0, 0.0, 0.015024
0.0, 0.0, 0.015283
0.0, 0.0, 0.015889
0.0, 0.0, 0.015088
0.0, 0.0, 0.015150
0.0, 0.0, 0.014232
0.0, 0.0, 0.014547
0.0, 0.0, 0.013986
0.0, 0.0, 0.014503
0.0, 0.0, 0.015021
0.0, 0.0, 0.015794
0.0, 0.0, 0.015104
0.0, 0.0, 0.014682
0.0, 0.0, 0.014028
0.0, 0.0, 0.013961
0.0, 0.0, 0.013924
0.0, 0.0, 0.014258
0.0, 0.0, 0.014669
0.0, 0.0, 0.015235
0.0, 0.0, 0.004506
0.0, 0.0, 0.004368
0.0, 0.0, 0.004360
0.0, 0.0, 0.004003
0.0, 0.0, 0.010979
0.0, 0.0, 0.012620
0.0, 0.0, 0.013965
0.0, 0.0, 0.014786
0.0, 0.0, 0.015767
0.0, 0.0, 0.015768
0.0, 0.0, 0.015515
0.0, 0.0, 0.015413
0.0, 0.0, 0.015452
0.0, 0.0, 0.015449
0.0, 0.0, 0.015050
0.0, 0.0, 0.014717
0.0, 0.0, 0.014858
0.0, 0.0, 0.015156
0.0, 0.0, 0.015257
0.0, 0.0, 0.014891
0.0, 0.0, 0.015136
0.0, 0.0, 0.015392
0.0, 0.0, 0.015589
0.0, 0.0, 0.014892
0.0, 0.0, 0.013414
0.0, 0.0, 0.014148
0.0, 0.0, 0.014110
0.0, 0.0, 0.014713
0.0, 0.0, 0.015194
0.0, 0.0, 0.015515
0.0, 0.0, 0.015765
0.0, 0.0, 0.016086
0.0, 0.0, 0.015936
0.0, 0.0, 0.016061
0.0, 0.0, 0.015120
0.0, 0.0, 0.015318
0.0, 0.0, 0.014789
0.0, 0.0, 0.015191
0.0, 0.0, 0.014853
0.0, 0.0, 0.014021
0.0, 0.0, 0.013782
0.0, 0.0, 0.013163
0.0, 0.0, 0.013769
0.0, 0.0, 0.013908
0.0, 0.0, 0.014384
0.0, 0.0, 0.003817
0.0, 0.0, 0.003817
0.0, 0.0, 0.004290
0.0, 0.0, 0.004164
0.0, 0.0, 0.010141
0.0, 0.0, 0.010920
0.0, 0.0, 0.012386
0.0, 0.0, 0.013064
0.0, 0.0, 0.015305
0.0, 0.0, 0.015581
0.0, 0.0, 0.015382
0.0, 0.0, 0.015296
0.0, 0.0, 0.015436
0.0, 0.0, 0.015179
0.0, 0.0, 0.014740
0.0, 0.0, 0.014456
0.0, 0.0, 0.014603
0.0, 0.0, 0.014837
0.0, 0.0, 0.014764
0.0, 0.0, 0.014563
0.0, 0.0, 0.014877
0.0, 0.0, 0.014943
0.0, 0.0, 0.014960
0.0, 0.0, 0.014214
0.0, 0.0, 0.013051
0.0, 0.0, 0.011987
0.0, 0.0, 0.013623
0.0, 0.0, 0.013753
0.0, 0.0, 0.014079
0.0, 0.0, 0.014466
0.0, 0.0, 0.015039
0.0, 0.0, 0.015233
0.0, 0.0, 0.015253
0.0, 0.0, 0.015217
0.0, 0.0, 0.015197
0.0, 0.0, 0.014896
0.0, 0.0, 0.014576
0.0, 0.0, 0.014807
0.0, 0.0, 0.014328
0.0, 0.0, 0.013888
0.0, 0.0, 0.013866
0.0, 0.0, 0.013035
0.0, 0.0, 0.013046
0.0, 0.0, 0.013018
0.0, 0.0, 0.013294
0.0, 0.0, 0.003703
0.0, 0.0, 0.003705
0.0, 0.0, 0.003880
0.0, 0.0, 0.003817
0.0, 0.0, 0.009438
0.0, 0.0, 0.010280
0.0, 0.0, 0.012318
0.0, 0.0, 0.014498
0.0, 0.0, 0.015157
0.0, 0.0, 0.015520
0.0, 0.0, 0.015341
0.0, 0.0, 0.015207
0.0, 0.0, 0.015371
0.0, 0.0, 0.015124
0.0, 0.0, 0.014499
0.0, 0.0, 0.014222
0.0, 0.0, 0.014476
0.0, 0.0, 0.014761
0.0, 0.0, 0.015001
0.0, 0.0, 0.014380
0.0, 0.0, 0.014361
0.0, 0.0, 0.014411
0.0, 0.0, 0.014215
0.0, 0.0, 0.014064
0.0, 0.0, 0.012496
0.0, 0.0, 0.011399
0.0, 0.0, 0.012437
0.0, 0.0, 0.011951
0.0, 0.0, 0.013675
0.0, 0.0, 0.014256
0.0, 0.0, 0.014421
0.0, 0.0, 0.014818
0.0, 0.0, 0.014812
0.0, 0.0, 0.014458
0.0, 0.0, 0.013901
0.0, 0.0, 0.013903
0.0, 0.0, 0.013512
0.0, 0.0, 0.014090
0.0, 0.0, 0.014309
0.0, 0.0, 0.014322
0.0, 0.0, 0.013696
0.0, 0.0, 0.013060
0.0, 0.0, 0.012838
0.0, 0.0, 0.012665
0.0, 0.0, 0.012639
0.0, 0.0, 0.003402
0.0, 0.0, 0.003290
0.0, 0.0, 0.003415
0.0, 0.0, 0.003312
0.0, 0.0, 0.005138
0.0, 0.0, 0.008561
0.0, 0.0, 0.013306
0.0, 0.0, 0.013755
0.0, 0.0, 0.015110
0.0, 0.0, 0.015481
0.0, 0.0, 0.015321
0.0, 0.0, 0.015286
0.0, 0.0, 0.015141
0.0, 0.0, 0.014734
0.0, 0.0, 0.014427
0.0, 0.0, 0.014298
0.0, 0.0, 0.014224
0.0, 0.0, 0.014173
0.0, 0.0, 0.014238
0.0, 0.0, 0.014473
0.0, 0.0, 0.013475
0.0, 0.0, 0.013469
0.0, 0.0, 0.013479
0.0, 0.0, 0.013355
0.0, 0.0, 0.012308
0.0, 0.0, 0.012020
0.0, 0.0, 0.010881
0.0, 0.0, 0.010891
0.0, 0.0, 0.012795
0.0, 0.0, 0.012845
0.0, 0.0, 0.012829
0.0, 0.0, 0.013069
0.0, 0.0, 0.012962
0.0, 0.0, 0.013575
0.0, 0.0, 0.013980
0.0, 0.0, 0.014207
0.0, 0.0, 0.014177
0.0, 0.0, 0.014082
0.0, 0.0, 0.013377
0.0, 0.0, 0.013216
0.0, 0.0, 0.013510
0.0, 0.0, 0.013162
0.0, 0.0, 0.012722
0.0, 0.0, 0.012487
0.0, 0.0, 0.012304
0.0, 0.0, 0.003141
0.0, 0.0, 0.003036
0.0, 0.0, 0.003304
0.0, 0.0, 0.003533
0.0, 0.0, 0.003615
0.0, 0.0, 0.005663
0.0, 0.0, 0.014380
0.0, 0.0, 0.014759
0.0, 0.0, 0.015012
0.0, 0.0, 0.015136
0.0, 0.0, 0.014655
0.0, 0.0, 0.014569
0.0, 0.0, 0.014467
0.0, 0.0, 0.014314
0.0, 0.0, 0.014088
0.0, 0.0, 0.013796
0.0, 0.0, 0.013682
0.0, 0.0, 0.013531
0.0, 0.0, 0.013718
0.0, 0.0, 0.013800
0.0, 0.0, 0.013757
0.0, 0.0, 0.013459
0.0, 0.0, 0.013352
0.0, 0.0, 0.013232
0.0, 0.0, 0.012876
0.0, 0.0, 0.012421
0.0, 0.0, 0.012426
0.0, 0.0, 0.010410
0.0, 0.0, 0.012372
0.0, 0.0, 0.011625
0.0, 0.0, 0.011547
0.0, 0.0, 0.011526
0.0, 0.0, 0.011837
0.0, 0.0, 0.013114
0.0, 0.0, 0.013047
0.0, 0.0, 0.013076
0.0, 0.0, 0.013226
0.0, 0.0, 0.013543
0.0, 0.0, 0.013292
0.0, 0.0, 0.013663
0.0, 0.0, 0.013567
0.0, 0.0, 0.012995
0.0, 0.0, 0.012598
0.0, 0.0, 0.012383
0.0, 0.0, 0.012169
0.0, 0.0, 0.002994
0.0, 0.0, 0.003503
0.0, 0.0, 0.003838
0.0, 0.0, 0.008374
0.0, 0.0, 0.010719
0.0, 0.0, 0.012766
0.0, 0.0, 0.014248
0.0, 0.0, 0.014105
0.0, 0.0, 0.013968
0.0, 0.0, 0.013613
0.0, 0.0, 0.013768
0.0, 0.0, 0.013606
0.0, 0.0, 0.014003
0.0, 0.0, 0.013792
0.0, 0.0, 0.013570
0.0, 0.0, 0.013403
0.0, 0.0, 0.013131
0.0, 0.0, 0.013147
0.0, 0.0, 0.013167
0.0, 0.0, 0.013108
0.0, 0.0, 0.013006
0.0, 0.0, 0.013087
0.0, 0.0, 0.012915
0.0, 0.0, 0.012749
0.0, 0.0, 0.012454
0.0, 0.0, 0.011185
0.0, 0.0, 0.011113
0.0, 0.0, 0.012308
0.0, 0.0, 0.011730
0.0, 0.0, 0.011058
0.0, 0.0, 0.010891
0.0, 0.0, 0.009470
0.0, 0.0, 0.009936
0.0, 0.0, 0.012673
0.0, 0.0, 0.012307
0.0, 0.0, 0.011836
0.0, 0.0, 0.011729
0.0, 0.0, 0.012595
0.0, 0.0, 0.013871
0.0, 0.0, 0.014214
0.0, 0.0, 0.014662
0.0, 0.0, 0.013481
0.0, 0.0, 0.012595
0.0, 0.0, 0.012098
0.0, 0.0, 0.012418
0.0, 0.0, 0.002923
0.0, 0.0, 0.005644
0.0, 0.0, 0.008955
0.0, 0.0, 0.009593
0.0, 0.0, 0.011189
0.0, 0.0, 0.012318
0.0, 0.0, 0.012490
0.0, 0.0, 0.013495
0.0, 0.0, 0.013123
0.0, 0.0, 0.013503
0.0, 0.0, 0.013393
0.0, 0.0, 0.013627
0.0, 0.0, 0.013294
0.0, 0.0, 0.013000
0.0, 0.0, 0.012537
0.0, 0.0, 0.012238
0.0, 0.0, 0.012266
0.0, 0.0, 0.012411
0.0, 0.0, 0.012443
0.0, 0.0, 0.012134
0.0, 0.0, 0.012010
0.0, 0.0, 0.012511
0.0, 0.0, 0.012515
0.0, 0.0, 0.012374
0.0, 0.0, 0.011025
0.0, 0.0, 0.011549
0.0, 0.0, 0.010849
0.0, 0.0, 0.011372
0.0, 0.0, 0.010994
0.0, 0.0, 0.010669
0.0, 0.0, 0.009551
0.0, 0.0, 0.009316
0.0, 0.0, 0.008481
0.0, 0.0, 0.012970
0.0, 0.0, 0.011916
0.0, 0.0, 0.011639
0.0, 0.0, 0.011309
0.0, 0.0, 0.011546
0.0, 0.0, 0.012282
0.0, 0.0, 0.014304
0.0, 0.0, 0.014208
0.0, 0.0, 0.014140
0.0, 0.0, 0.012708
0.0, 0.0, 0.012039
0.0, 0.0, 0.011964
0.0, 0.0, 0.002912
0.0, 0.0, 0.003542
0.0, 0.0, 0.008584
0.0, 0.0, 0.009826
0.0, 0.0, 0.010937
0.0, 0.0, 0.011361
0.0, 0.0, 0.012542
0.0, 0.0, 0.012980
0.0, 0.0, 0.012884
0.0, 0.0, 0.012617
0.0, 0.0, 0.013316
0.0, 0.0, 0.012767
0.0, 0.0, 0.012061
0.0, 0.0, 0.010874
0.0, 0.0, 0.010701
0.0, 0.0, 0.011238
0.0, 0.0, 0.011173
0.0, 0.0, 0.010942
0.0, 0.0, 0.010876
0.0, 0.0, 0.011004
0.0, 0.0, 0.011336
0.0, 0.0, 0.011274
0.0, 0.0, 0.011935
0.0, 0.0, 0.012023
0.0, 0.0, 0.011621
0.0, 0.0, 0.011278
0.0, 0.0, 0.011686
0.0, 0.0, 0.010879
0.0, 0.0, 0.010395
0.0, 0.0, 0.010318
0.0, 0.0, 0.009272
0.0, 0.0, 0.009586
0.0, 0.0, 0.008854
0.0, 0.0, 0.012857
0.0, 0.0, 0.012601
0.0, 0.0, 0.012163
0.0, 0.0, 0.012903
0.0, 0.0, 0.012196
0.0, 0.0, 0.012194
0.0, 0.0, 0.012132
0.0, 0.0, 0.013884
0.0, 0.0, 0.014166
0.0, 0.0, 0.013728
0.0, 0.0, 0.012169
0.0, 0.0, 0.011899
0.0, 0.0, 0.002811
0.0, 0.0, 0.002918
0.0, 0.0, 0.008721
0.0, 0.0, 0.009571
0.0, 0.0, 0.010630
0.0, 0.0, 0.011596
0.0, 0.0, 0.012317
0.0, 0.0, 0.012465
0.0, 0.0, 0.012434
0.0, 0.0, 0.012507
0.0, 0.0, 0.012403
0.0, 0.0, 0.011429
0.0, 0.0, 0.010969
0.0, 0.0, 0.011359
0.0, 0.0, 0.010964
0.0, 0.0, 0.010340
0.0, 0.0, 0.010090
0.0, 0.0, 0.009816
0.0, 0.0, 0.009825
0.0, 0.0, 0.009532
0.0, 0.0, 0.009323
0.0, 0.0, 0.009098
0.0, 0.0, 0.008754
0.0, 0.0, 0.008385
0.0, 0.0, 0.008345
0.0, 0.0, 0.008590
0.0, 0.0, 0.008531
0.0, 0.0, 0.008616
0.0, 0.0, 0.008342
0.0, 0.0, 0.008170
0.0, 0.0, 0.008812
0.0, 0.0, 0.011208
0.0, 0.0, 0.011507
0.0, 0.0, 0.012323
0.0, 0.0, 0.012275
0.0, 0.0, 0.013298
0.0, 0.0, 0.012504
0.0, 0.0, 0.012629
0.0, 0.0, 0.012512
0.0, 0.0, 0.012678
0.0, 0.0, 0.012467
0.0, 0.0, 0.012279
0.0, 0.0, 0.012473
0.0, 0.0, 0.012483
0.0, 0.0, 0.012396
0.0, 0.0, 0.002608
0.0, 0.0, 0.003137
0.0, 0.0, 0.008912
0.0, 0.0, 0.009409
0.0, 0.0, 0.010421
0.0, 0.0, 0.009596
0.0, 0.0, 0.009006
0.0, 0.0, 0.009072
0.0, 0.0, 0.009206
0.0, 0.0, 0.009023
0.0, 0.0, 0.008927
0.0, 0.0, 0.008345
0.0, 0.0, 0.007589
0.0, 0.0, 0.009132
0.0, 0.0, 0.008783
0.0, 0.0, 0.008461
0.0, 0.0, 0.007981
0.0, 0.0, 0.007644
0.0, 0.0, 0.007516
0.0, 0.0, 0.008336
0.0, 0.0, 0.008098
0.0, 0.0, 0.007851
0.0, 0.0, 0.007367
0.0, 0.0, 0.006938
0.0, 0.0, 0.006441
0.0, 0.0, 0.006104
0.0, 0.0, 0.006395
0.0, 0.0, 0.006189
0.0, 0.0, 0.006525
0.0, 0.0, 0.005314
0.0, 0.0, 0.007403
0.0, 0.0, 0.009875
0.0, 0.0, 0.009868
0.0, 0.0, 0.010575
0.0, 0.0, 0.011065
0.0, 0.0, 0.011602
0.0, 0.0, 0.011832
0.0, 0.0, 0.011530
0.0, 0.0, 0.011767
0.0, 0.0, 0.011792
0.0, 0.0, 0.012327
0.0, 0.0, 0.012541
0.0, 0.0, 0.012452
0.0, 0.0, 0.012629
0.0, 0.0, 0.013035
0.0, 0.0, 0.002682
0.0, 0.0, 0.003382
0.0, 0.0, 0.008469
0.0, 0.0, 0.009065
0.0, 0.0, 0.009756
0.0, 0.0, 0.008915
0.0, 0.0, 0.008063
0.0, 0.0, 0.007700
0.0, 0.0, 0.007261
0.0, 0.0, 0.007331
0.0, 0.0, 0.007282
0.0, 0.0, 0.006390
0.0, 0.0, 0.005783
0.0, 0.0, 0.005056
0.0, 0.0, 0.005669
0.0, 0.0, 0.006092
0.0, 0.0, 0.005548
0.0, 0.0, 0.005131
0.0, 0.0, 0.005611
0.0, 0.0, 0.005670
0.0, 0.0, 0.005961
0.0, 0.0, 0.006241
0.0, 0.0, 0.005389
0.0, 0.0, 0.005521
0.0, 0.0, 0.005370
0.0, 0.0, 0.004957
0.0, 0.0, 0.004207
0.0, 0.0, 0.004979
0.0, 0.0, 0.005565
0.0, 0.0, 0.004802
0.0, 0.0, 0.004669
0.0, 0.0, 0.006877
0.0, 0.0, 0.007457
0.0, 0.0, 0.007803
0.0, 0.0, 0.008376
0.0, 0.0, 0.009072
0.0, 0.0, 0.009787
0.0, 0.0, 0.010379
0.0, 0.0, 0.010434
0.0, 0.0, 0.010832
0.0, 0.0, 0.010979
0.0, 0.0, 0.011619
0.0, 0.0, 0.012068
0.0, 0.0, 0.012419
0.0, 0.0, 0.012442
0.0, 0.0, 0.002760
0.0, 0.0, 0.006760
0.0, 0.0, 0.007562
0.0, 0.0, 0.008609
0.0, 0.0, 0.009243
0.0, 0.0, 0.008104
0.0, 0.0, 0.007205
0.0, 0.0, 0.006437
0.0, 0.0, 0.005668
0.0, 0.0, 0.005585
0.0, 0.0, 0.005729
0.0, 0.0, 0.005814
0.0, 0.0, 0.005247
0.0, 0.0, 0.004860
0.0, 0.0, 0.004523
0.0, 0.0, 0.004475
0.0, 0.0, 0.004588
0.0, 0.0, 0.004762
0.0, 0.0, 0.004547
0.0, 0.0, 0.004458
0.0, 0.0, 0.004039
0.0, 0.0, 0.004015
0.0, 0.0, 0.003789
0.0, 0.0, 0.004224
0.0, 0.0, 0.003930
0.0, 0.0, 0.003581
0.0, 0.0, 0.003755
0.0, 0.0, 0.004172
0.0, 0.0, 0.004571
0.0, 0.0, 0.004270
0.0, 0.0, 0.004068
0.0, 0.0, 0.006372
0.0, 0.0, 0.005980
0.0, 0.0, 0.006242
0.0, 0.0, 0.006792
0.0, 0.0, 0.007575
0.0, 0.0, 0.007884
0.0, 0.0, 0.008764
0.0, 0.0, 0.009152
0.0, 0.0, 0.009723
0.0, 0.0, 0.010273
0.0, 0.0, 0.010650
0.0, 0.0, 0.011272
0.0, 0.0, 0.011784
0.0, 0.0, 0.012250
0.0, 0.0, 0.002892
0.0, 0.0, 0.004551
0.0, 0.0, 0.006902
0.0, 0.0, 0.006212
0.0, 0.0, 0.006443
0.0, 0.0, 0.006494
0.0, 0.0, 0.006068
0.0, 0.0, 0.005468
0.0, 0.0, 0.005133
0.0, 0.0, 0.005216
0.0, 0.0, 0.005420
0.0, 0.0, 0.005355
0.0, 0.0, 0.005126
0.0, 0.0, 0.004968
0.0, 0.0, 0.005133
0.0, 0.0, 0.004314
0.0, 0.0, 0.004263
0.0, 0.0, 0.004408
0.0, 0.0, 0.004294
0.0, 0.0, 0.004031
0.0, 0.0, 0.003939
0.0, 0.0, 0.003886
0.0, 0.0, 0.003835
0.0, 0.0, 0.003850
0.0, 0.0, 0.004142
0.0, 0.0, 0.003655
0.0, 0.0, 0.003548
0.0, 0.0, 0.004226
0.0, 0.0, 0.004283
0.0, 0.0, 0.003943
0.0, 0.0, 0.003938
0.0, 0.0, 0.005061
0.0, 0.0, 0.005521
0.0, 0.0, 0.005450
0.0, 0.0, 0.005862
0.0, 0.0, 0.006422
0.0, 0.0, 0.006914
0.0, 0.0, 0.007845
0.0, 0.0, 0.008452
0.0, 0.0, 0.008884
0.0, 0.0, 0.009531
0.0, 0.0, 0.009875
0.0, 0.0, 0.010350
0.0, 0.0, 0.011047
0.0, 0.0, 0.011884
0.0, 0.0, 0.002998
0.0, 0.0, 0.005104
0.0, 0.0, 0.005096
0.0, 0.0, 0.005225
0.0, 0.0, 0.005388
0.0, 0.0, 0.005322
0.0, 0.0, 0.005186
0.0, 0.0, 0.005015
0.0, 0.0, 0.004918
0.0, 0.0, 0.005057
0.0, 0.0, 0.005198
0.0, 0.0, 0.005139
0.0, 0.0, 0.004995
0.0, 0.0, 0.004774
0.0, 0.0, 0.004690
0.0, 0.0, 0.004631
0.0, 0.0, 0.004245
0.0, 0.0, 0.003968
0.0, 0.0, 0.003792
0.0, 0.0, 0.003737
0.0, 0.0, 0.003563
0.0, 0.0, 0.003424
0.0, 0.0, 0.003689
0.0, 0.0, 0.003777
0.0, 0.0, 0.003573
0.0, 0.0, 0.003624
0.0, 0.0, 0.003680
0.0, 0.0, 0.003189
0.0, 0.0, 0.003723
0.0, 0.0, 0.003948
0.0, 0.0, 0.003792
0.0, 0.0, 0.003679
0.0, 0.0, 0.005171
0.0, 0.0, 0.005536
0.0, 0.0, 0.005917
0.0, 0.0, 0.006348
0.0, 0.0, 0.006742
0.0, 0.0, 0.007162
0.0, 0.0, 0.007534
0.0, 0.0, 0.008148
0.0, 0.0, 0.008705
0.0, 0.0, 0.009243
0.0, 0.0, 0.009611
0.0, 0.0, 0.010089
0.0, 0.0, 0.011442
0.0, 0.0, 0.003616
0.0, 0.0, 0.004591
0.0, 0.0, 0.004435
0.0, 0.0, 0.004262
0.0, 0.0, 0.004531
0.0, 0.0, 0.004630
0.0, 0.0, 0.004806
0.0, 0.0, 0.004839
0.0, 0.0, 0.004943
0.0, 0.0, 0.004918
0.0, 0.0, 0.005118
0.0, 0.0, 0.004901
0.0, 0.0, 0.004764
0.0, 0.0, 0.004616
0.0, 0.0, 0.004509
0.0, 0.0, 0.004370
0.0, 0.0, 0.004221
0.0, 0.0, 0.004236
0.0, 0.0, 0.004082
0.0, 0.0, 0.003649
0.0, 0.0, 0.003317
0.0, 0.0, 0.003071
0.0, 0.0, 0.003459
0.0, 0.0, 0.003310
0.0, 0.0, 0.003204
0.0, 0.0, 0.003752
0.0, 0.0, 0.003274
0.0, 0.0, 0.003166
0.0, 0.0, 0.003779
0.0, 0.0, 0.004094
0.0, 0.0, 0.004196
0.0, 0.0, 0.003728
0.0, 0.0, 0.005346
0.0, 0.0, 0.006284
0.0, 0.0, 0.006231
0.0, 0.0, 0.006296
0.0, 0.0, 0.006480
0.0, 0.0, 0.006843
0.0, 0.0, 0.007395
0.0, 0.0, 0.008205
0.0, 0.0, 0.008440
0.0, 0.0, 0.008662
0.0, 0.0, 0.008995
0.0, 0.0, 0.009527
0.0, 0.0, 0.010266
0.0, 0.0, 0.004130
0.0, 0.0, 0.004082
0.0, 0.0, 0.003884
0.0, 0.0, 0.003924
0.0, 0.0, 0.003929
0.0, 0.0, 0.004221
0.0, 0.0, 0.004571
0.0, 0.0, 0.004715
0.0, 0.0, 0.004828
0.0, 0.0, 0.004890
0.0, 0.0, 0.005098
0.0, 0.0, 0.004956
0.0, 0.0, 0.004700
0.0, 0.0, 0.004182
0.0, 0.0, 0.004110
0.0, 0.0, 0.004042
0.0, 0.0, 0.003890
0.0, 0.0, 0.003607
0.0, 0.0, 0.003230
0.0, 0.0, 0.003075
0.0, 0.0, 0.002878
0.0, 0.0, 0.002898
0.0, 0.0, 0.003188
0.0, 0.0, 0.003082
0.0, 0.0, 0.002926
0.0, 0.0, 0.002914
0.0, 0.0, 0.003226
0.0, 0.0, 0.003442
0.0, 0.0, 0.003447
0.0, 0.0, 0.003660
0.0, 0.0, 0.004126
0.0, 0.0, 0.003867
0.0, 0.0, 0.004205
0.0, 0.0, 0.003789
0.0, 0.0, 0.005305
0.0, 0.0, 0.005456
0.0, 0.0, 0.005557
0.0, 0.0, 0.005740
0.0, 0.0, 0.006334
0.0, 0.0, 0.007072
0.0, 0.0, 0.007816
0.0, 0.0, 0.008646
0.0, 0.0, 0.008838
0.0, 0.0, 0.009442
0.0, 0.0, 0.009792
0.0, 0.0, 0.003917
0.0, 0.0, 0.003855
0.0, 0.0, 0.003571
0.0, 0.0, 0.003676
0.0, 0.0, 0.003654
0.0, 0.0, 0.003753
0.0, 0.0, 0.004125
0.0, 0.0, 0.004361
0.0, 0.0, 0.004569
0.0, 0.0, 0.004605
0.0, 0.0, 0.004368
0.0, 0.0, 0.004364
0.0, 0.0, 0.004267
0.0, 0.0, 0.003436
0.0, 0.0, 0.002890
0.0, 0.0, 0.002770
0.0, 0.0, 0.002565
0.0, 0.0, 0.002484
0.0, 0.0, 0.002601
0.0, 0.0, 0.002782
0.0, 0.0, 0.002731
0.0, 0.0, 0.002785
0.0, 0.0, 0.002824
0.0, 0.0, 0.002747
0.0, 0.0, 0.002803
0.0, 0.0, 0.002938
0.0, 0.0, 0.002886
0.0, 0.0, 0.003123
0.0, 0.0, 0.003145
0.0, 0.0, 0.003482
0.0, 0.0, 0.003125
0.0, 0.0, 0.003706
0.0, 0.0, 0.003901
0.0, 0.0, 0.003777
0.0, 0.0, 0.004269
0.0, 0.0, 0.004287
0.0, 0.0, 0.004662
0.0, 0.0, 0.004959
0.0, 0.0, 0.004963
0.0, 0.0, 0.005461
0.0, 0.0, 0.006212
0.0, 0.0, 0.007063
0.0, 0.0, 0.007670
0.0, 0.0, 0.008631
0.0, 0.0, 0.009210
0.0, 0.0, 0.004003
0.0, 0.0, 0.003843
0.0, 0.0, 0.003436
0.0, 0.0, 0.003376
0.0, 0.0, 0.003276
0.0, 0.0, 0.003229
0.0, 0.0, 0.003282
0.0, 0.0, 0.003049
0.0, 0.0, 0.003480
0.0, 0.0, 0.003687
0.0, 0.0, 0.003763
0.0, 0.0, 0.003921
0.0, 0.0, 0.003871
0.0, 0.0, 0.003497
0.0, 0.0, 0.003489
0.0, 0.0, 0.003078
0.0, 0.0, 0.002823
0.0, 0.0, 0.002589
0.0, 0.0, 0.002701
0.0, 0.0, 0.002822
0.0, 0.0, 0.002678
0.0, 0.0, 0.002660
0.0, 0.0, 0.002542
0.0, 0.0, 0.002575
0.0, 0.0, 0.002592
0.0, 0.0, 0.002711
0.0, 0.0, 0.002805
0.0, 0.0, 0.002844
0.0, 0.0, 0.003013
0.0, 0.0, 0.003436
0.0, 0.0, 0.003115
0.0, 0.0, 0.003582
0.0, 0.0, 0.003332
0.0, 0.0, 0.003500
0.0, 0.0, 0.003604
0.0, 0.0, 0.003453
0.0, 0.0, 0.003715
0.0, 0.0, 0.003878
0.0, 0.0, 0.004351
0.0, 0.0, 0.004741
0.0, 0.0, 0.005608
0.0, 0.0, 0.006007
0.0, 0.0, 0.006491
0.0, 0.0, 0.006993
0.0, 0.0, 0.007466
0.0, 0.0, 0.003765
0.0, 0.0, 0.003721
0.0, 0.0, 0.003317
0.0, 0.0, 0.003131
0.0, 0.0, 0.003070
0.0, 0.0, 0.002559
0.0, 0.0, 0.002534
0.0, 0.0, 0.002659
0.0, 0.0, 0.002792
0.0, 0.0, 0.002649
0.0, 0.0, 0.002851
0.0, 0.0, 0.002921
0.0, 0.0, 0.002992
0.0, 0.0, 0.002839
0.0, 0.0, 0.002947
0.0, 0.0, 0.002397
0.0, 0.0, 0.002624
0.0, 0.0, 0.002549
0.0, 0.0, 0.002686
0.0, 0.0, 0.002570
0.0, 0.0, 0.002542
0.0, 0.0, 0.002419
0.0, 0.0, 0.002437
0.0, 0.0, 0.002271
0.0, 0.0, 0.002510
0.0, 0.0, 0.002517
0.0, 0.0, 0.002865
0.0, 0.0, 0.002795
0.0, 0.0, 0.002772
0.0, 0.0, 0.002834
0.0, 0.0, 0.003218
0.0, 0.0, 0.003215
0.0, 0.0, 0.003051
0.0, 0.0, 0.003271
0.0, 0.0, 0.003233
0.0, 0.0, 0.003103
0.0, 0.0, 0.002788
0.0, 0.0, 0.003519
0.0, 0.0, 0.004924
0.0, 0.0, 0.005213
0.0, 0.0, 0.005181
0.0, 0.0, 0.005366
0.0, 0.0, 0.005607
0.0, 0.0, 0.005874
0.0, 0.0, 0.006341
0.0, 0.0, 0.003796
0.0, 0.0, 0.004718
0.0, 0.0, 0.003756
0.0, 0.0, 0.003650
0.0, 0.0, 0.003481
0.0, 0.0, 0.003212
0.0, 0.0, 0.003270
0.0, 0.0, 0.003253
0.0, 0.0, 0.003094
0.0, 0.0, 0.002674
0.0, 0.0, 0.002733
0.0, 0.0, 0.002851
0.0, 0.0, 0.002931
0.0, 0.0, 0.002958
0.0, 0.0, 0.002653
0.0, 0.0, 0.002361
0.0, 0.0, 0.002224
0.0, 0.0, 0.002240
0.0, 0.0, 0.002527
0.0, 0.0, 0.002605
0.0, 0.0, 0.002643
0.0, 0.0, 0.002448
0.0, 0.0, 0.002357
0.0, 0.0, 0.002348
0.0, 0.0, 0.002419
0.0, 0.0, 0.002590
0.0, 0.0, 0.002715
0.0, 0.0, 0.003040
0.0, 0.0, 0.002825
0.0, 0.0, 0.002952
0.0, 0.0, 0.003100
0.0, 0.0, 0.003287
0.0, 0.0, 0.003061
0.0, 0.0, 0.002798
0.0, 0.0, 0.002836
0.0, 0.0, 0.003134
0.0, 0.0, 0.003496
0.0, 0.0, 0.003750
0.0, 0.0, 0.003880
0.0, 0.0, 0.004039
0.0, 0.0, 0.004195
0.0, 0.0, 0.004406
0.0, 0.0, 0.004704
0.0, 0.0, 0.004942
0.0, 0.0, 0.005211
0.0, 0.0, 0.003579
0.0, 0.0, 0.004325
0.0, 0.0, 0.003844
0.0, 0.0, 0.003766
0.0, 0.0, 0.003572
0.0, 0.0, 0.003454
0.0, 0.0, 0.003271
0.0, 0.0, 0.003260
0.0, 0.0, 0.003148
0.0, 0.0, 0.003155
0.0, 0.0, 0.003282
0.0, 0.0, 0.003281
0.0, 0.0, 0.003140
0.0, 0.0, 0.002985
0.0, 0.0, 0.002648
0.0, 0.0, 0.002099
0.0, 0.0, 0.002149
0.0, 0.0, 0.002096
0.0, 0.0, 0.002258
0.0, 0.0, 0.002575
0.0, 0.0, 0.002629
0.0, 0.0, 0.002483
0.0, 0.0, 0.002548
0.0, 0.0, 0.002427
0.0, 0.0, 0.002534
0.0, 0.0, 0.002712
0.0, 0.0, 0.002837
0.0, 0.0, 0.003023
0.0, 0.0, 0.003204
0.0, 0.0, 0.003126
0.0, 0.0, 0.002755
0.0, 0.0, 0.002962
0.0, 0.0, 0.002915
0.0, 0.0, 0.002696
0.0, 0.0, 0.002647
0.0, 0.0, 0.003342
0.0, 0.0, 0.003341
0.0, 0.0, 0.003038
0.0, 0.0, 0.003159
0.0, 0.0, 0.003367
0.0, 0.0, 0.003539
0.0, 0.0, 0.003851
0.0, 0.0, 0.004118
0.0, 0.0, 0.004393
0.0, 0.0, 0.004608
0.0, 0.0, 0.003238
0.0, 0.0, 0.004373
0.0, 0.0, 0.004127
0.0, 0.0, 0.003531
0.0, 0.0, 0.003460
0.0, 0.0, 0.003077
0.0, 0.0, 0.003149
0.0, 0.0, 0.003186
0.0, 0.0, 0.003186
0.0, 0.0, 0.003228
0.0, 0.0, 0.003239
0.0, 0.0, 0.003218
0.0, 0.0, 0.002956
0.0, 0.0, 0.002651
0.0, 0.0, 0.002569
0.0, 0.0, 0.002169
0.0, 0.0, 0.002043
0.0, 0.0, 0.002035
0.0, 0.0, 0.002082
0.0, 0.0, 0.002279
0.0, 0.0, 0.002440
0.0, 0.0, 0.002483
0.0, 0.0, 0.002480
0.0, 0.0, 0.002606
0.0, 0.0, 0.002743
0.0, 0.0, 0.002831
0.0, 0.0, 0.003068
0.0, 0.0, 0.003111
0.0, 0.0, 0.003065
0.0, 0.0, 0.002939
0.0, 0.0, 0.002859
0.0, 0.0, 0.002693
0.0, 0.0, 0.002578
0.0, 0.0, 0.002722
0.0, 0.0, 0.002794
0.0, 0.0, 0.002602
0.0, 0.0, 0.002636
0.0, 0.0, 0.002579
0.0, 0.0, 0.002646
0.0, 0.0, 0.003046
0.0, 0.0, 0.003245
0.0, 0.0, 0.003562
0.0, 0.0, 0.003885
0.0, 0.0, 0.004151
0.0, 0.0, 0.004226
0.0, 0.0, 0.002854
0.0, 0.0, 0.003021
0.0, 0.0, 0.003848
0.0, 0.0, 0.003729
0.0, 0.0, 0.003357
0.0, 0.0, 0.003135
0.0, 0.0, 0.003241
0.0, 0.0, 0.003225
0.0, 0.0, 0.003356
0.0, 0.0, 0.003270
0.0, 0.0, 0.003147
0.0, 0.0, 0.002993
0.0, 0.0, 0.002471
0.0, 0.0, 0.002371
0.0, 0.0, 0.002303
0.0, 0.0, 0.002181
0.0, 0.0, 0.001993
0.0, 0.0, 0.001976
0.0, 0.0, 0.001990
0.0, 0.0, 0.002089
0.0, 0.0, 0.002344
0.0, 0.0, 0.002389
0.0, 0.0, 0.002538
0.0, 0.0, 0.002707
0.0, 0.0, 0.002744
0.0, 0.0, 0.002781
0.0, 0.0, 0.002993
0.0, 0.0, 0.002978
0.0, 0.0, 0.003085
0.0, 0.0, 0.003244
0.0, 0.0, 0.003050
0.0, 0.0, 0.002594
0.0, 0.0, 0.002489
0.0, 0.0, 0.002511
0.0, 0.0, 0.002657
0.0, 0.0, 0.002446
0.0, 0.0, 0.002280
0.0, 0.0, 0.002678
0.0, 0.0, 0.002359
0.0, 0.0, 0.002625
0.0, 0.0, 0.002877
0.0, 0.0, 0.003229
0.0, 0.0, 0.003460
0.0, 0.0, 0.003890
0.0, 0.0, 0.004182
0.0, 0.0, 0.002389
0.0, 0.0, 0.003126
0.0, 0.0, 0.003419
0.0, 0.0, 0.004028
0.0, 0.0, 0.003537
0.0, 0.0, 0.003427
0.0, 0.0, 0.003329
0.0, 0.0, 0.003355
0.0, 0.0, 0.003323
0.0, 0.0, 0.003212
0.0, 0.0, 0.002910
0.0, 0.0, 0.002685
0.0, 0.0, 0.002076
0.0, 0.0, 0.001922
0.0, 0.0, 0.001896
0.0, 0.0, 0.001928
0.0, 0.0, 0.001862
0.0, 0.0, 0.001873
0.0, 0.0, 0.001998
0.0, 0.0, 0.002124
0.0, 0.0, 0.002246
0.0, 0.0, 0.002333
0.0, 0.0, 0.002497
0.0, 0.0, 0.002678
0.0, 0.0, 0.002708
0.0, 0.0, 0.002765
0.0, 0.0, 0.002861
0.0, 0.0, 0.002804
0.0, 0.0, 0.002869
0.0, 0.0, 0.002891
0.0, 0.0, 0.002836
0.0, 0.0, 0.002377
0.0, 0.0, 0.002217
0.0, 0.0, 0.002182
0.0, 0.0, 0.002452
0.0, 0.0, 0.002359
0.0, 0.0, 0.002272
0.0, 0.0, 0.002357
0.0, 0.0, 0.002156
0.0, 0.0, 0.002251
0.0, 0.0, 0.002520
0.0, 0.0, 0.002884
0.0, 0.0, 0.003098
0.0, 0.0, 0.003483
0.0, 0.0, 0.003821
0.0, 0.0, 0.002071
0.0, 0.0, 0.002406
0.0, 0.0, 0.003804
0.0, 0.0, 0.003891
0.0, 0.0, 0.003650
0.0, 0.0, 0.003317
0.0, 0.0, 0.003326
0.0, 0.0, 0.003394
0.0, 0.0, 0.003538
0.0, 0.0, 0.003177
0.0, 0.0, 0.002751
0.0, 0.0, 0.002291
0.0, 0.0, 0.001889
0.0, 0.0, 0.001676
0.0, 0.0, 0.001538
0.0, 0.0, 0.001482
0.0, 0.0, 0.001564
0.0, 0.0, 0.001669
0.0, 0.0, 0.001843
0.0, 0.0, 0.002029
0.0, 0.0, 0.002086
0.0, 0.0, 0.002259
0.0, 0.0, 0.002403
0.0, 0.0, 0.002635
0.0, 0.0, 0.002719
0.0, 0.0, 0.002854
0.0, 0.0, 0.002841
0.0, 0.0, 0.002917
0.0, 0.0, 0.002744
0.0, 0.0, 0.002719
0.0, 0.0, 0.002567
0.0, 0.0, 0.002602
0.0, 0.0, 0.002273
0.0, 0.0, 0.002204
0.0, 0.0, 0.002153
0.0, 0.0, 0.002246
0.0, 0.0, 0.002112
0.0, 0.0, 0.002222
0.0, 0.0, 0.002194
0.0, 0.0, 0.002038
0.0, 0.0, 0.002291
0.0, 0.0, 0.002520
0.0, 0.0, 0.002810
0.0, 0.0, 0.003178
0.0, 0.0, 0.003543
0.0, 0.0, 0.002154
0.0, 0.0, 0.002465
0.0, 0.0, 0.003440
0.0, 0.0, 0.002941
0.0, 0.0, 0.003196
0.0, 0.0, 0.002994
0.0, 0.0, 0.003137
0.0, 0.0, 0.003325
0.0, 0.0, 0.003423
0.0, 0.0, 0.003272
0.0, 0.0, 0.002604
0.0, 0.0, 0.002201
0.0, 0.0, 0.001765
0.0, 0.0, 0.001431
0.0, 0.0, 0.001410
0.0, 0.0, 0.001353
0.0, 0.0, 0.001486
0.0, 0.0, 0.001562
0.0, 0.0, 0.001749
0.0, 0.0, 0.001852
0.0, 0.0, 0.002018
0.0, 0.0, 0.002195
0.0, 0.0, 0.002394
0.0, 0.0, 0.002670
0.0, 0.0, 0.002764
0.0, 0.0, 0.002857
0.0, 0.0, 0.002855
0.0, 0.0, 0.002937
0.0, 0.0, 0.002885
0.0, 0.0, 0.002704
0.0, 0.0, 0.002639
0.0, 0.0, 0.002515
0.0, 0.0, 0.002317
0.0, 0.0, 0.002249
0.0, 0.0, 0.002324
0.0, 0.0, 0.002277
0.0, 0.0, 0.002361
0.0, 0.0, 0.002041
0.0, 0.0, 0.001841
0.0, 0.0, 0.001887
0.0, 0.0, 0.002103
0.0, 0.0, 0.002304
0.0, 0.0, 0.002591
0.0, 0.0, 0.002846
0.0, 0.0, 0.003222
0.0, 0.0, 0.001765
0.0, 0.0, 0.001576
0.0, 0.0, 0.002084
0.0, 0.0, 0.002400
0.0, 0.0, 0.002725
0.0, 0.0, 0.002967
0.0, 0.0, 0.003056
0.0, 0.0, 0.003117
0.0, 0.0, 0.003125
0.0, 0.0, 0.002981
0.0, 0.0, 0.002554
0.0, 0.0, 0.002067
0.0, 0.0, 0.001698
0.0, 0.0, 0.001521
0.0, 0.0, 0.001380
0.0, 0.0, 0.001375
0.0, 0.0, 0.001427
0.0, 0.0, 0.001547
0.0, 0.0, 0.001664
0.0, 0.0, 0.001759
0.0, 0.0, 0.001997
0.0, 0.0, 0.002205
0.0, 0.0, 0.002515
0.0, 0.0, 0.002732
0.0, 0.0, 0.002879
0.0, 0.0, 0.003008
0.0, 0.0, 0.003028
0.0, 0.0, 0.002941
0.0, 0.0, 0.003007
0.0, 0.0, 0.002862
0.0, 0.0, 0.002705
0.0, 0.0, 0.002579
0.0, 0.0, 0.002389
0.0, 0.0, 0.002424
0.0, 0.0, 0.002310
0.0, 0.0, 0.002144
0.0, 0.0, 0.002110
0.0, 0.0, 0.002023
0.0, 0.0, 0.001854
0.0, 0.0, 0.001784
0.0, 0.0, 0.001967
0.0, 0.0, 0.002103
0.0, 0.0, 0.002329
0.0, 0.0, 0.002571
0.0, 0.0, 0.002863
0.0, 0.0, 0.001951
0.0, 0.0, 0.001667
0.0, 0.0, 0.002361
0.0, 0.0, 0.002583
0.0, 0.0, 0.002707
0.0, 0.0, 0.002765
0.0, 0.0, 0.002978
0.0, 0.0, 0.003082
0.0, 0.0, 0.003005
0.0, 0.0, 0.002727
0.0, 0.0, 0.002366
0.0, 0.0, 0.002104
0.0, 0.0, 0.001736
0.0, 0.0, 0.001519
0.0, 0.0, 0.001484
0.0, 0.0, 0.001486
0.0, 0.0, 0.001542
0.0, 0.0, 0.001641
0.0, 0.0, 0.001663
0.0, 0.0, 0.001740
0.0, 0.0, 0.001873
0.0, 0.0, 0.002251
0.0, 0.0, 0.002622
0.0, 0.0, 0.002734
0.0, 0.0, 0.002802
0.0, 0.0, 0.003079
0.0, 0.0, 0.003146
0.0, 0.0, 0.003034
0.0, 0.0, 0.003110
0.0, 0.0, 0.002736
0.0, 0.0, 0.002993
0.0, 0.0, 0.002800
0.0, 0.0, 0.002735
0.0, 0.0, 0.002611
0.0, 0.0, 0.002442
0.0, 0.0, 0.002128
0.0, 0.0, 0.002054
0.0, 0.0, 0.002020
0.0, 0.0, 0.001870
0.0, 0.0, 0.001771
0.0, 0.0, 0.001810
0.0, 0.0, 0.001924
0.0, 0.0, 0.002109
0.0, 0.0, 0.002338
0.0, 0.0, 0.002677
0.0, 0.0, 0.001864
0.0, 0.0, 0.001574
0.0, 0.0, 0.002001
0.0, 0.0, 0.001914
0.0, 0.0, 0.002136
0.0, 0.0, 0.002393
0.0, 0.0, 0.002688
0.0, 0.0, 0.002886
0.0, 0.0, 0.002821
0.0, 0.0, 0.002504
0.0, 0.0, 0.002389
0.0, 0.0, 0.002211
0.0, 0.0, 0.001764
0.0, 0.0, 0.001615
0.0, 0.0, 0.001730
0.0, 0.0, 0.001674
0.0, 0.0, 0.001614
0.0, 0.0, 0.001536
0.0, 0.0, 0.001536
0.0, 0.0, 0.001660
0.0, 0.0, 0.001864
0.0, 0.0, 0.002123
0.0, 0.0, 0.002292
0.0, 0.0, 0.002191
0.0, 0.0, 0.002230
0.0, 0.0, 0.002402
0.0, 0.0, 0.002594
0.0, 0.0, 0.002782
0.0, 0.0, 0.002449
0.0, 0.0, 0.002279
0.0, 0.0, 0.002723
0.0, 0.0, 0.002523
0.0, 0.0, 0.002727
0.0, 0.0, 0.002517
0.0, 0.0, 0.002342
0.0, 0.0, 0.002255
0.0, 0.0, 0.002069
0.0, 0.0, 0.001856
0.0, 0.0, 0.001724
0.0, 0.0, 0.001729
0.0, 0.0, 0.001523
0.0, 0.0, 0.001733
0.0, 0.0, 0.001971
0.0, 0.0, 0.002197
0.0, 0.0, 0.002444
0.0, 0.0, 0.001511
0.0, 0.0, 0.001263
0.0, 0.0, 0.001287
0.0, 0.0, 0.001387
0.0, 0.0, 0.001649
0.0, 0.0, 0.001776
0.0, 0.0, 0.001995
0.0, 0.0, 0.002077
0.0, 0.0, 0.002284
0.0, 0.0, 0.002549
0.0, 0.0, 0.002575
0.0, 0.0, 0.002306
0.0, 0.0, 0.002423
0.0, 0.0, 0.002201
0.0, 0.0, 0.001733
0.0, 0.0, 0.001804
0.0, 0.0, 0.001661
0.0, 0.0, 0.001560
0.0, 0.0, 0.001535
0.0, 0.0, 0.001706
0.0, 0.0, 0.001850
0.0, 0.0, 0.001987
0.0, 0.0, 0.002004
0.0, 0.0, 0.001969
0.0, 0.0, 0.001985
0.0, 0.0, 0.002000
0.0, 0.0, 0.002201
0.0, 0.0, 0.002216
0.0, 0.0, 0.002373
0.0, 0.0, 0.002422
0.0, 0.0, 0.002107
0.0, 0.0, 0.002537
0.0, 0.0, 0.002424
0.0, 0.0, 0.002322
0.0, 0.0, 0.002345
0.0, 0.0, 0.002178
0.0, 0.0, 0.002033
0.0, 0.0, 0.001749
0.0, 0.0, 0.001661
0.0, 0.0, 0.001549
0.0, 0.0, 0.001441
0.0, 0.0, 0.001538
0.0, 0.0, 0.001784
0.0, 0.0, 0.001991
0.0, 0.0, 0.002315
0.0, 0.0, 0.001368
0.0, 0.0, 0.001426
0.0, 0.0, 0.001397
0.0, 0.0, 0.001517
0.0, 0.0, 0.001621
0.0, 0.0, 0.001639
0.0, 0.0, 0.001921
0.0, 0.0, 0.001899
0.0, 0.0, 0.002082
0.0, 0.0, 0.002152
0.0, 0.0, 0.002327
0.0, 0.0, 0.002253
0.0, 0.0, 0.002071
0.0, 0.0, 0.001587
0.0, 0.0, 0.001779
0.0, 0.0, 0.001870
0.0, 0.0, 0.001604
0.0, 0.0, 0.001560
0.0, 0.0, 0.001681
0.0, 0.0, 0.001530
0.0, 0.0, 0.001774
0.0, 0.0, 0.001591
0.0, 0.0, 0.001869
0.0, 0.0, 0.001716
0.0, 0.0, 0.001674
0.0, 0.0, 0.001833
0.0, 0.0, 0.001881
0.0, 0.0, 0.002013
0.0, 0.0, 0.002164
0.0, 0.0, 0.002165
0.0, 0.0, 0.001968
0.0, 0.0, 0.001898
0.0, 0.0, 0.001864
0.0, 0.0, 0.001930
0.0, 0.0, 0.001866
0.0, 0.0, 0.001910
0.0, 0.0, 0.001848
0.0, 0.0, 0.001723
0.0, 0.0, 0.001585
0.0, 0.0, 0.001713
0.0, 0.0, 0.001403
0.0, 0.0, 0.001319
0.0, 0.0, 0.001478
0.0, 0.0, 0.001859
0.0, 0.0, 0.002392
0.0, 0.0, 0.001328
0.0, 0.0, 0.001436
0.0, 0.0, 0.001202
0.0, 0.0, 0.001731
0.0, 0.0, 0.001664
0.0, 0.0, 0.001765
0.0, 0.0, 0.001740
0.0, 0.0, 0.001870
0.0, 0.0, 0.002130
0.0, 0.0, 0.002233
0.0, 0.0, 0.002335
0.0, 0.0, 0.002265
0.0, 0.0, 0.002042
0.0, 0.0, 0.002048
0.0, 0.0, 0.001806
0.0, 0.0, 0.001621
0.0, 0.0, 0.001530
0.0, 0.0, 0.001575
0.0, 0.0, 0.001402
0.0, 0.0, 0.001657
0.0, 0.0, 0.001710
0.0, 0.0, 0.001803
0.0, 0.0, 0.001598
0.0, 0.0, 0.001518
0.0, 0.0, 0.001635
0.0, 0.0, 0.001488
0.0, 0.0, 0.001591
0.0, 0.0, 0.001585
0.0, 0.0, 0.001575
0.0, 0.0, 0.001842
0.0, 0.0, 0.001294
0.0, 0.0, 0.001656
0.0, 0.0, 0.001518
0.0, 0.0, 0.001473
0.0, 0.0, 0.001558
0.0, 0.0, 0.001490
0.0, 0.0, 0.001500
0.0, 0.0, 0.001431
0.0, 0.0, 0.001511
0.0, 0.0, 0.001410
0.0, 0.0, 0.001297
0.0, 0.0, 0.001329
0.0, 0.0, 0.001572
0.0, 0.0, 0.001952
0.0, 0.0, 0.002295
0.0, 0.0, 0.001306
0.0, 0.0, 0.001779
0.0, 0.0, 0.001468
0.0, 0.0, 0.001776
0.0, 0.0, 0.001889
0.0, 0.0, 0.001893
0.0, 0.0, 0.001918
0.0, 0.0, 0.002104
0.0, 0.0, 0.002381
0.0, 0.0, 0.002457
0.0, 0.0, 0.002452
0.0, 0.0, 0.002525
0.0, 0.0, 0.002227
0.0, 0.0, 0.002128
0.0, 0.0, 0.001802
0.0, 0.0, 0.001634
0.0, 0.0, 0.001438
0.0, 0.0, 0.001383
0.0, 0.0, 0.001479
0.0, 0.0, 0.001602
0.0, 0.0, 0.001695
0.0, 0.0, 0.001837
0.0, 0.0, 0.001659
0.0, 0.0, 0.001299
0.0, 0.0, 0.001490
0.0, 0.0, 0.001211
0.0, 0.0, 0.001383
0.0, 0.0, 0.001272
0.0, 0.0, 0.001441
0.0, 0.0, 0.001712
0.0, 0.0, 0.001213
0.0, 0.0, 0.001195
0.0, 0.0, 0.001318
0.0, 0.0, 0.001279
0.0, 0.0, 0.001238
0.0, 0.0, 0.001260
0.0, 0.0, 0.001074
0.0, 0.0, 0.001068
0.0, 0.0, 0.001044
0.0, 0.0, 0.001224
0.0, 0.0, 0.001212
0.0, 0.0, 0.001302
0.0, 0.0, 0.001595
0.0, 0.0, 0.001819
0.0, 0.0, 0.002220
0.0, 0.0, 0.001221
0.0, 0.0, 0.001272
0.0, 0.0, 0.001610
0.0, 0.0, 0.001904
0.0, 0.0, 0.001912
0.0, 0.0, 0.001445
0.0, 0.0, 0.002132
0.0, 0.0, 0.002233
0.0, 0.0, 0.002393
0.0, 0.0, 0.002409
0.0, 0.0, 0.002560
0.0, 0.0, 0.002698
0.0, 0.0, 0.002203
0.0, 0.0, 0.001991
0.0, 0.0, 0.001903
0.0, 0.0, 0.001877
0.0, 0.0, 0.001593
0.0, 0.0, 0.001273
0.0, 0.0, 0.001525
0.0, 0.0, 0.001678
0.0, 0.0, 0.001586
0.0, 0.0, 0.001446
0.0, 0.0, 0.001439
0.0, 0.0, 0.001214
0.0, 0.0, 0.001138
0.0, 0.0, 0.001247
0.0, 0.0, 0.001150
0.0, 0.0, 0.001147
0.0, 0.0, 0.001239
0.0, 0.0, 0.001165
0.0, 0.0, 0.001084
0.0, 0.0, 0.000855
0.0, 0.0, 0.001077
0.0, 0.0, 0.001069
0.0, 0.0, 0.000999
0.0, 0.0, 0.000958
0.0, 0.0, 0.000973
0.0, 0.0, 0.000918
0.0, 0.0, 0.000850
0.0, 0.0, 0.001098
0.0, 0.0, 0.001061
0.0, 0.0, 0.001192
0.0, 0.0, 0.001439
0.0, 0.0, 0.001817
0.0, 0.0, 0.002180
0.0, 0.0, 0.001388
0.0, 0.0, 0.000983
0.0, 0.0, 0.001949
0.0, 0.0, 0.001919
0.0, 0.0, 0.001715
0.0, 0.0, 0.001831
0.0, 0.0, 0.001921
0.0, 0.0, 0.002084
0.0, 0.0, 0.002051
0.0, 0.0, 0.002125
0.0, 0.0, 0.002506
0.0, 0.0, 0.002748
0.0, 0.0, 0.002536
0.0, 0.0, 0.002277
0.0, 0.0, 0.001944
0.0, 0.0, 0.001552
0.0, 0.0, 0.001473
0.0, 0.0, 0.001495
0.0, 0.0, 0.001516
0.0, 0.0, 0.001625
0.0, 0.0, 0.001333
0.0, 0.0, 0.001294
0.0, 0.0, 0.001354
0.0, 0.0, 0.001295
0.0, 0.0, 0.000807
0.0, 0.0, 0.000814
0.0, 0.0, 0.001010
0.0, 0.0, 0.000884
0.0, 0.0, 0.001296
0.0, 0.0, 0.001104
0.0, 0.0, 0.000843
0.0, 0.0, 0.001020
0.0, 0.0, 0.000919
0.0, 0.0, 0.000823
0.0, 0.0, 0.000805
0.0, 0.0, 0.000864
0.0, 0.0, 0.000817
0.0, 0.0, 0.000879
0.0, 0.0, 0.000830
0.0, 0.0, 0.001099
0.0, 0.0, 0.001116
0.0, 0.0, 0.001252
0.0, 0.0, 0.001364
0.0, 0.0, 0.001631
0.0, 0.0, 0.002217
0.0, 0.0, 0.001282
0.0, 0.0, 0.001311
0.0, 0.0, 0.001921
0.0, 0.0, 0.001900
0.0, 0.0, 0.001770
0.0, 0.0, 0.001748
0.0, 0.0, 0.001766
0.0, 0.0, 0.001716
0.0, 0.0, 0.001771
0.0, 0.0, 0.001990
0.0, 0.0, 0.002400
0.0, 0.0, 0.002493
0.0, 0.0, 0.002425
0.0, 0.0, 0.002395
0.0, 0.0, 0.001709
0.0, 0.0, 0.001557
0.0, 0.0, 0.001497
0.0, 0.0, 0.001405
0.0, 0.0, 0.001652
0.0, 0.0, 0.001626
0.0, 0.0, 0.001418
0.0, 0.0, 0.001136
0.0, 0.0, 0.001118
0.0, 0.0, 0.001138
0.0, 0.0, 0.001103
0.0, 0.0, 0.000890
0.0, 0.0, 0.001026
0.0, 0.0, 0.001183
0.0, 0.0, 0.000940
0.0, 0.0, 0.000977
0.0, 0.0, 0.000920
0.0, 0.0, 0.000889
0.0, 0.0, 0.000775
0.0, 0.0, 0.000718
0.0, 0.0, 0.000737
0.0, 0.0, 0.000762
0.0, 0.0, 0.000722
0.0, 0.0, 0.000734
0.0, 0.0, 0.001046
0.0, 0.0, 0.001102
0.0, 0.0, 0.001104
0.0, 0.0, 0.001083
0.0, 0.0, 0.001219
0.0, 0.0, 0.001642
0.0, 0.0, 0.002427
0.0, 0.0, 0.001262
0.0, 0.0, 0.001968
0.0, 0.0, 0.001873
0.0, 0.0, 0.001834
0.0, 0.0, 0.001743
0.0, 0.0, 0.001624
0.0, 0.0, 0.001622
0.0, 0.0, 0.001536
0.0, 0.0, 0.001680
0.0, 0.0, 0.001997
0.0, 0.0, 0.002182
0.0, 0.0, 0.002310
0.0, 0.0, 0.002331
0.0, 0.0, 0.002177
0.0, 0.0, 0.001675
0.0, 0.0, 0.001630
0.0, 0.0, 0.001446
0.0, 0.0, 0.001473
0.0, 0.0, 0.001296
0.0, 0.0, 0.001523
0.0, 0.0, 0.000921
0.0, 0.0, 0.000939
0.0, 0.0, 0.000736
0.0, 0.0, 0.000835
0.0, 0.0, 0.001474
0.0, 0.0, 0.000751
0.0, 0.0, 0.000473
0.0, 0.0, 0.001037
0.0, 0.0, 0.000962
0.0, 0.0, 0.000872
0.0, 0.0, 0.000841
0.0, 0.0, 0.000751
0.0, 0.0, 0.000671
0.0, 0.0, 0.000612
0.0, 0.0, 0.000583
0.0, 0.0, 0.000592
0.0, 0.0, 0.000621
0.0, 0.0, 0.000629
0.0, 0.0, 0.000707
0.0, 0.0, 0.000858
0.0, 0.0, 0.000967
0.0, 0.0, 0.001087
0.0, 0.0, 0.001226
0.0, 0.0, 0.001531
0.0, 0.0, 0.002481
0.0, 0.0, 0.001675
0.0, 0.0, 0.001874
0.0, 0.0, 0.001882
0.0, 0.0, 0.001801
0.0, 0.0, 0.001600
0.0, 0.0, 0.001478
0.0, 0.0, 0.001572
0.0, 0.0, 0.001604
0.0, 0.0, 0.001655
0.0, 0.0, 0.001851
0.0, 0.0, 0.002022
0.0, 0.0, 0.002077
0.0, 0.0, 0.001911
0.0, 0.0, 0.001581
0.0, 0.0, 0.001585
0.0, 0.0, 0.001459
0.0, 0.0, 0.001426
0.0, 0.0, 0.001318
0.0, 0.0, 0.001194
0.0, 0.0, 0.000785
0.0, 0.0, 0.000513
0.0, 0.0, 0.000492
0.0, 0.0, 0.000779
0.0, 0.0, 0.000608
0.0, 0.0, 0.001200
0.0, 0.0, 0.000619
0.0, 0.0, 0.000593
0.0, 0.0, 0.000820
0.0, 0.0, 0.000815
0.0, 0.0, 0.000711
0.0, 0.0, 0.000662
0.0, 0.0, 0.000642
0.0, 0.0, 0.000599
0.0, 0.0, 0.000553
0.0, 0.0, 0.000506
0.0, 0.0, 0.000495
0.0, 0.0, 0.000532
0.0, 0.0, 0.000502
0.0, 0.0, 0.000548
0.0, 0.0, 0.000709
0.0, 0.0, 0.000842
0.0, 0.0, 0.001019
0.0, 0.0, 0.001184
0.0, 0.0, 0.001594
0.0, 0.0, 0.002013
