S
I=28,J=25
0.0, 0.0, 0.003656
0.0, 0.0, 0.003554
0.0, 0.0, 0.003453
0.0, 0.0, 0.003431
0.0, 0.0, 0.003412
0.0, 0.0, 0.003386
0.0, 0.0, 0.003372
0.0, 0.0, 0.003373
0.0, 0.0, 0.003510
0.0, 0.0, 0.003514
0.0, 0.0, 0.003558
0.0, 0.0, 0.003497
0.0, 0.0, 0.003303
0.0, 0.0, 0.003284
0.0, 0.0, 0.003220
0.0, 0.0, 0.003202
0.0, 0.0, 0.003165
0.0, 0.0, 0.003147
0.0, 0.0, 0.003118
0.0, 0.0, 0.003135
0.0, 0.0, 0.003112
0.0, 0.0, 0.003146
0.0, 0.0, 0.003214
0.0, 0.0, 0.003292
0.0, 0.0, 0.003370
0.0, 0.0, 0.003435
0.0, 0.0, 0.003417
0.0, 0.0, 0.003468
0.0, 0.0, 0.003497
0.0, 0.0, 0.003419
0.0, 0.0, 0.003314
0.0, 0.0, 0.003292
0.0, 0.0, 0.003345
0.0, 0.0, 0.003301
0.0, 0.0, 0.003353
0.0, 0.0, 0.003234
0.0, 0.0, 0.003306
0.0, 0.0, 0.003391
0.0, 0.0, 0.003423
0.0, 0.0, 0.003405
0.0, 0.0, 0.003256
0.0, 0.0, 0.003225
0.0, 0.0, 0.003160
0.0, 0.0, 0.003121
0.0, 0.0, 0.003115
0.0, 0.0, 0.003092
0.0, 0.0, 0.003049
0.0, 0.0, 0.003059
0.0, 0.0, 0.003078
0.0, 0.0, 0.003127
0.0, 0.0, 0.003208
0.0, 0.0, 0.003323
0.0, 0.0, 0.003401
0.0, 0.0, 0.003463
0.0, 0.0, 0.003388
0.0, 0.0, 0.003434
0.0, 0.0, 0.003300
0.0, 0.0, 0.003212
0.0, 0.0, 0.003139
0.0, 0.0, 0.003141
0.0, 0.0, 0.003184
0.0, 0.0, 0.003184
0.0, 0.0, 0.003316
0.0, 0.0, 0.003225
0.0, 0.0, 0.003168
0.0, 0.0, 0.003234
0.0, 0.0, 0.003276
0.0, 0.0, 0.003266
0.0, 0.0, 0.003184
0.0, 0.0, 0.003136
0.0, 0.0, 0.003094
0.0, 0.0, 0.003060
0.0, 0.0, 0.003040
0.0, 0.0, 0.003057
0.0, 0.0, 0.003077
0.0, 0.0, 0.003030
0.0, 0.0, 0.003058
0.0, 0.0, 0.003097
0.0, 0.0, 0.003199
0.0, 0.0, 0.003335
0.0, 0.0, 0.003432
0.0, 0.0, 0.003429
0.0, 0.0, 0.003384
0.0, 0.0, 0.003408
0.0, 0.0, 0.003312
0.0, 0.0, 0.003184
0.0, 0.0, 0.003078
0.0, 0.0, 0.003056
0.0, 0.0, 0.003136
0.0, 0.0, 0.003077
0.0, 0.0, 0.003186
0.0, 0.0, 0.003198
0.0, 0.0, 0.003086
0.0, 0.0, 0.003066
0.0, 0.0, 0.003155
0.0, 0.0, 0.003143
0.0, 0.0, 0.003106
0.0, 0.0, 0.003057
0.0, 0.0, 0.003019
0.0, 0.0, 0.002974
0.0, 0.0, 0.002948
0.0, 0.0, 0.002979
0.0, 0.0, 0.003030
0.0, 0.0, 0.003032
0.0, 0.0, 0.003087
0.0, 0.0, 0.003096
0.0, 0.0, 0.003196
0.0, 0.0, 0.003347
0.0, 0.0, 0.003463
0.0, 0.0, 0.003381
0.0, 0.0, 0.003370
0.0, 0.0, 0.003286
0.0, 0.0, 0.003274
0.0, 0.0, 0.003169
0.0, 0.0, 0.003079
0.0, 0.0, 0.003108
0.0, 0.0, 0.003174
0.0, 0.0, 0.003111
0.0, 0.0, 0.003147
0.0, 0.0, 0.003178
0.0, 0.0, 0.003138
0.0, 0.0, 0.002981
0.0, 0.0, 0.003051
0.0, 0.0, 0.003128
0.0, 0.0, 0.003062
0.0, 0.0, 0.003024
0.0, 0.0, 0.002958
0.0, 0.0, 0.002917
0.0, 0.0, 0.002873
0.0, 0.0, 0.002900
0.0, 0.0, 0.002920
0.0, 0.0, 0.003018
0.0, 0.0, 0.003094
0.0, 0.0, 0.003120
0.0, 0.0, 0.003218
0.0, 0.0, 0.003361
0.0, 0.0, 0.003468
0.0, 0.0, 0.003394
0.0, 0.0, 0.003322
0.0, 0.0, 0.003230
0.0, 0.0, 0.003113
0.0, 0.0, 0.003079
0.0, 0.0, 0.003005
0.0, 0.0, 0.003042
0.0, 0.0, 0.003130
0.0, 0.0, 0.003149
0.0, 0.0, 0.003111
0.0, 0.0, 0.003135
0.0, 0.0, 0.003121
0.0, 0.0, 0.003016
0.0, 0.0, 0.002947
0.0, 0.0, 0.002993
0.0, 0.0, 0.002988
0.0, 0.0, 0.002960
0.0, 0.0, 0.002919
0.0, 0.0, 0.002880
0.0, 0.0, 0.002854
0.0, 0.0, 0.002845
0.0, 0.0, 0.002890
0.0, 0.0, 0.002977
0.0, 0.0, 0.003057
0.0, 0.0, 0.003156
0.0, 0.0, 0.003266
0.0, 0.0, 0.003369
0.0, 0.0, 0.003375
0.0, 0.0, 0.003328
0.0, 0.0, 0.003293
0.0, 0.0, 0.003203
0.0, 0.0, 0.003092
0.0, 0.0, 0.003007
0.0, 0.0, 0.002977
0.0, 0.0, 0.002983
0.0, 0.0, 0.003031
0.0, 0.0, 0.003094
0.0, 0.0, 0.003079
0.0, 0.0, 0.003090
0.0, 0.0, 0.003083
0.0, 0.0, 0.003043
0.0, 0.0, 0.002915
0.0, 0.0, 0.002892
0.0, 0.0, 0.002902
0.0, 0.0, 0.002895
0.0, 0.0, 0.002871
0.0, 0.0, 0.002834
0.0, 0.0, 0.002804
0.0, 0.0, 0.002799
0.0, 0.0, 0.002850
0.0, 0.0, 0.002955
0.0, 0.0, 0.003066
0.0, 0.0, 0.003161
0.0, 0.0, 0.003307
0.0, 0.0, 0.003290
0.0, 0.0, 0.003302
0.0, 0.0, 0.003268
0.0, 0.0, 0.003221
0.0, 0.0, 0.003165
0.0, 0.0, 0.003072
0.0, 0.0, 0.003026
0.0, 0.0, 0.002973
0.0, 0.0, 0.002939
0.0, 0.0, 0.002941
0.0, 0.0, 0.003035
0.0, 0.0, 0.003013
0.0, 0.0, 0.003021
0.0, 0.0, 0.003022
0.0, 0.0, 0.002970
0.0, 0.0, 0.002874
0.0, 0.0, 0.002825
0.0, 0.0, 0.002829
0.0, 0.0, 0.002857
0.0, 0.0, 0.002828
0.0, 0.0, 0.002815
0.0, 0.0, 0.002784
0.0, 0.0, 0.002775
0.0, 0.0, 0.002806
0.0, 0.0, 0.002913
0.0, 0.0, 0.003039
0.0, 0.0, 0.003176
0.0, 0.0, 0.003225
0.0, 0.0, 0.003230
0.0, 0.0, 0.003198
0.0, 0.0, 0.003190
0.0, 0.0, 0.003137
0.0, 0.0, 0.003120
0.0, 0.0, 0.003121
0.0, 0.0, 0.002992
0.0, 0.0, 0.002942
0.0, 0.0, 0.002923
0.0, 0.0, 0.002895
0.0, 0.0, 0.002979
0.0, 0.0, 0.002975
0.0, 0.0, 0.002971
0.0, 0.0, 0.003007
0.0, 0.0, 0.002925
0.0, 0.0, 0.002830
0.0, 0.0, 0.002769
0.0, 0.0, 0.002791
0.0, 0.0, 0.002818
0.0, 0.0, 0.002786
0.0, 0.0, 0.002801
0.0, 0.0, 0.002770
0.0, 0.0, 0.002777
0.0, 0.0, 0.002813
0.0, 0.0, 0.002882
0.0, 0.0, 0.003014
0.0, 0.0, 0.003141
0.0, 0.0, 0.003150
0.0, 0.0, 0.003176
0.0, 0.0, 0.003141
0.0, 0.0, 0.003115
0.0, 0.0, 0.003070
0.0, 0.0, 0.003060
0.0, 0.0, 0.003078
0.0, 0.0, 0.002949
0.0, 0.0, 0.002888
0.0, 0.0, 0.002875
0.0, 0.0, 0.002858
0.0, 0.0, 0.002928
0.0, 0.0, 0.002911
0.0, 0.0, 0.002902
0.0, 0.0, 0.002919
0.0, 0.0, 0.002895
0.0, 0.0, 0.002804
0.0, 0.0, 0.002752
0.0, 0.0, 0.002746
0.0, 0.0, 0.002735
0.0, 0.0, 0.002754
0.0, 0.0, 0.002762
0.0, 0.0, 0.002774
0.0, 0.0, 0.002752
0.0, 0.0, 0.002784
0.0, 0.0, 0.002842
0.0, 0.0, 0.002945
0.0, 0.0, 0.003070
0.0, 0.0, 0.003104
0.0, 0.0, 0.003127
0.0, 0.0, 0.003135
0.0, 0.0, 0.003041
0.0, 0.0, 0.003016
0.0, 0.0, 0.003006
0.0, 0.0, 0.002892
0.0, 0.0, 0.002903
0.0, 0.0, 0.002888
0.0, 0.0, 0.002849
0.0, 0.0, 0.002812
0.0, 0.0, 0.002873
0.0, 0.0, 0.002864
0.0, 0.0, 0.002859
0.0, 0.0, 0.002848
0.0, 0.0, 0.002816
0.0, 0.0, 0.002745
0.0, 0.0, 0.002731
0.0, 0.0, 0.002711
0.0, 0.0, 0.002723
0.0, 0.0, 0.002715
0.0, 0.0, 0.002762
0.0, 0.0, 0.002771
0.0, 0.0, 0.002759
0.0, 0.0, 0.002781
0.0, 0.0, 0.002851
0.0, 0.0, 0.002918
0.0, 0.0, 0.003028
0.0, 0.0, 0.003087
0.0, 0.0, 0.003089
0.0, 0.0, 0.003082
0.0, 0.0, 0.002994
0.0, 0.0, 0.002960
0.0, 0.0, 0.002946
0.0, 0.0, 0.002734
0.0, 0.0, 0.002770
0.0, 0.0, 0.002826
0.0, 0.0, 0.002844
0.0, 0.0, 0.002769
0.0, 0.0, 0.002820
0.0, 0.0, 0.002817
0.0, 0.0, 0.002818
0.0, 0.0, 0.002814
0.0, 0.0, 0.002774
0.0, 0.0, 0.002685
0.0, 0.0, 0.002716
0.0, 0.0, 0.002718
0.0, 0.0, 0.002738
0.0, 0.0, 0.002692
0.0, 0.0, 0.002756
0.0, 0.0, 0.002769
0.0, 0.0, 0.002767
0.0, 0.0, 0.002769
0.0, 0.0, 0.002846
0.0, 0.0, 0.002920
0.0, 0.0, 0.002972
0.0, 0.0, 0.003034
0.0, 0.0, 0.003050
0.0, 0.0, 0.002983
0.0, 0.0, 0.002960
0.0, 0.0, 0.002900
0.0, 0.0, 0.002884
0.0, 0.0, 0.002675
0.0, 0.0, 0.002702
0.0, 0.0, 0.002797
0.0, 0.0, 0.002847
0.0, 0.0, 0.002758
0.0, 0.0, 0.002779
0.0, 0.0, 0.002791
0.0, 0.0, 0.002799
0.0, 0.0, 0.002797
0.0, 0.0, 0.002794
0.0, 0.0, 0.002694
0.0, 0.0, 0.002704
0.0, 0.0, 0.002726
0.0, 0.0, 0.002754
0.0, 0.0, 0.002691
0.0, 0.0, 0.002735
0.0, 0.0, 0.002800
0.0, 0.0, 0.002804
0.0, 0.0, 0.002794
0.0, 0.0, 0.002796
0.0, 0.0, 0.002855
0.0, 0.0, 0.002939
0.0, 0.0, 0.002972
0.0, 0.0, 0.002942
0.0, 0.0, 0.002921
0.0, 0.0, 0.002891
0.0, 0.0, 0.002830
0.0, 0.0, 0.002797
0.0, 0.0, 0.002576
0.0, 0.0, 0.002603
0.0, 0.0, 0.002731
0.0, 0.0, 0.002816
0.0, 0.0, 0.002811
0.0, 0.0, 0.002756
0.0, 0.0, 0.002773
0.0, 0.0, 0.002777
0.0, 0.0, 0.002796
0.0, 0.0, 0.002822
0.0, 0.0, 0.002721
0.0, 0.0, 0.002707
0.0, 0.0, 0.002739
0.0, 0.0, 0.002759
0.0, 0.0, 0.002731
0.0, 0.0, 0.002667
0.0, 0.0, 0.002747
0.0, 0.0, 0.002774
0.0, 0.0, 0.002826
0.0, 0.0, 0.002783
0.0, 0.0, 0.002801
0.0, 0.0, 0.002896
0.0, 0.0, 0.002950
0.0, 0.0, 0.002924
0.0, 0.0, 0.002854
0.0, 0.0, 0.002815
0.0, 0.0, 0.002758
0.0, 0.0, 0.002700
0.0, 0.0, 0.002532
0.0, 0.0, 0.002547
0.0, 0.0, 0.002618
0.0, 0.0, 0.002781
0.0, 0.0, 0.002848
0.0, 0.0, 0.002787
0.0, 0.0, 0.002785
0.0, 0.0, 0.002799
0.0, 0.0, 0.002791
0.0, 0.0, 0.002808
0.0, 0.0, 0.002773
0.0, 0.0, 0.002730
0.0, 0.0, 0.002743
0.0, 0.0, 0.002767
0.0, 0.0, 0.002768
0.0, 0.0, 0.002660
0.0, 0.0, 0.002672
0.0, 0.0, 0.002699
0.0, 0.0, 0.002775
0.0, 0.0, 0.002754
0.0, 0.0, 0.002768
0.0, 0.0, 0.002874
0.0, 0.0, 0.002912
0.0, 0.0, 0.002878
0.0, 0.0, 0.002800
0.0, 0.0, 0.002740
0.0, 0.0, 0.002687
0.0, 0.0, 0.002636
0.0, 0.0, 0.002571
0.0, 0.0, 0.002589
0.0, 0.0, 0.002580
0.0, 0.0, 0.002725
0.0, 0.0, 0.002841
0.0, 0.0, 0.002812
0.0, 0.0, 0.002832
0.0, 0.0, 0.002856
0.0, 0.0, 0.002828
0.0, 0.0, 0.002784
0.0, 0.0, 0.002866
0.0, 0.0, 0.002779
0.0, 0.0, 0.002734
0.0, 0.0, 0.002747
0.0, 0.0, 0.002725
0.0, 0.0, 0.002622
0.0, 0.0, 0.002611
0.0, 0.0, 0.002657
0.0, 0.0, 0.002733
0.0, 0.0, 0.002692
0.0, 0.0, 0.002753
0.0, 0.0, 0.002845
0.0, 0.0, 0.002874
0.0, 0.0, 0.002798
0.0, 0.0, 0.002770
0.0, 0.0, 0.002669
0.0, 0.0, 0.002601
0.0, 0.0, 0.002554
0.0, 0.0, 0.002611
0.0, 0.0, 0.002600
0.0, 0.0, 0.002576
0.0, 0.0, 0.002651
0.0, 0.0, 0.002813
0.0, 0.0, 0.002867
0.0, 0.0, 0.002856
0.0, 0.0, 0.002896
0.0, 0.0, 0.002848
0.0, 0.0, 0.002787
0.0, 0.0, 0.002799
0.0, 0.0, 0.002797
0.0, 0.0, 0.002763
0.0, 0.0, 0.002719
0.0, 0.0, 0.002735
0.0, 0.0, 0.002642
0.0, 0.0, 0.002606
0.0, 0.0, 0.002618
0.0, 0.0, 0.002710
0.0, 0.0, 0.002680
0.0, 0.0, 0.002757
0.0, 0.0, 0.002800
0.0, 0.0, 0.002841
0.0, 0.0, 0.002773
0.0, 0.0, 0.002728
0.0, 0.0, 0.002617
0.0, 0.0, 0.002519
0.0, 0.0, 0.002482
0.0, 0.0, 0.002601
0.0, 0.0, 0.002630
0.0, 0.0, 0.002640
0.0, 0.0, 0.002627
0.0, 0.0, 0.002738
0.0, 0.0, 0.002780
0.0, 0.0, 0.002896
0.0, 0.0, 0.002912
0.0, 0.0, 0.002866
0.0, 0.0, 0.002811
0.0, 0.0, 0.002756
0.0, 0.0, 0.002772
0.0, 0.0, 0.002738
0.0, 0.0, 0.002676
0.0, 0.0, 0.002672
0.0, 0.0, 0.002665
0.0, 0.0, 0.002595
0.0, 0.0, 0.002614
0.0, 0.0, 0.002700
0.0, 0.0, 0.002696
0.0, 0.0, 0.002679
0.0, 0.0, 0.002759
0.0, 0.0, 0.002811
0.0, 0.0, 0.002766
0.0, 0.0, 0.002684
0.0, 0.0, 0.002576
0.0, 0.0, 0.002462
0.0, 0.0, 0.002419
0.0, 0.0, 0.002621
0.0, 0.0, 0.002623
0.0, 0.0, 0.002649
0.0, 0.0, 0.002683
0.0, 0.0, 0.002723
0.0, 0.0, 0.002750
0.0, 0.0, 0.002792
0.0, 0.0, 0.002874
0.0, 0.0, 0.002855
0.0, 0.0, 0.002775
0.0, 0.0, 0.002708
0.0, 0.0, 0.002744
0.0, 0.0, 0.002724
0.0, 0.0, 0.002666
0.0, 0.0, 0.002663
0.0, 0.0, 0.002672
0.0, 0.0, 0.002609
0.0, 0.0, 0.002619
0.0, 0.0, 0.002668
0.0, 0.0, 0.002661
0.0, 0.0, 0.002631
0.0, 0.0, 0.002690
0.0, 0.0, 0.002770
0.0, 0.0, 0.002753
0.0, 0.0, 0.002653
0.0, 0.0, 0.002565
0.0, 0.0, 0.002435
0.0, 0.0, 0.002393
0.0, 0.0, 0.002651
0.0, 0.0, 0.002671
0.0, 0.0, 0.002685
0.0, 0.0, 0.002764
0.0, 0.0, 0.002751
0.0, 0.0, 0.002762
0.0, 0.0, 0.002777
0.0, 0.0, 0.002826
0.0, 0.0, 0.002875
0.0, 0.0, 0.002822
0.0, 0.0, 0.002720
0.0, 0.0, 0.002709
0.0, 0.0, 0.002714
0.0, 0.0, 0.002661
0.0, 0.0, 0.002606
0.0, 0.0, 0.002633
0.0, 0.0, 0.002618
0.0, 0.0, 0.002599
0.0, 0.0, 0.002621
0.0, 0.0, 0.002658
0.0, 0.0, 0.002577
0.0, 0.0, 0.002619
0.0, 0.0, 0.002691
0.0, 0.0, 0.002654
0.0, 0.0, 0.002633
0.0, 0.0, 0.002547
0.0, 0.0, 0.002434
0.0, 0.0, 0.002405
0.0, 0.0, 0.002623
0.0, 0.0, 0.002688
0.0, 0.0, 0.002759
0.0, 0.0, 0.002739
0.0, 0.0, 0.002735
0.0, 0.0, 0.002709
0.0, 0.0, 0.002691
0.0, 0.0, 0.002735
0.0, 0.0, 0.002823
0.0, 0.0, 0.002785
0.0, 0.0, 0.002697
0.0, 0.0, 0.002668
0.0, 0.0, 0.002696
0.0, 0.0, 0.002659
0.0, 0.0, 0.002595
0.0, 0.0, 0.002601
0.0, 0.0, 0.002597
0.0, 0.0, 0.002570
0.0, 0.0, 0.002560
0.0, 0.0, 0.002611
0.0, 0.0, 0.002589
0.0, 0.0, 0.002577
0.0, 0.0, 0.002638
0.0, 0.0, 0.002606
0.0, 0.0, 0.002595
0.0, 0.0, 0.002522
0.0, 0.0, 0.002450
0.0, 0.0, 0.002425
0.0, 0.0, 0.002580
0.0, 0.0, 0.002619
0.0, 0.0, 0.002710
0.0, 0.0, 0.002682
0.0, 0.0, 0.002671
0.0, 0.0, 0.002666
0.0, 0.0, 0.002637
0.0, 0.0, 0.002632
0.0, 0.0, 0.002714
0.0, 0.0, 0.002729
0.0, 0.0, 0.002690
0.0, 0.0, 0.002627
0.0, 0.0, 0.002635
0.0, 0.0, 0.002623
0.0, 0.0, 0.002575
0.0, 0.0, 0.002548
0.0, 0.0, 0.002559
0.0, 0.0, 0.002542
0.0, 0.0, 0.002522
0.0, 0.0, 0.002537
0.0, 0.0, 0.002589
0.0, 0.0, 0.002557
0.0, 0.0, 0.002615
0.0, 0.0, 0.002587
0.0, 0.0, 0.002580
0.0, 0.0, 0.002525
0.0, 0.0, 0.002454
0.0, 0.0, 0.002439
0.0, 0.0, 0.002597
0.0, 0.0, 0.002617
0.0, 0.0, 0.002671
0.0, 0.0, 0.002642
0.0, 0.0, 0.002619
0.0, 0.0, 0.002610
0.0, 0.0, 0.002585
0.0, 0.0, 0.002578
0.0, 0.0, 0.002586
0.0, 0.0, 0.002658
0.0, 0.0, 0.002652
0.0, 0.0, 0.002633
0.0, 0.0, 0.002582
0.0, 0.0, 0.002562
0.0, 0.0, 0.002564
0.0, 0.0, 0.002538
0.0, 0.0, 0.002514
0.0, 0.0, 0.002487
0.0, 0.0, 0.002457
0.0, 0.0, 0.002462
0.0, 0.0, 0.002516
0.0, 0.0, 0.002466
0.0, 0.0, 0.002546
0.0, 0.0, 0.002550
0.0, 0.0, 0.002523
0.0, 0.0, 0.002486
0.0, 0.0, 0.002422
0.0, 0.0, 0.002391
0.0, 0.0, 0.002634
0.0, 0.0, 0.002597
0.0, 0.0, 0.002668
0.0, 0.0, 0.002635
0.0, 0.0, 0.002602
0.0, 0.0, 0.002578
0.0, 0.0, 0.002578
0.0, 0.0, 0.002581
0.0, 0.0, 0.002572
0.0, 0.0, 0.002557
0.0, 0.0, 0.002598
0.0, 0.0, 0.002617
0.0, 0.0, 0.002580
0.0, 0.0, 0.002542
0.0, 0.0, 0.002549
0.0, 0.0, 0.002540
0.0, 0.0, 0.002498
0.0, 0.0, 0.002465
0.0, 0.0, 0.002450
0.0, 0.0, 0.002454
0.0, 0.0, 0.002499
0.0, 0.0, 0.002452
0.0, 0.0, 0.002489
0.0, 0.0, 0.002532
0.0, 0.0, 0.002520
0.0, 0.0, 0.002469
0.0, 0.0, 0.002401
0.0, 0.0, 0.002361
0.0, 0.0, 0.002644
0.0, 0.0, 0.002629
0.0, 0.0, 0.002672
0.0, 0.0, 0.002644
0.0, 0.0, 0.002597
0.0, 0.0, 0.002552
0.0, 0.0, 0.002530
0.0, 0.0, 0.002563
0.0, 0.0, 0.002580
0.0, 0.0, 0.002567
0.0, 0.0, 0.002548
0.0, 0.0, 0.002621
0.0, 0.0, 0.002567
0.0, 0.0, 0.002554
0.0, 0.0, 0.002539
0.0, 0.0, 0.002513
0.0, 0.0, 0.002470
0.0, 0.0, 0.002434
0.0, 0.0, 0.002422
0.0, 0.0, 0.002395
0.0, 0.0, 0.002435
0.0, 0.0, 0.002412
0.0, 0.0, 0.002430
0.0, 0.0, 0.002463
0.0, 0.0, 0.002494
0.0, 0.0, 0.002445
0.0, 0.0, 0.002385
0.0, 0.0, 0.002317
