S
I=45,J=40
0.0, 0.0, 0.004744
0.0, 0.0, 0.004626
0.0, 0.0, 0.004378
0.0, 0.0, 0.004416
0.0, 0.0, 0.005487
0.0, 0.0, 0.012127
0.0, 0.0, 0.014484
0.0, 0.0, 0.015149
0.0, 0.0, 0.014626
0.0, 0.0, 0.015810
0.0, 0.0, 0.015719
0.0, 0.0, 0.015771
0.0, 0.0, 0.015868
0.0, 0.0, 0.015890
0.0, 0.0, 0.015754
0.0, 0.0, 0.015380
0.0, 0.0, 0.015183
0.0, 0.0, 0.015488
0.0, 0.0, 0.015605
0.0, 0.0, 0.015688
0.0, 0.0, 0.015712
0.0, 0.0, 0.015679
0.0, 0.0, 0.015409
0.0, 0.0, 0.015924
0.0, 0.0, 0.016327
0.0, 0.0, 0.015972
0.0, 0.0, 0.015902
0.0, 0.0, 0.015700
0.0, 0.0, 0.015054
0.0, 0.0, 0.015156
0.0, 0.0, 0.015596
0.0, 0.0, 0.015605
0.0, 0.0, 0.014891
0.0, 0.0, 0.014827
0.0, 0.0, 0.012079
0.0, 0.0, 0.013984
0.0, 0.0, 0.014461
0.0, 0.0, 0.015314
0.0, 0.0, 0.015624
0.0, 0.0, 0.015562
0.0, 0.0, 0.015603
0.0, 0.0, 0.015551
0.0, 0.0, 0.015148
0.0, 0.0, 0.015628
0.0, 0.0, 0.016008
0.0, 0.0, 0.004679
0.0, 0.0, 0.004580
0.0, 0.0, 0.004436
0.0, 0.0, 0.004143
0.0, 0.0, 0.004957
0.0, 0.0, 0.012477
0.0, 0.0, 0.014635
0.0, 0.0, 0.015477
0.0, 0.0, 0.015948
0.0, 0.0, 0.015951
0.0, 0.0, 0.015863
0.0, 0.0, 0.015890
0.0, 0.0, 0.015814
0.0, 0.0, 0.015792
0.0, 0.0, 0.015418
0.0, 0.0, 0.015205
0.0, 0.0, 0.015297
0.0, 0.0, 0.015556
0.0, 0.0, 0.015685
0.0, 0.0, 0.015823
0.0, 0.0, 0.016008
0.0, 0.0, 0.016105
0.0, 0.0, 0.016068
0.0, 0.0, 0.015685
0.0, 0.0, 0.014898
0.0, 0.0, 0.015090
0.0, 0.0, 0.015044
0.0, 0.0, 0.015376
0.0, 0.0, 0.015976
0.0, 0.0, 0.015077
0.0, 0.0, 0.015184
0.0, 0.0, 0.014175
0.0, 0.0, 0.014537
0.0, 0.0, 0.013973
0.0, 0.0, 0.014498
0.0, 0.0, 0.015024
0.0, 0.0, 0.015905
0.0, 0.0, 0.015144
0.0, 0.0, 0.014787
0.0, 0.0, 0.014031
0.0, 0.0, 0.013962
0.0, 0.0, 0.013923
0.0, 0.0, 0.014224
0.0, 0.0, 0.014668
0.0, 0.0, 0.015235
0.0, 0.0, 0.004506
0.0, 0.0, 0.004368
0.0, 0.0, 0.004360
0.0, 0.0, 0.004004
0.0, 0.0, 0.010982
0.0, 0.0, 0.012652
0.0, 0.0, 0.013966
0.0, 0.0, 0.014761
0.0, 0.0, 0.015751
0.0, 0.0, 0.015768
0.0, 0.0, 0.015515
0.0, 0.0, 0.015414
0.0, 0.0, 0.015452
0.0, 0.0, 0.015449
0.0, 0.0, 0.015055
0.0, 0.0, 0.014724
0.0, 0.0, 0.014865
0.0, 0.0, 0.015161
0.0, 0.0, 0.015275
0.0, 0.0, 0.014900
0.0, 0.0, 0.015134
0.0, 0.0, 0.015406
0.0, 0.0, 0.015602
0.0, 0.0, 0.014924
0.0, 0.0, 0.013407
0.0, 0.0, 0.014138
0.0, 0.0, 0.014139
0.0, 0.0, 0.014684
0.0, 0.0, 0.015171
0.0, 0.0, 0.015473
0.0, 0.0, 0.015751
0.0, 0.0, 0.016037
0.0, 0.0, 0.015696
0.0, 0.0, 0.015993
0.0, 0.0, 0.015364
0.0, 0.0, 0.015342
0.0, 0.0, 0.014979
0.0, 0.0, 0.015235
0.0, 0.0, 0.014846
0.0, 0.0, 0.014020
0.0, 0.0, 0.013782
0.0, 0.0, 0.013162
0.0, 0.0, 0.013767
0.0, 0.0, 0.013908
0.0, 0.0, 0.014384
0.0, 0.0, 0.003817
0.0, 0.0, 0.003817
0.0, 0.0, 0.004290
0.0, 0.0, 0.004164
0.0, 0.0, 0.010140
0.0, 0.0, 0.010907
0.0, 0.0, 0.012320
0.0, 0.0, 0.012991
0.0, 0.0, 0.015309
0.0, 0.0, 0.015582
0.0, 0.0, 0.015381
0.0, 0.0, 0.015295
0.0, 0.0, 0.015434
0.0, 0.0, 0.015180
0.0, 0.0, 0.014750
0.0, 0.0, 0.014461
0.0, 0.0, 0.014610
0.0, 0.0, 0.014839
0.0, 0.0, 0.014775
0.0, 0.0, 0.014568
0.0, 0.0, 0.014883
0.0, 0.0, 0.014954
0.0, 0.0, 0.014973
0.0, 0.0, 0.014208
0.0, 0.0, 0.013115
0.0, 0.0, 0.012051
0.0, 0.0, 0.013642
0.0, 0.0, 0.013763
0.0, 0.0, 0.014077
0.0, 0.0, 0.014465
0.0, 0.0, 0.015059
0.0, 0.0, 0.015213
0.0, 0.0, 0.015142
0.0, 0.0, 0.015116
0.0, 0.0, 0.015479
0.0, 0.0, 0.014941
0.0, 0.0, 0.014604
0.0, 0.0, 0.014743
0.0, 0.0, 0.014336
0.0, 0.0, 0.013890
0.0, 0.0, 0.013866
0.0, 0.0, 0.013036
0.0, 0.0, 0.013046
0.0, 0.0, 0.013018
0.0, 0.0, 0.013294
0.0, 0.0, 0.003703
0.0, 0.0, 0.003705
0.0, 0.0, 0.003880
0.0, 0.0, 0.003816
0.0, 0.0, 0.009424
0.0, 0.0, 0.010232
0.0, 0.0, 0.012309
0.0, 0.0, 0.014456
0.0, 0.0, 0.015153
0.0, 0.0, 0.015520
0.0, 0.0, 0.015338
0.0, 0.0, 0.015205
0.0, 0.0, 0.015363
0.0, 0.0, 0.015109
0.0, 0.0, 0.014489
0.0, 0.0, 0.014222
0.0, 0.0, 0.014473
0.0, 0.0, 0.014652
0.0, 0.0, 0.014995
0.0, 0.0, 0.014387
0.0, 0.0, 0.014368
0.0, 0.0, 0.014413
0.0, 0.0, 0.014127
0.0, 0.0, 0.013996
0.0, 0.0, 0.012472
0.0, 0.0, 0.011395
0.0, 0.0, 0.012386
0.0, 0.0, 0.011974
0.0, 0.0, 0.013691
0.0, 0.0, 0.014254
0.0, 0.0, 0.014424
0.0, 0.0, 0.014830
0.0, 0.0, 0.014805
0.0, 0.0, 0.014480
0.0, 0.0, 0.014116
0.0, 0.0, 0.014246
0.0, 0.0, 0.013654
0.0, 0.0, 0.014119
0.0, 0.0, 0.014155
0.0, 0.0, 0.014322
0.0, 0.0, 0.013705
0.0, 0.0, 0.013167
0.0, 0.0, 0.012838
0.0, 0.0, 0.012665
0.0, 0.0, 0.012643
0.0, 0.0, 0.003402
0.0, 0.0, 0.003290
0.0, 0.0, 0.003415
0.0, 0.0, 0.003312
0.0, 0.0, 0.005131
0.0, 0.0, 0.008542
0.0, 0.0, 0.013323
0.0, 0.0, 0.013641
0.0, 0.0, 0.015106
0.0, 0.0, 0.015486
0.0, 0.0, 0.015324
0.0, 0.0, 0.015263
0.0, 0.0, 0.015136
0.0, 0.0, 0.014735
0.0, 0.0, 0.014430
0.0, 0.0, 0.014297
0.0, 0.0, 0.014247
0.0, 0.0, 0.014312
0.0, 0.0, 0.014235
0.0, 0.0, 0.014469
0.0, 0.0, 0.013379
0.0, 0.0, 0.013376
0.0, 0.0, 0.013569
0.0, 0.0, 0.013427
0.0, 0.0, 0.012376
0.0, 0.0, 0.011997
0.0, 0.0, 0.010846
0.0, 0.0, 0.010936
0.0, 0.0, 0.012755
0.0, 0.0, 0.012894
0.0, 0.0, 0.012828
0.0, 0.0, 0.013072
0.0, 0.0, 0.013172
0.0, 0.0, 0.013569
0.0, 0.0, 0.013972
0.0, 0.0, 0.014160
0.0, 0.0, 0.014212
0.0, 0.0, 0.014058
0.0, 0.0, 0.013525
0.0, 0.0, 0.013182
0.0, 0.0, 0.013517
0.0, 0.0, 0.013161
0.0, 0.0, 0.012721
0.0, 0.0, 0.012487
0.0, 0.0, 0.012320
0.0, 0.0, 0.003141
0.0, 0.0, 0.003036
0.0, 0.0, 0.003303
0.0, 0.0, 0.003531
0.0, 0.0, 0.003614
0.0, 0.0, 0.005648
0.0, 0.0, 0.014345
0.0, 0.0, 0.014722
0.0, 0.0, 0.015045
0.0, 0.0, 0.015133
0.0, 0.0, 0.014777
0.0, 0.0, 0.014599
0.0, 0.0, 0.014286
0.0, 0.0, 0.014246
0.0, 0.0, 0.014062
0.0, 0.0, 0.013825
0.0, 0.0, 0.013770
0.0, 0.0, 0.013533
0.0, 0.0, 0.013725
0.0, 0.0, 0.013822
0.0, 0.0, 0.013621
0.0, 0.0, 0.013457
0.0, 0.0, 0.013378
0.0, 0.0, 0.013243
0.0, 0.0, 0.012790
0.0, 0.0, 0.012408
0.0, 0.0, 0.012286
0.0, 0.0, 0.010431
0.0, 0.0, 0.012412
0.0, 0.0, 0.011624
0.0, 0.0, 0.011561
0.0, 0.0, 0.011526
0.0, 0.0, 0.011720
0.0, 0.0, 0.013118
0.0, 0.0, 0.013107
0.0, 0.0, 0.013240
0.0, 0.0, 0.012902
0.0, 0.0, 0.013479
0.0, 0.0, 0.013222
0.0, 0.0, 0.013936
0.0, 0.0, 0.013558
0.0, 0.0, 0.012994
0.0, 0.0, 0.012598
0.0, 0.0, 0.012383
0.0, 0.0, 0.012168
0.0, 0.0, 0.002994
0.0, 0.0, 0.003501
0.0, 0.0, 0.003833
0.0, 0.0, 0.008361
0.0, 0.0, 0.010706
0.0, 0.0, 0.012780
0.0, 0.0, 0.014223
0.0, 0.0, 0.014073
0.0, 0.0, 0.014086
0.0, 0.0, 0.013660
0.0, 0.0, 0.013706
0.0, 0.0, 0.013711
0.0, 0.0, 0.013978
0.0, 0.0, 0.013729
0.0, 0.0, 0.013564
0.0, 0.0, 0.013406
0.0, 0.0, 0.013151
0.0, 0.0, 0.013158
0.0, 0.0, 0.013173
0.0, 0.0, 0.013124
0.0, 0.0, 0.013014
0.0, 0.0, 0.013031
0.0, 0.0, 0.013090
0.0, 0.0, 0.012553
0.0, 0.0, 0.012426
0.0, 0.0, 0.010887
0.0, 0.0, 0.011153
0.0, 0.0, 0.012336
0.0, 0.0, 0.011566
0.0, 0.0, 0.011081
0.0, 0.0, 0.010873
0.0, 0.0, 0.009463
0.0, 0.0, 0.009589
0.0, 0.0, 0.012982
0.0, 0.0, 0.012327
0.0, 0.0, 0.011827
0.0, 0.0, 0.011732
0.0, 0.0, 0.012593
0.0, 0.0, 0.013924
0.0, 0.0, 0.014205
0.0, 0.0, 0.014619
0.0, 0.0, 0.013475
0.0, 0.0, 0.012591
0.0, 0.0, 0.012098
0.0, 0.0, 0.012450
0.0, 0.0, 0.002923
0.0, 0.0, 0.005507
0.0, 0.0, 0.008945
0.0, 0.0, 0.009581
0.0, 0.0, 0.011242
0.0, 0.0, 0.012345
0.0, 0.0, 0.012516
0.0, 0.0, 0.013599
0.0, 0.0, 0.013125
0.0, 0.0, 0.013543
0.0, 0.0, 0.013518
0.0, 0.0, 0.013631
0.0, 0.0, 0.013375
0.0, 0.0, 0.013052
0.0, 0.0, 0.012632
0.0, 0.0, 0.012300
0.0, 0.0, 0.012270
0.0, 0.0, 0.012423
0.0, 0.0, 0.012448
0.0, 0.0, 0.012136
0.0, 0.0, 0.012084
0.0, 0.0, 0.012594
0.0, 0.0, 0.012443
0.0, 0.0, 0.012426
0.0, 0.0, 0.010948
0.0, 0.0, 0.011585
0.0, 0.0, 0.010837
0.0, 0.0, 0.011355
0.0, 0.0, 0.010983
0.0, 0.0, 0.010671
0.0, 0.0, 0.009545
0.0, 0.0, 0.009307
0.0, 0.0, 0.008440
0.0, 0.0, 0.012978
0.0, 0.0, 0.011939
0.0, 0.0, 0.011643
0.0, 0.0, 0.011307
0.0, 0.0, 0.011543
0.0, 0.0, 0.012292
0.0, 0.0, 0.014304
0.0, 0.0, 0.014186
0.0, 0.0, 0.014145
0.0, 0.0, 0.012708
0.0, 0.0, 0.012041
0.0, 0.0, 0.011953
0.0, 0.0, 0.002912
0.0, 0.0, 0.003502
0.0, 0.0, 0.008329
0.0, 0.0, 0.009773
0.0, 0.0, 0.010857
0.0, 0.0, 0.011426
0.0, 0.0, 0.012173
0.0, 0.0, 0.012951
0.0, 0.0, 0.013168
0.0, 0.0, 0.012672
0.0, 0.0, 0.013202
0.0, 0.0, 0.012849
0.0, 0.0, 0.012092
0.0, 0.0, 0.010983
0.0, 0.0, 0.010825
0.0, 0.0, 0.011234
0.0, 0.0, 0.011175
0.0, 0.0, 0.011014
0.0, 0.0, 0.010916
0.0, 0.0, 0.011008
0.0, 0.0, 0.011348
0.0, 0.0, 0.011315
0.0, 0.0, 0.011933
0.0, 0.0, 0.012039
0.0, 0.0, 0.011605
0.0, 0.0, 0.011260
0.0, 0.0, 0.011666
0.0, 0.0, 0.010854
0.0, 0.0, 0.010393
0.0, 0.0, 0.010325
0.0, 0.0, 0.009282
0.0, 0.0, 0.009594
0.0, 0.0, 0.008844
0.0, 0.0, 0.012893
0.0, 0.0, 0.012605
0.0, 0.0, 0.012163
0.0, 0.0, 0.012858
0.0, 0.0, 0.012346
0.0, 0.0, 0.012287
0.0, 0.0, 0.012128
0.0, 0.0, 0.013823
0.0, 0.0, 0.014167
0.0, 0.0, 0.013726
0.0, 0.0, 0.012192
0.0, 0.0, 0.011899
0.0, 0.0, 0.002811
0.0, 0.0, 0.002872
0.0, 0.0, 0.008541
0.0, 0.0, 0.009524
0.0, 0.0, 0.010820
0.0, 0.0, 0.011747
0.0, 0.0, 0.012398
0.0, 0.0, 0.012346
0.0, 0.0, 0.012534
0.0, 0.0, 0.012571
0.0, 0.0, 0.012375
0.0, 0.0, 0.011416
0.0, 0.0, 0.010968
0.0, 0.0, 0.011332
0.0, 0.0, 0.010972
0.0, 0.0, 0.010346
0.0, 0.0, 0.010088
0.0, 0.0, 0.009886
0.0, 0.0, 0.009856
0.0, 0.0, 0.009597
0.0, 0.0, 0.009367
0.0, 0.0, 0.009114
0.0, 0.0, 0.008797
0.0, 0.0, 0.008383
0.0, 0.0, 0.008349
0.0, 0.0, 0.008582
0.0, 0.0, 0.008523
0.0, 0.0, 0.008606
0.0, 0.0, 0.008341
0.0, 0.0, 0.008161
0.0, 0.0, 0.008803
0.0, 0.0, 0.011186
0.0, 0.0, 0.011741
0.0, 0.0, 0.012337
0.0, 0.0, 0.012266
0.0, 0.0, 0.013216
0.0, 0.0, 0.012527
0.0, 0.0, 0.012694
0.0, 0.0, 0.012500
0.0, 0.0, 0.012681
0.0, 0.0, 0.012417
0.0, 0.0, 0.012273
0.0, 0.0, 0.012751
0.0, 0.0, 0.012489
0.0, 0.0, 0.012298
0.0, 0.0, 0.002608
0.0, 0.0, 0.003119
0.0, 0.0, 0.008800
0.0, 0.0, 0.009297
0.0, 0.0, 0.010393
0.0, 0.0, 0.009793
0.0, 0.0, 0.009130
0.0, 0.0, 0.009078
0.0, 0.0, 0.009238
0.0, 0.0, 0.009127
0.0, 0.0, 0.008947
0.0, 0.0, 0.008283
0.0, 0.0, 0.007571
0.0, 0.0, 0.009088
0.0, 0.0, 0.008809
0.0, 0.0, 0.008443
0.0, 0.0, 0.008006
0.0, 0.0, 0.007600
0.0, 0.0, 0.007676
0.0, 0.0, 0.008371
0.0, 0.0, 0.008067
0.0, 0.0, 0.007875
0.0, 0.0, 0.007364
0.0, 0.0, 0.006995
0.0, 0.0, 0.006396
0.0, 0.0, 0.006119
0.0, 0.0, 0.006401
0.0, 0.0, 0.006190
0.0, 0.0, 0.006515
0.0, 0.0, 0.005310
0.0, 0.0, 0.007413
0.0, 0.0, 0.009878
0.0, 0.0, 0.009896
0.0, 0.0, 0.010567
0.0, 0.0, 0.011063
0.0, 0.0, 0.011619
0.0, 0.0, 0.011734
0.0, 0.0, 0.011531
0.0, 0.0, 0.011764
0.0, 0.0, 0.011790
0.0, 0.0, 0.012292
0.0, 0.0, 0.012714
0.0, 0.0, 0.012535
0.0, 0.0, 0.012616
0.0, 0.0, 0.013017
0.0, 0.0, 0.002682
0.0, 0.0, 0.003340
0.0, 0.0, 0.008577
0.0, 0.0, 0.009125
0.0, 0.0, 0.009917
0.0, 0.0, 0.009035
0.0, 0.0, 0.008172
0.0, 0.0, 0.007796
0.0, 0.0, 0.007340
0.0, 0.0, 0.007421
0.0, 0.0, 0.007364
0.0, 0.0, 0.006349
0.0, 0.0, 0.005793
0.0, 0.0, 0.005039
0.0, 0.0, 0.005601
0.0, 0.0, 0.006057
0.0, 0.0, 0.005548
0.0, 0.0, 0.005142
0.0, 0.0, 0.005540
0.0, 0.0, 0.005564
0.0, 0.0, 0.005933
0.0, 0.0, 0.006214
0.0, 0.0, 0.005389
0.0, 0.0, 0.005524
0.0, 0.0, 0.005367
0.0, 0.0, 0.004958
0.0, 0.0, 0.004217
0.0, 0.0, 0.004945
0.0, 0.0, 0.005534
0.0, 0.0, 0.004769
0.0, 0.0, 0.004648
0.0, 0.0, 0.006896
0.0, 0.0, 0.007458
0.0, 0.0, 0.007804
0.0, 0.0, 0.008379
0.0, 0.0, 0.009074
0.0, 0.0, 0.009789
0.0, 0.0, 0.010381
0.0, 0.0, 0.010433
0.0, 0.0, 0.010830
0.0, 0.0, 0.010967
0.0, 0.0, 0.011576
0.0, 0.0, 0.012046
0.0, 0.0, 0.012500
0.0, 0.0, 0.012374
0.0, 0.0, 0.002760
0.0, 0.0, 0.006673
0.0, 0.0, 0.007601
0.0, 0.0, 0.008660
0.0, 0.0, 0.009249
0.0, 0.0, 0.008201
0.0, 0.0, 0.007334
0.0, 0.0, 0.006484
0.0, 0.0, 0.005714
0.0, 0.0, 0.005703
0.0, 0.0, 0.005819
0.0, 0.0, 0.005787
0.0, 0.0, 0.005240
0.0, 0.0, 0.004881
0.0, 0.0, 0.004453
0.0, 0.0, 0.004479
0.0, 0.0, 0.004610
0.0, 0.0, 0.004788
0.0, 0.0, 0.004530
0.0, 0.0, 0.004431
0.0, 0.0, 0.004003
0.0, 0.0, 0.003993
0.0, 0.0, 0.003804
0.0, 0.0, 0.004161
0.0, 0.0, 0.003901
0.0, 0.0, 0.003568
0.0, 0.0, 0.003725
0.0, 0.0, 0.004153
0.0, 0.0, 0.004567
0.0, 0.0, 0.004267
0.0, 0.0, 0.004074
0.0, 0.0, 0.006369
0.0, 0.0, 0.005981
0.0, 0.0, 0.006242
0.0, 0.0, 0.006793
0.0, 0.0, 0.007579
0.0, 0.0, 0.007880
0.0, 0.0, 0.008761
0.0, 0.0, 0.009151
0.0, 0.0, 0.009725
0.0, 0.0, 0.010278
0.0, 0.0, 0.010641
0.0, 0.0, 0.011311
0.0, 0.0, 0.011736
0.0, 0.0, 0.012291
0.0, 0.0, 0.002892
0.0, 0.0, 0.004489
0.0, 0.0, 0.006894
0.0, 0.0, 0.006193
0.0, 0.0, 0.006485
0.0, 0.0, 0.006624
0.0, 0.0, 0.006175
0.0, 0.0, 0.005529
0.0, 0.0, 0.005223
0.0, 0.0, 0.005291
0.0, 0.0, 0.005558
0.0, 0.0, 0.005494
0.0, 0.0, 0.005168
0.0, 0.0, 0.004960
0.0, 0.0, 0.005088
0.0, 0.0, 0.004283
0.0, 0.0, 0.004260
0.0, 0.0, 0.004453
0.0, 0.0, 0.004283
0.0, 0.0, 0.004016
0.0, 0.0, 0.003967
0.0, 0.0, 0.003906
0.0, 0.0, 0.003813
0.0, 0.0, 0.003835
0.0, 0.0, 0.004136
0.0, 0.0, 0.003651
0.0, 0.0, 0.003554
0.0, 0.0, 0.004226
0.0, 0.0, 0.004293
0.0, 0.0, 0.003968
0.0, 0.0, 0.003944
0.0, 0.0, 0.005057
0.0, 0.0, 0.005508
0.0, 0.0, 0.005453
0.0, 0.0, 0.005864
0.0, 0.0, 0.006429
0.0, 0.0, 0.006921
0.0, 0.0, 0.007839
0.0, 0.0, 0.008452
0.0, 0.0, 0.008890
0.0, 0.0, 0.009526
0.0, 0.0, 0.009878
0.0, 0.0, 0.010345
0.0, 0.0, 0.011049
0.0, 0.0, 0.011843
0.0, 0.0, 0.002998
0.0, 0.0, 0.005094
0.0, 0.0, 0.005097
0.0, 0.0, 0.005227
0.0, 0.0, 0.005392
0.0, 0.0, 0.005338
0.0, 0.0, 0.005211
0.0, 0.0, 0.005094
0.0, 0.0, 0.004950
0.0, 0.0, 0.005114
0.0, 0.0, 0.005356
0.0, 0.0, 0.005327
0.0, 0.0, 0.005190
0.0, 0.0, 0.004911
0.0, 0.0, 0.004849
0.0, 0.0, 0.004798
0.0, 0.0, 0.004349
0.0, 0.0, 0.003999
0.0, 0.0, 0.003767
0.0, 0.0, 0.003677
0.0, 0.0, 0.003484
0.0, 0.0, 0.003365
0.0, 0.0, 0.003622
0.0, 0.0, 0.003777
0.0, 0.0, 0.003570
0.0, 0.0, 0.003618
0.0, 0.0, 0.003683
0.0, 0.0, 0.003190
0.0, 0.0, 0.003743
0.0, 0.0, 0.003945
0.0, 0.0, 0.003830
0.0, 0.0, 0.003679
0.0, 0.0, 0.005183
0.0, 0.0, 0.005528
0.0, 0.0, 0.005904
0.0, 0.0, 0.006339
0.0, 0.0, 0.006728
0.0, 0.0, 0.007154
0.0, 0.0, 0.007527
0.0, 0.0, 0.008112
0.0, 0.0, 0.008698
0.0, 0.0, 0.009247
0.0, 0.0, 0.009622
0.0, 0.0, 0.010094
0.0, 0.0, 0.011456
0.0, 0.0, 0.003616
0.0, 0.0, 0.004586
0.0, 0.0, 0.004436
0.0, 0.0, 0.004274
0.0, 0.0, 0.004536
0.0, 0.0, 0.004651
0.0, 0.0, 0.004877
0.0, 0.0, 0.004925
0.0, 0.0, 0.005052
0.0, 0.0, 0.005019
0.0, 0.0, 0.005286
0.0, 0.0, 0.005300
0.0, 0.0, 0.005027
0.0, 0.0, 0.004836
0.0, 0.0, 0.004770
0.0, 0.0, 0.004520
0.0, 0.0, 0.004451
0.0, 0.0, 0.004354
0.0, 0.0, 0.004055
0.0, 0.0, 0.003598
0.0, 0.0, 0.003228
0.0, 0.0, 0.003048
0.0, 0.0, 0.003450
0.0, 0.0, 0.003311
0.0, 0.0, 0.003212
0.0, 0.0, 0.003741
0.0, 0.0, 0.003286
0.0, 0.0, 0.003172
0.0, 0.0, 0.003778
0.0, 0.0, 0.004152
0.0, 0.0, 0.004204
0.0, 0.0, 0.003738
0.0, 0.0, 0.005334
0.0, 0.0, 0.006283
0.0, 0.0, 0.006235
0.0, 0.0, 0.006295
0.0, 0.0, 0.006472
0.0, 0.0, 0.006843
0.0, 0.0, 0.007388
0.0, 0.0, 0.008186
0.0, 0.0, 0.008434
0.0, 0.0, 0.008662
0.0, 0.0, 0.008991
0.0, 0.0, 0.009388
0.0, 0.0, 0.010062
0.0, 0.0, 0.004130
0.0, 0.0, 0.004086
0.0, 0.0, 0.003887
0.0, 0.0, 0.003926
0.0, 0.0, 0.003919
0.0, 0.0, 0.004210
0.0, 0.0, 0.004623
0.0, 0.0, 0.004860
0.0, 0.0, 0.005034
0.0, 0.0, 0.005062
0.0, 0.0, 0.005279
0.0, 0.0, 0.005204
0.0, 0.0, 0.004705
0.0, 0.0, 0.004374
0.0, 0.0, 0.004187
0.0, 0.0, 0.003913
0.0, 0.0, 0.003904
0.0, 0.0, 0.003095
0.0, 0.0, 0.003060
0.0, 0.0, 0.003044
0.0, 0.0, 0.002844
0.0, 0.0, 0.002899
0.0, 0.0, 0.003153
0.0, 0.0, 0.003080
0.0, 0.0, 0.002921
0.0, 0.0, 0.002919
0.0, 0.0, 0.003230
0.0, 0.0, 0.003447
0.0, 0.0, 0.003456
0.0, 0.0, 0.003698
0.0, 0.0, 0.004171
0.0, 0.0, 0.003879
0.0, 0.0, 0.004216
0.0, 0.0, 0.003788
0.0, 0.0, 0.005305
0.0, 0.0, 0.005454
0.0, 0.0, 0.005556
0.0, 0.0, 0.005750
0.0, 0.0, 0.006322
0.0, 0.0, 0.007100
0.0, 0.0, 0.007712
0.0, 0.0, 0.008634
0.0, 0.0, 0.008891
0.0, 0.0, 0.009407
0.0, 0.0, 0.009685
0.0, 0.0, 0.003917
0.0, 0.0, 0.003863
0.0, 0.0, 0.003572
0.0, 0.0, 0.003666
0.0, 0.0, 0.003608
0.0, 0.0, 0.003649
0.0, 0.0, 0.004356
0.0, 0.0, 0.004505
0.0, 0.0, 0.004684
0.0, 0.0, 0.004732
0.0, 0.0, 0.004575
0.0, 0.0, 0.004525
0.0, 0.0, 0.004002
0.0, 0.0, 0.002961
0.0, 0.0, 0.002737
0.0, 0.0, 0.002743
0.0, 0.0, 0.002514
0.0, 0.0, 0.002470
0.0, 0.0, 0.002590
0.0, 0.0, 0.002773
0.0, 0.0, 0.002704
0.0, 0.0, 0.002798
0.0, 0.0, 0.002828
0.0, 0.0, 0.002753
0.0, 0.0, 0.002801
0.0, 0.0, 0.002935
0.0, 0.0, 0.002887
0.0, 0.0, 0.003125
0.0, 0.0, 0.003156
0.0, 0.0, 0.003493
0.0, 0.0, 0.003157
0.0, 0.0, 0.003692
0.0, 0.0, 0.003909
0.0, 0.0, 0.003783
0.0, 0.0, 0.004269
0.0, 0.0, 0.004287
0.0, 0.0, 0.004661
0.0, 0.0, 0.004959
0.0, 0.0, 0.004967
0.0, 0.0, 0.005459
0.0, 0.0, 0.006218
0.0, 0.0, 0.007043
0.0, 0.0, 0.007725
0.0, 0.0, 0.008753
0.0, 0.0, 0.009310
0.0, 0.0, 0.004003
0.0, 0.0, 0.003864
0.0, 0.0, 0.003464
0.0, 0.0, 0.003393
0.0, 0.0, 0.003213
0.0, 0.0, 0.003336
0.0, 0.0, 0.003492
0.0, 0.0, 0.003200
0.0, 0.0, 0.003330
0.0, 0.0, 0.003659
0.0, 0.0, 0.003740
0.0, 0.0, 0.003749
0.0, 0.0, 0.003628
0.0, 0.0, 0.003227
0.0, 0.0, 0.002772
0.0, 0.0, 0.002611
0.0, 0.0, 0.002521
0.0, 0.0, 0.002527
0.0, 0.0, 0.002658
0.0, 0.0, 0.002785
0.0, 0.0, 0.002638
0.0, 0.0, 0.002631
0.0, 0.0, 0.002543
0.0, 0.0, 0.002572
0.0, 0.0, 0.002590
0.0, 0.0, 0.002710
0.0, 0.0, 0.002801
0.0, 0.0, 0.002843
0.0, 0.0, 0.003016
0.0, 0.0, 0.003453
0.0, 0.0, 0.003126
0.0, 0.0, 0.003582
0.0, 0.0, 0.003318
0.0, 0.0, 0.003493
0.0, 0.0, 0.003551
0.0, 0.0, 0.003454
0.0, 0.0, 0.003714
0.0, 0.0, 0.003877
0.0, 0.0, 0.004351
0.0, 0.0, 0.004728
0.0, 0.0, 0.005608
0.0, 0.0, 0.006001
0.0, 0.0, 0.006522
0.0, 0.0, 0.007025
0.0, 0.0, 0.007550
0.0, 0.0, 0.003765
0.0, 0.0, 0.004142
0.0, 0.0, 0.003488
0.0, 0.0, 0.003089
0.0, 0.0, 0.002805
0.0, 0.0, 0.002555
0.0, 0.0, 0.002500
0.0, 0.0, 0.002627
0.0, 0.0, 0.002674
0.0, 0.0, 0.002607
0.0, 0.0, 0.002817
0.0, 0.0, 0.002896
0.0, 0.0, 0.002978
0.0, 0.0, 0.002849
0.0, 0.0, 0.002967
0.0, 0.0, 0.002393
0.0, 0.0, 0.002600
0.0, 0.0, 0.002528
0.0, 0.0, 0.002695
0.0, 0.0, 0.002586
0.0, 0.0, 0.002570
0.0, 0.0, 0.002436
0.0, 0.0, 0.002421
0.0, 0.0, 0.002302
0.0, 0.0, 0.002510
0.0, 0.0, 0.002528
0.0, 0.0, 0.002868
0.0, 0.0, 0.002795
0.0, 0.0, 0.002771
0.0, 0.0, 0.002828
0.0, 0.0, 0.003225
0.0, 0.0, 0.003224
0.0, 0.0, 0.003060
0.0, 0.0, 0.003273
0.0, 0.0, 0.003226
0.0, 0.0, 0.003100
0.0, 0.0, 0.002789
0.0, 0.0, 0.003520
0.0, 0.0, 0.004832
0.0, 0.0, 0.005204
0.0, 0.0, 0.005226
0.0, 0.0, 0.005374
0.0, 0.0, 0.005601
0.0, 0.0, 0.005855
0.0, 0.0, 0.006367
0.0, 0.0, 0.003796
0.0, 0.0, 0.004848
0.0, 0.0, 0.003951
0.0, 0.0, 0.003773
0.0, 0.0, 0.003399
0.0, 0.0, 0.003265
0.0, 0.0, 0.003346
0.0, 0.0, 0.003299
0.0, 0.0, 0.002842
0.0, 0.0, 0.002507
0.0, 0.0, 0.002690
0.0, 0.0, 0.002755
0.0, 0.0, 0.002678
0.0, 0.0, 0.002885
0.0, 0.0, 0.002687
0.0, 0.0, 0.002144
0.0, 0.0, 0.002195
0.0, 0.0, 0.002217
0.0, 0.0, 0.002520
0.0, 0.0, 0.002557
0.0, 0.0, 0.002622
0.0, 0.0, 0.002444
0.0, 0.0, 0.002372
0.0, 0.0, 0.002324
0.0, 0.0, 0.002408
0.0, 0.0, 0.002579
0.0, 0.0, 0.002682
0.0, 0.0, 0.003045
0.0, 0.0, 0.002819
0.0, 0.0, 0.002917
0.0, 0.0, 0.002998
0.0, 0.0, 0.003289
0.0, 0.0, 0.003066
0.0, 0.0, 0.002789
0.0, 0.0, 0.002836
0.0, 0.0, 0.003132
0.0, 0.0, 0.003494
0.0, 0.0, 0.003748
0.0, 0.0, 0.003877
0.0, 0.0, 0.004039
0.0, 0.0, 0.004200
0.0, 0.0, 0.004412
0.0, 0.0, 0.004692
0.0, 0.0, 0.004932
0.0, 0.0, 0.005199
0.0, 0.0, 0.003579
0.0, 0.0, 0.004541
0.0, 0.0, 0.004160
0.0, 0.0, 0.004038
0.0, 0.0, 0.003681
0.0, 0.0, 0.003419
0.0, 0.0, 0.003273
0.0, 0.0, 0.003305
0.0, 0.0, 0.003183
0.0, 0.0, 0.002909
0.0, 0.0, 0.003310
0.0, 0.0, 0.003372
0.0, 0.0, 0.003185
0.0, 0.0, 0.002762
0.0, 0.0, 0.002136
0.0, 0.0, 0.002025
0.0, 0.0, 0.002105
0.0, 0.0, 0.002070
0.0, 0.0, 0.002242
0.0, 0.0, 0.002551
0.0, 0.0, 0.002608
0.0, 0.0, 0.002461
0.0, 0.0, 0.002520
0.0, 0.0, 0.002432
0.0, 0.0, 0.002535
0.0, 0.0, 0.002707
0.0, 0.0, 0.002852
0.0, 0.0, 0.003027
0.0, 0.0, 0.003143
0.0, 0.0, 0.003089
0.0, 0.0, 0.002795
0.0, 0.0, 0.002892
0.0, 0.0, 0.002894
0.0, 0.0, 0.002698
0.0, 0.0, 0.002646
0.0, 0.0, 0.003349
0.0, 0.0, 0.003316
0.0, 0.0, 0.003044
0.0, 0.0, 0.003159
0.0, 0.0, 0.003369
0.0, 0.0, 0.003538
0.0, 0.0, 0.003850
0.0, 0.0, 0.004117
0.0, 0.0, 0.004380
0.0, 0.0, 0.004589
0.0, 0.0, 0.003238
0.0, 0.0, 0.004845
0.0, 0.0, 0.004559
0.0, 0.0, 0.003771
0.0, 0.0, 0.003518
0.0, 0.0, 0.002837
0.0, 0.0, 0.002923
0.0, 0.0, 0.003084
0.0, 0.0, 0.003164
0.0, 0.0, 0.003317
0.0, 0.0, 0.003381
0.0, 0.0, 0.003349
0.0, 0.0, 0.002799
0.0, 0.0, 0.002503
0.0, 0.0, 0.002501
0.0, 0.0, 0.002222
0.0, 0.0, 0.002093
0.0, 0.0, 0.002046
0.0, 0.0, 0.002060
0.0, 0.0, 0.002237
0.0, 0.0, 0.002419
0.0, 0.0, 0.002453
0.0, 0.0, 0.002462
0.0, 0.0, 0.002604
0.0, 0.0, 0.002738
0.0, 0.0, 0.002834
0.0, 0.0, 0.003078
0.0, 0.0, 0.003081
0.0, 0.0, 0.003061
0.0, 0.0, 0.002873
0.0, 0.0, 0.002926
0.0, 0.0, 0.002682
0.0, 0.0, 0.002506
0.0, 0.0, 0.002716
0.0, 0.0, 0.002793
0.0, 0.0, 0.002536
0.0, 0.0, 0.002644
0.0, 0.0, 0.002577
0.0, 0.0, 0.002642
0.0, 0.0, 0.003046
0.0, 0.0, 0.003247
0.0, 0.0, 0.003562
0.0, 0.0, 0.003883
0.0, 0.0, 0.004154
0.0, 0.0, 0.004210
0.0, 0.0, 0.002854
0.0, 0.0, 0.003054
0.0, 0.0, 0.004104
0.0, 0.0, 0.003954
0.0, 0.0, 0.003373
0.0, 0.0, 0.003067
0.0, 0.0, 0.003108
0.0, 0.0, 0.003099
0.0, 0.0, 0.003269
0.0, 0.0, 0.003376
0.0, 0.0, 0.003047
0.0, 0.0, 0.002666
0.0, 0.0, 0.002235
0.0, 0.0, 0.002310
0.0, 0.0, 0.002304
0.0, 0.0, 0.002273
0.0, 0.0, 0.002063
0.0, 0.0, 0.002020
0.0, 0.0, 0.002019
0.0, 0.0, 0.002110
0.0, 0.0, 0.002339
0.0, 0.0, 0.002389
0.0, 0.0, 0.002537
0.0, 0.0, 0.002702
0.0, 0.0, 0.002741
0.0, 0.0, 0.002788
0.0, 0.0, 0.002987
0.0, 0.0, 0.002976
0.0, 0.0, 0.003023
0.0, 0.0, 0.003224
0.0, 0.0, 0.002979
0.0, 0.0, 0.002559
0.0, 0.0, 0.002407
0.0, 0.0, 0.002499
0.0, 0.0, 0.002658
0.0, 0.0, 0.002446
0.0, 0.0, 0.002282
0.0, 0.0, 0.002678
0.0, 0.0, 0.002359
0.0, 0.0, 0.002625
0.0, 0.0, 0.002877
0.0, 0.0, 0.003227
0.0, 0.0, 0.003556
0.0, 0.0, 0.003992
0.0, 0.0, 0.004278
0.0, 0.0, 0.002389
0.0, 0.0, 0.003120
0.0, 0.0, 0.003527
0.0, 0.0, 0.004178
0.0, 0.0, 0.003727
0.0, 0.0, 0.003635
0.0, 0.0, 0.003061
0.0, 0.0, 0.003237
0.0, 0.0, 0.003146
0.0, 0.0, 0.003042
0.0, 0.0, 0.002711
0.0, 0.0, 0.002552
0.0, 0.0, 0.002102
0.0, 0.0, 0.001967
0.0, 0.0, 0.001914
0.0, 0.0, 0.001939
0.0, 0.0, 0.001888
0.0, 0.0, 0.001876
0.0, 0.0, 0.001998
0.0, 0.0, 0.002121
0.0, 0.0, 0.002243
0.0, 0.0, 0.002329
0.0, 0.0, 0.002491
0.0, 0.0, 0.002676
0.0, 0.0, 0.002707
0.0, 0.0, 0.002768
0.0, 0.0, 0.002850
0.0, 0.0, 0.002794
0.0, 0.0, 0.002862
0.0, 0.0, 0.002872
0.0, 0.0, 0.002740
0.0, 0.0, 0.002371
0.0, 0.0, 0.002229
0.0, 0.0, 0.002175
0.0, 0.0, 0.002457
0.0, 0.0, 0.002358
0.0, 0.0, 0.002272
0.0, 0.0, 0.002357
0.0, 0.0, 0.002157
0.0, 0.0, 0.002250
0.0, 0.0, 0.002521
0.0, 0.0, 0.002874
0.0, 0.0, 0.003125
0.0, 0.0, 0.003489
0.0, 0.0, 0.003847
0.0, 0.0, 0.002071
0.0, 0.0, 0.002404
0.0, 0.0, 0.003981
0.0, 0.0, 0.003964
0.0, 0.0, 0.003764
0.0, 0.0, 0.003461
0.0, 0.0, 0.003427
0.0, 0.0, 0.003541
0.0, 0.0, 0.003759
0.0, 0.0, 0.003146
0.0, 0.0, 0.002722
0.0, 0.0, 0.002314
0.0, 0.0, 0.001894
0.0, 0.0, 0.001686
0.0, 0.0, 0.001548
0.0, 0.0, 0.001480
0.0, 0.0, 0.001562
0.0, 0.0, 0.001663
0.0, 0.0, 0.001832
0.0, 0.0, 0.002015
0.0, 0.0, 0.002086
0.0, 0.0, 0.002263
0.0, 0.0, 0.002404
0.0, 0.0, 0.002634
0.0, 0.0, 0.002668
0.0, 0.0, 0.002818
0.0, 0.0, 0.002839
0.0, 0.0, 0.002914
0.0, 0.0, 0.002743
0.0, 0.0, 0.002681
0.0, 0.0, 0.002542
0.0, 0.0, 0.002535
0.0, 0.0, 0.002239
0.0, 0.0, 0.002184
0.0, 0.0, 0.002147
0.0, 0.0, 0.002245
0.0, 0.0, 0.002112
0.0, 0.0, 0.002223
0.0, 0.0, 0.002196
0.0, 0.0, 0.002037
0.0, 0.0, 0.002289
0.0, 0.0, 0.002518
0.0, 0.0, 0.002795
0.0, 0.0, 0.003172
0.0, 0.0, 0.003529
0.0, 0.0, 0.002154
0.0, 0.0, 0.002406
0.0, 0.0, 0.003523
0.0, 0.0, 0.003107
0.0, 0.0, 0.003468
0.0, 0.0, 0.003045
0.0, 0.0, 0.003178
0.0, 0.0, 0.003280
0.0, 0.0, 0.003563
0.0, 0.0, 0.003569
0.0, 0.0, 0.002544
0.0, 0.0, 0.002121
0.0, 0.0, 0.001766
0.0, 0.0, 0.001404
0.0, 0.0, 0.001401
0.0, 0.0, 0.001371
0.0, 0.0, 0.001469
0.0, 0.0, 0.001548
0.0, 0.0, 0.001730
0.0, 0.0, 0.001845
0.0, 0.0, 0.002017
0.0, 0.0, 0.002183
0.0, 0.0, 0.002366
0.0, 0.0, 0.002636
0.0, 0.0, 0.002747
0.0, 0.0, 0.002856
0.0, 0.0, 0.002877
0.0, 0.0, 0.002956
0.0, 0.0, 0.002867
0.0, 0.0, 0.002717
0.0, 0.0, 0.002632
0.0, 0.0, 0.002513
0.0, 0.0, 0.002298
0.0, 0.0, 0.002215
0.0, 0.0, 0.002321
0.0, 0.0, 0.002277
0.0, 0.0, 0.002359
0.0, 0.0, 0.002042
0.0, 0.0, 0.001842
0.0, 0.0, 0.001887
0.0, 0.0, 0.002103
0.0, 0.0, 0.002303
0.0, 0.0, 0.002568
0.0, 0.0, 0.002832
0.0, 0.0, 0.003206
0.0, 0.0, 0.001765
0.0, 0.0, 0.001589
0.0, 0.0, 0.002046
0.0, 0.0, 0.002497
0.0, 0.0, 0.002743
0.0, 0.0, 0.003035
0.0, 0.0, 0.003162
0.0, 0.0, 0.003044
0.0, 0.0, 0.003142
0.0, 0.0, 0.003061
0.0, 0.0, 0.002324
0.0, 0.0, 0.002108
0.0, 0.0, 0.001629
0.0, 0.0, 0.001432
0.0, 0.0, 0.001351
0.0, 0.0, 0.001354
0.0, 0.0, 0.001417
0.0, 0.0, 0.001538
0.0, 0.0, 0.001662
0.0, 0.0, 0.001756
0.0, 0.0, 0.001996
0.0, 0.0, 0.002199
0.0, 0.0, 0.002517
0.0, 0.0, 0.002729
0.0, 0.0, 0.002889
0.0, 0.0, 0.003030
0.0, 0.0, 0.002945
0.0, 0.0, 0.002933
0.0, 0.0, 0.003080
0.0, 0.0, 0.002894
0.0, 0.0, 0.002765
0.0, 0.0, 0.002636
0.0, 0.0, 0.002434
0.0, 0.0, 0.002361
0.0, 0.0, 0.002313
0.0, 0.0, 0.002146
0.0, 0.0, 0.002111
0.0, 0.0, 0.002021
0.0, 0.0, 0.001855
0.0, 0.0, 0.001785
0.0, 0.0, 0.001969
0.0, 0.0, 0.002105
0.0, 0.0, 0.002333
0.0, 0.0, 0.002566
0.0, 0.0, 0.002836
0.0, 0.0, 0.001951
0.0, 0.0, 0.001623
0.0, 0.0, 0.002395
0.0, 0.0, 0.002735
0.0, 0.0, 0.002955
0.0, 0.0, 0.002849
0.0, 0.0, 0.002924
0.0, 0.0, 0.003058
0.0, 0.0, 0.002968
0.0, 0.0, 0.002656
0.0, 0.0, 0.002380
0.0, 0.0, 0.002132
0.0, 0.0, 0.001724
0.0, 0.0, 0.001523
0.0, 0.0, 0.001489
0.0, 0.0, 0.001487
0.0, 0.0, 0.001540
0.0, 0.0, 0.001641
0.0, 0.0, 0.001662
0.0, 0.0, 0.001720
0.0, 0.0, 0.001873
0.0, 0.0, 0.002247
0.0, 0.0, 0.002699
0.0, 0.0, 0.002877
0.0, 0.0, 0.003179
0.0, 0.0, 0.003155
0.0, 0.0, 0.003150
0.0, 0.0, 0.003337
0.0, 0.0, 0.003220
0.0, 0.0, 0.002677
0.0, 0.0, 0.003044
0.0, 0.0, 0.002855
0.0, 0.0, 0.002696
0.0, 0.0, 0.002567
0.0, 0.0, 0.002424
0.0, 0.0, 0.002124
0.0, 0.0, 0.002053
0.0, 0.0, 0.001989
0.0, 0.0, 0.001868
0.0, 0.0, 0.001773
0.0, 0.0, 0.001814
0.0, 0.0, 0.001924
0.0, 0.0, 0.002110
0.0, 0.0, 0.002331
0.0, 0.0, 0.002679
0.0, 0.0, 0.001864
0.0, 0.0, 0.001596
0.0, 0.0, 0.001956
0.0, 0.0, 0.002085
0.0, 0.0, 0.001953
0.0, 0.0, 0.002309
0.0, 0.0, 0.002725
0.0, 0.0, 0.002996
0.0, 0.0, 0.002750
0.0, 0.0, 0.002481
0.0, 0.0, 0.002340
0.0, 0.0, 0.002196
0.0, 0.0, 0.001776
0.0, 0.0, 0.001581
0.0, 0.0, 0.001705
0.0, 0.0, 0.001674
0.0, 0.0, 0.001612
0.0, 0.0, 0.001536
0.0, 0.0, 0.001538
0.0, 0.0, 0.001661
0.0, 0.0, 0.001865
0.0, 0.0, 0.002109
0.0, 0.0, 0.002249
0.0, 0.0, 0.002169
0.0, 0.0, 0.002245
0.0, 0.0, 0.002480
0.0, 0.0, 0.002630
0.0, 0.0, 0.002786
0.0, 0.0, 0.002507
0.0, 0.0, 0.002256
0.0, 0.0, 0.002728
0.0, 0.0, 0.002959
0.0, 0.0, 0.002724
0.0, 0.0, 0.002539
0.0, 0.0, 0.002360
0.0, 0.0, 0.002194
0.0, 0.0, 0.002039
0.0, 0.0, 0.001840
0.0, 0.0, 0.001718
0.0, 0.0, 0.001723
0.0, 0.0, 0.001528
0.0, 0.0, 0.001734
0.0, 0.0, 0.001969
0.0, 0.0, 0.002193
0.0, 0.0, 0.002437
0.0, 0.0, 0.001511
0.0, 0.0, 0.001348
0.0, 0.0, 0.001342
0.0, 0.0, 0.001292
0.0, 0.0, 0.001631
0.0, 0.0, 0.001766
0.0, 0.0, 0.002041
0.0, 0.0, 0.002164
0.0, 0.0, 0.002280
0.0, 0.0, 0.002541
0.0, 0.0, 0.002578
0.0, 0.0, 0.002298
0.0, 0.0, 0.002411
0.0, 0.0, 0.002222
0.0, 0.0, 0.001713
0.0, 0.0, 0.001804
0.0, 0.0, 0.001661
0.0, 0.0, 0.001560
0.0, 0.0, 0.001534
0.0, 0.0, 0.001706
0.0, 0.0, 0.001848
0.0, 0.0, 0.001982
0.0, 0.0, 0.002040
0.0, 0.0, 0.001900
0.0, 0.0, 0.001932
0.0, 0.0, 0.002066
0.0, 0.0, 0.002218
0.0, 0.0, 0.002241
0.0, 0.0, 0.002414
0.0, 0.0, 0.002507
0.0, 0.0, 0.002322
0.0, 0.0, 0.002406
0.0, 0.0, 0.002492
0.0, 0.0, 0.002386
0.0, 0.0, 0.002411
0.0, 0.0, 0.002230
0.0, 0.0, 0.002070
0.0, 0.0, 0.001748
0.0, 0.0, 0.001664
0.0, 0.0, 0.001547
0.0, 0.0, 0.001439
0.0, 0.0, 0.001538
0.0, 0.0, 0.001788
0.0, 0.0, 0.001987
0.0, 0.0, 0.002307
0.0, 0.0, 0.001368
0.0, 0.0, 0.001425
0.0, 0.0, 0.001464
0.0, 0.0, 0.001521
0.0, 0.0, 0.001624
0.0, 0.0, 0.001633
0.0, 0.0, 0.001928
0.0, 0.0, 0.001922
0.0, 0.0, 0.002062
0.0, 0.0, 0.002129
0.0, 0.0, 0.002322
0.0, 0.0, 0.002247
0.0, 0.0, 0.002075
0.0, 0.0, 0.001586
0.0, 0.0, 0.001777
0.0, 0.0, 0.001870
0.0, 0.0, 0.001604
0.0, 0.0, 0.001562
0.0, 0.0, 0.001680
0.0, 0.0, 0.001531
0.0, 0.0, 0.001775
0.0, 0.0, 0.001592
0.0, 0.0, 0.001837
0.0, 0.0, 0.001689
0.0, 0.0, 0.001670
0.0, 0.0, 0.001825
0.0, 0.0, 0.001881
0.0, 0.0, 0.002097
0.0, 0.0, 0.002277
0.0, 0.0, 0.002228
0.0, 0.0, 0.001958
0.0, 0.0, 0.001915
0.0, 0.0, 0.001906
0.0, 0.0, 0.001986
0.0, 0.0, 0.001906
0.0, 0.0, 0.001976
0.0, 0.0, 0.001862
0.0, 0.0, 0.001718
0.0, 0.0, 0.001621
0.0, 0.0, 0.001665
0.0, 0.0, 0.001402
0.0, 0.0, 0.001319
0.0, 0.0, 0.001480
0.0, 0.0, 0.001858
0.0, 0.0, 0.002366
0.0, 0.0, 0.001328
0.0, 0.0, 0.001482
0.0, 0.0, 0.001225
0.0, 0.0, 0.001749
0.0, 0.0, 0.001669
0.0, 0.0, 0.001772
0.0, 0.0, 0.001760
0.0, 0.0, 0.001882
0.0, 0.0, 0.002120
0.0, 0.0, 0.002229
0.0, 0.0, 0.002314
0.0, 0.0, 0.002260
0.0, 0.0, 0.002041
0.0, 0.0, 0.002048
0.0, 0.0, 0.001805
0.0, 0.0, 0.001620
0.0, 0.0, 0.001531
0.0, 0.0, 0.001575
0.0, 0.0, 0.001402
0.0, 0.0, 0.001656
0.0, 0.0, 0.001710
0.0, 0.0, 0.001803
0.0, 0.0, 0.001569
0.0, 0.0, 0.001509
0.0, 0.0, 0.001626
0.0, 0.0, 0.001490
0.0, 0.0, 0.001593
0.0, 0.0, 0.001588
0.0, 0.0, 0.001577
0.0, 0.0, 0.001812
0.0, 0.0, 0.001279
0.0, 0.0, 0.001662
0.0, 0.0, 0.001517
0.0, 0.0, 0.001476
0.0, 0.0, 0.001549
0.0, 0.0, 0.001485
0.0, 0.0, 0.001444
0.0, 0.0, 0.001436
0.0, 0.0, 0.001512
0.0, 0.0, 0.001404
0.0, 0.0, 0.001298
0.0, 0.0, 0.001325
0.0, 0.0, 0.001578
0.0, 0.0, 0.001970
0.0, 0.0, 0.002267
0.0, 0.0, 0.001306
0.0, 0.0, 0.001884
0.0, 0.0, 0.001368
0.0, 0.0, 0.001769
0.0, 0.0, 0.001896
0.0, 0.0, 0.001919
0.0, 0.0, 0.001919
0.0, 0.0, 0.002100
0.0, 0.0, 0.002381
0.0, 0.0, 0.002459
0.0, 0.0, 0.002449
0.0, 0.0, 0.002517
0.0, 0.0, 0.002227
0.0, 0.0, 0.002129
0.0, 0.0, 0.001802
0.0, 0.0, 0.001634
0.0, 0.0, 0.001438
0.0, 0.0, 0.001382
0.0, 0.0, 0.001479
0.0, 0.0, 0.001602
0.0, 0.0, 0.001695
0.0, 0.0, 0.001837
0.0, 0.0, 0.001658
0.0, 0.0, 0.001299
0.0, 0.0, 0.001456
0.0, 0.0, 0.001212
0.0, 0.0, 0.001380
0.0, 0.0, 0.001272
0.0, 0.0, 0.001442
0.0, 0.0, 0.001746
0.0, 0.0, 0.001316
0.0, 0.0, 0.001200
0.0, 0.0, 0.001319
0.0, 0.0, 0.001280
0.0, 0.0, 0.001238
0.0, 0.0, 0.001260
0.0, 0.0, 0.001079
0.0, 0.0, 0.001084
0.0, 0.0, 0.001074
0.0, 0.0, 0.001220
0.0, 0.0, 0.001214
0.0, 0.0, 0.001320
0.0, 0.0, 0.001608
0.0, 0.0, 0.001812
0.0, 0.0, 0.002210
0.0, 0.0, 0.001221
0.0, 0.0, 0.001248
0.0, 0.0, 0.001603
0.0, 0.0, 0.002016
0.0, 0.0, 0.002007
0.0, 0.0, 0.001483
0.0, 0.0, 0.002141
0.0, 0.0, 0.002204
0.0, 0.0, 0.002396
0.0, 0.0, 0.002407
0.0, 0.0, 0.002571
0.0, 0.0, 0.002696
0.0, 0.0, 0.002200
0.0, 0.0, 0.001995
0.0, 0.0, 0.001905
0.0, 0.0, 0.001878
0.0, 0.0, 0.001593
0.0, 0.0, 0.001270
0.0, 0.0, 0.001523
0.0, 0.0, 0.001680
0.0, 0.0, 0.001585
0.0, 0.0, 0.001447
0.0, 0.0, 0.001437
0.0, 0.0, 0.001214
0.0, 0.0, 0.001138
0.0, 0.0, 0.001250
0.0, 0.0, 0.001152
0.0, 0.0, 0.001147
0.0, 0.0, 0.001235
0.0, 0.0, 0.001163
0.0, 0.0, 0.001087
0.0, 0.0, 0.000855
0.0, 0.0, 0.001078
0.0, 0.0, 0.001071
0.0, 0.0, 0.001000
0.0, 0.0, 0.000957
0.0, 0.0, 0.000974
0.0, 0.0, 0.000920
0.0, 0.0, 0.000854
0.0, 0.0, 0.001090
0.0, 0.0, 0.001059
0.0, 0.0, 0.001207
0.0, 0.0, 0.001446
0.0, 0.0, 0.001839
0.0, 0.0, 0.002179
0.0, 0.0, 0.001388
0.0, 0.0, 0.001009
0.0, 0.0, 0.002005
0.0, 0.0, 0.001945
0.0, 0.0, 0.001738
0.0, 0.0, 0.001793
0.0, 0.0, 0.001946
0.0, 0.0, 0.002034
0.0, 0.0, 0.001991
0.0, 0.0, 0.002125
0.0, 0.0, 0.002422
0.0, 0.0, 0.002732
0.0, 0.0, 0.002720
0.0, 0.0, 0.002278
0.0, 0.0, 0.001950
0.0, 0.0, 0.001575
0.0, 0.0, 0.001516
0.0, 0.0, 0.001482
0.0, 0.0, 0.001520
0.0, 0.0, 0.001658
0.0, 0.0, 0.001311
0.0, 0.0, 0.001322
0.0, 0.0, 0.001354
0.0, 0.0, 0.001296
0.0, 0.0, 0.000805
0.0, 0.0, 0.000813
0.0, 0.0, 0.001009
0.0, 0.0, 0.000884
0.0, 0.0, 0.001319
0.0, 0.0, 0.001104
0.0, 0.0, 0.000843
0.0, 0.0, 0.001021
0.0, 0.0, 0.000920
0.0, 0.0, 0.000824
0.0, 0.0, 0.000806
0.0, 0.0, 0.000864
0.0, 0.0, 0.000818
0.0, 0.0, 0.000879
0.0, 0.0, 0.000822
0.0, 0.0, 0.001097
0.0, 0.0, 0.001151
0.0, 0.0, 0.001269
0.0, 0.0, 0.001392
0.0, 0.0, 0.001652
0.0, 0.0, 0.002212
0.0, 0.0, 0.001282
0.0, 0.0, 0.001318
0.0, 0.0, 0.001918
0.0, 0.0, 0.001891
0.0, 0.0, 0.001720
0.0, 0.0, 0.001672
0.0, 0.0, 0.001677
0.0, 0.0, 0.001683
0.0, 0.0, 0.001736
0.0, 0.0, 0.001979
0.0, 0.0, 0.002525
0.0, 0.0, 0.002501
0.0, 0.0, 0.002354
0.0, 0.0, 0.002448
0.0, 0.0, 0.001705
0.0, 0.0, 0.001613
0.0, 0.0, 0.001516
0.0, 0.0, 0.001401
0.0, 0.0, 0.001663
0.0, 0.0, 0.001642
0.0, 0.0, 0.001309
0.0, 0.0, 0.001145
0.0, 0.0, 0.001129
0.0, 0.0, 0.001138
0.0, 0.0, 0.001109
0.0, 0.0, 0.000889
0.0, 0.0, 0.001027
0.0, 0.0, 0.001178
0.0, 0.0, 0.000940
0.0, 0.0, 0.000977
0.0, 0.0, 0.000920
0.0, 0.0, 0.000888
0.0, 0.0, 0.000776
0.0, 0.0, 0.000718
0.0, 0.0, 0.000737
0.0, 0.0, 0.000763
0.0, 0.0, 0.000722
0.0, 0.0, 0.000734
0.0, 0.0, 0.001047
0.0, 0.0, 0.001105
0.0, 0.0, 0.001124
0.0, 0.0, 0.001078
0.0, 0.0, 0.001236
0.0, 0.0, 0.001647
0.0, 0.0, 0.002556
0.0, 0.0, 0.001262
0.0, 0.0, 0.001941
0.0, 0.0, 0.001868
0.0, 0.0, 0.001781
0.0, 0.0, 0.001663
0.0, 0.0, 0.001568
0.0, 0.0, 0.001579
0.0, 0.0, 0.001495
0.0, 0.0, 0.001649
0.0, 0.0, 0.001975
0.0, 0.0, 0.002169
0.0, 0.0, 0.002310
0.0, 0.0, 0.002332
0.0, 0.0, 0.002366
0.0, 0.0, 0.001607
0.0, 0.0, 0.001684
0.0, 0.0, 0.001426
0.0, 0.0, 0.001469
0.0, 0.0, 0.001344
0.0, 0.0, 0.001475
0.0, 0.0, 0.000936
0.0, 0.0, 0.000981
0.0, 0.0, 0.000769
0.0, 0.0, 0.000837
0.0, 0.0, 0.001527
0.0, 0.0, 0.000752
0.0, 0.0, 0.000474
0.0, 0.0, 0.001037
0.0, 0.0, 0.000959
0.0, 0.0, 0.000872
0.0, 0.0, 0.000841
0.0, 0.0, 0.000751
0.0, 0.0, 0.000671
0.0, 0.0, 0.000613
0.0, 0.0, 0.000583
0.0, 0.0, 0.000592
0.0, 0.0, 0.000621
0.0, 0.0, 0.000629
0.0, 0.0, 0.000707
0.0, 0.0, 0.000859
0.0, 0.0, 0.000972
0.0, 0.0, 0.001100
0.0, 0.0, 0.001252
0.0, 0.0, 0.001583
0.0, 0.0, 0.002487
0.0, 0.0, 0.001675
0.0, 0.0, 0.001863
0.0, 0.0, 0.001892
0.0, 0.0, 0.001801
0.0, 0.0, 0.001614
0.0, 0.0, 0.001459
0.0, 0.0, 0.001558
0.0, 0.0, 0.001594
0.0, 0.0, 0.001646
0.0, 0.0, 0.001852
0.0, 0.0, 0.002021
0.0, 0.0, 0.002077
0.0, 0.0, 0.001912
0.0, 0.0, 0.001605
0.0, 0.0, 0.001595
0.0, 0.0, 0.001467
0.0, 0.0, 0.001471
0.0, 0.0, 0.001330
0.0, 0.0, 0.001255
0.0, 0.0, 0.000842
0.0, 0.0, 0.000522
0.0, 0.0, 0.000492
0.0, 0.0, 0.000779
0.0, 0.0, 0.000607
0.0, 0.0, 0.001200
0.0, 0.0, 0.000619
0.0, 0.0, 0.000593
0.0, 0.0, 0.000821
0.0, 0.0, 0.000815
0.0, 0.0, 0.000712
0.0, 0.0, 0.000662
0.0, 0.0, 0.000643
0.0, 0.0, 0.000599
0.0, 0.0, 0.000553
0.0, 0.0, 0.000506
0.0, 0.0, 0.000495
0.0, 0.0, 0.000532
0.0, 0.0, 0.000502
0.0, 0.0, 0.000549
0.0, 0.0, 0.000709
0.0, 0.0, 0.000843
0.0, 0.0, 0.001018
0.0, 0.0, 0.001185
0.0, 0.0, 0.001615
0.0, 0.0, 0.002061
