S
I=45,J=40
0.0, 0.0, 0.004744
0.0, 0.0, 0.004626
0.0, 0.0, 0.004378
0.0, 0.0, 0.004416
0.0, 0.0, 0.005487
0.0, 0.0, 0.012127
0.0, 0.0, 0.014484
0.0, 0.0, 0.015149
0.0, 0.0, 0.014626
0.0, 0.0, 0.015810
0.0, 0.0, 0.015719
0.0, 0.0, 0.015771
0.0, 0.0, 0.015868
0.0, 0.0, 0.015890
0.0, 0.0, 0.015754
0.0, 0.0, 0.015380
0.0, 0.0, 0.015183
0.0, 0.0, 0.015488
0.0, 0.0, 0.015605
0.0, 0.0, 0.015688
0.0, 0.0, 0.015712
0.0, 0.0, 0.015679
0.0, 0.0, 0.015409
0.0, 0.0, 0.015924
0.0, 0.0, 0.016327
0.0, 0.0, 0.015972
0.0, 0.0, 0.015902
0.0, 0.0, 0.015700
0.0, 0.0, 0.015054
0.0, 0.0, 0.015156
0.0, 0.0, 0.015596
0.0, 0.0, 0.015605
0.0, 0.0, 0.014891
0.0, 0.0, 0.014827
0.0, 0.0, 0.012079
0.0, 0.0, 0.013984
0.0, 0.0, 0.014461
0.0, 0.0, 0.015314
0.0, 0.0, 0.015624
0.0, 0.0, 0.015562
0.0, 0.0, 0.015603
0.0, 0.0, 0.015551
0.0, 0.0, 0.015148
0.0, 0.0, 0.015628
0.0, 0.0, 0.016008
0.0, 0.0, 0.004679
0.0, 0.0, 0.004580
0.0, 0.0, 0.004436
0.0, 0.0, 0.004144
0.0, 0.0, 0.005363
0.0, 0.0, 0.012604
0.0, 0.0, 0.014690
0.0, 0.0, 0.015474
0.0, 0.0, 0.015936
0.0, 0.0, 0.015960
0.0, 0.0, 0.015870
0.0, 0.0, 0.015893
0.0, 0.0, 0.015769
0.0, 0.0, 0.015693
0.0, 0.0, 0.015359
0.0, 0.0, 0.015129
0.0, 0.0, 0.015248
0.0, 0.0, 0.015518
0.0, 0.0, 0.015630
0.0, 0.0, 0.015790
0.0, 0.0, 0.015991
0.0, 0.0, 0.016091
0.0, 0.0, 0.016103
0.0, 0.0, 0.015727
0.0, 0.0, 0.014542
0.0, 0.0, 0.014998
0.0, 0.0, 0.015091
0.0, 0.0, 0.015253
0.0, 0.0, 0.015930
0.0, 0.0, 0.015186
0.0, 0.0, 0.015259
0.0, 0.0, 0.014393
0.0, 0.0, 0.014790
0.0, 0.0, 0.013917
0.0, 0.0, 0.014485
0.0, 0.0, 0.015026
0.0, 0.0, 0.015891
0.0, 0.0, 0.015239
0.0, 0.0, 0.014818
0.0, 0.0, 0.013985
0.0, 0.0, 0.013964
0.0, 0.0, 0.013909
0.0, 0.0, 0.014240
0.0, 0.0, 0.014657
0.0, 0.0, 0.015231
0.0, 0.0, 0.004506
0.0, 0.0, 0.004366
0.0, 0.0, 0.004359
0.0, 0.0, 0.003998
0.0, 0.0, 0.011098
0.0, 0.0, 0.013091
0.0, 0.0, 0.013969
0.0, 0.0, 0.014792
0.0, 0.0, 0.015782
0.0, 0.0, 0.015751
0.0, 0.0, 0.015493
0.0, 0.0, 0.015408
0.0, 0.0, 0.015465
0.0, 0.0, 0.015469
0.0, 0.0, 0.014990
0.0, 0.0, 0.014633
0.0, 0.0, 0.014788
0.0, 0.0, 0.015108
0.0, 0.0, 0.015177
0.0, 0.0, 0.014867
0.0, 0.0, 0.015136
0.0, 0.0, 0.015369
0.0, 0.0, 0.015509
0.0, 0.0, 0.014817
0.0, 0.0, 0.013466
0.0, 0.0, 0.013989
0.0, 0.0, 0.014264
0.0, 0.0, 0.014763
0.0, 0.0, 0.014795
0.0, 0.0, 0.015342
0.0, 0.0, 0.015704
0.0, 0.0, 0.016010
0.0, 0.0, 0.014647
0.0, 0.0, 0.016142
0.0, 0.0, 0.015478
0.0, 0.0, 0.015310
0.0, 0.0, 0.015535
0.0, 0.0, 0.015172
0.0, 0.0, 0.014824
0.0, 0.0, 0.014027
0.0, 0.0, 0.013783
0.0, 0.0, 0.013165
0.0, 0.0, 0.013736
0.0, 0.0, 0.013897
0.0, 0.0, 0.014381
0.0, 0.0, 0.003817
0.0, 0.0, 0.003813
0.0, 0.0, 0.004288
0.0, 0.0, 0.004163
0.0, 0.0, 0.010703
0.0, 0.0, 0.010861
0.0, 0.0, 0.012610
0.0, 0.0, 0.013278
0.0, 0.0, 0.015380
0.0, 0.0, 0.015566
0.0, 0.0, 0.015392
0.0, 0.0, 0.015306
0.0, 0.0, 0.015457
0.0, 0.0, 0.015163
0.0, 0.0, 0.014730
0.0, 0.0, 0.014433
0.0, 0.0, 0.014551
0.0, 0.0, 0.014807
0.0, 0.0, 0.014721
0.0, 0.0, 0.014501
0.0, 0.0, 0.014847
0.0, 0.0, 0.014954
0.0, 0.0, 0.014906
0.0, 0.0, 0.014160
0.0, 0.0, 0.013086
0.0, 0.0, 0.011949
0.0, 0.0, 0.013579
0.0, 0.0, 0.013697
0.0, 0.0, 0.013966
0.0, 0.0, 0.014398
0.0, 0.0, 0.014978
0.0, 0.0, 0.015350
0.0, 0.0, 0.015244
0.0, 0.0, 0.015286
0.0, 0.0, 0.015217
0.0, 0.0, 0.014971
0.0, 0.0, 0.015533
0.0, 0.0, 0.014835
0.0, 0.0, 0.014443
0.0, 0.0, 0.013894
0.0, 0.0, 0.013878
0.0, 0.0, 0.013046
0.0, 0.0, 0.013041
0.0, 0.0, 0.013015
0.0, 0.0, 0.013297
0.0, 0.0, 0.003703
0.0, 0.0, 0.003706
0.0, 0.0, 0.003879
0.0, 0.0, 0.003821
0.0, 0.0, 0.009875
0.0, 0.0, 0.010284
0.0, 0.0, 0.012561
0.0, 0.0, 0.014509
0.0, 0.0, 0.015447
0.0, 0.0, 0.015533
0.0, 0.0, 0.015356
0.0, 0.0, 0.015277
0.0, 0.0, 0.015389
0.0, 0.0, 0.015008
0.0, 0.0, 0.014633
0.0, 0.0, 0.014260
0.0, 0.0, 0.014481
0.0, 0.0, 0.014436
0.0, 0.0, 0.014886
0.0, 0.0, 0.014311
0.0, 0.0, 0.014160
0.0, 0.0, 0.014144
0.0, 0.0, 0.014295
0.0, 0.0, 0.014055
0.0, 0.0, 0.012637
0.0, 0.0, 0.011625
0.0, 0.0, 0.012355
0.0, 0.0, 0.011880
0.0, 0.0, 0.013724
0.0, 0.0, 0.014253
0.0, 0.0, 0.014396
0.0, 0.0, 0.014802
0.0, 0.0, 0.014841
0.0, 0.0, 0.014488
0.0, 0.0, 0.014146
0.0, 0.0, 0.014619
0.0, 0.0, 0.014749
0.0, 0.0, 0.014982
0.0, 0.0, 0.014493
0.0, 0.0, 0.014320
0.0, 0.0, 0.013714
0.0, 0.0, 0.013178
0.0, 0.0, 0.012837
0.0, 0.0, 0.012665
0.0, 0.0, 0.012610
0.0, 0.0, 0.003402
0.0, 0.0, 0.003288
0.0, 0.0, 0.003420
0.0, 0.0, 0.003323
0.0, 0.0, 0.005817
0.0, 0.0, 0.009336
0.0, 0.0, 0.013585
0.0, 0.0, 0.014244
0.0, 0.0, 0.015345
0.0, 0.0, 0.015534
0.0, 0.0, 0.015312
0.0, 0.0, 0.015312
0.0, 0.0, 0.015084
0.0, 0.0, 0.014706
0.0, 0.0, 0.014370
0.0, 0.0, 0.014252
0.0, 0.0, 0.014171
0.0, 0.0, 0.014271
0.0, 0.0, 0.014178
0.0, 0.0, 0.014432
0.0, 0.0, 0.013870
0.0, 0.0, 0.013876
0.0, 0.0, 0.013892
0.0, 0.0, 0.013416
0.0, 0.0, 0.012600
0.0, 0.0, 0.012243
0.0, 0.0, 0.011046
0.0, 0.0, 0.011035
0.0, 0.0, 0.012882
0.0, 0.0, 0.012862
0.0, 0.0, 0.012806
0.0, 0.0, 0.013088
0.0, 0.0, 0.013205
0.0, 0.0, 0.013750
0.0, 0.0, 0.013749
0.0, 0.0, 0.014134
0.0, 0.0, 0.014951
0.0, 0.0, 0.015003
0.0, 0.0, 0.015101
0.0, 0.0, 0.014383
0.0, 0.0, 0.013583
0.0, 0.0, 0.013173
0.0, 0.0, 0.012725
0.0, 0.0, 0.012485
0.0, 0.0, 0.012300
0.0, 0.0, 0.003141
0.0, 0.0, 0.003037
0.0, 0.0, 0.003310
0.0, 0.0, 0.003549
0.0, 0.0, 0.003729
0.0, 0.0, 0.007119
0.0, 0.0, 0.014437
0.0, 0.0, 0.014802
0.0, 0.0, 0.015137
0.0, 0.0, 0.015058
0.0, 0.0, 0.015053
0.0, 0.0, 0.014923
0.0, 0.0, 0.014621
0.0, 0.0, 0.014292
0.0, 0.0, 0.014064
0.0, 0.0, 0.013783
0.0, 0.0, 0.013714
0.0, 0.0, 0.013512
0.0, 0.0, 0.013675
0.0, 0.0, 0.013778
0.0, 0.0, 0.013747
0.0, 0.0, 0.013902
0.0, 0.0, 0.013495
0.0, 0.0, 0.013530
0.0, 0.0, 0.012776
0.0, 0.0, 0.012417
0.0, 0.0, 0.012438
0.0, 0.0, 0.010527
0.0, 0.0, 0.012516
0.0, 0.0, 0.011635
0.0, 0.0, 0.011654
0.0, 0.0, 0.011721
0.0, 0.0, 0.011424
0.0, 0.0, 0.013162
0.0, 0.0, 0.012981
0.0, 0.0, 0.013414
0.0, 0.0, 0.013663
0.0, 0.0, 0.014045
0.0, 0.0, 0.014695
0.0, 0.0, 0.014947
0.0, 0.0, 0.014101
0.0, 0.0, 0.013026
0.0, 0.0, 0.012606
0.0, 0.0, 0.012376
0.0, 0.0, 0.012164
0.0, 0.0, 0.002994
0.0, 0.0, 0.003485
0.0, 0.0, 0.003793
0.0, 0.0, 0.009048
0.0, 0.0, 0.011032
0.0, 0.0, 0.013641
0.0, 0.0, 0.014128
0.0, 0.0, 0.014605
0.0, 0.0, 0.014624
0.0, 0.0, 0.014847
0.0, 0.0, 0.014747
0.0, 0.0, 0.014397
0.0, 0.0, 0.014149
0.0, 0.0, 0.013743
0.0, 0.0, 0.013445
0.0, 0.0, 0.013384
0.0, 0.0, 0.013130
0.0, 0.0, 0.013135
0.0, 0.0, 0.013120
0.0, 0.0, 0.013084
0.0, 0.0, 0.013033
0.0, 0.0, 0.013131
0.0, 0.0, 0.013238
0.0, 0.0, 0.012851
0.0, 0.0, 0.012285
0.0, 0.0, 0.011667
0.0, 0.0, 0.011013
0.0, 0.0, 0.012358
0.0, 0.0, 0.011744
0.0, 0.0, 0.011064
0.0, 0.0, 0.010957
0.0, 0.0, 0.009475
0.0, 0.0, 0.010531
0.0, 0.0, 0.013042
0.0, 0.0, 0.012361
0.0, 0.0, 0.011867
0.0, 0.0, 0.011801
0.0, 0.0, 0.012636
0.0, 0.0, 0.013960
0.0, 0.0, 0.014276
0.0, 0.0, 0.014621
0.0, 0.0, 0.013511
0.0, 0.0, 0.012516
0.0, 0.0, 0.012087
0.0, 0.0, 0.012478
0.0, 0.0, 0.002923
0.0, 0.0, 0.005044
0.0, 0.0, 0.008858
0.0, 0.0, 0.009741
0.0, 0.0, 0.011581
0.0, 0.0, 0.013216
0.0, 0.0, 0.013681
0.0, 0.0, 0.014330
0.0, 0.0, 0.014517
0.0, 0.0, 0.014845
0.0, 0.0, 0.014528
0.0, 0.0, 0.014076
0.0, 0.0, 0.013500
0.0, 0.0, 0.013026
0.0, 0.0, 0.012681
0.0, 0.0, 0.012372
0.0, 0.0, 0.012316
0.0, 0.0, 0.012422
0.0, 0.0, 0.012458
0.0, 0.0, 0.012163
0.0, 0.0, 0.012129
0.0, 0.0, 0.012616
0.0, 0.0, 0.012569
0.0, 0.0, 0.012523
0.0, 0.0, 0.010997
0.0, 0.0, 0.011600
0.0, 0.0, 0.011424
0.0, 0.0, 0.011369
0.0, 0.0, 0.011012
0.0, 0.0, 0.010696
0.0, 0.0, 0.009462
0.0, 0.0, 0.009258
0.0, 0.0, 0.008216
0.0, 0.0, 0.013016
0.0, 0.0, 0.012051
0.0, 0.0, 0.011717
0.0, 0.0, 0.011279
0.0, 0.0, 0.011616
0.0, 0.0, 0.012346
0.0, 0.0, 0.014283
0.0, 0.0, 0.014304
0.0, 0.0, 0.014180
0.0, 0.0, 0.012780
0.0, 0.0, 0.012016
0.0, 0.0, 0.011946
0.0, 0.0, 0.002912
0.0, 0.0, 0.003521
0.0, 0.0, 0.008841
0.0, 0.0, 0.010106
0.0, 0.0, 0.011738
0.0, 0.0, 0.013258
0.0, 0.0, 0.013478
0.0, 0.0, 0.014015
0.0, 0.0, 0.013832
0.0, 0.0, 0.013893
0.0, 0.0, 0.013774
0.0, 0.0, 0.012957
0.0, 0.0, 0.012224
0.0, 0.0, 0.011104
0.0, 0.0, 0.011014
0.0, 0.0, 0.011128
0.0, 0.0, 0.011165
0.0, 0.0, 0.011086
0.0, 0.0, 0.010950
0.0, 0.0, 0.011029
0.0, 0.0, 0.011408
0.0, 0.0, 0.011572
0.0, 0.0, 0.012045
0.0, 0.0, 0.011929
0.0, 0.0, 0.011946
0.0, 0.0, 0.011333
0.0, 0.0, 0.011835
0.0, 0.0, 0.010837
0.0, 0.0, 0.010385
0.0, 0.0, 0.010366
0.0, 0.0, 0.009236
0.0, 0.0, 0.009507
0.0, 0.0, 0.008738
0.0, 0.0, 0.012922
0.0, 0.0, 0.012688
0.0, 0.0, 0.012217
0.0, 0.0, 0.012735
0.0, 0.0, 0.012946
0.0, 0.0, 0.012803
0.0, 0.0, 0.013235
0.0, 0.0, 0.014053
0.0, 0.0, 0.014156
0.0, 0.0, 0.013764
0.0, 0.0, 0.012532
0.0, 0.0, 0.011948
0.0, 0.0, 0.002811
0.0, 0.0, 0.002802
0.0, 0.0, 0.008812
0.0, 0.0, 0.009633
0.0, 0.0, 0.011535
0.0, 0.0, 0.011377
0.0, 0.0, 0.011936
0.0, 0.0, 0.012252
0.0, 0.0, 0.012524
0.0, 0.0, 0.012944
0.0, 0.0, 0.012738
0.0, 0.0, 0.011699
0.0, 0.0, 0.010934
0.0, 0.0, 0.011282
0.0, 0.0, 0.010886
0.0, 0.0, 0.010301
0.0, 0.0, 0.010046
0.0, 0.0, 0.009855
0.0, 0.0, 0.009898
0.0, 0.0, 0.009729
0.0, 0.0, 0.009431
0.0, 0.0, 0.009192
0.0, 0.0, 0.008865
0.0, 0.0, 0.008486
0.0, 0.0, 0.008567
0.0, 0.0, 0.009005
0.0, 0.0, 0.008739
0.0, 0.0, 0.008865
0.0, 0.0, 0.008309
0.0, 0.0, 0.008477
0.0, 0.0, 0.008893
0.0, 0.0, 0.010980
0.0, 0.0, 0.012003
0.0, 0.0, 0.012733
0.0, 0.0, 0.013171
0.0, 0.0, 0.013239
0.0, 0.0, 0.012651
0.0, 0.0, 0.012791
0.0, 0.0, 0.013217
0.0, 0.0, 0.012941
0.0, 0.0, 0.013685
0.0, 0.0, 0.014241
0.0, 0.0, 0.013718
0.0, 0.0, 0.012915
0.0, 0.0, 0.012683
0.0, 0.0, 0.002608
0.0, 0.0, 0.003012
0.0, 0.0, 0.008863
0.0, 0.0, 0.009293
0.0, 0.0, 0.010397
0.0, 0.0, 0.009747
0.0, 0.0, 0.009348
0.0, 0.0, 0.009064
0.0, 0.0, 0.009670
0.0, 0.0, 0.009231
0.0, 0.0, 0.009043
0.0, 0.0, 0.008946
0.0, 0.0, 0.008631
0.0, 0.0, 0.009222
0.0, 0.0, 0.008787
0.0, 0.0, 0.008431
0.0, 0.0, 0.008050
0.0, 0.0, 0.007523
0.0, 0.0, 0.007337
0.0, 0.0, 0.008404
0.0, 0.0, 0.008095
0.0, 0.0, 0.007923
0.0, 0.0, 0.007410
0.0, 0.0, 0.006956
0.0, 0.0, 0.006442
0.0, 0.0, 0.006061
0.0, 0.0, 0.006385
0.0, 0.0, 0.006175
0.0, 0.0, 0.006465
0.0, 0.0, 0.005398
0.0, 0.0, 0.007263
0.0, 0.0, 0.009840
0.0, 0.0, 0.010048
0.0, 0.0, 0.010669
0.0, 0.0, 0.011136
0.0, 0.0, 0.011736
0.0, 0.0, 0.011880
0.0, 0.0, 0.011643
0.0, 0.0, 0.011809
0.0, 0.0, 0.012182
0.0, 0.0, 0.012708
0.0, 0.0, 0.013467
0.0, 0.0, 0.014112
0.0, 0.0, 0.013814
0.0, 0.0, 0.013068
0.0, 0.0, 0.002682
0.0, 0.0, 0.003199
0.0, 0.0, 0.008452
0.0, 0.0, 0.008950
0.0, 0.0, 0.009686
0.0, 0.0, 0.008947
0.0, 0.0, 0.008387
0.0, 0.0, 0.007850
0.0, 0.0, 0.007416
0.0, 0.0, 0.007391
0.0, 0.0, 0.007358
0.0, 0.0, 0.006564
0.0, 0.0, 0.005783
0.0, 0.0, 0.005174
0.0, 0.0, 0.005655
0.0, 0.0, 0.006016
0.0, 0.0, 0.005425
0.0, 0.0, 0.005067
0.0, 0.0, 0.005361
0.0, 0.0, 0.005518
0.0, 0.0, 0.006011
0.0, 0.0, 0.006284
0.0, 0.0, 0.005322
0.0, 0.0, 0.005521
0.0, 0.0, 0.005385
0.0, 0.0, 0.004983
0.0, 0.0, 0.004336
0.0, 0.0, 0.005073
0.0, 0.0, 0.005771
0.0, 0.0, 0.004926
0.0, 0.0, 0.004802
0.0, 0.0, 0.006818
0.0, 0.0, 0.007498
0.0, 0.0, 0.007834
0.0, 0.0, 0.008415
0.0, 0.0, 0.009125
0.0, 0.0, 0.009860
0.0, 0.0, 0.010502
0.0, 0.0, 0.010555
0.0, 0.0, 0.010954
0.0, 0.0, 0.011202
0.0, 0.0, 0.011950
0.0, 0.0, 0.012545
0.0, 0.0, 0.013735
0.0, 0.0, 0.013928
0.0, 0.0, 0.002760
0.0, 0.0, 0.006770
0.0, 0.0, 0.007591
0.0, 0.0, 0.008560
0.0, 0.0, 0.009197
0.0, 0.0, 0.008292
0.0, 0.0, 0.007329
0.0, 0.0, 0.006351
0.0, 0.0, 0.005614
0.0, 0.0, 0.005630
0.0, 0.0, 0.005784
0.0, 0.0, 0.005915
0.0, 0.0, 0.005270
0.0, 0.0, 0.004808
0.0, 0.0, 0.004621
0.0, 0.0, 0.004490
0.0, 0.0, 0.004569
0.0, 0.0, 0.004703
0.0, 0.0, 0.004473
0.0, 0.0, 0.004435
0.0, 0.0, 0.004130
0.0, 0.0, 0.004119
0.0, 0.0, 0.003805
0.0, 0.0, 0.004292
0.0, 0.0, 0.003956
0.0, 0.0, 0.003657
0.0, 0.0, 0.003841
0.0, 0.0, 0.004271
0.0, 0.0, 0.004668
0.0, 0.0, 0.004316
0.0, 0.0, 0.004064
0.0, 0.0, 0.006384
0.0, 0.0, 0.005968
0.0, 0.0, 0.006249
0.0, 0.0, 0.006813
0.0, 0.0, 0.007595
0.0, 0.0, 0.007950
0.0, 0.0, 0.008805
0.0, 0.0, 0.009231
0.0, 0.0, 0.009875
0.0, 0.0, 0.010433
0.0, 0.0, 0.010865
0.0, 0.0, 0.011717
0.0, 0.0, 0.012309
0.0, 0.0, 0.013505
0.0, 0.0, 0.002892
0.0, 0.0, 0.004846
0.0, 0.0, 0.006918
0.0, 0.0, 0.006157
0.0, 0.0, 0.006473
0.0, 0.0, 0.006936
0.0, 0.0, 0.006205
0.0, 0.0, 0.005560
0.0, 0.0, 0.005106
0.0, 0.0, 0.005265
0.0, 0.0, 0.005527
0.0, 0.0, 0.005262
0.0, 0.0, 0.004943
0.0, 0.0, 0.004952
0.0, 0.0, 0.005068
0.0, 0.0, 0.004263
0.0, 0.0, 0.004293
0.0, 0.0, 0.004322
0.0, 0.0, 0.004381
0.0, 0.0, 0.003967
0.0, 0.0, 0.003908
0.0, 0.0, 0.003962
0.0, 0.0, 0.003880
0.0, 0.0, 0.003864
0.0, 0.0, 0.004145
0.0, 0.0, 0.003678
0.0, 0.0, 0.003543
0.0, 0.0, 0.004255
0.0, 0.0, 0.004291
0.0, 0.0, 0.003867
0.0, 0.0, 0.003961
0.0, 0.0, 0.004995
0.0, 0.0, 0.005528
0.0, 0.0, 0.005448
0.0, 0.0, 0.005854
0.0, 0.0, 0.006399
0.0, 0.0, 0.006907
0.0, 0.0, 0.007861
0.0, 0.0, 0.008490
0.0, 0.0, 0.008979
0.0, 0.0, 0.009542
0.0, 0.0, 0.010009
0.0, 0.0, 0.010506
0.0, 0.0, 0.011499
0.0, 0.0, 0.012587
0.0, 0.0, 0.002998
0.0, 0.0, 0.005115
0.0, 0.0, 0.005138
0.0, 0.0, 0.005247
0.0, 0.0, 0.005403
0.0, 0.0, 0.005407
0.0, 0.0, 0.005278
0.0, 0.0, 0.005078
0.0, 0.0, 0.004882
0.0, 0.0, 0.005115
0.0, 0.0, 0.005363
0.0, 0.0, 0.005289
0.0, 0.0, 0.005143
0.0, 0.0, 0.005019
0.0, 0.0, 0.004867
0.0, 0.0, 0.004715
0.0, 0.0, 0.004435
0.0, 0.0, 0.004106
0.0, 0.0, 0.003848
0.0, 0.0, 0.003794
0.0, 0.0, 0.003484
0.0, 0.0, 0.003357
0.0, 0.0, 0.003645
0.0, 0.0, 0.003759
0.0, 0.0, 0.003581
0.0, 0.0, 0.003662
0.0, 0.0, 0.003689
0.0, 0.0, 0.003178
0.0, 0.0, 0.003727
0.0, 0.0, 0.003971
0.0, 0.0, 0.004031
0.0, 0.0, 0.003726
0.0, 0.0, 0.005171
0.0, 0.0, 0.005538
0.0, 0.0, 0.005921
0.0, 0.0, 0.006370
0.0, 0.0, 0.006770
0.0, 0.0, 0.007175
0.0, 0.0, 0.007537
0.0, 0.0, 0.008104
0.0, 0.0, 0.008697
0.0, 0.0, 0.009363
0.0, 0.0, 0.009628
0.0, 0.0, 0.010248
0.0, 0.0, 0.011542
0.0, 0.0, 0.003616
0.0, 0.0, 0.004561
0.0, 0.0, 0.004423
0.0, 0.0, 0.004266
0.0, 0.0, 0.004537
0.0, 0.0, 0.004683
0.0, 0.0, 0.004873
0.0, 0.0, 0.004856
0.0, 0.0, 0.004997
0.0, 0.0, 0.005044
0.0, 0.0, 0.005304
0.0, 0.0, 0.005353
0.0, 0.0, 0.004977
0.0, 0.0, 0.004935
0.0, 0.0, 0.004752
0.0, 0.0, 0.004404
0.0, 0.0, 0.004218
0.0, 0.0, 0.004097
0.0, 0.0, 0.003782
0.0, 0.0, 0.003433
0.0, 0.0, 0.003277
0.0, 0.0, 0.003066
0.0, 0.0, 0.003461
0.0, 0.0, 0.003348
0.0, 0.0, 0.003220
0.0, 0.0, 0.003785
0.0, 0.0, 0.003249
0.0, 0.0, 0.003068
0.0, 0.0, 0.003569
0.0, 0.0, 0.004068
0.0, 0.0, 0.004163
0.0, 0.0, 0.003698
0.0, 0.0, 0.005364
0.0, 0.0, 0.006285
0.0, 0.0, 0.006221
0.0, 0.0, 0.006277
0.0, 0.0, 0.006477
0.0, 0.0, 0.006840
0.0, 0.0, 0.007403
0.0, 0.0, 0.007959
0.0, 0.0, 0.008401
0.0, 0.0, 0.008704
0.0, 0.0, 0.009065
0.0, 0.0, 0.009471
0.0, 0.0, 0.010305
0.0, 0.0, 0.004130
0.0, 0.0, 0.004061
0.0, 0.0, 0.003877
0.0, 0.0, 0.003894
0.0, 0.0, 0.003900
0.0, 0.0, 0.004120
0.0, 0.0, 0.004509
0.0, 0.0, 0.004837
0.0, 0.0, 0.004857
0.0, 0.0, 0.004762
0.0, 0.0, 0.004869
0.0, 0.0, 0.005020
0.0, 0.0, 0.004700
0.0, 0.0, 0.004154
0.0, 0.0, 0.004094
0.0, 0.0, 0.003873
0.0, 0.0, 0.003839
0.0, 0.0, 0.003154
0.0, 0.0, 0.003070
0.0, 0.0, 0.003029
0.0, 0.0, 0.002890
0.0, 0.0, 0.002898
0.0, 0.0, 0.003209
0.0, 0.0, 0.003094
0.0, 0.0, 0.002932
0.0, 0.0, 0.002908
0.0, 0.0, 0.003221
0.0, 0.0, 0.003445
0.0, 0.0, 0.003386
0.0, 0.0, 0.003426
0.0, 0.0, 0.003973
0.0, 0.0, 0.003740
0.0, 0.0, 0.004267
0.0, 0.0, 0.003756
0.0, 0.0, 0.005304
0.0, 0.0, 0.005464
0.0, 0.0, 0.005559
0.0, 0.0, 0.005733
0.0, 0.0, 0.006360
0.0, 0.0, 0.007050
0.0, 0.0, 0.007910
0.0, 0.0, 0.008533
0.0, 0.0, 0.008865
0.0, 0.0, 0.009212
0.0, 0.0, 0.009528
0.0, 0.0, 0.003917
0.0, 0.0, 0.003843
0.0, 0.0, 0.003552
0.0, 0.0, 0.003604
0.0, 0.0, 0.003493
0.0, 0.0, 0.003536
0.0, 0.0, 0.003887
0.0, 0.0, 0.004179
0.0, 0.0, 0.004384
0.0, 0.0, 0.004487
0.0, 0.0, 0.004320
0.0, 0.0, 0.004338
0.0, 0.0, 0.004101
0.0, 0.0, 0.003201
0.0, 0.0, 0.003017
0.0, 0.0, 0.002761
0.0, 0.0, 0.002514
0.0, 0.0, 0.002501
0.0, 0.0, 0.002648
0.0, 0.0, 0.002822
0.0, 0.0, 0.002787
0.0, 0.0, 0.002799
0.0, 0.0, 0.002872
0.0, 0.0, 0.002749
0.0, 0.0, 0.002804
0.0, 0.0, 0.002955
0.0, 0.0, 0.002880
0.0, 0.0, 0.003122
0.0, 0.0, 0.003125
0.0, 0.0, 0.003413
0.0, 0.0, 0.003024
0.0, 0.0, 0.003649
0.0, 0.0, 0.003801
0.0, 0.0, 0.003741
0.0, 0.0, 0.004362
0.0, 0.0, 0.004290
0.0, 0.0, 0.004661
0.0, 0.0, 0.004958
0.0, 0.0, 0.004966
0.0, 0.0, 0.005475
0.0, 0.0, 0.006239
0.0, 0.0, 0.007077
0.0, 0.0, 0.007807
0.0, 0.0, 0.008752
0.0, 0.0, 0.009284
0.0, 0.0, 0.004003
0.0, 0.0, 0.003842
0.0, 0.0, 0.003432
0.0, 0.0, 0.003348
0.0, 0.0, 0.003154
0.0, 0.0, 0.003037
0.0, 0.0, 0.003136
0.0, 0.0, 0.002950
0.0, 0.0, 0.003259
0.0, 0.0, 0.003638
0.0, 0.0, 0.003747
0.0, 0.0, 0.003427
0.0, 0.0, 0.003305
0.0, 0.0, 0.002901
0.0, 0.0, 0.002519
0.0, 0.0, 0.002470
0.0, 0.0, 0.002503
0.0, 0.0, 0.002565
0.0, 0.0, 0.002636
0.0, 0.0, 0.002774
0.0, 0.0, 0.002663
0.0, 0.0, 0.002660
0.0, 0.0, 0.002540
0.0, 0.0, 0.002605
0.0, 0.0, 0.002606
0.0, 0.0, 0.002713
0.0, 0.0, 0.002822
0.0, 0.0, 0.002837
0.0, 0.0, 0.003012
0.0, 0.0, 0.003406
0.0, 0.0, 0.003115
0.0, 0.0, 0.003530
0.0, 0.0, 0.003356
0.0, 0.0, 0.003540
0.0, 0.0, 0.003633
0.0, 0.0, 0.003503
0.0, 0.0, 0.003737
0.0, 0.0, 0.003877
0.0, 0.0, 0.004348
0.0, 0.0, 0.004712
0.0, 0.0, 0.005411
0.0, 0.0, 0.005917
0.0, 0.0, 0.006298
0.0, 0.0, 0.006851
0.0, 0.0, 0.007287
0.0, 0.0, 0.003765
0.0, 0.0, 0.004117
0.0, 0.0, 0.003586
0.0, 0.0, 0.003053
0.0, 0.0, 0.002767
0.0, 0.0, 0.002550
0.0, 0.0, 0.002477
0.0, 0.0, 0.002639
0.0, 0.0, 0.002672
0.0, 0.0, 0.002680
0.0, 0.0, 0.002809
0.0, 0.0, 0.002826
0.0, 0.0, 0.002856
0.0, 0.0, 0.002679
0.0, 0.0, 0.002753
0.0, 0.0, 0.002332
0.0, 0.0, 0.002648
0.0, 0.0, 0.002505
0.0, 0.0, 0.002677
0.0, 0.0, 0.002597
0.0, 0.0, 0.002565
0.0, 0.0, 0.002422
0.0, 0.0, 0.002455
0.0, 0.0, 0.002250
0.0, 0.0, 0.002512
0.0, 0.0, 0.002528
0.0, 0.0, 0.002863
0.0, 0.0, 0.002788
0.0, 0.0, 0.002776
0.0, 0.0, 0.002836
0.0, 0.0, 0.003218
0.0, 0.0, 0.003216
0.0, 0.0, 0.003030
0.0, 0.0, 0.003237
0.0, 0.0, 0.003286
0.0, 0.0, 0.003208
0.0, 0.0, 0.002791
0.0, 0.0, 0.003534
0.0, 0.0, 0.004952
0.0, 0.0, 0.005171
0.0, 0.0, 0.005090
0.0, 0.0, 0.005178
0.0, 0.0, 0.005398
0.0, 0.0, 0.005749
0.0, 0.0, 0.006120
0.0, 0.0, 0.003796
0.0, 0.0, 0.004576
0.0, 0.0, 0.004006
0.0, 0.0, 0.003789
0.0, 0.0, 0.003492
0.0, 0.0, 0.003171
0.0, 0.0, 0.003320
0.0, 0.0, 0.002942
0.0, 0.0, 0.002541
0.0, 0.0, 0.002585
0.0, 0.0, 0.002758
0.0, 0.0, 0.002770
0.0, 0.0, 0.002695
0.0, 0.0, 0.002782
0.0, 0.0, 0.002646
0.0, 0.0, 0.002126
0.0, 0.0, 0.002121
0.0, 0.0, 0.002183
0.0, 0.0, 0.002432
0.0, 0.0, 0.002569
0.0, 0.0, 0.002695
0.0, 0.0, 0.002435
0.0, 0.0, 0.002365
0.0, 0.0, 0.002374
0.0, 0.0, 0.002472
0.0, 0.0, 0.002541
0.0, 0.0, 0.002747
0.0, 0.0, 0.003038
0.0, 0.0, 0.002821
0.0, 0.0, 0.002950
0.0, 0.0, 0.003126
0.0, 0.0, 0.003293
0.0, 0.0, 0.003062
0.0, 0.0, 0.002818
0.0, 0.0, 0.002844
0.0, 0.0, 0.003156
0.0, 0.0, 0.003473
0.0, 0.0, 0.003745
0.0, 0.0, 0.003880
0.0, 0.0, 0.004041
0.0, 0.0, 0.004171
0.0, 0.0, 0.004379
0.0, 0.0, 0.004683
0.0, 0.0, 0.004901
0.0, 0.0, 0.005176
0.0, 0.0, 0.003579
0.0, 0.0, 0.004400
0.0, 0.0, 0.004075
0.0, 0.0, 0.003973
0.0, 0.0, 0.003646
0.0, 0.0, 0.003430
0.0, 0.0, 0.003241
0.0, 0.0, 0.003219
0.0, 0.0, 0.002981
0.0, 0.0, 0.002715
0.0, 0.0, 0.003094
0.0, 0.0, 0.003318
0.0, 0.0, 0.003167
0.0, 0.0, 0.002596
0.0, 0.0, 0.002249
0.0, 0.0, 0.002070
0.0, 0.0, 0.002124
0.0, 0.0, 0.002213
0.0, 0.0, 0.002328
0.0, 0.0, 0.002604
0.0, 0.0, 0.002690
0.0, 0.0, 0.002506
0.0, 0.0, 0.002528
0.0, 0.0, 0.002452
0.0, 0.0, 0.002510
0.0, 0.0, 0.002668
0.0, 0.0, 0.002792
0.0, 0.0, 0.002985
0.0, 0.0, 0.003210
0.0, 0.0, 0.003090
0.0, 0.0, 0.002916
0.0, 0.0, 0.003046
0.0, 0.0, 0.002916
0.0, 0.0, 0.002697
0.0, 0.0, 0.002654
0.0, 0.0, 0.003334
0.0, 0.0, 0.003352
0.0, 0.0, 0.003050
0.0, 0.0, 0.003159
0.0, 0.0, 0.003356
0.0, 0.0, 0.003539
0.0, 0.0, 0.003850
0.0, 0.0, 0.004104
0.0, 0.0, 0.004390
0.0, 0.0, 0.004656
0.0, 0.0, 0.003238
0.0, 0.0, 0.004302
0.0, 0.0, 0.004093
0.0, 0.0, 0.003637
0.0, 0.0, 0.003452
0.0, 0.0, 0.002910
0.0, 0.0, 0.002895
0.0, 0.0, 0.002977
0.0, 0.0, 0.003093
0.0, 0.0, 0.003263
0.0, 0.0, 0.003113
0.0, 0.0, 0.003013
0.0, 0.0, 0.002575
0.0, 0.0, 0.002657
0.0, 0.0, 0.002555
0.0, 0.0, 0.002186
0.0, 0.0, 0.002151
0.0, 0.0, 0.002153
0.0, 0.0, 0.002183
0.0, 0.0, 0.002387
0.0, 0.0, 0.002473
0.0, 0.0, 0.002513
0.0, 0.0, 0.002428
0.0, 0.0, 0.002605
0.0, 0.0, 0.002708
0.0, 0.0, 0.002765
0.0, 0.0, 0.002957
0.0, 0.0, 0.003093
0.0, 0.0, 0.003137
0.0, 0.0, 0.002986
0.0, 0.0, 0.003028
0.0, 0.0, 0.002760
0.0, 0.0, 0.002578
0.0, 0.0, 0.002717
0.0, 0.0, 0.002791
0.0, 0.0, 0.002653
0.0, 0.0, 0.002642
0.0, 0.0, 0.002579
0.0, 0.0, 0.002648
0.0, 0.0, 0.003048
0.0, 0.0, 0.003247
0.0, 0.0, 0.003563
0.0, 0.0, 0.003883
0.0, 0.0, 0.004110
0.0, 0.0, 0.004349
0.0, 0.0, 0.002854
0.0, 0.0, 0.003030
0.0, 0.0, 0.003814
0.0, 0.0, 0.003597
0.0, 0.0, 0.003416
0.0, 0.0, 0.003038
0.0, 0.0, 0.003049
0.0, 0.0, 0.003140
0.0, 0.0, 0.003223
0.0, 0.0, 0.003196
0.0, 0.0, 0.002974
0.0, 0.0, 0.002658
0.0, 0.0, 0.002477
0.0, 0.0, 0.002521
0.0, 0.0, 0.002310
0.0, 0.0, 0.002307
0.0, 0.0, 0.002153
0.0, 0.0, 0.002135
0.0, 0.0, 0.002104
0.0, 0.0, 0.002177
0.0, 0.0, 0.002381
0.0, 0.0, 0.002437
0.0, 0.0, 0.002561
0.0, 0.0, 0.002718
0.0, 0.0, 0.002743
0.0, 0.0, 0.002795
0.0, 0.0, 0.002950
0.0, 0.0, 0.002966
0.0, 0.0, 0.003083
0.0, 0.0, 0.003336
0.0, 0.0, 0.003113
0.0, 0.0, 0.002602
0.0, 0.0, 0.002478
0.0, 0.0, 0.002493
0.0, 0.0, 0.002658
0.0, 0.0, 0.002443
0.0, 0.0, 0.002279
0.0, 0.0, 0.002677
0.0, 0.0, 0.002357
0.0, 0.0, 0.002626
0.0, 0.0, 0.002872
0.0, 0.0, 0.003229
0.0, 0.0, 0.003655
0.0, 0.0, 0.004114
0.0, 0.0, 0.004232
0.0, 0.0, 0.002389
0.0, 0.0, 0.003083
0.0, 0.0, 0.003466
0.0, 0.0, 0.003871
0.0, 0.0, 0.003435
0.0, 0.0, 0.003324
0.0, 0.0, 0.003218
0.0, 0.0, 0.003295
0.0, 0.0, 0.003182
0.0, 0.0, 0.003261
0.0, 0.0, 0.002898
0.0, 0.0, 0.002543
0.0, 0.0, 0.002185
0.0, 0.0, 0.002023
0.0, 0.0, 0.002014
0.0, 0.0, 0.001989
0.0, 0.0, 0.001990
0.0, 0.0, 0.002010
0.0, 0.0, 0.002089
0.0, 0.0, 0.002230
0.0, 0.0, 0.002304
0.0, 0.0, 0.002384
0.0, 0.0, 0.002533
0.0, 0.0, 0.002698
0.0, 0.0, 0.002714
0.0, 0.0, 0.002734
0.0, 0.0, 0.002850
0.0, 0.0, 0.002805
0.0, 0.0, 0.002869
0.0, 0.0, 0.002884
0.0, 0.0, 0.002827
0.0, 0.0, 0.002406
0.0, 0.0, 0.002261
0.0, 0.0, 0.002179
0.0, 0.0, 0.002457
0.0, 0.0, 0.002358
0.0, 0.0, 0.002271
0.0, 0.0, 0.002353
0.0, 0.0, 0.002155
0.0, 0.0, 0.002250
0.0, 0.0, 0.002521
0.0, 0.0, 0.002884
0.0, 0.0, 0.003073
0.0, 0.0, 0.003609
0.0, 0.0, 0.004110
0.0, 0.0, 0.002071
0.0, 0.0, 0.002403
0.0, 0.0, 0.003575
0.0, 0.0, 0.003724
0.0, 0.0, 0.003487
0.0, 0.0, 0.003237
0.0, 0.0, 0.003166
0.0, 0.0, 0.003101
0.0, 0.0, 0.003323
0.0, 0.0, 0.003023
0.0, 0.0, 0.002704
0.0, 0.0, 0.002358
0.0, 0.0, 0.001874
0.0, 0.0, 0.001736
0.0, 0.0, 0.001632
0.0, 0.0, 0.001603
0.0, 0.0, 0.001682
0.0, 0.0, 0.001788
0.0, 0.0, 0.001927
0.0, 0.0, 0.002061
0.0, 0.0, 0.002098
0.0, 0.0, 0.002265
0.0, 0.0, 0.002400
0.0, 0.0, 0.002629
0.0, 0.0, 0.002716
0.0, 0.0, 0.002849
0.0, 0.0, 0.002835
0.0, 0.0, 0.002912
0.0, 0.0, 0.002743
0.0, 0.0, 0.002697
0.0, 0.0, 0.002542
0.0, 0.0, 0.002613
0.0, 0.0, 0.002232
0.0, 0.0, 0.002198
0.0, 0.0, 0.002144
0.0, 0.0, 0.002245
0.0, 0.0, 0.002112
0.0, 0.0, 0.002221
0.0, 0.0, 0.002190
0.0, 0.0, 0.002037
0.0, 0.0, 0.002289
0.0, 0.0, 0.002518
0.0, 0.0, 0.002791
0.0, 0.0, 0.003224
0.0, 0.0, 0.003527
0.0, 0.0, 0.002154
0.0, 0.0, 0.002591
0.0, 0.0, 0.003287
0.0, 0.0, 0.003065
0.0, 0.0, 0.003246
0.0, 0.0, 0.002870
0.0, 0.0, 0.002979
0.0, 0.0, 0.002898
0.0, 0.0, 0.002920
0.0, 0.0, 0.003218
0.0, 0.0, 0.002520
0.0, 0.0, 0.002164
0.0, 0.0, 0.001823
0.0, 0.0, 0.001511
0.0, 0.0, 0.001473
0.0, 0.0, 0.001447
0.0, 0.0, 0.001563
0.0, 0.0, 0.001596
0.0, 0.0, 0.001768
0.0, 0.0, 0.001856
0.0, 0.0, 0.002019
0.0, 0.0, 0.002199
0.0, 0.0, 0.002397
0.0, 0.0, 0.002673
0.0, 0.0, 0.002756
0.0, 0.0, 0.002842
0.0, 0.0, 0.002859
0.0, 0.0, 0.002895
0.0, 0.0, 0.002804
0.0, 0.0, 0.002693
0.0, 0.0, 0.002615
0.0, 0.0, 0.002513
0.0, 0.0, 0.002291
0.0, 0.0, 0.002246
0.0, 0.0, 0.002323
0.0, 0.0, 0.002276
0.0, 0.0, 0.002363
0.0, 0.0, 0.002040
0.0, 0.0, 0.001840
0.0, 0.0, 0.001887
0.0, 0.0, 0.002102
0.0, 0.0, 0.002303
0.0, 0.0, 0.002599
0.0, 0.0, 0.002878
0.0, 0.0, 0.003229
0.0, 0.0, 0.001765
0.0, 0.0, 0.001565
0.0, 0.0, 0.001926
0.0, 0.0, 0.002116
0.0, 0.0, 0.002738
0.0, 0.0, 0.002912
0.0, 0.0, 0.002737
0.0, 0.0, 0.002672
0.0, 0.0, 0.002627
0.0, 0.0, 0.002885
0.0, 0.0, 0.002532
0.0, 0.0, 0.002111
0.0, 0.0, 0.001889
0.0, 0.0, 0.001600
0.0, 0.0, 0.001410
0.0, 0.0, 0.001378
0.0, 0.0, 0.001437
0.0, 0.0, 0.001557
0.0, 0.0, 0.001667
0.0, 0.0, 0.001759
0.0, 0.0, 0.002001
0.0, 0.0, 0.002198
0.0, 0.0, 0.002517
0.0, 0.0, 0.002744
0.0, 0.0, 0.002924
0.0, 0.0, 0.002966
0.0, 0.0, 0.002878
0.0, 0.0, 0.002832
0.0, 0.0, 0.002866
0.0, 0.0, 0.002859
0.0, 0.0, 0.002663
0.0, 0.0, 0.002584
0.0, 0.0, 0.002353
0.0, 0.0, 0.002303
0.0, 0.0, 0.002307
0.0, 0.0, 0.002134
0.0, 0.0, 0.002110
0.0, 0.0, 0.002023
0.0, 0.0, 0.001852
0.0, 0.0, 0.001786
0.0, 0.0, 0.001966
0.0, 0.0, 0.002107
0.0, 0.0, 0.002334
0.0, 0.0, 0.002565
0.0, 0.0, 0.002912
0.0, 0.0, 0.001951
0.0, 0.0, 0.001397
0.0, 0.0, 0.002130
0.0, 0.0, 0.002648
0.0, 0.0, 0.002680
0.0, 0.0, 0.002715
0.0, 0.0, 0.002930
0.0, 0.0, 0.002915
0.0, 0.0, 0.002696
0.0, 0.0, 0.002678
0.0, 0.0, 0.002520
0.0, 0.0, 0.002186
0.0, 0.0, 0.001924
0.0, 0.0, 0.001526
0.0, 0.0, 0.001485
0.0, 0.0, 0.001485
0.0, 0.0, 0.001541
0.0, 0.0, 0.001641
0.0, 0.0, 0.001662
0.0, 0.0, 0.001738
0.0, 0.0, 0.001874
0.0, 0.0, 0.002260
0.0, 0.0, 0.002662
0.0, 0.0, 0.002770
0.0, 0.0, 0.002630
0.0, 0.0, 0.002882
0.0, 0.0, 0.002989
0.0, 0.0, 0.002642
0.0, 0.0, 0.002773
0.0, 0.0, 0.002820
0.0, 0.0, 0.003056
0.0, 0.0, 0.002822
0.0, 0.0, 0.002601
0.0, 0.0, 0.002404
0.0, 0.0, 0.002409
0.0, 0.0, 0.002129
0.0, 0.0, 0.002054
0.0, 0.0, 0.002022
0.0, 0.0, 0.001878
0.0, 0.0, 0.001774
0.0, 0.0, 0.001806
0.0, 0.0, 0.001922
0.0, 0.0, 0.002109
0.0, 0.0, 0.002340
0.0, 0.0, 0.002686
0.0, 0.0, 0.001864
0.0, 0.0, 0.001191
0.0, 0.0, 0.001710
0.0, 0.0, 0.001884
0.0, 0.0, 0.002342
0.0, 0.0, 0.002358
0.0, 0.0, 0.002477
0.0, 0.0, 0.002867
0.0, 0.0, 0.002866
0.0, 0.0, 0.002473
0.0, 0.0, 0.002303
0.0, 0.0, 0.002429
0.0, 0.0, 0.001907
0.0, 0.0, 0.001690
0.0, 0.0, 0.001727
0.0, 0.0, 0.001674
0.0, 0.0, 0.001611
0.0, 0.0, 0.001534
0.0, 0.0, 0.001536
0.0, 0.0, 0.001658
0.0, 0.0, 0.001862
0.0, 0.0, 0.002158
0.0, 0.0, 0.002399
0.0, 0.0, 0.002222
0.0, 0.0, 0.002221
0.0, 0.0, 0.002345
0.0, 0.0, 0.002459
0.0, 0.0, 0.002673
0.0, 0.0, 0.002180
0.0, 0.0, 0.001855
0.0, 0.0, 0.002552
0.0, 0.0, 0.002560
0.0, 0.0, 0.002745
0.0, 0.0, 0.002517
0.0, 0.0, 0.002350
0.0, 0.0, 0.002158
0.0, 0.0, 0.002039
0.0, 0.0, 0.001857
0.0, 0.0, 0.001721
0.0, 0.0, 0.001745
0.0, 0.0, 0.001524
0.0, 0.0, 0.001733
0.0, 0.0, 0.001971
0.0, 0.0, 0.002201
0.0, 0.0, 0.002458
0.0, 0.0, 0.001511
0.0, 0.0, 0.001185
0.0, 0.0, 0.001252
0.0, 0.0, 0.001455
0.0, 0.0, 0.001700
0.0, 0.0, 0.001783
0.0, 0.0, 0.002104
0.0, 0.0, 0.002283
0.0, 0.0, 0.002340
0.0, 0.0, 0.002593
0.0, 0.0, 0.002628
0.0, 0.0, 0.002314
0.0, 0.0, 0.002218
0.0, 0.0, 0.002154
0.0, 0.0, 0.001732
0.0, 0.0, 0.001803
0.0, 0.0, 0.001656
0.0, 0.0, 0.001558
0.0, 0.0, 0.001535
0.0, 0.0, 0.001701
0.0, 0.0, 0.001844
0.0, 0.0, 0.001982
0.0, 0.0, 0.002010
0.0, 0.0, 0.001886
0.0, 0.0, 0.001943
0.0, 0.0, 0.001986
0.0, 0.0, 0.002161
0.0, 0.0, 0.002186
0.0, 0.0, 0.002348
0.0, 0.0, 0.002365
0.0, 0.0, 0.001980
0.0, 0.0, 0.001781
0.0, 0.0, 0.002189
0.0, 0.0, 0.002105
0.0, 0.0, 0.001859
0.0, 0.0, 0.001786
0.0, 0.0, 0.001876
0.0, 0.0, 0.001755
0.0, 0.0, 0.001673
0.0, 0.0, 0.001573
0.0, 0.0, 0.001455
0.0, 0.0, 0.001546
0.0, 0.0, 0.001780
0.0, 0.0, 0.001986
0.0, 0.0, 0.002312
0.0, 0.0, 0.001368
0.0, 0.0, 0.001281
0.0, 0.0, 0.001366
0.0, 0.0, 0.001648
0.0, 0.0, 0.001731
0.0, 0.0, 0.001693
0.0, 0.0, 0.001941
0.0, 0.0, 0.001845
0.0, 0.0, 0.001964
0.0, 0.0, 0.002123
0.0, 0.0, 0.002358
0.0, 0.0, 0.002246
0.0, 0.0, 0.002075
0.0, 0.0, 0.001590
0.0, 0.0, 0.001781
0.0, 0.0, 0.001872
0.0, 0.0, 0.001601
0.0, 0.0, 0.001558
0.0, 0.0, 0.001678
0.0, 0.0, 0.001530
0.0, 0.0, 0.001775
0.0, 0.0, 0.001590
0.0, 0.0, 0.001820
0.0, 0.0, 0.001679
0.0, 0.0, 0.001671
0.0, 0.0, 0.001820
0.0, 0.0, 0.001876
0.0, 0.0, 0.001995
0.0, 0.0, 0.002007
0.0, 0.0, 0.002081
0.0, 0.0, 0.001962
0.0, 0.0, 0.001901
0.0, 0.0, 0.001773
0.0, 0.0, 0.001896
0.0, 0.0, 0.001751
0.0, 0.0, 0.001855
0.0, 0.0, 0.001803
0.0, 0.0, 0.001730
0.0, 0.0, 0.001554
0.0, 0.0, 0.001686
0.0, 0.0, 0.001417
0.0, 0.0, 0.001329
0.0, 0.0, 0.001480
0.0, 0.0, 0.001867
0.0, 0.0, 0.002397
0.0, 0.0, 0.001328
0.0, 0.0, 0.001444
0.0, 0.0, 0.001186
0.0, 0.0, 0.001785
0.0, 0.0, 0.001747
0.0, 0.0, 0.001793
0.0, 0.0, 0.001856
0.0, 0.0, 0.001916
0.0, 0.0, 0.002149
0.0, 0.0, 0.002232
0.0, 0.0, 0.002323
0.0, 0.0, 0.002256
0.0, 0.0, 0.002043
0.0, 0.0, 0.002048
0.0, 0.0, 0.001809
0.0, 0.0, 0.001618
0.0, 0.0, 0.001530
0.0, 0.0, 0.001573
0.0, 0.0, 0.001399
0.0, 0.0, 0.001660
0.0, 0.0, 0.001708
0.0, 0.0, 0.001803
0.0, 0.0, 0.001775
0.0, 0.0, 0.001511
0.0, 0.0, 0.001637
0.0, 0.0, 0.001487
0.0, 0.0, 0.001587
0.0, 0.0, 0.001536
0.0, 0.0, 0.001543
0.0, 0.0, 0.001407
0.0, 0.0, 0.001327
0.0, 0.0, 0.001651
0.0, 0.0, 0.001515
0.0, 0.0, 0.001463
0.0, 0.0, 0.001540
0.0, 0.0, 0.001482
0.0, 0.0, 0.001552
0.0, 0.0, 0.001399
0.0, 0.0, 0.001536
0.0, 0.0, 0.001433
0.0, 0.0, 0.001312
0.0, 0.0, 0.001342
0.0, 0.0, 0.001570
0.0, 0.0, 0.001974
0.0, 0.0, 0.002318
0.0, 0.0, 0.001306
0.0, 0.0, 0.001722
0.0, 0.0, 0.001647
0.0, 0.0, 0.001879
0.0, 0.0, 0.001924
0.0, 0.0, 0.001938
0.0, 0.0, 0.001913
0.0, 0.0, 0.002142
0.0, 0.0, 0.002357
0.0, 0.0, 0.002431
0.0, 0.0, 0.002447
0.0, 0.0, 0.002488
0.0, 0.0, 0.002229
0.0, 0.0, 0.002134
0.0, 0.0, 0.001799
0.0, 0.0, 0.001631
0.0, 0.0, 0.001437
0.0, 0.0, 0.001383
0.0, 0.0, 0.001481
0.0, 0.0, 0.001602
0.0, 0.0, 0.001694
0.0, 0.0, 0.001837
0.0, 0.0, 0.001659
0.0, 0.0, 0.001298
0.0, 0.0, 0.001449
0.0, 0.0, 0.001208
0.0, 0.0, 0.001374
0.0, 0.0, 0.001271
0.0, 0.0, 0.001441
0.0, 0.0, 0.001723
0.0, 0.0, 0.001159
0.0, 0.0, 0.001194
0.0, 0.0, 0.001310
0.0, 0.0, 0.001279
0.0, 0.0, 0.001239
0.0, 0.0, 0.001253
0.0, 0.0, 0.001069
0.0, 0.0, 0.001053
0.0, 0.0, 0.001048
0.0, 0.0, 0.001238
0.0, 0.0, 0.001220
0.0, 0.0, 0.001318
0.0, 0.0, 0.001611
0.0, 0.0, 0.001873
0.0, 0.0, 0.002244
0.0, 0.0, 0.001221
0.0, 0.0, 0.001313
0.0, 0.0, 0.001810
0.0, 0.0, 0.002094
0.0, 0.0, 0.001881
0.0, 0.0, 0.001563
0.0, 0.0, 0.002051
0.0, 0.0, 0.002384
0.0, 0.0, 0.002400
0.0, 0.0, 0.002464
0.0, 0.0, 0.002622
0.0, 0.0, 0.002676
0.0, 0.0, 0.002196
0.0, 0.0, 0.001950
0.0, 0.0, 0.001906
0.0, 0.0, 0.001877
0.0, 0.0, 0.001595
0.0, 0.0, 0.001274
0.0, 0.0, 0.001515
0.0, 0.0, 0.001658
0.0, 0.0, 0.001582
0.0, 0.0, 0.001443
0.0, 0.0, 0.001439
0.0, 0.0, 0.001212
0.0, 0.0, 0.001140
0.0, 0.0, 0.001258
0.0, 0.0, 0.001143
0.0, 0.0, 0.001146
0.0, 0.0, 0.001239
0.0, 0.0, 0.001161
0.0, 0.0, 0.001082
0.0, 0.0, 0.000855
0.0, 0.0, 0.001075
0.0, 0.0, 0.001066
0.0, 0.0, 0.000998
0.0, 0.0, 0.000956
0.0, 0.0, 0.000971
0.0, 0.0, 0.000915
0.0, 0.0, 0.000855
0.0, 0.0, 0.001111
0.0, 0.0, 0.001080
0.0, 0.0, 0.001215
0.0, 0.0, 0.001481
0.0, 0.0, 0.001801
0.0, 0.0, 0.002188
0.0, 0.0, 0.001388
0.0, 0.0, 0.001024
0.0, 0.0, 0.002015
0.0, 0.0, 0.001960
0.0, 0.0, 0.001747
0.0, 0.0, 0.001837
0.0, 0.0, 0.002129
0.0, 0.0, 0.002052
0.0, 0.0, 0.002077
0.0, 0.0, 0.002275
0.0, 0.0, 0.002521
0.0, 0.0, 0.002784
0.0, 0.0, 0.002480
0.0, 0.0, 0.002193
0.0, 0.0, 0.001899
0.0, 0.0, 0.001536
0.0, 0.0, 0.001416
0.0, 0.0, 0.001507
0.0, 0.0, 0.001437
0.0, 0.0, 0.001521
0.0, 0.0, 0.001393
0.0, 0.0, 0.001276
0.0, 0.0, 0.001353
0.0, 0.0, 0.001293
0.0, 0.0, 0.000808
0.0, 0.0, 0.000815
0.0, 0.0, 0.001009
0.0, 0.0, 0.000883
0.0, 0.0, 0.001295
0.0, 0.0, 0.001103
0.0, 0.0, 0.000843
0.0, 0.0, 0.001014
0.0, 0.0, 0.000920
0.0, 0.0, 0.000822
0.0, 0.0, 0.000804
0.0, 0.0, 0.000863
0.0, 0.0, 0.000816
0.0, 0.0, 0.000878
0.0, 0.0, 0.000835
0.0, 0.0, 0.001106
0.0, 0.0, 0.001121
0.0, 0.0, 0.001212
0.0, 0.0, 0.001347
0.0, 0.0, 0.001604
0.0, 0.0, 0.002151
0.0, 0.0, 0.001282
0.0, 0.0, 0.001340
0.0, 0.0, 0.001812
0.0, 0.0, 0.001836
0.0, 0.0, 0.001755
0.0, 0.0, 0.001747
0.0, 0.0, 0.001728
0.0, 0.0, 0.001726
0.0, 0.0, 0.001790
0.0, 0.0, 0.002014
0.0, 0.0, 0.002398
0.0, 0.0, 0.002482
0.0, 0.0, 0.002467
0.0, 0.0, 0.002365
0.0, 0.0, 0.001596
0.0, 0.0, 0.001331
0.0, 0.0, 0.001161
0.0, 0.0, 0.001433
0.0, 0.0, 0.001598
0.0, 0.0, 0.001333
0.0, 0.0, 0.001324
0.0, 0.0, 0.001088
0.0, 0.0, 0.001116
0.0, 0.0, 0.001138
0.0, 0.0, 0.001109
0.0, 0.0, 0.000891
0.0, 0.0, 0.001026
0.0, 0.0, 0.001188
0.0, 0.0, 0.000940
0.0, 0.0, 0.000977
0.0, 0.0, 0.000919
0.0, 0.0, 0.000887
0.0, 0.0, 0.000775
0.0, 0.0, 0.000718
0.0, 0.0, 0.000736
0.0, 0.0, 0.000760
0.0, 0.0, 0.000722
0.0, 0.0, 0.000734
0.0, 0.0, 0.001044
0.0, 0.0, 0.001109
0.0, 0.0, 0.001101
0.0, 0.0, 0.001071
0.0, 0.0, 0.001219
0.0, 0.0, 0.001549
0.0, 0.0, 0.002103
0.0, 0.0, 0.001262
0.0, 0.0, 0.001915
0.0, 0.0, 0.001838
0.0, 0.0, 0.001805
0.0, 0.0, 0.001757
0.0, 0.0, 0.001631
0.0, 0.0, 0.001696
0.0, 0.0, 0.001574
0.0, 0.0, 0.001750
0.0, 0.0, 0.002004
0.0, 0.0, 0.002215
0.0, 0.0, 0.002289
0.0, 0.0, 0.002261
0.0, 0.0, 0.002037
0.0, 0.0, 0.001544
0.0, 0.0, 0.001462
0.0, 0.0, 0.001508
0.0, 0.0, 0.001491
0.0, 0.0, 0.001201
0.0, 0.0, 0.001508
0.0, 0.0, 0.000920
0.0, 0.0, 0.000852
0.0, 0.0, 0.000722
0.0, 0.0, 0.000834
0.0, 0.0, 0.001543
0.0, 0.0, 0.000748
0.0, 0.0, 0.000469
0.0, 0.0, 0.001037
0.0, 0.0, 0.000961
0.0, 0.0, 0.000871
0.0, 0.0, 0.000841
0.0, 0.0, 0.000751
0.0, 0.0, 0.000672
0.0, 0.0, 0.000612
0.0, 0.0, 0.000583
0.0, 0.0, 0.000591
0.0, 0.0, 0.000621
0.0, 0.0, 0.000628
0.0, 0.0, 0.000706
0.0, 0.0, 0.000858
0.0, 0.0, 0.000970
0.0, 0.0, 0.001088
0.0, 0.0, 0.001238
0.0, 0.0, 0.001497
0.0, 0.0, 0.002026
0.0, 0.0, 0.001675
0.0, 0.0, 0.001882
0.0, 0.0, 0.001889
0.0, 0.0, 0.001803
0.0, 0.0, 0.001603
0.0, 0.0, 0.001484
0.0, 0.0, 0.001575
0.0, 0.0, 0.001612
0.0, 0.0, 0.001652
0.0, 0.0, 0.001855
0.0, 0.0, 0.002017
0.0, 0.0, 0.002074
0.0, 0.0, 0.001904
0.0, 0.0, 0.001544
0.0, 0.0, 0.001581
0.0, 0.0, 0.001459
0.0, 0.0, 0.001287
0.0, 0.0, 0.001275
0.0, 0.0, 0.001075
0.0, 0.0, 0.000763
0.0, 0.0, 0.000512
0.0, 0.0, 0.000491
0.0, 0.0, 0.000779
0.0, 0.0, 0.000606
0.0, 0.0, 0.001196
0.0, 0.0, 0.000620
0.0, 0.0, 0.000594
0.0, 0.0, 0.000819
0.0, 0.0, 0.000814
0.0, 0.0, 0.000711
0.0, 0.0, 0.000661
0.0, 0.0, 0.000642
0.0, 0.0, 0.000598
0.0, 0.0, 0.000552
0.0, 0.0, 0.000506
0.0, 0.0, 0.000495
0.0, 0.0, 0.000532
0.0, 0.0, 0.000502
0.0, 0.0, 0.000548
0.0, 0.0, 0.000708
0.0, 0.0, 0.000845
0.0, 0.0, 0.001016
0.0, 0.0, 0.001182
0.0, 0.0, 0.001568
0.0, 0.0, 0.001880
