S3D
I=24,J=27,K=3
0.0, 0.0, 0.0, 0.00474374
0.0, 10.0, 0.0, 0.00435648
0.0, 20.0, 0.0, 0.00428378
0.0, 30.0, 0.0, 0.01212665
0.0, 40.0, 0.0, 0.01528828
0.0, 50.0, 0.0, 0.01533114
0.0, 60.0, 0.0, 0.01571931
0.0, 70.0, 0.0, 0.01584035
0.0, 80.0, 0.0, 0.01586829
0.0, 90.0, 0.0, 0.01538015
0.0, 100.0, 0.0, 0.01536779
0.0, 110.0, 0.0, 0.01563765
0.0, 120.0, 0.0, 0.01571238
0.0, 130.0, 0.0, 0.01571465
0.0, 140.0, 0.0, 0.01617341
0.0, 150.0, 0.0, 0.01597160
0.0, 160.0, 0.0, 0.01568722
0.0, 170.0, 0.0, 0.01490551
0.0, 180.0, 0.0, 0.01559628
0.0, 190.0, 0.0, 0.01509192
0.0, 200.0, 0.0, 0.01497793
0.0, 210.0, 0.0, 0.01398411
0.0, 220.0, 0.0, 0.01511590
0.0, 230.0, 0.0, 0.01558066
0.0, 240.0, 0.0, 0.01560289
0.0, 250.0, 0.0, 0.01534512
0.0, 260.0, 0.0, 0.01582356
10.0, 0.0, 0.0, 0.00486494
10.0, 10.0, 0.0, 0.00439291
10.0, 20.0, 0.0, 0.00378026
10.0, 30.0, 0.0, 0.01288856
10.0, 40.0, 0.0, 0.01540807
10.0, 50.0, 0.0, 0.01602809
10.0, 60.0, 0.0, 0.01565035
10.0, 70.0, 0.0, 0.01545789
10.0, 80.0, 0.0, 0.01546897
10.0, 90.0, 0.0, 0.01485611
10.0, 100.0, 0.0, 0.01517522
10.0, 110.0, 0.0, 0.01528875
10.0, 120.0, 0.0, 0.01547153
10.0, 130.0, 0.0, 0.01572806
10.0, 140.0, 0.0, 0.01478478
10.0, 150.0, 0.0, 0.01439209
10.0, 160.0, 0.0, 0.01474798
10.0, 170.0, 0.0, 0.01543516
10.0, 180.0, 0.0, 0.01567944
10.0, 190.0, 0.0, 0.01519433
10.0, 200.0, 0.0, 0.01502394
10.0, 210.0, 0.0, 0.01472208
10.0, 220.0, 0.0, 0.01539549
10.0, 230.0, 0.0, 0.01453654
10.0, 240.0, 0.0, 0.01381236
10.0, 250.0, 0.0, 0.01390459
10.0, 260.0, 0.0, 0.01410663
20.0, 0.0, 0.0, 0.00368727
20.0, 10.0, 0.0, 0.00400436
20.0, 20.0, 0.0, 0.00416704
20.0, 30.0, 0.0, 0.01063987
20.0, 40.0, 0.0, 0.01398666
20.0, 50.0, 0.0, 0.01567336
20.0, 60.0, 0.0, 0.01537158
20.0, 70.0, 0.0, 0.01537982
20.0, 80.0, 0.0, 0.01492329
20.0, 90.0, 0.0, 0.01441455
20.0, 100.0, 0.0, 0.01470213
20.0, 110.0, 0.0, 0.01462524
20.0, 120.0, 0.0, 0.01464845
20.0, 130.0, 0.0, 0.01487816
20.0, 140.0, 0.0, 0.01374848
20.0, 150.0, 0.0, 0.01212127
20.0, 160.0, 0.0, 0.01329056
20.0, 170.0, 0.0, 0.01372900
20.0, 180.0, 0.0, 0.01477504
20.0, 190.0, 0.0, 0.01501371
20.0, 200.0, 0.0, 0.01541329
20.0, 210.0, 0.0, 0.01397822
20.0, 220.0, 0.0, 0.01425700
20.0, 230.0, 0.0, 0.01438300
20.0, 240.0, 0.0, 0.01382953
20.0, 250.0, 0.0, 0.01296453
20.0, 260.0, 0.0, 0.01282823
30.0, 0.0, 0.0, 0.00340168
30.0, 10.0, 0.0, 0.00341207
30.0, 20.0, 0.0, 0.00337081
30.0, 30.0, 0.0, 0.00854250
30.0, 40.0, 0.0, 0.01298894
30.0, 50.0, 0.0, 0.01541184
30.0, 60.0, 0.0, 0.01532429
30.0, 70.0, 0.0, 0.01526931
30.0, 80.0, 0.0, 0.01459201
30.0, 90.0, 0.0, 0.01429674
30.0, 100.0, 0.0, 0.01426111
30.0, 110.0, 0.0, 0.01433627
30.0, 120.0, 0.0, 0.01337879
30.0, 130.0, 0.0, 0.01371894
30.0, 140.0, 0.0, 0.01287210
30.0, 150.0, 0.0, 0.01199740
30.0, 160.0, 0.0, 0.01147248
30.0, 170.0, 0.0, 0.01295438
30.0, 180.0, 0.0, 0.01282797
30.0, 190.0, 0.0, 0.01399617
30.0, 200.0, 0.0, 0.01354081
30.0, 210.0, 0.0, 0.01415973
30.0, 220.0, 0.0, 0.01420406
30.0, 230.0, 0.0, 0.01333401
30.0, 240.0, 0.0, 0.01351666
30.0, 250.0, 0.0, 0.01283115
30.0, 260.0, 0.0, 0.01243960
40.0, 0.0, 0.0, 0.00309707
40.0, 10.0, 0.0, 0.00339550
40.0, 20.0, 0.0, 0.00917330
40.0, 30.0, 0.0, 0.01186140
40.0, 40.0, 0.0, 0.01338260
40.0, 50.0, 0.0, 0.01464627
40.0, 60.0, 0.0, 0.01441796
40.0, 70.0, 0.0, 0.01386681
40.0, 80.0, 0.0, 0.01391248
40.0, 90.0, 0.0, 0.01359653
40.0, 100.0, 0.0, 0.01330006
40.0, 110.0, 0.0, 0.01340903
40.0, 120.0, 0.0, 0.01332750
40.0, 130.0, 0.0, 0.01324820
40.0, 140.0, 0.0, 0.01298887
40.0, 150.0, 0.0, 0.01159627
40.0, 160.0, 0.0, 0.01085934
40.0, 170.0, 0.0, 0.01165885
40.0, 180.0, 0.0, 0.01115136
40.0, 190.0, 0.0, 0.00934641
40.0, 200.0, 0.0, 0.01293525
40.0, 210.0, 0.0, 0.01221427
40.0, 220.0, 0.0, 0.01296709
40.0, 230.0, 0.0, 0.01426513
40.0, 240.0, 0.0, 0.01401796
40.0, 250.0, 0.0, 0.01279732
40.0, 260.0, 0.0, 0.01232944
50.0, 0.0, 0.0, 0.00286329
50.0, 10.0, 0.0, 0.00871314
50.0, 20.0, 0.0, 0.00987661
50.0, 30.0, 0.0, 0.01194674
50.0, 40.0, 0.0, 0.01307304
50.0, 50.0, 0.0, 0.01340475
50.0, 60.0, 0.0, 0.01351048
50.0, 70.0, 0.0, 0.01313413
50.0, 80.0, 0.0, 0.01243567
50.0, 90.0, 0.0, 0.01183737
50.0, 100.0, 0.0, 0.01208475
50.0, 110.0, 0.0, 0.01218726
50.0, 120.0, 0.0, 0.01223761
50.0, 130.0, 0.0, 0.01241385
50.0, 140.0, 0.0, 0.01144587
50.0, 150.0, 0.0, 0.01126176
50.0, 160.0, 0.0, 0.01171189
50.0, 170.0, 0.0, 0.01068722
50.0, 180.0, 0.0, 0.00966832
50.0, 190.0, 0.0, 0.00908731
50.0, 200.0, 0.0, 0.01262952
50.0, 210.0, 0.0, 0.01147444
50.0, 220.0, 0.0, 0.01164788
50.0, 230.0, 0.0, 0.01229925
50.0, 240.0, 0.0, 0.01441448
50.0, 250.0, 0.0, 0.01335839
50.0, 260.0, 0.0, 0.01194047
60.0, 0.0, 0.0, 0.00281140
60.0, 10.0, 0.0, 0.00722448
60.0, 20.0, 0.0, 0.00996848
60.0, 30.0, 0.0, 0.01174651
60.0, 40.0, 0.0, 0.01256793
60.0, 50.0, 0.0, 0.01271013
60.0, 60.0, 0.0, 0.01237520
60.0, 70.0, 0.0, 0.01100882
60.0, 80.0, 0.0, 0.01127150
60.0, 90.0, 0.0, 0.01034586
60.0, 100.0, 0.0, 0.00993372
60.0, 110.0, 0.0, 0.00975951
60.0, 120.0, 0.0, 0.00936671
60.0, 130.0, 0.0, 0.00893682
60.0, 140.0, 0.0, 0.00842584
60.0, 150.0, 0.0, 0.00858231
60.0, 160.0, 0.0, 0.00836598
60.0, 170.0, 0.0, 0.00868288
60.0, 180.0, 0.0, 0.00880309
60.0, 190.0, 0.0, 0.01198699
60.0, 200.0, 0.0, 0.01214808
60.0, 210.0, 0.0, 0.01321615
60.0, 220.0, 0.0, 0.01264909
60.0, 230.0, 0.0, 0.01274413
60.0, 240.0, 0.0, 0.01241706
60.0, 250.0, 0.0, 0.01293673
60.0, 260.0, 0.0, 0.01299937
70.0, 0.0, 0.0, 0.00259248
70.0, 10.0, 0.0, 0.00430738
70.0, 20.0, 0.0, 0.00945942
70.0, 30.0, 0.0, 0.00913380
70.0, 40.0, 0.0, 0.00821712
70.0, 50.0, 0.0, 0.00787231
70.0, 60.0, 0.0, 0.00757908
70.0, 70.0, 0.0, 0.00618857
70.0, 80.0, 0.0, 0.00545770
70.0, 90.0, 0.0, 0.00677956
70.0, 100.0, 0.0, 0.00644428
70.0, 110.0, 0.0, 0.00539109
70.0, 120.0, 0.0, 0.00661324
70.0, 130.0, 0.0, 0.00640210
70.0, 140.0, 0.0, 0.00599206
70.0, 150.0, 0.0, 0.00505403
70.0, 160.0, 0.0, 0.00523868
70.0, 170.0, 0.0, 0.00549786
70.0, 180.0, 0.0, 0.00520143
70.0, 190.0, 0.0, 0.00778245
70.0, 200.0, 0.0, 0.00878241
70.0, 210.0, 0.0, 0.00980846
70.0, 220.0, 0.0, 0.01063479
70.0, 230.0, 0.0, 0.01111553
70.0, 240.0, 0.0, 0.01143232
70.0, 250.0, 0.0, 0.01223710
70.0, 260.0, 0.0, 0.01257819
80.0, 0.0, 0.0, 0.00293558
80.0, 10.0, 0.0, 0.00736236
80.0, 20.0, 0.0, 0.00839991
80.0, 30.0, 0.0, 0.00766420
80.0, 40.0, 0.0, 0.00622841
80.0, 50.0, 0.0, 0.00534075
80.0, 60.0, 0.0, 0.00579950
80.0, 70.0, 0.0, 0.00559974
80.0, 80.0, 0.0, 0.00472349
80.0, 90.0, 0.0, 0.00437058
80.0, 100.0, 0.0, 0.00470234
80.0, 110.0, 0.0, 0.00426876
80.0, 120.0, 0.0, 0.00409592
80.0, 130.0, 0.0, 0.00377838
80.0, 140.0, 0.0, 0.00422174
80.0, 150.0, 0.0, 0.00365399
80.0, 160.0, 0.0, 0.00456775
80.0, 170.0, 0.0, 0.00447959
80.0, 180.0, 0.0, 0.00388681
80.0, 190.0, 0.0, 0.00583757
80.0, 200.0, 0.0, 0.00603017
80.0, 210.0, 0.0, 0.00688526
80.0, 220.0, 0.0, 0.00840415
80.0, 230.0, 0.0, 0.00920753
80.0, 240.0, 0.0, 0.00987826
80.0, 250.0, 0.0, 0.01071721
80.0, 260.0, 0.0, 0.01181530
90.0, 0.0, 0.0, 0.00299779
90.0, 10.0, 0.0, 0.00517814
90.0, 20.0, 0.0, 0.00531664
90.0, 30.0, 0.0, 0.00533786
90.0, 40.0, 0.0, 0.00518447
90.0, 50.0, 0.0, 0.00496231
90.0, 60.0, 0.0, 0.00535573
90.0, 70.0, 0.0, 0.00530438
90.0, 80.0, 0.0, 0.00484818
90.0, 90.0, 0.0, 0.00479814
90.0, 100.0, 0.0, 0.00393391
90.0, 110.0, 0.0, 0.00370040
90.0, 120.0, 0.0, 0.00348360
90.0, 130.0, 0.0, 0.00338146
90.0, 140.0, 0.0, 0.00372166
90.0, 150.0, 0.0, 0.00361847
90.0, 160.0, 0.0, 0.00318653
90.0, 170.0, 0.0, 0.00392112
90.0, 180.0, 0.0, 0.00382953
90.0, 190.0, 0.0, 0.00514578
90.0, 200.0, 0.0, 0.00563640
90.0, 210.0, 0.0, 0.00633904
90.0, 220.0, 0.0, 0.00703204
90.0, 230.0, 0.0, 0.00771359
90.0, 240.0, 0.0, 0.00869828
90.0, 250.0, 0.0, 0.00951363
90.0, 260.0, 0.0, 0.01037670
100.0, 0.0, 0.0, 0.00403829
100.0, 10.0, 0.0, 0.00406747
100.0, 20.0, 0.0, 0.00401151
100.0, 30.0, 0.0, 0.00433474
100.0, 40.0, 0.0, 0.00485049
100.0, 50.0, 0.0, 0.00504253
100.0, 60.0, 0.0, 0.00512632
100.0, 70.0, 0.0, 0.00510153
100.0, 80.0, 0.0, 0.00459120
100.0, 90.0, 0.0, 0.00419554
100.0, 100.0, 0.0, 0.00384185
100.0, 110.0, 0.0, 0.00323852
100.0, 120.0, 0.0, 0.00296529
100.0, 130.0, 0.0, 0.00335304
100.0, 140.0, 0.0, 0.00322425
100.0, 150.0, 0.0, 0.00312717
100.0, 160.0, 0.0, 0.00312700
100.0, 170.0, 0.0, 0.00357718
100.0, 180.0, 0.0, 0.00439377
100.0, 190.0, 0.0, 0.00429795
100.0, 200.0, 0.0, 0.00563504
100.0, 210.0, 0.0, 0.00589211
100.0, 220.0, 0.0, 0.00605155
100.0, 230.0, 0.0, 0.00714889
100.0, 240.0, 0.0, 0.00836399
100.0, 250.0, 0.0, 0.00888797
100.0, 260.0, 0.0, 0.00933774
110.0, 0.0, 0.0, 0.00403138
110.0, 10.0, 0.0, 0.00355402
110.0, 20.0, 0.0, 0.00357827
110.0, 30.0, 0.0, 0.00358417
110.0, 40.0, 0.0, 0.00412573
110.0, 50.0, 0.0, 0.00426348
110.0, 60.0, 0.0, 0.00411431
110.0, 70.0, 0.0, 0.00393883
110.0, 80.0, 0.0, 0.00299322
110.0, 90.0, 0.0, 0.00249565
110.0, 100.0, 0.0, 0.00241363
110.0, 110.0, 0.0, 0.00274890
110.0, 120.0, 0.0, 0.00274016
110.0, 130.0, 0.0, 0.00280998
110.0, 140.0, 0.0, 0.00259966
110.0, 150.0, 0.0, 0.00279417
110.0, 160.0, 0.0, 0.00318570
110.0, 170.0, 0.0, 0.00322905
110.0, 180.0, 0.0, 0.00340764
110.0, 190.0, 0.0, 0.00363217
110.0, 200.0, 0.0, 0.00364573
110.0, 210.0, 0.0, 0.00401542
110.0, 220.0, 0.0, 0.00444275
110.0, 230.0, 0.0, 0.00482383
110.0, 240.0, 0.0, 0.00579277
110.0, 250.0, 0.0, 0.00702312
110.0, 260.0, 0.0, 0.00823108
120.0, 0.0, 0.0, 0.00376458
120.0, 10.0, 0.0, 0.00363077
120.0, 20.0, 0.0, 0.00296093
120.0, 30.0, 0.0, 0.00255475
120.0, 40.0, 0.0, 0.00262995
120.0, 50.0, 0.0, 0.00253433
120.0, 60.0, 0.0, 0.00281684
120.0, 70.0, 0.0, 0.00297668
120.0, 80.0, 0.0, 0.00281938
120.0, 90.0, 0.0, 0.00239258
120.0, 100.0, 0.0, 0.00252201
120.0, 110.0, 0.0, 0.00273811
120.0, 120.0, 0.0, 0.00256961
120.0, 130.0, 0.0, 0.00245694
120.0, 140.0, 0.0, 0.00231532
120.0, 150.0, 0.0, 0.00252808
120.0, 160.0, 0.0, 0.00279679
120.0, 170.0, 0.0, 0.00279853
120.0, 180.0, 0.0, 0.00322501
120.0, 190.0, 0.0, 0.00304060
120.0, 200.0, 0.0, 0.00337543
120.0, 210.0, 0.0, 0.00309992
120.0, 220.0, 0.0, 0.00364981
120.0, 230.0, 0.0, 0.00505776
120.0, 240.0, 0.0, 0.00522593
120.0, 250.0, 0.0, 0.00550424
120.0, 260.0, 0.0, 0.00599934
130.0, 0.0, 0.0, 0.00372117
130.0, 10.0, 0.0, 0.00456251
130.0, 20.0, 0.0, 0.00402394
130.0, 30.0, 0.0, 0.00344218
130.0, 40.0, 0.0, 0.00331011
130.0, 50.0, 0.0, 0.00315218
130.0, 60.0, 0.0, 0.00296328
130.0, 70.0, 0.0, 0.00325495
130.0, 80.0, 0.0, 0.00292815
130.0, 90.0, 0.0, 0.00205608
130.0, 100.0, 0.0, 0.00211171
130.0, 110.0, 0.0, 0.00240579
130.0, 120.0, 0.0, 0.00260408
130.0, 130.0, 0.0, 0.00238349
130.0, 140.0, 0.0, 0.00242025
130.0, 150.0, 0.0, 0.00274391
130.0, 160.0, 0.0, 0.00288202
130.0, 170.0, 0.0, 0.00303577
130.0, 180.0, 0.0, 0.00279965
130.0, 190.0, 0.0, 0.00328477
130.0, 200.0, 0.0, 0.00254189
130.0, 210.0, 0.0, 0.00327533
130.0, 220.0, 0.0, 0.00299039
130.0, 230.0, 0.0, 0.00349600
130.0, 240.0, 0.0, 0.00379328
130.0, 250.0, 0.0, 0.00422483
130.0, 260.0, 0.0, 0.00464584
140.0, 0.0, 0.0, 0.00344806
140.0, 10.0, 0.0, 0.00489779
140.0, 20.0, 0.0, 0.00382355
140.0, 30.0, 0.0, 0.00292899
140.0, 40.0, 0.0, 0.00294963
140.0, 50.0, 0.0, 0.00323228
140.0, 60.0, 0.0, 0.00335246
140.0, 70.0, 0.0, 0.00286936
140.0, 80.0, 0.0, 0.00249431
140.0, 90.0, 0.0, 0.00235003
140.0, 100.0, 0.0, 0.00200679
140.0, 110.0, 0.0, 0.00208443
140.0, 120.0, 0.0, 0.00233218
140.0, 130.0, 0.0, 0.00244886
140.0, 140.0, 0.0, 0.00274524
140.0, 150.0, 0.0, 0.00288946
140.0, 160.0, 0.0, 0.00305746
140.0, 170.0, 0.0, 0.00309833
140.0, 180.0, 0.0, 0.00265364
140.0, 190.0, 0.0, 0.00244885
140.0, 200.0, 0.0, 0.00266978
140.0, 210.0, 0.0, 0.00242916
140.0, 220.0, 0.0, 0.00248115
140.0, 230.0, 0.0, 0.00269443
140.0, 240.0, 0.0, 0.00319231
140.0, 250.0, 0.0, 0.00374830
140.0, 260.0, 0.0, 0.00407425
150.0, 0.0, 0.0, 0.00238914
150.0, 10.0, 0.0, 0.00315498
150.0, 20.0, 0.0, 0.00408247
150.0, 30.0, 0.0, 0.00363503
150.0, 40.0, 0.0, 0.00317186
150.0, 50.0, 0.0, 0.00311138
150.0, 60.0, 0.0, 0.00271054
150.0, 70.0, 0.0, 0.00216924
150.0, 80.0, 0.0, 0.00191362
150.0, 90.0, 0.0, 0.00193912
150.0, 100.0, 0.0, 0.00185842
150.0, 110.0, 0.0, 0.00206389
150.0, 120.0, 0.0, 0.00224288
150.0, 130.0, 0.0, 0.00243045
150.0, 140.0, 0.0, 0.00269192
150.0, 150.0, 0.0, 0.00276800
150.0, 160.0, 0.0, 0.00276564
150.0, 170.0, 0.0, 0.00286932
150.0, 180.0, 0.0, 0.00273956
150.0, 190.0, 0.0, 0.00222228
150.0, 200.0, 0.0, 0.00217523
150.0, 210.0, 0.0, 0.00235760
150.0, 220.0, 0.0, 0.00264472
150.0, 230.0, 0.0, 0.00223122
150.0, 240.0, 0.0, 0.00252060
150.0, 250.0, 0.0, 0.00305599
150.0, 260.0, 0.0, 0.00360879
160.0, 0.0, 0.0, 0.00210751
160.0, 10.0, 0.0, 0.00369822
160.0, 20.0, 0.0, 0.00332393
160.0, 30.0, 0.0, 0.00306971
160.0, 40.0, 0.0, 0.00332931
160.0, 50.0, 0.0, 0.00362484
160.0, 60.0, 0.0, 0.00265375
160.0, 70.0, 0.0, 0.00186443
160.0, 80.0, 0.0, 0.00142664
160.0, 90.0, 0.0, 0.00139059
160.0, 100.0, 0.0, 0.00149652
160.0, 110.0, 0.0, 0.00178634
160.0, 120.0, 0.0, 0.00208438
160.0, 130.0, 0.0, 0.00231422
160.0, 140.0, 0.0, 0.00266641
160.0, 150.0, 0.0, 0.00289229
160.0, 160.0, 0.0, 0.00287895
160.0, 170.0, 0.0, 0.00280155
160.0, 180.0, 0.0, 0.00261672
160.0, 190.0, 0.0, 0.00236174
160.0, 200.0, 0.0, 0.00219843
160.0, 210.0, 0.0, 0.00225774
160.0, 220.0, 0.0, 0.00219457
160.0, 230.0, 0.0, 0.00204901
160.0, 240.0, 0.0, 0.00212327
160.0, 250.0, 0.0, 0.00257172
160.0, 260.0, 0.0, 0.00308348
170.0, 0.0, 0.0, 0.00165618
170.0, 10.0, 0.0, 0.00194956
170.0, 20.0, 0.0, 0.00275757
170.0, 30.0, 0.0, 0.00309290
170.0, 40.0, 0.0, 0.00310115
170.0, 50.0, 0.0, 0.00294698
170.0, 60.0, 0.0, 0.00227435
170.0, 70.0, 0.0, 0.00193907
170.0, 80.0, 0.0, 0.00140427
170.0, 90.0, 0.0, 0.00138259
170.0, 100.0, 0.0, 0.00155804
170.0, 110.0, 0.0, 0.00168430
170.0, 120.0, 0.0, 0.00193231
170.0, 130.0, 0.0, 0.00242747
170.0, 140.0, 0.0, 0.00285514
170.0, 150.0, 0.0, 0.00309205
170.0, 160.0, 0.0, 0.00300217
170.0, 170.0, 0.0, 0.00318330
170.0, 180.0, 0.0, 0.00290340
170.0, 190.0, 0.0, 0.00279548
170.0, 200.0, 0.0, 0.00241118
170.0, 210.0, 0.0, 0.00211320
170.0, 220.0, 0.0, 0.00203578
170.0, 230.0, 0.0, 0.00181711
170.0, 240.0, 0.0, 0.00190373
170.0, 250.0, 0.0, 0.00219683
170.0, 260.0, 0.0, 0.00262699
180.0, 0.0, 0.0, 0.00186375
180.0, 10.0, 0.0, 0.00122317
180.0, 20.0, 0.0, 0.00234145
180.0, 30.0, 0.0, 0.00230894
180.0, 40.0, 0.0, 0.00279807
180.0, 50.0, 0.0, 0.00263627
180.0, 60.0, 0.0, 0.00233984
180.0, 70.0, 0.0, 0.00203465
180.0, 80.0, 0.0, 0.00155141
180.0, 90.0, 0.0, 0.00167352
180.0, 100.0, 0.0, 0.00151765
180.0, 110.0, 0.0, 0.00160408
180.0, 120.0, 0.0, 0.00186506
180.0, 130.0, 0.0, 0.00229700
180.0, 140.0, 0.0, 0.00217479
180.0, 150.0, 0.0, 0.00247988
180.0, 160.0, 0.0, 0.00280410
180.0, 170.0, 0.0, 0.00252548
180.0, 180.0, 0.0, 0.00272786
180.0, 190.0, 0.0, 0.00277480
180.0, 200.0, 0.0, 0.00249274
180.0, 210.0, 0.0, 0.00219378
180.0, 220.0, 0.0, 0.00190587
180.0, 230.0, 0.0, 0.00170483
180.0, 240.0, 0.0, 0.00152818
180.0, 250.0, 0.0, 0.00190497
180.0, 260.0, 0.0, 0.00228746
190.0, 0.0, 0.0, 0.00139294
190.0, 10.0, 0.0, 0.00156464
190.0, 20.0, 0.0, 0.00149757
190.0, 30.0, 0.0, 0.00167864
190.0, 40.0, 0.0, 0.00188897
190.0, 50.0, 0.0, 0.00211210
190.0, 60.0, 0.0, 0.00235250
190.0, 70.0, 0.0, 0.00228142
190.0, 80.0, 0.0, 0.00162851
190.0, 90.0, 0.0, 0.00177763
190.0, 100.0, 0.0, 0.00154328
190.0, 110.0, 0.0, 0.00169647
190.0, 120.0, 0.0, 0.00180440
190.0, 130.0, 0.0, 0.00186781
190.0, 140.0, 0.0, 0.00168352
190.0, 150.0, 0.0, 0.00189967
190.0, 160.0, 0.0, 0.00208038
190.0, 170.0, 0.0, 0.00259133
190.0, 180.0, 0.0, 0.00192767
190.0, 190.0, 0.0, 0.00210501
190.0, 200.0, 0.0, 0.00203738
190.0, 210.0, 0.0, 0.00200602
190.0, 220.0, 0.0, 0.00173428
190.0, 230.0, 0.0, 0.00155480
190.0, 240.0, 0.0, 0.00139839
190.0, 250.0, 0.0, 0.00145978
190.0, 260.0, 0.0, 0.00207731
200.0, 0.0, 0.0, 0.00129299
200.0, 10.0, 0.0, 0.00132967
200.0, 20.0, 0.0, 0.00166828
200.0, 30.0, 0.0, 0.00180864
200.0, 40.0, 0.0, 0.00195609
200.0, 50.0, 0.0, 0.00225327
200.0, 60.0, 0.0, 0.00245741
200.0, 70.0, 0.0, 0.00222992
200.0, 80.0, 0.0, 0.00213609
200.0, 90.0, 0.0, 0.00159829
200.0, 100.0, 0.0, 0.00157589
200.0, 110.0, 0.0, 0.00152020
200.0, 120.0, 0.0, 0.00167743
200.0, 130.0, 0.0, 0.00179349
200.0, 140.0, 0.0, 0.00142183
200.0, 150.0, 0.0, 0.00143705
200.0, 160.0, 0.0, 0.00156058
200.0, 170.0, 0.0, 0.00165240
200.0, 180.0, 0.0, 0.00104074
200.0, 190.0, 0.0, 0.00156939
200.0, 200.0, 0.0, 0.00130052
200.0, 210.0, 0.0, 0.00136382
200.0, 220.0, 0.0, 0.00142314
200.0, 230.0, 0.0, 0.00138586
200.0, 240.0, 0.0, 0.00126501
200.0, 250.0, 0.0, 0.00137570
200.0, 260.0, 0.0, 0.00203950
210.0, 0.0, 0.0, 0.00122065
210.0, 10.0, 0.0, 0.00141948
210.0, 20.0, 0.0, 0.00201267
210.0, 30.0, 0.0, 0.00148292
210.0, 40.0, 0.0, 0.00219480
210.0, 50.0, 0.0, 0.00243687
210.0, 60.0, 0.0, 0.00257127
210.0, 70.0, 0.0, 0.00246731
210.0, 80.0, 0.0, 0.00199578
210.0, 90.0, 0.0, 0.00187759
210.0, 100.0, 0.0, 0.00123821
210.0, 110.0, 0.0, 0.00155993
210.0, 120.0, 0.0, 0.00158545
210.0, 130.0, 0.0, 0.00167476
210.0, 140.0, 0.0, 0.00083355
210.0, 150.0, 0.0, 0.00124966
210.0, 160.0, 0.0, 0.00114609
210.0, 170.0, 0.0, 0.00178698
210.0, 180.0, 0.0, 0.00108729
210.0, 190.0, 0.0, 0.00119660
210.0, 200.0, 0.0, 0.00104153
210.0, 210.0, 0.0, 0.00095699
210.0, 220.0, 0.0, 0.00093735
210.0, 230.0, 0.0, 0.00087696
210.0, 240.0, 0.0, 0.00105883
210.0, 250.0, 0.0, 0.00131093
210.0, 260.0, 0.0, 0.00192810
220.0, 0.0, 0.0, 0.00120756
220.0, 10.0, 0.0, 0.00186124
220.0, 20.0, 0.0, 0.00188608
220.0, 30.0, 0.0, 0.00167290
220.0, 40.0, 0.0, 0.00178601
220.0, 50.0, 0.0, 0.00187592
220.0, 60.0, 0.0, 0.00242498
220.0, 70.0, 0.0, 0.00251378
220.0, 80.0, 0.0, 0.00203760
220.0, 90.0, 0.0, 0.00159511
220.0, 100.0, 0.0, 0.00127002
220.0, 110.0, 0.0, 0.00158578
220.0, 120.0, 0.0, 0.00135563
220.0, 130.0, 0.0, 0.00116774
220.0, 140.0, 0.0, 0.00112950
220.0, 150.0, 0.0, 0.00078540
220.0, 160.0, 0.0, 0.00091337
220.0, 170.0, 0.0, 0.00110789
220.0, 180.0, 0.0, 0.00087670
220.0, 190.0, 0.0, 0.00084659
220.0, 200.0, 0.0, 0.00074472
220.0, 210.0, 0.0, 0.00081094
220.0, 220.0, 0.0, 0.00070224
220.0, 230.0, 0.0, 0.00110640
220.0, 240.0, 0.0, 0.00120893
220.0, 250.0, 0.0, 0.00114739
220.0, 260.0, 0.0, 0.00181181
230.0, 0.0, 0.0, 0.00159182
230.0, 10.0, 0.0, 0.00185597
230.0, 20.0, 0.0, 0.00169956
230.0, 30.0, 0.0, 0.00147958
230.0, 40.0, 0.0, 0.00148888
230.0, 50.0, 0.0, 0.00171023
230.0, 60.0, 0.0, 0.00213579
230.0, 70.0, 0.0, 0.00222004
230.0, 80.0, 0.0, 0.00204270
230.0, 90.0, 0.0, 0.00160279
230.0, 100.0, 0.0, 0.00130660
230.0, 110.0, 0.0, 0.00112971
230.0, 120.0, 0.0, 0.00080809
230.0, 130.0, 0.0, 0.00074110
230.0, 140.0, 0.0, 0.00065094
230.0, 150.0, 0.0, 0.00055007
230.0, 160.0, 0.0, 0.00094415
230.0, 170.0, 0.0, 0.00085584
230.0, 180.0, 0.0, 0.00079673
230.0, 190.0, 0.0, 0.00066122
230.0, 200.0, 0.0, 0.00058967
230.0, 210.0, 0.0, 0.00057938
230.0, 220.0, 0.0, 0.00061086
230.0, 230.0, 0.0, 0.00068822
230.0, 240.0, 0.0, 0.00093524
230.0, 250.0, 0.0, 0.00115225
230.0, 260.0, 0.0, 0.00185943
0.0, 0.0, 10.0, 0.00188148
0.0, 10.0, 10.0, 0.00245797
0.0, 20.0, 10.0, 0.00299241
0.0, 30.0, 10.0, 0.00459036
0.0, 40.0, 10.0, 0.00887255
0.0, 50.0, 10.0, 0.00645334
0.0, 60.0, 10.0, 0.00606898
0.0, 70.0, 10.0, 0.00626812
0.0, 80.0, 10.0, 0.00752062
0.0, 90.0, 10.0, 0.00819593
0.0, 100.0, 10.0, 0.00968245
0.0, 110.0, 10.0, 0.00959072
0.0, 120.0, 10.0, 0.00856330
0.0, 130.0, 10.0, 0.00778603
0.0, 140.0, 10.0, 0.00745184
0.0, 150.0, 10.0, 0.00695264
0.0, 160.0, 10.0, 0.00755735
0.0, 170.0, 10.0, 0.00769386
0.0, 180.0, 10.0, 0.00811575
0.0, 190.0, 10.0, 0.00915208
0.0, 200.0, 10.0, 0.00951783
0.0, 210.0, 10.0, 0.00928788
0.0, 220.0, 10.0, 0.00916868
0.0, 230.0, 10.0, 0.00937842
0.0, 240.0, 10.0, 0.00867077
0.0, 250.0, 10.0, 0.00817815
0.0, 260.0, 10.0, 0.00833752
10.0, 0.0, 10.0, 0.00109354
10.0, 10.0, 10.0, 0.00109362
10.0, 20.0, 10.0, 0.00181935
10.0, 30.0, 10.0, 0.00423304
10.0, 40.0, 10.0, 0.00943334
10.0, 50.0, 10.0, 0.00546345
10.0, 60.0, 10.0, 0.00607176
10.0, 70.0, 10.0, 0.00636537
10.0, 80.0, 10.0, 0.00799409
10.0, 90.0, 10.0, 0.00826212
10.0, 100.0, 10.0, 0.00890465
10.0, 110.0, 10.0, 0.00948556
10.0, 120.0, 10.0, 0.00945785
10.0, 130.0, 10.0, 0.00910409
10.0, 140.0, 10.0, 0.00875455
10.0, 150.0, 10.0, 0.00768830
10.0, 160.0, 10.0, 0.00802739
10.0, 170.0, 10.0, 0.00922081
10.0, 180.0, 10.0, 0.00927742
10.0, 190.0, 10.0, 0.00996045
10.0, 200.0, 10.0, 0.00986767
10.0, 210.0, 10.0, 0.00951722
10.0, 220.0, 10.0, 0.00791807
10.0, 230.0, 10.0, 0.00565162
10.0, 240.0, 10.0, 0.00698565
10.0, 250.0, 10.0, 0.00761547
10.0, 260.0, 10.0, 0.00784713
20.0, 0.0, 10.0, 0.00039169
20.0, 10.0, 10.0, 0.00113451
20.0, 20.0, 10.0, 0.00221659
20.0, 30.0, 10.0, 0.00283129
20.0, 40.0, 10.0, 0.00918590
20.0, 50.0, 10.0, 0.00594991
20.0, 60.0, 10.0, 0.00581678
20.0, 70.0, 10.0, 0.00770039
20.0, 80.0, 10.0, 0.00840652
20.0, 90.0, 10.0, 0.00815519
20.0, 100.0, 10.0, 0.00819813
20.0, 110.0, 10.0, 0.00828398
20.0, 120.0, 10.0, 0.00808351
20.0, 130.0, 10.0, 0.00811391
20.0, 140.0, 10.0, 0.00801157
20.0, 150.0, 10.0, 0.00776395
20.0, 160.0, 10.0, 0.00711528
20.0, 170.0, 10.0, 0.00783732
20.0, 180.0, 10.0, 0.00617130
20.0, 190.0, 10.0, 0.00479692
20.0, 200.0, 10.0, 0.00438224
20.0, 210.0, 10.0, 0.00388692
20.0, 220.0, 10.0, 0.00255999
20.0, 230.0, 10.0, 0.00419294
20.0, 240.0, 10.0, 0.00694845
20.0, 250.0, 10.0, 0.00773640
20.0, 260.0, 10.0, 0.00815924
30.0, 0.0, 10.0, 0.00075072
30.0, 10.0, 10.0, 0.00236251
30.0, 20.0, 10.0, 0.00243077
30.0, 30.0, 10.0, 0.00246199
30.0, 40.0, 10.0, 0.00661789
30.0, 50.0, 10.0, 0.00702726
30.0, 60.0, 10.0, 0.00718191
30.0, 70.0, 10.0, 0.00819779
30.0, 80.0, 10.0, 0.00813486
30.0, 90.0, 10.0, 0.00808632
30.0, 100.0, 10.0, 0.00800502
30.0, 110.0, 10.0, 0.00726735
30.0, 120.0, 10.0, 0.00674000
30.0, 130.0, 10.0, 0.00664398
30.0, 140.0, 10.0, 0.00692417
30.0, 150.0, 10.0, 0.00661997
30.0, 160.0, 10.0, 0.00692916
30.0, 170.0, 10.0, 0.00594354
30.0, 180.0, 10.0, 0.00363519
30.0, 190.0, 10.0, 0.00333718
30.0, 200.0, 10.0, 0.00263647
30.0, 210.0, 10.0, 0.00268925
30.0, 220.0, 10.0, 0.00311003
30.0, 230.0, 10.0, 0.00418455
30.0, 240.0, 10.0, 0.00582769
30.0, 250.0, 10.0, 0.00784936
30.0, 260.0, 10.0, 0.00827569
40.0, 0.0, 10.0, 0.00203079
40.0, 10.0, 10.0, 0.00294348
40.0, 20.0, 10.0, 0.00267840
40.0, 30.0, 10.0, 0.00350927
40.0, 40.0, 10.0, 0.01079996
40.0, 50.0, 10.0, 0.00624273
40.0, 60.0, 10.0, 0.00784769
40.0, 70.0, 10.0, 0.00802373
40.0, 80.0, 10.0, 0.00776965
40.0, 90.0, 10.0, 0.00845849
40.0, 100.0, 10.0, 0.00784598
40.0, 110.0, 10.0, 0.00705787
40.0, 120.0, 10.0, 0.00673712
40.0, 130.0, 10.0, 0.00628271
40.0, 140.0, 10.0, 0.00670379
40.0, 150.0, 10.0, 0.00677288
40.0, 160.0, 10.0, 0.00532145
40.0, 170.0, 10.0, 0.00402195
40.0, 180.0, 10.0, 0.00222848
40.0, 190.0, 10.0, 0.00534056
40.0, 200.0, 10.0, 0.00637126
40.0, 210.0, 10.0, 0.00239363
40.0, 220.0, 10.0, 0.00284056
40.0, 230.0, 10.0, 0.00186214
40.0, 240.0, 10.0, 0.00398940
40.0, 250.0, 10.0, 0.00718980
40.0, 260.0, 10.0, 0.00791137
50.0, 0.0, 10.0, 0.00258064
50.0, 10.0, 10.0, 0.00264306
50.0, 20.0, 10.0, 0.00327374
50.0, 30.0, 10.0, 0.00783102
50.0, 40.0, 10.0, 0.00925125
50.0, 50.0, 10.0, 0.00599891
50.0, 60.0, 10.0, 0.00844331
50.0, 70.0, 10.0, 0.00870501
50.0, 80.0, 10.0, 0.00828161
50.0, 90.0, 10.0, 0.00710455
50.0, 100.0, 10.0, 0.00675230
50.0, 110.0, 10.0, 0.00557872
50.0, 120.0, 10.0, 0.00523008
50.0, 130.0, 10.0, 0.00535287
50.0, 140.0, 10.0, 0.00548220
50.0, 150.0, 10.0, 0.00495821
50.0, 160.0, 10.0, 0.00440196
50.0, 170.0, 10.0, 0.00317570
50.0, 180.0, 10.0, 0.00180688
50.0, 190.0, 10.0, 0.00407243
50.0, 200.0, 10.0, 0.00505850
50.0, 210.0, 10.0, 0.00160889
50.0, 220.0, 10.0, 0.00185073
50.0, 230.0, 10.0, 0.00233759
50.0, 240.0, 10.0, 0.00251080
50.0, 250.0, 10.0, 0.00562695
50.0, 260.0, 10.0, 0.00715503
60.0, 0.0, 10.0, 0.00235849
60.0, 10.0, 10.0, 0.00257503
60.0, 20.0, 10.0, 0.00387848
60.0, 30.0, 10.0, 0.00915554
60.0, 40.0, 10.0, 0.00927182
60.0, 50.0, 10.0, 0.00728569
60.0, 60.0, 10.0, 0.00923681
60.0, 70.0, 10.0, 0.00857214
60.0, 80.0, 10.0, 0.00796409
60.0, 90.0, 10.0, 0.00642995
60.0, 100.0, 10.0, 0.00438401
60.0, 110.0, 10.0, 0.00322246
60.0, 120.0, 10.0, 0.00374507
60.0, 130.0, 10.0, 0.00341384
60.0, 140.0, 10.0, 0.00372548
60.0, 150.0, 10.0, 0.00387958
60.0, 160.0, 10.0, 0.00415461
60.0, 170.0, 10.0, 0.00372440
60.0, 180.0, 10.0, 0.00243135
60.0, 190.0, 10.0, 0.00457825
60.0, 200.0, 10.0, 0.00622707
60.0, 210.0, 10.0, 0.00285436
60.0, 220.0, 10.0, 0.00172565
60.0, 230.0, 10.0, 0.00392148
60.0, 240.0, 10.0, 0.00441305
60.0, 250.0, 10.0, 0.00394088
60.0, 260.0, 10.0, 0.00460123
70.0, 0.0, 10.0, 0.00220301
70.0, 10.0, 10.0, 0.00276374
70.0, 20.0, 10.0, 0.00249362
70.0, 30.0, 10.0, 0.00740562
70.0, 40.0, 10.0, 0.00880009
70.0, 50.0, 10.0, 0.00843378
70.0, 60.0, 10.0, 0.00854281
70.0, 70.0, 10.0, 0.00797362
70.0, 80.0, 10.0, 0.00723040
70.0, 90.0, 10.0, 0.00538796
70.0, 100.0, 10.0, 0.00503433
70.0, 110.0, 10.0, 0.00510109
70.0, 120.0, 10.0, 0.00570829
70.0, 130.0, 10.0, 0.00470596
70.0, 140.0, 10.0, 0.00598102
70.0, 150.0, 10.0, 0.00619186
70.0, 160.0, 10.0, 0.00620341
70.0, 170.0, 10.0, 0.00539441
70.0, 180.0, 10.0, 0.00418753
70.0, 190.0, 10.0, 0.00624157
70.0, 200.0, 10.0, 0.00597499
70.0, 210.0, 10.0, 0.00359936
70.0, 220.0, 10.0, 0.00355456
70.0, 230.0, 10.0, 0.00316270
70.0, 240.0, 10.0, 0.00530868
70.0, 250.0, 10.0, 0.00648669
70.0, 260.0, 10.0, 0.00673715
80.0, 0.0, 10.0, 0.00235862
80.0, 10.0, 10.0, 0.00261764
80.0, 20.0, 10.0, 0.00707095
80.0, 30.0, 10.0, 0.00500758
80.0, 40.0, 10.0, 0.00474307
80.0, 50.0, 10.0, 0.00733444
80.0, 60.0, 10.0, 0.00807194
80.0, 70.0, 10.0, 0.00817012
80.0, 80.0, 10.0, 0.00765462
80.0, 90.0, 10.0, 0.00676326
80.0, 100.0, 10.0, 0.00639916
80.0, 110.0, 10.0, 0.00628609
80.0, 120.0, 10.0, 0.00607521
80.0, 130.0, 10.0, 0.00597399
80.0, 140.0, 10.0, 0.00589619
80.0, 150.0, 10.0, 0.00566669
80.0, 160.0, 10.0, 0.00591695
80.0, 170.0, 10.0, 0.00611231
80.0, 180.0, 10.0, 0.00518061
80.0, 190.0, 10.0, 0.00401884
80.0, 200.0, 10.0, 0.00340342
80.0, 210.0, 10.0, 0.00330354
80.0, 220.0, 10.0, 0.00401695
80.0, 230.0, 10.0, 0.00448046
80.0, 240.0, 10.0, 0.00455539
80.0, 250.0, 10.0, 0.00524430
80.0, 260.0, 10.0, 0.00643312
90.0, 0.0, 10.0, 0.00250548
90.0, 10.0, 10.0, 0.00304895
90.0, 20.0, 10.0, 0.00424315
90.0, 30.0, 10.0, 0.00457741
90.0, 40.0, 10.0, 0.00522900
90.0, 50.0, 10.0, 0.00617542
90.0, 60.0, 10.0, 0.00657006
90.0, 70.0, 10.0, 0.00720731
90.0, 80.0, 10.0, 0.00734954
90.0, 90.0, 10.0, 0.00691043
90.0, 100.0, 10.0, 0.00623857
90.0, 110.0, 10.0, 0.00565199
90.0, 120.0, 10.0, 0.00503229
90.0, 130.0, 10.0, 0.00493756
90.0, 140.0, 10.0, 0.00386876
90.0, 150.0, 10.0, 0.00327714
90.0, 160.0, 10.0, 0.00311906
90.0, 170.0, 10.0, 0.00338186
90.0, 180.0, 10.0, 0.00218078
90.0, 190.0, 10.0, 0.00269272
90.0, 200.0, 10.0, 0.00328307
90.0, 210.0, 10.0, 0.00328476
90.0, 220.0, 10.0, 0.00353810
90.0, 230.0, 10.0, 0.00350004
90.0, 240.0, 10.0, 0.00389413
90.0, 250.0, 10.0, 0.00433160
90.0, 260.0, 10.0, 0.00502723
100.0, 0.0, 10.0, 0.00278984
100.0, 10.0, 10.0, 0.00394189
100.0, 20.0, 10.0, 0.00432568
100.0, 30.0, 10.0, 0.00470428
100.0, 40.0, 10.0, 0.00503186
100.0, 50.0, 10.0, 0.00491669
100.0, 60.0, 10.0, 0.00473217
100.0, 70.0, 10.0, 0.00458498
100.0, 80.0, 10.0, 0.00499280
100.0, 90.0, 10.0, 0.00458272
100.0, 100.0, 10.0, 0.00472979
100.0, 110.0, 10.0, 0.00487353
100.0, 120.0, 10.0, 0.00123841
100.0, 130.0, 10.0, 0.00106409
100.0, 140.0, 10.0, 0.00106970
100.0, 150.0, 10.0, 0.00119043
100.0, 160.0, 10.0, 0.00095543
100.0, 170.0, 10.0, 0.00055686
100.0, 180.0, 10.0, 0.00086488
100.0, 190.0, 10.0, 0.00145240
100.0, 200.0, 10.0, 0.00165940
100.0, 210.0, 10.0, 0.00192092
100.0, 220.0, 10.0, 0.00229901
100.0, 230.0, 10.0, 0.00234250
100.0, 240.0, 10.0, 0.00249353
100.0, 250.0, 10.0, 0.00223118
100.0, 260.0, 10.0, 0.00327466
110.0, 0.0, 10.0, 0.00259843
110.0, 10.0, 10.0, 0.00371670
110.0, 20.0, 10.0, 0.00393609
110.0, 30.0, 10.0, 0.00391017
110.0, 40.0, 10.0, 0.00445836
110.0, 50.0, 10.0, 0.00381419
110.0, 60.0, 10.0, 0.00377733
110.0, 70.0, 10.0, 0.00354195
110.0, 80.0, 10.0, 0.00286787
110.0, 90.0, 10.0, 0.00196073
110.0, 100.0, 10.0, 0.00053672
110.0, 110.0, 10.0, 0.00086393
110.0, 120.0, 10.0, 0.00108229
110.0, 130.0, 10.0, 0.00102832
110.0, 140.0, 10.0, 0.00090705
110.0, 150.0, 10.0, 0.00061592
110.0, 160.0, 10.0, 0.00037804
110.0, 170.0, 10.0, 0.00000948
110.0, 180.0, 10.0, 0.00109066
110.0, 190.0, 10.0, 0.00160954
110.0, 200.0, 10.0, 0.00176820
110.0, 210.0, 10.0, 0.00205677
110.0, 220.0, 10.0, 0.00253289
110.0, 230.0, 10.0, 0.00252713
110.0, 240.0, 10.0, 0.00193857
110.0, 250.0, 10.0, 0.00184181
110.0, 260.0, 10.0, 0.00389478
120.0, 0.0, 10.0, 0.00271020
120.0, 10.0, 10.0, 0.00353544
120.0, 20.0, 10.0, 0.00374669
120.0, 30.0, 10.0, 0.00361639
120.0, 40.0, 10.0, 0.00322830
120.0, 50.0, 10.0, 0.00315000
120.0, 60.0, 10.0, 0.00277300
120.0, 70.0, 10.0, 0.00188967
120.0, 80.0, 10.0, 0.00091782
120.0, 90.0, 10.0, 0.00209374
120.0, 100.0, 10.0, 0.00164022
120.0, 110.0, 10.0, 0.00195403
120.0, 120.0, 10.0, 0.00128419
120.0, 130.0, 10.0, 0.00081783
120.0, 140.0, 10.0, 0.00062844
120.0, 150.0, 10.0, 0.00057058
120.0, 160.0, 10.0, 0.00025391
120.0, 170.0, 10.0, 0.00030097
120.0, 180.0, 10.0, 0.00147680
120.0, 190.0, 10.0, 0.00205021
120.0, 200.0, 10.0, 0.00179773
120.0, 210.0, 10.0, 0.00147300
120.0, 220.0, 10.0, 0.00146736
120.0, 230.0, 10.0, 0.00237812
120.0, 240.0, 10.0, 0.00320737
120.0, 250.0, 10.0, 0.00241273
120.0, 260.0, 10.0, 0.00194185
130.0, 0.0, 10.0, 0.00243218
130.0, 10.0, 10.0, 0.00373425
130.0, 20.0, 10.0, 0.00322659
130.0, 30.0, 10.0, 0.00309215
130.0, 40.0, 10.0, 0.00269568
130.0, 50.0, 10.0, 0.00289724
130.0, 60.0, 10.0, 0.00250962
130.0, 70.0, 10.0, 0.00260258
130.0, 80.0, 10.0, 0.00268422
130.0, 90.0, 10.0, 0.00250142
130.0, 100.0, 10.0, 0.00135181
130.0, 110.0, 10.0, 0.00084928
130.0, 120.0, 10.0, 0.00068701
130.0, 130.0, 10.0, 0.00057204
130.0, 140.0, 10.0, 0.00040745
130.0, 150.0, 10.0, 0.00034739
130.0, 160.0, 10.0, 0.00034357
130.0, 170.0, 10.0, 0.00060593
130.0, 180.0, 10.0, 0.00028014
130.0, 190.0, 10.0, 0.00192397
130.0, 200.0, 10.0, 0.00207518
130.0, 210.0, 10.0, 0.00170108
130.0, 220.0, 10.0, 0.00223452
130.0, 230.0, 10.0, 0.00222007
130.0, 240.0, 10.0, 0.00254518
130.0, 250.0, 10.0, 0.00248816
130.0, 260.0, 10.0, 0.00186846
140.0, 0.0, 10.0, 0.00201045
140.0, 10.0, 10.0, 0.00268365
140.0, 20.0, 10.0, 0.00259698
140.0, 30.0, 10.0, 0.00262189
140.0, 40.0, 10.0, 0.00240299
140.0, 50.0, 10.0, 0.00243367
140.0, 60.0, 10.0, 0.00230363
140.0, 70.0, 10.0, 0.00223519
140.0, 80.0, 10.0, 0.00190668
140.0, 90.0, 10.0, 0.00131470
140.0, 100.0, 10.0, 0.00084928
140.0, 110.0, 10.0, 0.00054974
140.0, 120.0, 10.0, 0.00046479
140.0, 130.0, 10.0, 0.00048027
140.0, 140.0, 10.0, 0.00057362
140.0, 150.0, 10.0, 0.00067124
140.0, 160.0, 10.0, 0.00077519
140.0, 170.0, 10.0, 0.00092650
140.0, 180.0, 10.0, 0.00060429
140.0, 190.0, 10.0, 0.00083430
140.0, 200.0, 10.0, 0.00126606
140.0, 210.0, 10.0, 0.00192466
140.0, 220.0, 10.0, 0.00191164
140.0, 230.0, 10.0, 0.00155552
140.0, 240.0, 10.0, 0.00147808
140.0, 250.0, 10.0, 0.00147778
140.0, 260.0, 10.0, 0.00156641
150.0, 0.0, 10.0, 0.00068996
150.0, 10.0, 10.0, 0.00150556
150.0, 20.0, 10.0, 0.00209435
150.0, 30.0, 10.0, 0.00191951
150.0, 40.0, 10.0, 0.00197960
150.0, 50.0, 10.0, 0.00204387
150.0, 60.0, 10.0, 0.00191332
150.0, 70.0, 10.0, 0.00156383
150.0, 80.0, 10.0, 0.00055381
150.0, 90.0, 10.0, 0.00028577
150.0, 100.0, 10.0, 0.00017530
150.0, 110.0, 10.0, 0.00014816
150.0, 120.0, 10.0, 0.00021159
150.0, 130.0, 10.0, 0.00035985
150.0, 140.0, 10.0, 0.00064908
150.0, 150.0, 10.0, 0.00102237
150.0, 160.0, 10.0, 0.00122797
150.0, 170.0, 10.0, 0.00141425
150.0, 180.0, 10.0, 0.00148206
150.0, 190.0, 10.0, 0.00080379
150.0, 200.0, 10.0, 0.00095154
150.0, 210.0, 10.0, 0.00115071
150.0, 220.0, 10.0, 0.00097515
150.0, 230.0, 10.0, 0.00082284
150.0, 240.0, 10.0, 0.00079768
150.0, 250.0, 10.0, 0.00090084
150.0, 260.0, 10.0, 0.00128991
160.0, 0.0, 10.0, 0.00092750
160.0, 10.0, 10.0, 0.00186039
160.0, 20.0, 10.0, 0.00181835
160.0, 30.0, 10.0, 0.00137962
160.0, 40.0, 10.0, 0.00167131
160.0, 50.0, 10.0, 0.00179673
160.0, 60.0, 10.0, 0.00169462
160.0, 70.0, 10.0, 0.00093469
160.0, 80.0, 10.0, 0.00035644
160.0, 90.0, 10.0, 0.00011794
160.0, 100.0, 10.0, 0.00004379
160.0, 110.0, 10.0, 0.00002818
160.0, 120.0, 10.0, 0.00004735
160.0, 130.0, 10.0, 0.00024732
160.0, 140.0, 10.0, 0.00075118
160.0, 150.0, 10.0, 0.00105149
160.0, 160.0, 10.0, 0.00139402
160.0, 170.0, 10.0, 0.00144311
160.0, 180.0, 10.0, 0.00146514
160.0, 190.0, 10.0, 0.00119839
160.0, 200.0, 10.0, 0.00094253
160.0, 210.0, 10.0, 0.00115854
160.0, 220.0, 10.0, 0.00092931
160.0, 230.0, 10.0, 0.00074657
160.0, 240.0, 10.0, 0.00064633
160.0, 250.0, 10.0, 0.00068246
160.0, 260.0, 10.0, 0.00110974
170.0, 0.0, 10.0, 0.00073123
170.0, 10.0, 10.0, 0.00101334
170.0, 20.0, 10.0, 0.00118152
170.0, 30.0, 10.0, 0.00130920
170.0, 40.0, 10.0, 0.00150400
170.0, 50.0, 10.0, 0.00139164
170.0, 60.0, 10.0, 0.00140574
170.0, 70.0, 10.0, 0.00092798
170.0, 80.0, 10.0, 0.00036444
170.0, 90.0, 10.0, 0.00015030
170.0, 100.0, 10.0, 0.00006569
170.0, 110.0, 10.0, 0.00000911
170.0, 120.0, 10.0, 0.00022011
170.0, 130.0, 10.0, 0.00067240
170.0, 140.0, 10.0, 0.00117265
170.0, 150.0, 10.0, 0.00149806
170.0, 160.0, 10.0, 0.00126626
170.0, 170.0, 10.0, 0.00153499
170.0, 180.0, 10.0, 0.00121195
170.0, 190.0, 10.0, 0.00120847
170.0, 200.0, 10.0, 0.00100005
170.0, 210.0, 10.0, 0.00112320
170.0, 220.0, 10.0, 0.00094408
170.0, 230.0, 10.0, 0.00079088
170.0, 240.0, 10.0, 0.00065478
170.0, 250.0, 10.0, 0.00075036
170.0, 260.0, 10.0, 0.00097879
180.0, 0.0, 10.0, 0.00087886
180.0, 10.0, 10.0, 0.00060149
180.0, 20.0, 10.0, 0.00096143
180.0, 30.0, 10.0, 0.00076326
180.0, 40.0, 10.0, 0.00124656
180.0, 50.0, 10.0, 0.00081238
180.0, 60.0, 10.0, 0.00127500
180.0, 70.0, 10.0, 0.00106762
180.0, 80.0, 10.0, 0.00047451
180.0, 90.0, 10.0, 0.00016842
180.0, 100.0, 10.0, 0.00001086
180.0, 110.0, 10.0, 0.00015682
180.0, 120.0, 10.0, 0.00061739
180.0, 130.0, 10.0, 0.00106800
180.0, 140.0, 10.0, 0.00133220
180.0, 150.0, 10.0, 0.00136170
180.0, 160.0, 10.0, 0.00147947
180.0, 170.0, 10.0, 0.00135320
180.0, 180.0, 10.0, 0.00125454
180.0, 190.0, 10.0, 0.00124734
180.0, 200.0, 10.0, 0.00109593
180.0, 210.0, 10.0, 0.00099406
180.0, 220.0, 10.0, 0.00088526
180.0, 230.0, 10.0, 0.00082987
180.0, 240.0, 10.0, 0.00060269
180.0, 250.0, 10.0, 0.00080805
180.0, 260.0, 10.0, 0.00119544
190.0, 0.0, 10.0, 0.00067082
190.0, 10.0, 10.0, 0.00069666
190.0, 20.0, 10.0, 0.00059709
190.0, 30.0, 10.0, 0.00064637
190.0, 40.0, 10.0, 0.00088056
190.0, 50.0, 10.0, 0.00088604
190.0, 60.0, 10.0, 0.00100063
190.0, 70.0, 10.0, 0.00095069
190.0, 80.0, 10.0, 0.00064512
190.0, 90.0, 10.0, 0.00029563
190.0, 100.0, 10.0, 0.00001579
190.0, 110.0, 10.0, 0.00022987
190.0, 120.0, 10.0, 0.00061284
190.0, 130.0, 10.0, 0.00089097
190.0, 140.0, 10.0, 0.00097807
190.0, 150.0, 10.0, 0.00105835
190.0, 160.0, 10.0, 0.00118712
190.0, 170.0, 10.0, 0.00124256
190.0, 180.0, 10.0, 0.00120125
190.0, 190.0, 10.0, 0.00126062
190.0, 200.0, 10.0, 0.00106803
190.0, 210.0, 10.0, 0.00113208
190.0, 220.0, 10.0, 0.00088872
190.0, 230.0, 10.0, 0.00070032
190.0, 240.0, 10.0, 0.00052979
190.0, 250.0, 10.0, 0.00077647
190.0, 260.0, 10.0, 0.00125971
200.0, 0.0, 10.0, 0.00057185
200.0, 10.0, 10.0, 0.00053873
200.0, 20.0, 10.0, 0.00051107
200.0, 30.0, 10.0, 0.00074807
200.0, 40.0, 10.0, 0.00077265
200.0, 50.0, 10.0, 0.00094851
200.0, 60.0, 10.0, 0.00107443
200.0, 70.0, 10.0, 0.00122305
200.0, 80.0, 10.0, 0.00079614
200.0, 90.0, 10.0, 0.00064203
200.0, 100.0, 10.0, 0.00006190
200.0, 110.0, 10.0, 0.00020249
200.0, 120.0, 10.0, 0.00032875
200.0, 130.0, 10.0, 0.00057522
200.0, 140.0, 10.0, 0.00052912
200.0, 150.0, 10.0, 0.00054113
200.0, 160.0, 10.0, 0.00069907
200.0, 170.0, 10.0, 0.00083793
200.0, 180.0, 10.0, 0.00074151
200.0, 190.0, 10.0, 0.00071566
200.0, 200.0, 10.0, 0.00070478
200.0, 210.0, 10.0, 0.00071311
200.0, 220.0, 10.0, 0.00068906
200.0, 230.0, 10.0, 0.00062893
200.0, 240.0, 10.0, 0.00041167
200.0, 250.0, 10.0, 0.00068188
200.0, 260.0, 10.0, 0.00143025
210.0, 0.0, 10.0, 0.00067422
210.0, 10.0, 10.0, 0.00055450
210.0, 20.0, 10.0, 0.00061538
210.0, 30.0, 10.0, 0.00060199
210.0, 40.0, 10.0, 0.00085794
210.0, 50.0, 10.0, 0.00089981
210.0, 60.0, 10.0, 0.00112640
210.0, 70.0, 10.0, 0.00127658
210.0, 80.0, 10.0, 0.00127611
210.0, 90.0, 10.0, 0.00113434
210.0, 100.0, 10.0, 0.00010797
210.0, 110.0, 10.0, 0.00019693
210.0, 120.0, 10.0, 0.00028574
210.0, 130.0, 10.0, 0.00038763
210.0, 140.0, 10.0, 0.00040452
210.0, 150.0, 10.0, 0.00045536
210.0, 160.0, 10.0, 0.00048105
210.0, 170.0, 10.0, 0.00049106
210.0, 180.0, 10.0, 0.00042368
210.0, 190.0, 10.0, 0.00035172
210.0, 200.0, 10.0, 0.00032998
210.0, 210.0, 10.0, 0.00034729
210.0, 220.0, 10.0, 0.00036783
210.0, 230.0, 10.0, 0.00029512
210.0, 240.0, 10.0, 0.00033196
210.0, 250.0, 10.0, 0.00065772
210.0, 260.0, 10.0, 0.00128546
220.0, 0.0, 10.0, 0.00082714
220.0, 10.0, 10.0, 0.00085888
220.0, 20.0, 10.0, 0.00065961
220.0, 30.0, 10.0, 0.00077878
220.0, 40.0, 10.0, 0.00083469
220.0, 50.0, 10.0, 0.00091444
220.0, 60.0, 10.0, 0.00108267
220.0, 70.0, 10.0, 0.00113389
220.0, 80.0, 10.0, 0.00141371
220.0, 90.0, 10.0, 0.00123891
220.0, 100.0, 10.0, 0.00045625
220.0, 110.0, 10.0, 0.00013949
220.0, 120.0, 10.0, 0.00024863
220.0, 130.0, 10.0, 0.00032418
220.0, 140.0, 10.0, 0.00038352
220.0, 150.0, 10.0, 0.00041408
220.0, 160.0, 10.0, 0.00041829
220.0, 170.0, 10.0, 0.00038354
220.0, 180.0, 10.0, 0.00034975
220.0, 190.0, 10.0, 0.00033967
220.0, 200.0, 10.0, 0.00032078
220.0, 210.0, 10.0, 0.00029853
220.0, 220.0, 10.0, 0.00030478
220.0, 230.0, 10.0, 0.00031663
220.0, 240.0, 10.0, 0.00031393
220.0, 250.0, 10.0, 0.00048806
220.0, 260.0, 10.0, 0.00137156
230.0, 0.0, 10.0, 0.00078780
230.0, 10.0, 10.0, 0.00079975
230.0, 20.0, 10.0, 0.00078090
230.0, 30.0, 10.0, 0.00079095
230.0, 40.0, 10.0, 0.00079141
230.0, 50.0, 10.0, 0.00084684
230.0, 60.0, 10.0, 0.00090045
230.0, 70.0, 10.0, 0.00099729
230.0, 80.0, 10.0, 0.00116476
230.0, 90.0, 10.0, 0.00108247
230.0, 100.0, 10.0, 0.00087862
230.0, 110.0, 10.0, 0.00022589
230.0, 120.0, 10.0, 0.00018809
230.0, 130.0, 10.0, 0.00030934
230.0, 140.0, 10.0, 0.00034114
230.0, 150.0, 10.0, 0.00034096
230.0, 160.0, 10.0, 0.00033497
230.0, 170.0, 10.0, 0.00033852
230.0, 180.0, 10.0, 0.00032877
230.0, 190.0, 10.0, 0.00034479
230.0, 200.0, 10.0, 0.00035464
230.0, 210.0, 10.0, 0.00032642
230.0, 220.0, 10.0, 0.00029657
230.0, 230.0, 10.0, 0.00029348
230.0, 240.0, 10.0, 0.00034559
230.0, 250.0, 10.0, 0.00061263
230.0, 260.0, 10.0, 0.00106485
0.0, 0.0, 20.0, 0.00011336
0.0, 10.0, 20.0, 0.00009249
0.0, 20.0, 20.0, 0.00008032
0.0, 30.0, 20.0, 0.00008564
0.0, 40.0, 20.0, 0.00012704
0.0, 50.0, 20.0, 0.00024230
0.0, 60.0, 20.0, 0.00048426
0.0, 70.0, 20.0, 0.00079294
0.0, 80.0, 20.0, 0.00111500
0.0, 90.0, 20.0, 0.00130259
0.0, 100.0, 20.0, 0.00126680
0.0, 110.0, 20.0, 0.00114316
0.0, 120.0, 20.0, 0.00124306
0.0, 130.0, 20.0, 0.00128970
0.0, 140.0, 20.0, 0.00111787
0.0, 150.0, 20.0, 0.00091682
0.0, 160.0, 20.0, 0.00072749
0.0, 170.0, 20.0, 0.00061437
0.0, 180.0, 20.0, 0.00053745
0.0, 190.0, 20.0, 0.00048700
0.0, 200.0, 20.0, 0.00046348
0.0, 210.0, 20.0, 0.00042966
0.0, 220.0, 20.0, 0.00036561
0.0, 230.0, 20.0, 0.00029046
0.0, 240.0, 20.0, 0.00019580
0.0, 250.0, 20.0, 0.00011852
0.0, 260.0, 20.0, 0.00009404
10.0, 0.0, 20.0, 0.00013486
10.0, 10.0, 20.0, 0.00011158
10.0, 20.0, 20.0, 0.00011903
10.0, 30.0, 20.0, 0.00013310
10.0, 40.0, 20.0, 0.00009878
10.0, 50.0, 20.0, 0.00005058
10.0, 60.0, 20.0, 0.00049972
10.0, 70.0, 20.0, 0.00024771
10.0, 80.0, 20.0, 0.00031033
10.0, 90.0, 20.0, 0.00062466
10.0, 100.0, 20.0, 0.00091944
10.0, 110.0, 20.0, 0.00097932
10.0, 120.0, 20.0, 0.00102475
10.0, 130.0, 20.0, 0.00112794
10.0, 140.0, 20.0, 0.00143860
10.0, 150.0, 20.0, 0.00113624
10.0, 160.0, 20.0, 0.00089748
10.0, 170.0, 20.0, 0.00071367
10.0, 180.0, 20.0, 0.00058622
10.0, 190.0, 20.0, 0.00077096
10.0, 200.0, 20.0, 0.00060047
10.0, 210.0, 20.0, 0.00084371
10.0, 220.0, 20.0, 0.00065834
10.0, 230.0, 20.0, 0.00030526
10.0, 240.0, 20.0, 0.00019839
10.0, 250.0, 20.0, 0.00010092
10.0, 260.0, 20.0, 0.00000780
20.0, 0.0, 20.0, 0.00010424
20.0, 10.0, 20.0, 0.00010664
20.0, 20.0, 20.0, 0.00013222
20.0, 30.0, 20.0, 0.00012585
20.0, 40.0, 20.0, 0.00013777
20.0, 50.0, 20.0, 0.00014622
20.0, 60.0, 20.0, 0.00011169
20.0, 70.0, 20.0, 0.00014895
20.0, 80.0, 20.0, 0.00012558
20.0, 90.0, 20.0, 0.00012477
20.0, 100.0, 20.0, 0.00031383
20.0, 110.0, 20.0, 0.00056085
20.0, 120.0, 20.0, 0.00059477
20.0, 130.0, 20.0, 0.00085805
20.0, 140.0, 20.0, 0.00146793
20.0, 150.0, 20.0, 0.00153944
20.0, 160.0, 20.0, 0.00078432
20.0, 170.0, 20.0, 0.00067809
20.0, 180.0, 20.0, 0.00065822
20.0, 190.0, 20.0, 0.00057392
20.0, 200.0, 20.0, 0.00058564
20.0, 210.0, 20.0, 0.00058047
20.0, 220.0, 20.0, 0.00051951
20.0, 230.0, 20.0, 0.00035077
20.0, 240.0, 20.0, 0.00020433
20.0, 250.0, 20.0, 0.00009536
20.0, 260.0, 20.0, 0.00000243
30.0, 0.0, 20.0, 0.00008409
30.0, 10.0, 20.0, 0.00011844
30.0, 20.0, 20.0, 0.00012621
30.0, 30.0, 20.0, 0.00009547
30.0, 40.0, 20.0, 0.00023774
30.0, 50.0, 20.0, 0.00028925
30.0, 60.0, 20.0, 0.00021890
30.0, 70.0, 20.0, 0.00025783
30.0, 80.0, 20.0, 0.00013710
30.0, 90.0, 20.0, 0.00005454
30.0, 100.0, 20.0, 0.00028669
30.0, 110.0, 20.0, 0.00065375
30.0, 120.0, 20.0, 0.00082998
30.0, 130.0, 20.0, 0.00102368
30.0, 140.0, 20.0, 0.00132154
30.0, 150.0, 20.0, 0.00139827
30.0, 160.0, 20.0, 0.00150398
30.0, 170.0, 20.0, 0.00147763
30.0, 180.0, 20.0, 0.00073563
30.0, 190.0, 20.0, 0.00077241
30.0, 200.0, 20.0, 0.00074020
30.0, 210.0, 20.0, 0.00075775
30.0, 220.0, 20.0, 0.00070287
30.0, 230.0, 20.0, 0.00048417
30.0, 240.0, 20.0, 0.00022604
30.0, 250.0, 20.0, 0.00010478
30.0, 260.0, 20.0, 0.00001102
40.0, 0.0, 20.0, 0.00005434
40.0, 10.0, 20.0, 0.00014070
40.0, 20.0, 20.0, 0.00017684
40.0, 30.0, 20.0, 0.00029072
40.0, 40.0, 20.0, 0.00024465
40.0, 50.0, 20.0, 0.00029687
40.0, 60.0, 20.0, 0.00024178
40.0, 70.0, 20.0, 0.00069290
40.0, 80.0, 20.0, 0.00069636
40.0, 90.0, 20.0, 0.00100765
40.0, 100.0, 20.0, 0.00113395
40.0, 110.0, 20.0, 0.00092611
40.0, 120.0, 20.0, 0.00095765
40.0, 130.0, 20.0, 0.00106681
40.0, 140.0, 20.0, 0.00131273
40.0, 150.0, 20.0, 0.00148040
40.0, 160.0, 20.0, 0.00139304
40.0, 170.0, 20.0, 0.00142427
40.0, 180.0, 20.0, 0.00132024
40.0, 190.0, 20.0, 0.00130395
40.0, 200.0, 20.0, 0.00087953
40.0, 210.0, 20.0, 0.00082470
40.0, 220.0, 20.0, 0.00080899
40.0, 230.0, 20.0, 0.00064484
40.0, 240.0, 20.0, 0.00034411
40.0, 250.0, 20.0, 0.00018004
40.0, 260.0, 20.0, 0.00009961
50.0, 0.0, 20.0, 0.00002261
50.0, 10.0, 20.0, 0.00017039
50.0, 20.0, 20.0, 0.00023666
50.0, 30.0, 20.0, 0.00030896
50.0, 40.0, 20.0, 0.00026370
50.0, 50.0, 20.0, 0.00052947
50.0, 60.0, 20.0, 0.00055166
50.0, 70.0, 20.0, 0.00066019
50.0, 80.0, 20.0, 0.00080658
50.0, 90.0, 20.0, 0.00112111
50.0, 100.0, 20.0, 0.00114892
50.0, 110.0, 20.0, 0.00091088
50.0, 120.0, 20.0, 0.00089188
50.0, 130.0, 20.0, 0.00096731
50.0, 140.0, 20.0, 0.00117694
50.0, 150.0, 20.0, 0.00126689
50.0, 160.0, 20.0, 0.00128999
50.0, 170.0, 20.0, 0.00134142
50.0, 180.0, 20.0, 0.00138129
50.0, 190.0, 20.0, 0.00132092
50.0, 200.0, 20.0, 0.00110642
50.0, 210.0, 20.0, 0.00093584
50.0, 220.0, 20.0, 0.00085750
50.0, 230.0, 20.0, 0.00081984
50.0, 240.0, 20.0, 0.00051746
50.0, 250.0, 20.0, 0.00024269
50.0, 260.0, 20.0, 0.00014270
60.0, 0.0, 20.0, 0.00003196
60.0, 10.0, 20.0, 0.00020221
60.0, 20.0, 20.0, 0.00030495
60.0, 30.0, 20.0, 0.00037622
60.0, 40.0, 20.0, 0.00028936
60.0, 50.0, 20.0, 0.00051572
60.0, 60.0, 20.0, 0.00102653
60.0, 70.0, 20.0, 0.00097690
60.0, 80.0, 20.0, 0.00083595
60.0, 90.0, 20.0, 0.00063555
60.0, 100.0, 20.0, 0.00103455
60.0, 110.0, 20.0, 0.00108652
60.0, 120.0, 20.0, 0.00092160
60.0, 130.0, 20.0, 0.00101951
60.0, 140.0, 20.0, 0.00108367
60.0, 150.0, 20.0, 0.00113685
60.0, 160.0, 20.0, 0.00115252
60.0, 170.0, 20.0, 0.00119630
60.0, 180.0, 20.0, 0.00118652
60.0, 190.0, 20.0, 0.00114489
60.0, 200.0, 20.0, 0.00110793
60.0, 210.0, 20.0, 0.00118392
60.0, 220.0, 20.0, 0.00088353
60.0, 230.0, 20.0, 0.00085072
60.0, 240.0, 20.0, 0.00064065
60.0, 250.0, 20.0, 0.00034813
60.0, 260.0, 20.0, 0.00015317
70.0, 0.0, 20.0, 0.00006808
70.0, 10.0, 20.0, 0.00038875
70.0, 20.0, 20.0, 0.00023181
70.0, 30.0, 20.0, 0.00040679
70.0, 40.0, 20.0, 0.00038397
70.0, 50.0, 20.0, 0.00039884
70.0, 60.0, 20.0, 0.00051965
70.0, 70.0, 20.0, 0.00047877
70.0, 80.0, 20.0, 0.00028326
70.0, 90.0, 20.0, 0.00047051
70.0, 100.0, 20.0, 0.00074747
70.0, 110.0, 20.0, 0.00091407
70.0, 120.0, 20.0, 0.00085399
70.0, 130.0, 20.0, 0.00102604
70.0, 140.0, 20.0, 0.00099315
70.0, 150.0, 20.0, 0.00098504
70.0, 160.0, 20.0, 0.00091057
70.0, 170.0, 20.0, 0.00095473
70.0, 180.0, 20.0, 0.00092914
70.0, 190.0, 20.0, 0.00085311
70.0, 200.0, 20.0, 0.00087128
70.0, 210.0, 20.0, 0.00098473
70.0, 220.0, 20.0, 0.00099583
70.0, 230.0, 20.0, 0.00084453
70.0, 240.0, 20.0, 0.00074335
70.0, 250.0, 20.0, 0.00042682
70.0, 260.0, 20.0, 0.00029921
80.0, 0.0, 20.0, 0.00017736
80.0, 10.0, 20.0, 0.00023993
80.0, 20.0, 20.0, 0.00025587
80.0, 30.0, 20.0, 0.00035563
80.0, 40.0, 20.0, 0.00038807
80.0, 50.0, 20.0, 0.00046340
80.0, 60.0, 20.0, 0.00047442
80.0, 70.0, 20.0, 0.00039965
80.0, 80.0, 20.0, 0.00028535
80.0, 90.0, 20.0, 0.00030834
80.0, 100.0, 20.0, 0.00054523
80.0, 110.0, 20.0, 0.00068820
80.0, 120.0, 20.0, 0.00078710
80.0, 130.0, 20.0, 0.00089198
80.0, 140.0, 20.0, 0.00092238
80.0, 150.0, 20.0, 0.00079249
80.0, 160.0, 20.0, 0.00065413
80.0, 170.0, 20.0, 0.00052041
80.0, 180.0, 20.0, 0.00059228
80.0, 190.0, 20.0, 0.00065669
80.0, 200.0, 20.0, 0.00067259
80.0, 210.0, 20.0, 0.00071324
80.0, 220.0, 20.0, 0.00075173
80.0, 230.0, 20.0, 0.00074426
80.0, 240.0, 20.0, 0.00074122
80.0, 250.0, 20.0, 0.00054955
80.0, 260.0, 20.0, 0.00027434
90.0, 0.0, 20.0, 0.00025541
90.0, 10.0, 20.0, 0.00031740
90.0, 20.0, 20.0, 0.00034779
90.0, 30.0, 20.0, 0.00034281
90.0, 40.0, 20.0, 0.00030854
90.0, 50.0, 20.0, 0.00053865
90.0, 60.0, 20.0, 0.00054971
90.0, 70.0, 20.0, 0.00046084
90.0, 80.0, 20.0, 0.00041278
90.0, 90.0, 20.0, 0.00014359
90.0, 100.0, 20.0, 0.00064683
90.0, 110.0, 20.0, 0.00079943
90.0, 120.0, 20.0, 0.00083894
90.0, 130.0, 20.0, 0.00083437
90.0, 140.0, 20.0, 0.00079709
90.0, 150.0, 20.0, 0.00055473
90.0, 160.0, 20.0, 0.00047331
90.0, 170.0, 20.0, 0.00036739
90.0, 180.0, 20.0, 0.00050353
90.0, 190.0, 20.0, 0.00065225
90.0, 200.0, 20.0, 0.00065796
90.0, 210.0, 20.0, 0.00073098
90.0, 220.0, 20.0, 0.00073317
90.0, 230.0, 20.0, 0.00076897
90.0, 240.0, 20.0, 0.00079626
90.0, 250.0, 20.0, 0.00069732
90.0, 260.0, 20.0, 0.00042078
100.0, 0.0, 20.0, 0.00029596
100.0, 10.0, 20.0, 0.00036434
100.0, 20.0, 20.0, 0.00036613
100.0, 30.0, 20.0, 0.00024777
100.0, 40.0, 20.0, 0.00024544
100.0, 50.0, 20.0, 0.00050067
100.0, 60.0, 20.0, 0.00053339
100.0, 70.0, 20.0, 0.00045342
100.0, 80.0, 20.0, 0.00060044
100.0, 90.0, 20.0, 0.00023986
100.0, 100.0, 20.0, 0.00085183
100.0, 110.0, 20.0, 0.00086507
100.0, 120.0, 20.0, 0.00080056
100.0, 130.0, 20.0, 0.00077935
100.0, 140.0, 20.0, 0.00059624
100.0, 150.0, 20.0, 0.00059524
100.0, 160.0, 20.0, 0.00039672
100.0, 170.0, 20.0, 0.00040192
100.0, 180.0, 20.0, 0.00055280
100.0, 190.0, 20.0, 0.00073431
100.0, 200.0, 20.0, 0.00075558
100.0, 210.0, 20.0, 0.00075967
100.0, 220.0, 20.0, 0.00071261
100.0, 230.0, 20.0, 0.00072881
100.0, 240.0, 20.0, 0.00077729
100.0, 250.0, 20.0, 0.00082342
100.0, 260.0, 20.0, 0.00081547
110.0, 0.0, 20.0, 0.00013756
110.0, 10.0, 20.0, 0.00030471
110.0, 20.0, 20.0, 0.00030914
110.0, 30.0, 20.0, 0.00039045
110.0, 40.0, 20.0, 0.00038226
110.0, 50.0, 20.0, 0.00033550
110.0, 60.0, 20.0, 0.00053579
110.0, 70.0, 20.0, 0.00058226
110.0, 80.0, 20.0, 0.00042548
110.0, 90.0, 20.0, 0.00018331
110.0, 100.0, 20.0, 0.00074479
110.0, 110.0, 20.0, 0.00072632
110.0, 120.0, 20.0, 0.00069044
110.0, 130.0, 20.0, 0.00050918
110.0, 140.0, 20.0, 0.00051464
110.0, 150.0, 20.0, 0.00045250
110.0, 160.0, 20.0, 0.00035964
110.0, 170.0, 20.0, 0.00035457
110.0, 180.0, 20.0, 0.00045089
110.0, 190.0, 20.0, 0.00066933
110.0, 200.0, 20.0, 0.00064339
110.0, 210.0, 20.0, 0.00069192
110.0, 220.0, 20.0, 0.00070500
110.0, 230.0, 20.0, 0.00071041
110.0, 240.0, 20.0, 0.00066801
110.0, 250.0, 20.0, 0.00062730
110.0, 260.0, 20.0, 0.00062631
120.0, 0.0, 20.0, 0.00008486
120.0, 10.0, 20.0, 0.00022777
120.0, 20.0, 20.0, 0.00032801
120.0, 30.0, 20.0, 0.00034766
120.0, 40.0, 20.0, 0.00042026
120.0, 50.0, 20.0, 0.00048534
120.0, 60.0, 20.0, 0.00048559
120.0, 70.0, 20.0, 0.00028059
120.0, 80.0, 20.0, 0.00036921
120.0, 90.0, 20.0, 0.00037762
120.0, 100.0, 20.0, 0.00051491
120.0, 110.0, 20.0, 0.00031609
120.0, 120.0, 20.0, 0.00042161
120.0, 130.0, 20.0, 0.00052801
120.0, 140.0, 20.0, 0.00051030
120.0, 150.0, 20.0, 0.00041503
120.0, 160.0, 20.0, 0.00035296
120.0, 170.0, 20.0, 0.00028684
120.0, 180.0, 20.0, 0.00039339
120.0, 190.0, 20.0, 0.00043013
120.0, 200.0, 20.0, 0.00055547
120.0, 210.0, 20.0, 0.00065862
120.0, 220.0, 20.0, 0.00065936
120.0, 230.0, 20.0, 0.00065202
120.0, 240.0, 20.0, 0.00068549
120.0, 250.0, 20.0, 0.00067211
120.0, 260.0, 20.0, 0.00066346
130.0, 0.0, 20.0, 0.00007307
130.0, 10.0, 20.0, 0.00019696
130.0, 20.0, 20.0, 0.00025739
130.0, 30.0, 20.0, 0.00033704
130.0, 40.0, 20.0, 0.00035948
130.0, 50.0, 20.0, 0.00044076
130.0, 60.0, 20.0, 0.00047148
130.0, 70.0, 20.0, 0.00048428
130.0, 80.0, 20.0, 0.00048062
130.0, 90.0, 20.0, 0.00038874
130.0, 100.0, 20.0, 0.00037265
130.0, 110.0, 20.0, 0.00043515
130.0, 120.0, 20.0, 0.00051011
130.0, 130.0, 20.0, 0.00050470
130.0, 140.0, 20.0, 0.00049456
130.0, 150.0, 20.0, 0.00048072
130.0, 160.0, 20.0, 0.00040051
130.0, 170.0, 20.0, 0.00039988
130.0, 180.0, 20.0, 0.00030270
130.0, 190.0, 20.0, 0.00031843
130.0, 200.0, 20.0, 0.00032665
130.0, 210.0, 20.0, 0.00037038
130.0, 220.0, 20.0, 0.00036488
130.0, 230.0, 20.0, 0.00034500
130.0, 240.0, 20.0, 0.00030092
130.0, 250.0, 20.0, 0.00028014
130.0, 260.0, 20.0, 0.00034348
140.0, 0.0, 20.0, 0.00006933
140.0, 10.0, 20.0, 0.00007867
140.0, 20.0, 20.0, 0.00010817
140.0, 30.0, 20.0, 0.00029960
140.0, 40.0, 20.0, 0.00028516
140.0, 50.0, 20.0, 0.00040445
140.0, 60.0, 20.0, 0.00043370
140.0, 70.0, 20.0, 0.00044554
140.0, 80.0, 20.0, 0.00048161
140.0, 90.0, 20.0, 0.00047468
140.0, 100.0, 20.0, 0.00046077
140.0, 110.0, 20.0, 0.00046228
140.0, 120.0, 20.0, 0.00048472
140.0, 130.0, 20.0, 0.00048062
140.0, 140.0, 20.0, 0.00046219
140.0, 150.0, 20.0, 0.00042896
140.0, 160.0, 20.0, 0.00043270
140.0, 170.0, 20.0, 0.00041959
140.0, 180.0, 20.0, 0.00028340
140.0, 190.0, 20.0, 0.00029588
140.0, 200.0, 20.0, 0.00031920
140.0, 210.0, 20.0, 0.00028256
140.0, 220.0, 20.0, 0.00029420
140.0, 230.0, 20.0, 0.00026792
140.0, 240.0, 20.0, 0.00023315
140.0, 250.0, 20.0, 0.00019718
140.0, 260.0, 20.0, 0.00017846
150.0, 0.0, 20.0, 0.00009654
150.0, 10.0, 20.0, 0.00005327
150.0, 20.0, 20.0, 0.00005579
150.0, 30.0, 20.0, 0.00010530
150.0, 40.0, 20.0, 0.00024667
150.0, 50.0, 20.0, 0.00030234
150.0, 60.0, 20.0, 0.00034528
150.0, 70.0, 20.0, 0.00036110
150.0, 80.0, 20.0, 0.00039127
150.0, 90.0, 20.0, 0.00042870
150.0, 100.0, 20.0, 0.00044195
150.0, 110.0, 20.0, 0.00044017
150.0, 120.0, 20.0, 0.00044552
150.0, 130.0, 20.0, 0.00045348
150.0, 140.0, 20.0, 0.00044901
150.0, 150.0, 20.0, 0.00043910
150.0, 160.0, 20.0, 0.00041988
150.0, 170.0, 20.0, 0.00038222
150.0, 180.0, 20.0, 0.00031772
150.0, 190.0, 20.0, 0.00018167
150.0, 200.0, 20.0, 0.00021975
150.0, 210.0, 20.0, 0.00024298
150.0, 220.0, 20.0, 0.00024816
150.0, 230.0, 20.0, 0.00025841
150.0, 240.0, 20.0, 0.00023977
150.0, 250.0, 20.0, 0.00020791
150.0, 260.0, 20.0, 0.00016792
160.0, 0.0, 20.0, 0.00007645
160.0, 10.0, 20.0, 0.00004175
160.0, 20.0, 20.0, 0.00006448
160.0, 30.0, 20.0, 0.00008588
160.0, 40.0, 20.0, 0.00011459
160.0, 50.0, 20.0, 0.00013716
160.0, 60.0, 20.0, 0.00017022
160.0, 70.0, 20.0, 0.00015246
160.0, 80.0, 20.0, 0.00023021
160.0, 90.0, 20.0, 0.00032446
160.0, 100.0, 20.0, 0.00034792
160.0, 110.0, 20.0, 0.00035730
160.0, 120.0, 20.0, 0.00037716
160.0, 130.0, 20.0, 0.00037948
160.0, 140.0, 20.0, 0.00035583
160.0, 150.0, 20.0, 0.00030089
160.0, 160.0, 20.0, 0.00026151
160.0, 170.0, 20.0, 0.00023542
160.0, 180.0, 20.0, 0.00021975
160.0, 190.0, 20.0, 0.00019861
160.0, 200.0, 20.0, 0.00019676
160.0, 210.0, 20.0, 0.00019894
160.0, 220.0, 20.0, 0.00018655
160.0, 230.0, 20.0, 0.00018122
160.0, 240.0, 20.0, 0.00017269
160.0, 250.0, 20.0, 0.00016523
160.0, 260.0, 20.0, 0.00015458
170.0, 0.0, 20.0, 0.00003300
170.0, 10.0, 20.0, 0.00002748
170.0, 20.0, 20.0, 0.00006890
170.0, 30.0, 20.0, 0.00012807
170.0, 40.0, 20.0, 0.00013658
170.0, 50.0, 20.0, 0.00013616
170.0, 60.0, 20.0, 0.00011940
170.0, 70.0, 20.0, 0.00009974
170.0, 80.0, 20.0, 0.00009437
170.0, 90.0, 20.0, 0.00010705
170.0, 100.0, 20.0, 0.00012007
170.0, 110.0, 20.0, 0.00013367
170.0, 120.0, 20.0, 0.00014548
170.0, 130.0, 20.0, 0.00016078
170.0, 140.0, 20.0, 0.00015451
170.0, 150.0, 20.0, 0.00014762
170.0, 160.0, 20.0, 0.00014165
170.0, 170.0, 20.0, 0.00012771
170.0, 180.0, 20.0, 0.00012267
170.0, 190.0, 20.0, 0.00012093
170.0, 200.0, 20.0, 0.00011716
170.0, 210.0, 20.0, 0.00011318
170.0, 220.0, 20.0, 0.00009575
170.0, 230.0, 20.0, 0.00008548
170.0, 240.0, 20.0, 0.00007860
170.0, 250.0, 20.0, 0.00007656
170.0, 260.0, 20.0, 0.00008379
180.0, 0.0, 20.0, 0.00002386
180.0, 10.0, 20.0, 0.00002502
180.0, 20.0, 20.0, 0.00008357
180.0, 30.0, 20.0, 0.00008889
180.0, 40.0, 20.0, 0.00009894
180.0, 50.0, 20.0, 0.00010464
180.0, 60.0, 20.0, 0.00008753
180.0, 70.0, 20.0, 0.00006545
180.0, 80.0, 20.0, 0.00006401
180.0, 90.0, 20.0, 0.00007191
180.0, 100.0, 20.0, 0.00009299
180.0, 110.0, 20.0, 0.00010282
180.0, 120.0, 20.0, 0.00009477
180.0, 130.0, 20.0, 0.00009159
180.0, 140.0, 20.0, 0.00007322
180.0, 150.0, 20.0, 0.00005970
180.0, 160.0, 20.0, 0.00005964
180.0, 170.0, 20.0, 0.00006353
180.0, 180.0, 20.0, 0.00006511
180.0, 190.0, 20.0, 0.00006227
180.0, 200.0, 20.0, 0.00005531
180.0, 210.0, 20.0, 0.00004193
180.0, 220.0, 20.0, 0.00003593
180.0, 230.0, 20.0, 0.00004103
180.0, 240.0, 20.0, 0.00005075
180.0, 250.0, 20.0, 0.00005609
180.0, 260.0, 20.0, 0.00005316
190.0, 0.0, 20.0, 0.00002107
190.0, 10.0, 20.0, 0.00002444
190.0, 20.0, 20.0, 0.00004706
190.0, 30.0, 20.0, 0.00005629
190.0, 40.0, 20.0, 0.00005474
190.0, 50.0, 20.0, 0.00004733
190.0, 60.0, 20.0, 0.00004363
190.0, 70.0, 20.0, 0.00004983
190.0, 80.0, 20.0, 0.00006022
190.0, 90.0, 20.0, 0.00006924
190.0, 100.0, 20.0, 0.00005923
190.0, 110.0, 20.0, 0.00004494
190.0, 120.0, 20.0, 0.00003756
190.0, 130.0, 20.0, 0.00004023
190.0, 140.0, 20.0, 0.00004323
190.0, 150.0, 20.0, 0.00004342
190.0, 160.0, 20.0, 0.00004449
190.0, 170.0, 20.0, 0.00004283
190.0, 180.0, 20.0, 0.00003673
190.0, 190.0, 20.0, 0.00003451
190.0, 200.0, 20.0, 0.00002999
190.0, 210.0, 20.0, 0.00003993
190.0, 220.0, 20.0, 0.00004540
190.0, 230.0, 20.0, 0.00009426
190.0, 240.0, 20.0, 0.00010420
190.0, 250.0, 20.0, 0.00011933
190.0, 260.0, 20.0, 0.00012127
200.0, 0.0, 20.0, 0.00002139
200.0, 10.0, 20.0, 0.00001642
200.0, 20.0, 20.0, 0.00002567
200.0, 30.0, 20.0, 0.00003575
200.0, 40.0, 20.0, 0.00003444
200.0, 50.0, 20.0, 0.00003803
200.0, 60.0, 20.0, 0.00004226
200.0, 70.0, 20.0, 0.00003911
200.0, 80.0, 20.0, 0.00003864
200.0, 90.0, 20.0, 0.00004004
200.0, 100.0, 20.0, 0.00004052
200.0, 110.0, 20.0, 0.00004988
200.0, 120.0, 20.0, 0.00005568
200.0, 130.0, 20.0, 0.00005996
200.0, 140.0, 20.0, 0.00006359
200.0, 150.0, 20.0, 0.00005541
200.0, 160.0, 20.0, 0.00005397
200.0, 170.0, 20.0, 0.00004963
200.0, 180.0, 20.0, 0.00004955
200.0, 190.0, 20.0, 0.00005957
200.0, 200.0, 20.0, 0.00006683
200.0, 210.0, 20.0, 0.00006954
200.0, 220.0, 20.0, 0.00007389
200.0, 230.0, 20.0, 0.00009839
200.0, 240.0, 20.0, 0.00011248
200.0, 250.0, 20.0, 0.00013001
200.0, 260.0, 20.0, 0.00012457
210.0, 0.0, 20.0, 0.00002418
210.0, 10.0, 20.0, 0.00002477
210.0, 20.0, 20.0, 0.00002947
210.0, 30.0, 20.0, 0.00002740
210.0, 40.0, 20.0, 0.00004022
210.0, 50.0, 20.0, 0.00005089
210.0, 60.0, 20.0, 0.00005245
210.0, 70.0, 20.0, 0.00005265
210.0, 80.0, 20.0, 0.00005714
210.0, 90.0, 20.0, 0.00005964
210.0, 100.0, 20.0, 0.00006731
210.0, 110.0, 20.0, 0.00007926
210.0, 120.0, 20.0, 0.00007889
210.0, 130.0, 20.0, 0.00008121
210.0, 140.0, 20.0, 0.00007444
210.0, 150.0, 20.0, 0.00006546
210.0, 160.0, 20.0, 0.00005918
210.0, 170.0, 20.0, 0.00005660
210.0, 180.0, 20.0, 0.00005036
210.0, 190.0, 20.0, 0.00004820
210.0, 200.0, 20.0, 0.00005252
210.0, 210.0, 20.0, 0.00006700
210.0, 220.0, 20.0, 0.00006616
210.0, 230.0, 20.0, 0.00007788
210.0, 240.0, 20.0, 0.00008810
210.0, 250.0, 20.0, 0.00011893
210.0, 260.0, 20.0, 0.00011005
220.0, 0.0, 20.0, 0.00002857
220.0, 10.0, 20.0, 0.00002707
220.0, 20.0, 20.0, 0.00003187
220.0, 30.0, 20.0, 0.00003793
220.0, 40.0, 20.0, 0.00004403
220.0, 50.0, 20.0, 0.00005247
220.0, 60.0, 20.0, 0.00005695
220.0, 70.0, 20.0, 0.00006061
220.0, 80.0, 20.0, 0.00006407
220.0, 90.0, 20.0, 0.00006256
220.0, 100.0, 20.0, 0.00006906
220.0, 110.0, 20.0, 0.00006794
220.0, 120.0, 20.0, 0.00006910
220.0, 130.0, 20.0, 0.00007307
220.0, 140.0, 20.0, 0.00008150
220.0, 150.0, 20.0, 0.00007482
220.0, 160.0, 20.0, 0.00006614
220.0, 170.0, 20.0, 0.00005874
220.0, 180.0, 20.0, 0.00005693
220.0, 190.0, 20.0, 0.00005451
220.0, 200.0, 20.0, 0.00005075
220.0, 210.0, 20.0, 0.00005479
220.0, 220.0, 20.0, 0.00005803
220.0, 230.0, 20.0, 0.00007019
220.0, 240.0, 20.0, 0.00007489
220.0, 250.0, 20.0, 0.00008958
220.0, 260.0, 20.0, 0.00009047
230.0, 0.0, 20.0, 0.00003062
230.0, 10.0, 20.0, 0.00003575
230.0, 20.0, 20.0, 0.00004163
230.0, 30.0, 20.0, 0.00004069
230.0, 40.0, 20.0, 0.00004359
230.0, 50.0, 20.0, 0.00005154
230.0, 60.0, 20.0, 0.00005464
230.0, 70.0, 20.0, 0.00005934
230.0, 80.0, 20.0, 0.00006158
230.0, 90.0, 20.0, 0.00006202
230.0, 100.0, 20.0, 0.00006438
230.0, 110.0, 20.0, 0.00007380
230.0, 120.0, 20.0, 0.00007661
230.0, 130.0, 20.0, 0.00007761
230.0, 140.0, 20.0, 0.00008052
230.0, 150.0, 20.0, 0.00007457
230.0, 160.0, 20.0, 0.00006130
230.0, 170.0, 20.0, 0.00005444
230.0, 180.0, 20.0, 0.00005545
230.0, 190.0, 20.0, 0.00005672
230.0, 200.0, 20.0, 0.00005998
230.0, 210.0, 20.0, 0.00006198
230.0, 220.0, 20.0, 0.00005622
230.0, 230.0, 20.0, 0.00005059
230.0, 240.0, 20.0, 0.00005566
230.0, 250.0, 20.0, 0.00006858
230.0, 260.0, 20.0, 0.00007771
