S
I=55,J=49
0.0, 0.0, 0.005327
0.0, 0.0, 0.005492
0.0, 0.0, 0.005580
0.0, 0.0, 0.005766
0.0, 0.0, 0.005917
0.0, 0.0, 0.006076
0.0, 0.0, 0.006189
0.0, 0.0, 0.006328
0.0, 0.0, 0.006555
0.0, 0.0, 0.006508
0.0, 0.0, 0.006385
0.0, 0.0, 0.006219
0.0, 0.0, 0.006086
0.0, 0.0, 0.005597
0.0, 0.0, 0.005904
0.0, 0.0, 0.005940
0.0, 0.0, 0.006013
0.0, 0.0, 0.005839
0.0, 0.0, 0.005581
0.0, 0.0, 0.005014
0.0, 0.0, 0.005339
0.0, 0.0, 0.005436
0.0, 0.0, 0.005481
0.0, 0.0, 0.004806
0.0, 0.0, 0.005152
0.0, 0.0, 0.005147
0.0, 0.0, 0.005276
0.0, 0.0, 0.005449
0.0, 0.0, 0.005634
0.0, 0.0, 0.005724
0.0, 0.0, 0.005627
0.0, 0.0, 0.005488
0.0, 0.0, 0.005422
0.0, 0.0, 0.005390
0.0, 0.0, 0.005400
0.0, 0.0, 0.005491
0.0, 0.0, 0.005664
0.0, 0.0, 0.005874
0.0, 0.0, 0.006020
0.0, 0.0, 0.006174
0.0, 0.0, 0.006198
0.0, 0.0, 0.006174
0.0, 0.0, 0.006249
0.0, 0.0, 0.006365
0.0, 0.0, 0.006505
0.0, 0.0, 0.006623
0.0, 0.0, 0.006529
0.0, 0.0, 0.006281
0.0, 0.0, 0.006013
0.0, 0.0, 0.005912
0.0, 0.0, 0.005919
0.0, 0.0, 0.005901
0.0, 0.0, 0.005929
0.0, 0.0, 0.006097
0.0, 0.0, 0.006218
0.0, 0.0, 0.005103
0.0, 0.0, 0.005164
0.0, 0.0, 0.005287
0.0, 0.0, 0.005458
0.0, 0.0, 0.005672
0.0, 0.0, 0.005931
0.0, 0.0, 0.006153
0.0, 0.0, 0.005938
0.0, 0.0, 0.005548
0.0, 0.0, 0.005968
0.0, 0.0, 0.006057
0.0, 0.0, 0.005887
0.0, 0.0, 0.005727
0.0, 0.0, 0.005358
0.0, 0.0, 0.005672
0.0, 0.0, 0.005787
0.0, 0.0, 0.005449
0.0, 0.0, 0.004939
0.0, 0.0, 0.005106
0.0, 0.0, 0.005073
0.0, 0.0, 0.005053
0.0, 0.0, 0.005050
0.0, 0.0, 0.005060
0.0, 0.0, 0.005065
0.0, 0.0, 0.005005
0.0, 0.0, 0.005022
0.0, 0.0, 0.005055
0.0, 0.0, 0.005153
0.0, 0.0, 0.005320
0.0, 0.0, 0.005530
0.0, 0.0, 0.005688
0.0, 0.0, 0.005666
0.0, 0.0, 0.005606
0.0, 0.0, 0.005553
0.0, 0.0, 0.005520
0.0, 0.0, 0.005482
0.0, 0.0, 0.005515
0.0, 0.0, 0.005670
0.0, 0.0, 0.005930
0.0, 0.0, 0.006071
0.0, 0.0, 0.005981
0.0, 0.0, 0.005926
0.0, 0.0, 0.006009
0.0, 0.0, 0.005988
0.0, 0.0, 0.005985
0.0, 0.0, 0.006101
0.0, 0.0, 0.006261
0.0, 0.0, 0.006281
0.0, 0.0, 0.006088
0.0, 0.0, 0.005825
0.0, 0.0, 0.005649
0.0, 0.0, 0.005475
0.0, 0.0, 0.005276
0.0, 0.0, 0.005370
0.0, 0.0, 0.005711
0.0, 0.0, 0.004824
0.0, 0.0, 0.004774
0.0, 0.0, 0.004770
0.0, 0.0, 0.004804
0.0, 0.0, 0.004875
0.0, 0.0, 0.005017
0.0, 0.0, 0.005272
0.0, 0.0, 0.005509
0.0, 0.0, 0.005038
0.0, 0.0, 0.005404
0.0, 0.0, 0.005564
0.0, 0.0, 0.005305
0.0, 0.0, 0.004786
0.0, 0.0, 0.004971
0.0, 0.0, 0.004904
0.0, 0.0, 0.004961
0.0, 0.0, 0.005019
0.0, 0.0, 0.005013
0.0, 0.0, 0.004984
0.0, 0.0, 0.004979
0.0, 0.0, 0.004976
0.0, 0.0, 0.004973
0.0, 0.0, 0.004979
0.0, 0.0, 0.004984
0.0, 0.0, 0.004989
0.0, 0.0, 0.004967
0.0, 0.0, 0.004946
0.0, 0.0, 0.004940
0.0, 0.0, 0.004987
0.0, 0.0, 0.005126
0.0, 0.0, 0.005350
0.0, 0.0, 0.005537
0.0, 0.0, 0.005573
0.0, 0.0, 0.005558
0.0, 0.0, 0.005597
0.0, 0.0, 0.005621
0.0, 0.0, 0.005408
0.0, 0.0, 0.005383
0.0, 0.0, 0.005508
0.0, 0.0, 0.005589
0.0, 0.0, 0.005615
0.0, 0.0, 0.005591
0.0, 0.0, 0.005584
0.0, 0.0, 0.005490
0.0, 0.0, 0.005452
0.0, 0.0, 0.005444
0.0, 0.0, 0.005585
0.0, 0.0, 0.005796
0.0, 0.0, 0.005935
0.0, 0.0, 0.005883
0.0, 0.0, 0.005682
0.0, 0.0, 0.005407
0.0, 0.0, 0.005060
0.0, 0.0, 0.005102
0.0, 0.0, 0.005441
0.0, 0.0, 0.004915
0.0, 0.0, 0.004817
0.0, 0.0, 0.004760
0.0, 0.0, 0.004716
0.0, 0.0, 0.004679
0.0, 0.0, 0.004668
0.0, 0.0, 0.004672
0.0, 0.0, 0.004708
0.0, 0.0, 0.004765
0.0, 0.0, 0.004736
0.0, 0.0, 0.004799
0.0, 0.0, 0.004892
0.0, 0.0, 0.004933
0.0, 0.0, 0.004936
0.0, 0.0, 0.004962
0.0, 0.0, 0.004947
0.0, 0.0, 0.004936
0.0, 0.0, 0.004932
0.0, 0.0, 0.004928
0.0, 0.0, 0.004915
0.0, 0.0, 0.004902
0.0, 0.0, 0.004903
0.0, 0.0, 0.004915
0.0, 0.0, 0.004934
0.0, 0.0, 0.004929
0.0, 0.0, 0.004913
0.0, 0.0, 0.004888
0.0, 0.0, 0.004852
0.0, 0.0, 0.004807
0.0, 0.0, 0.004798
0.0, 0.0, 0.004922
0.0, 0.0, 0.005065
0.0, 0.0, 0.005279
0.0, 0.0, 0.005401
0.0, 0.0, 0.005454
0.0, 0.0, 0.005318
0.0, 0.0, 0.005300
0.0, 0.0, 0.005118
0.0, 0.0, 0.004870
0.0, 0.0, 0.004613
0.0, 0.0, 0.004173
0.0, 0.0, 0.004677
0.0, 0.0, 0.005193
0.0, 0.0, 0.005232
0.0, 0.0, 0.005257
0.0, 0.0, 0.005283
0.0, 0.0, 0.005270
0.0, 0.0, 0.005354
0.0, 0.0, 0.005523
0.0, 0.0, 0.005660
0.0, 0.0, 0.005683
0.0, 0.0, 0.005485
0.0, 0.0, 0.005205
0.0, 0.0, 0.005217
0.0, 0.0, 0.005113
0.0, 0.0, 0.004876
0.0, 0.0, 0.004801
0.0, 0.0, 0.004761
0.0, 0.0, 0.004729
0.0, 0.0, 0.004707
0.0, 0.0, 0.004697
0.0, 0.0, 0.004692
0.0, 0.0, 0.004710
0.0, 0.0, 0.004718
0.0, 0.0, 0.004726
0.0, 0.0, 0.004721
0.0, 0.0, 0.004738
0.0, 0.0, 0.004771
0.0, 0.0, 0.004801
0.0, 0.0, 0.004819
0.0, 0.0, 0.004838
0.0, 0.0, 0.004841
0.0, 0.0, 0.004840
0.0, 0.0, 0.004834
0.0, 0.0, 0.004827
0.0, 0.0, 0.004819
0.0, 0.0, 0.004822
0.0, 0.0, 0.004841
0.0, 0.0, 0.004869
0.0, 0.0, 0.004860
0.0, 0.0, 0.004828
0.0, 0.0, 0.004842
0.0, 0.0, 0.004852
0.0, 0.0, 0.004780
0.0, 0.0, 0.004703
0.0, 0.0, 0.004700
0.0, 0.0, 0.004649
0.0, 0.0, 0.004749
0.0, 0.0, 0.004904
0.0, 0.0, 0.005265
0.0, 0.0, 0.004911
0.0, 0.0, 0.005103
0.0, 0.0, 0.004730
0.0, 0.0, 0.004191
0.0, 0.0, 0.004295
0.0, 0.0, 0.004195
0.0, 0.0, 0.004039
0.0, 0.0, 0.004345
0.0, 0.0, 0.004915
0.0, 0.0, 0.004875
0.0, 0.0, 0.005031
0.0, 0.0, 0.004945
0.0, 0.0, 0.004955
0.0, 0.0, 0.005050
0.0, 0.0, 0.005112
0.0, 0.0, 0.005288
0.0, 0.0, 0.005412
0.0, 0.0, 0.005186
0.0, 0.0, 0.005033
0.0, 0.0, 0.005038
0.0, 0.0, 0.004817
0.0, 0.0, 0.004784
0.0, 0.0, 0.004744
0.0, 0.0, 0.004674
0.0, 0.0, 0.004595
0.0, 0.0, 0.004607
0.0, 0.0, 0.004606
0.0, 0.0, 0.004605
0.0, 0.0, 0.004602
0.0, 0.0, 0.004600
0.0, 0.0, 0.004610
0.0, 0.0, 0.004634
0.0, 0.0, 0.004671
0.0, 0.0, 0.004699
0.0, 0.0, 0.004723
0.0, 0.0, 0.004737
0.0, 0.0, 0.004749
0.0, 0.0, 0.004758
0.0, 0.0, 0.004760
0.0, 0.0, 0.004761
0.0, 0.0, 0.004758
0.0, 0.0, 0.004752
0.0, 0.0, 0.004747
0.0, 0.0, 0.004762
0.0, 0.0, 0.004789
0.0, 0.0, 0.004771
0.0, 0.0, 0.004716
0.0, 0.0, 0.004750
0.0, 0.0, 0.004743
0.0, 0.0, 0.004701
0.0, 0.0, 0.004687
0.0, 0.0, 0.004673
0.0, 0.0, 0.004576
0.0, 0.0, 0.004553
0.0, 0.0, 0.004498
0.0, 0.0, 0.004409
0.0, 0.0, 0.004386
0.0, 0.0, 0.004426
0.0, 0.0, 0.004348
0.0, 0.0, 0.004273
0.0, 0.0, 0.004209
0.0, 0.0, 0.004132
0.0, 0.0, 0.003953
0.0, 0.0, 0.003836
0.0, 0.0, 0.003863
0.0, 0.0, 0.003879
0.0, 0.0, 0.003999
0.0, 0.0, 0.004015
0.0, 0.0, 0.003840
0.0, 0.0, 0.003770
0.0, 0.0, 0.003710
0.0, 0.0, 0.004097
0.0, 0.0, 0.004736
0.0, 0.0, 0.005102
0.0, 0.0, 0.005079
0.0, 0.0, 0.004767
0.0, 0.0, 0.004726
0.0, 0.0, 0.004691
0.0, 0.0, 0.004628
0.0, 0.0, 0.004549
0.0, 0.0, 0.004558
0.0, 0.0, 0.004550
0.0, 0.0, 0.004551
0.0, 0.0, 0.004544
0.0, 0.0, 0.004526
0.0, 0.0, 0.004523
0.0, 0.0, 0.004534
0.0, 0.0, 0.004546
0.0, 0.0, 0.004576
0.0, 0.0, 0.004622
0.0, 0.0, 0.004643
0.0, 0.0, 0.004666
0.0, 0.0, 0.004686
0.0, 0.0, 0.004693
0.0, 0.0, 0.004696
0.0, 0.0, 0.004702
0.0, 0.0, 0.004710
0.0, 0.0, 0.004696
0.0, 0.0, 0.004666
0.0, 0.0, 0.004671
0.0, 0.0, 0.004716
0.0, 0.0, 0.004668
0.0, 0.0, 0.004616
0.0, 0.0, 0.004557
0.0, 0.0, 0.004550
0.0, 0.0, 0.004549
0.0, 0.0, 0.004567
0.0, 0.0, 0.004585
0.0, 0.0, 0.004590
0.0, 0.0, 0.004587
0.0, 0.0, 0.004518
0.0, 0.0, 0.004441
0.0, 0.0, 0.004397
0.0, 0.0, 0.004351
0.0, 0.0, 0.004225
0.0, 0.0, 0.004127
0.0, 0.0, 0.004100
0.0, 0.0, 0.004124
0.0, 0.0, 0.004132
0.0, 0.0, 0.004141
0.0, 0.0, 0.004168
0.0, 0.0, 0.004199
0.0, 0.0, 0.004228
0.0, 0.0, 0.004247
0.0, 0.0, 0.004218
0.0, 0.0, 0.004088
0.0, 0.0, 0.004049
0.0, 0.0, 0.004252
0.0, 0.0, 0.004839
0.0, 0.0, 0.005178
0.0, 0.0, 0.004747
0.0, 0.0, 0.004698
0.0, 0.0, 0.004672
0.0, 0.0, 0.004654
0.0, 0.0, 0.004628
0.0, 0.0, 0.004531
0.0, 0.0, 0.004465
0.0, 0.0, 0.004478
0.0, 0.0, 0.004480
0.0, 0.0, 0.004473
0.0, 0.0, 0.004466
0.0, 0.0, 0.004463
0.0, 0.0, 0.004471
0.0, 0.0, 0.004493
0.0, 0.0, 0.004526
0.0, 0.0, 0.004547
0.0, 0.0, 0.004572
0.0, 0.0, 0.004607
0.0, 0.0, 0.004637
0.0, 0.0, 0.004652
0.0, 0.0, 0.004663
0.0, 0.0, 0.004674
0.0, 0.0, 0.004683
0.0, 0.0, 0.004654
0.0, 0.0, 0.004601
0.0, 0.0, 0.004563
0.0, 0.0, 0.004558
0.0, 0.0, 0.004513
0.0, 0.0, 0.004449
0.0, 0.0, 0.004412
0.0, 0.0, 0.004431
0.0, 0.0, 0.004407
0.0, 0.0, 0.004413
0.0, 0.0, 0.004410
0.0, 0.0, 0.004397
0.0, 0.0, 0.004360
0.0, 0.0, 0.004355
0.0, 0.0, 0.004362
0.0, 0.0, 0.004363
0.0, 0.0, 0.004286
0.0, 0.0, 0.004087
0.0, 0.0, 0.003948
0.0, 0.0, 0.003906
0.0, 0.0, 0.003913
0.0, 0.0, 0.003948
0.0, 0.0, 0.004020
0.0, 0.0, 0.004096
0.0, 0.0, 0.004113
0.0, 0.0, 0.004039
0.0, 0.0, 0.003926
0.0, 0.0, 0.003872
0.0, 0.0, 0.003806
0.0, 0.0, 0.003800
0.0, 0.0, 0.004056
0.0, 0.0, 0.005397
0.0, 0.0, 0.004726
0.0, 0.0, 0.004685
0.0, 0.0, 0.004656
0.0, 0.0, 0.004630
0.0, 0.0, 0.004596
0.0, 0.0, 0.004493
0.0, 0.0, 0.004402
0.0, 0.0, 0.004419
0.0, 0.0, 0.004408
0.0, 0.0, 0.004403
0.0, 0.0, 0.004397
0.0, 0.0, 0.004398
0.0, 0.0, 0.004409
0.0, 0.0, 0.004422
0.0, 0.0, 0.004440
0.0, 0.0, 0.004459
0.0, 0.0, 0.004475
0.0, 0.0, 0.004502
0.0, 0.0, 0.004544
0.0, 0.0, 0.004589
0.0, 0.0, 0.004636
0.0, 0.0, 0.004643
0.0, 0.0, 0.004648
0.0, 0.0, 0.004609
0.0, 0.0, 0.004543
0.0, 0.0, 0.004476
0.0, 0.0, 0.004431
0.0, 0.0, 0.004403
0.0, 0.0, 0.004367
0.0, 0.0, 0.004321
0.0, 0.0, 0.004318
0.0, 0.0, 0.004317
0.0, 0.0, 0.004331
0.0, 0.0, 0.004332
0.0, 0.0, 0.004304
0.0, 0.0, 0.004273
0.0, 0.0, 0.004256
0.0, 0.0, 0.004278
0.0, 0.0, 0.004323
0.0, 0.0, 0.004312
0.0, 0.0, 0.004148
0.0, 0.0, 0.003997
0.0, 0.0, 0.003966
0.0, 0.0, 0.003967
0.0, 0.0, 0.003984
0.0, 0.0, 0.004042
0.0, 0.0, 0.004126
0.0, 0.0, 0.004187
0.0, 0.0, 0.004156
0.0, 0.0, 0.004005
0.0, 0.0, 0.003894
0.0, 0.0, 0.003887
0.0, 0.0, 0.003986
0.0, 0.0, 0.004131
0.0, 0.0, 0.004125
0.0, 0.0, 0.004703
0.0, 0.0, 0.004680
0.0, 0.0, 0.004632
0.0, 0.0, 0.004587
0.0, 0.0, 0.004489
0.0, 0.0, 0.004385
0.0, 0.0, 0.004390
0.0, 0.0, 0.004372
0.0, 0.0, 0.004363
0.0, 0.0, 0.004340
0.0, 0.0, 0.004335
0.0, 0.0, 0.004330
0.0, 0.0, 0.004336
0.0, 0.0, 0.004359
0.0, 0.0, 0.004381
0.0, 0.0, 0.004401
0.0, 0.0, 0.004414
0.0, 0.0, 0.004423
0.0, 0.0, 0.004433
0.0, 0.0, 0.004483
0.0, 0.0, 0.004575
0.0, 0.0, 0.004609
0.0, 0.0, 0.004626
0.0, 0.0, 0.004597
0.0, 0.0, 0.004515
0.0, 0.0, 0.004397
0.0, 0.0, 0.004327
0.0, 0.0, 0.004269
0.0, 0.0, 0.004257
0.0, 0.0, 0.004240
0.0, 0.0, 0.004216
0.0, 0.0, 0.004197
0.0, 0.0, 0.004190
0.0, 0.0, 0.004201
0.0, 0.0, 0.004196
0.0, 0.0, 0.004186
0.0, 0.0, 0.004176
0.0, 0.0, 0.004177
0.0, 0.0, 0.004225
0.0, 0.0, 0.004275
0.0, 0.0, 0.004160
0.0, 0.0, 0.003974
0.0, 0.0, 0.003935
0.0, 0.0, 0.003945
0.0, 0.0, 0.003959
0.0, 0.0, 0.003994
0.0, 0.0, 0.004061
0.0, 0.0, 0.004122
0.0, 0.0, 0.004094
0.0, 0.0, 0.003938
0.0, 0.0, 0.003855
0.0, 0.0, 0.003828
0.0, 0.0, 0.003843
0.0, 0.0, 0.004080
0.0, 0.0, 0.004468
0.0, 0.0, 0.004730
0.0, 0.0, 0.004681
0.0, 0.0, 0.004649
0.0, 0.0, 0.004627
0.0, 0.0, 0.004566
0.0, 0.0, 0.004446
0.0, 0.0, 0.004383
0.0, 0.0, 0.004339
0.0, 0.0, 0.004328
0.0, 0.0, 0.004307
0.0, 0.0, 0.004301
0.0, 0.0, 0.004295
0.0, 0.0, 0.004281
0.0, 0.0, 0.004297
0.0, 0.0, 0.004311
0.0, 0.0, 0.004326
0.0, 0.0, 0.004341
0.0, 0.0, 0.004360
0.0, 0.0, 0.004378
0.0, 0.0, 0.004422
0.0, 0.0, 0.004495
0.0, 0.0, 0.004557
0.0, 0.0, 0.004584
0.0, 0.0, 0.004574
0.0, 0.0, 0.004507
0.0, 0.0, 0.004368
0.0, 0.0, 0.004280
0.0, 0.0, 0.004198
0.0, 0.0, 0.004181
0.0, 0.0, 0.004164
0.0, 0.0, 0.004150
0.0, 0.0, 0.004122
0.0, 0.0, 0.004095
0.0, 0.0, 0.004096
0.0, 0.0, 0.004114
0.0, 0.0, 0.004099
0.0, 0.0, 0.004081
0.0, 0.0, 0.004071
0.0, 0.0, 0.004107
0.0, 0.0, 0.004189
0.0, 0.0, 0.004169
0.0, 0.0, 0.004008
0.0, 0.0, 0.003991
0.0, 0.0, 0.004027
0.0, 0.0, 0.004037
0.0, 0.0, 0.004026
0.0, 0.0, 0.004053
0.0, 0.0, 0.004121
0.0, 0.0, 0.004143
0.0, 0.0, 0.004002
0.0, 0.0, 0.003929
0.0, 0.0, 0.003920
0.0, 0.0, 0.003896
0.0, 0.0, 0.003988
0.0, 0.0, 0.004177
0.0, 0.0, 0.004834
0.0, 0.0, 0.004750
0.0, 0.0, 0.004680
0.0, 0.0, 0.004624
0.0, 0.0, 0.004574
0.0, 0.0, 0.004460
0.0, 0.0, 0.004273
0.0, 0.0, 0.004293
0.0, 0.0, 0.004278
0.0, 0.0, 0.004276
0.0, 0.0, 0.004256
0.0, 0.0, 0.004250
0.0, 0.0, 0.004258
0.0, 0.0, 0.004272
0.0, 0.0, 0.004282
0.0, 0.0, 0.004285
0.0, 0.0, 0.004299
0.0, 0.0, 0.004306
0.0, 0.0, 0.004343
0.0, 0.0, 0.004382
0.0, 0.0, 0.004410
0.0, 0.0, 0.004474
0.0, 0.0, 0.004540
0.0, 0.0, 0.004560
0.0, 0.0, 0.004511
0.0, 0.0, 0.004414
0.0, 0.0, 0.004273
0.0, 0.0, 0.004173
0.0, 0.0, 0.004118
0.0, 0.0, 0.004089
0.0, 0.0, 0.004062
0.0, 0.0, 0.004051
0.0, 0.0, 0.004001
0.0, 0.0, 0.003997
0.0, 0.0, 0.004023
0.0, 0.0, 0.004022
0.0, 0.0, 0.004003
0.0, 0.0, 0.004002
0.0, 0.0, 0.004046
0.0, 0.0, 0.004123
0.0, 0.0, 0.004095
0.0, 0.0, 0.003964
0.0, 0.0, 0.003972
0.0, 0.0, 0.004041
0.0, 0.0, 0.004073
0.0, 0.0, 0.004060
0.0, 0.0, 0.004060
0.0, 0.0, 0.004093
0.0, 0.0, 0.004130
0.0, 0.0, 0.004069
0.0, 0.0, 0.003967
0.0, 0.0, 0.003899
0.0, 0.0, 0.003901
0.0, 0.0, 0.004020
0.0, 0.0, 0.004220
0.0, 0.0, 0.004987
0.0, 0.0, 0.004919
0.0, 0.0, 0.004832
0.0, 0.0, 0.004735
0.0, 0.0, 0.004616
0.0, 0.0, 0.004410
0.0, 0.0, 0.004345
0.0, 0.0, 0.004308
0.0, 0.0, 0.004290
0.0, 0.0, 0.004293
0.0, 0.0, 0.004282
0.0, 0.0, 0.004259
0.0, 0.0, 0.004238
0.0, 0.0, 0.004262
0.0, 0.0, 0.004251
0.0, 0.0, 0.004250
0.0, 0.0, 0.004255
0.0, 0.0, 0.004264
0.0, 0.0, 0.004293
0.0, 0.0, 0.004261
0.0, 0.0, 0.004298
0.0, 0.0, 0.004363
0.0, 0.0, 0.004430
0.0, 0.0, 0.004484
0.0, 0.0, 0.004458
0.0, 0.0, 0.004498
0.0, 0.0, 0.004394
0.0, 0.0, 0.004287
0.0, 0.0, 0.004187
0.0, 0.0, 0.004089
0.0, 0.0, 0.004025
0.0, 0.0, 0.003988
0.0, 0.0, 0.003967
0.0, 0.0, 0.003953
0.0, 0.0, 0.003966
0.0, 0.0, 0.003965
0.0, 0.0, 0.003946
0.0, 0.0, 0.003979
0.0, 0.0, 0.004048
0.0, 0.0, 0.004098
0.0, 0.0, 0.004014
0.0, 0.0, 0.003913
0.0, 0.0, 0.003937
0.0, 0.0, 0.003995
0.0, 0.0, 0.004046
0.0, 0.0, 0.004053
0.0, 0.0, 0.004068
0.0, 0.0, 0.004055
0.0, 0.0, 0.004024
0.0, 0.0, 0.004034
0.0, 0.0, 0.003969
0.0, 0.0, 0.003884
0.0, 0.0, 0.003918
0.0, 0.0, 0.004026
0.0, 0.0, 0.004171
0.0, 0.0, 0.004936
0.0, 0.0, 0.004921
0.0, 0.0, 0.004930
0.0, 0.0, 0.004990
0.0, 0.0, 0.005048
0.0, 0.0, 0.004851
0.0, 0.0, 0.004465
0.0, 0.0, 0.004513
0.0, 0.0, 0.004463
0.0, 0.0, 0.004418
0.0, 0.0, 0.004289
0.0, 0.0, 0.004300
0.0, 0.0, 0.004240
0.0, 0.0, 0.004261
0.0, 0.0, 0.004262
0.0, 0.0, 0.004274
0.0, 0.0, 0.004276
0.0, 0.0, 0.004261
0.0, 0.0, 0.004233
0.0, 0.0, 0.004180
0.0, 0.0, 0.004178
0.0, 0.0, 0.004269
0.0, 0.0, 0.004308
0.0, 0.0, 0.004377
0.0, 0.0, 0.004413
0.0, 0.0, 0.004486
0.0, 0.0, 0.004493
0.0, 0.0, 0.004438
0.0, 0.0, 0.004338
0.0, 0.0, 0.004208
0.0, 0.0, 0.004072
0.0, 0.0, 0.003973
0.0, 0.0, 0.003944
0.0, 0.0, 0.003945
0.0, 0.0, 0.003939
0.0, 0.0, 0.003939
0.0, 0.0, 0.003933
0.0, 0.0, 0.003977
0.0, 0.0, 0.004040
0.0, 0.0, 0.004003
0.0, 0.0, 0.003887
0.0, 0.0, 0.003867
0.0, 0.0, 0.003893
0.0, 0.0, 0.003917
0.0, 0.0, 0.003930
0.0, 0.0, 0.003921
0.0, 0.0, 0.003951
0.0, 0.0, 0.003893
0.0, 0.0, 0.003819
0.0, 0.0, 0.003866
0.0, 0.0, 0.003817
0.0, 0.0, 0.003777
0.0, 0.0, 0.003869
0.0, 0.0, 0.004026
0.0, 0.0, 0.004157
0.0, 0.0, 0.004910
0.0, 0.0, 0.004864
0.0, 0.0, 0.004814
0.0, 0.0, 0.004752
0.0, 0.0, 0.004709
0.0, 0.0, 0.004693
0.0, 0.0, 0.004672
0.0, 0.0, 0.004655
0.0, 0.0, 0.004716
0.0, 0.0, 0.004814
0.0, 0.0, 0.004327
0.0, 0.0, 0.004389
0.0, 0.0, 0.004316
0.0, 0.0, 0.004306
0.0, 0.0, 0.004291
0.0, 0.0, 0.004297
0.0, 0.0, 0.004287
0.0, 0.0, 0.004272
0.0, 0.0, 0.004182
0.0, 0.0, 0.004116
0.0, 0.0, 0.004106
0.0, 0.0, 0.004157
0.0, 0.0, 0.004237
0.0, 0.0, 0.004315
0.0, 0.0, 0.004344
0.0, 0.0, 0.004395
0.0, 0.0, 0.004380
0.0, 0.0, 0.004331
0.0, 0.0, 0.004279
0.0, 0.0, 0.004223
0.0, 0.0, 0.004118
0.0, 0.0, 0.003994
0.0, 0.0, 0.003925
0.0, 0.0, 0.003914
0.0, 0.0, 0.003916
0.0, 0.0, 0.003940
0.0, 0.0, 0.003974
0.0, 0.0, 0.003980
0.0, 0.0, 0.003942
0.0, 0.0, 0.003835
0.0, 0.0, 0.003789
0.0, 0.0, 0.003820
0.0, 0.0, 0.003834
0.0, 0.0, 0.003830
0.0, 0.0, 0.003784
0.0, 0.0, 0.003734
0.0, 0.0, 0.003748
0.0, 0.0, 0.003704
0.0, 0.0, 0.003699
0.0, 0.0, 0.003755
0.0, 0.0, 0.003721
0.0, 0.0, 0.003705
0.0, 0.0, 0.003816
0.0, 0.0, 0.003989
0.0, 0.0, 0.004082
0.0, 0.0, 0.004984
0.0, 0.0, 0.004958
0.0, 0.0, 0.004933
0.0, 0.0, 0.004884
0.0, 0.0, 0.004840
0.0, 0.0, 0.004826
0.0, 0.0, 0.004798
0.0, 0.0, 0.004742
0.0, 0.0, 0.004655
0.0, 0.0, 0.004514
0.0, 0.0, 0.004526
0.0, 0.0, 0.004431
0.0, 0.0, 0.004410
0.0, 0.0, 0.004347
0.0, 0.0, 0.004332
0.0, 0.0, 0.004316
0.0, 0.0, 0.004276
0.0, 0.0, 0.004207
0.0, 0.0, 0.004129
0.0, 0.0, 0.004069
0.0, 0.0, 0.004042
0.0, 0.0, 0.004040
0.0, 0.0, 0.004137
0.0, 0.0, 0.004250
0.0, 0.0, 0.004234
0.0, 0.0, 0.004285
0.0, 0.0, 0.004268
0.0, 0.0, 0.004064
0.0, 0.0, 0.004017
0.0, 0.0, 0.003976
0.0, 0.0, 0.003957
0.0, 0.0, 0.003927
0.0, 0.0, 0.003857
0.0, 0.0, 0.003838
0.0, 0.0, 0.003867
0.0, 0.0, 0.003926
0.0, 0.0, 0.003976
0.0, 0.0, 0.003909
0.0, 0.0, 0.003739
0.0, 0.0, 0.003666
0.0, 0.0, 0.003692
0.0, 0.0, 0.003723
0.0, 0.0, 0.003744
0.0, 0.0, 0.003740
0.0, 0.0, 0.003714
0.0, 0.0, 0.003669
0.0, 0.0, 0.003606
0.0, 0.0, 0.003568
0.0, 0.0, 0.003605
0.0, 0.0, 0.003697
0.0, 0.0, 0.003692
0.0, 0.0, 0.003655
0.0, 0.0, 0.003786
0.0, 0.0, 0.003959
0.0, 0.0, 0.003982
0.0, 0.0, 0.004879
0.0, 0.0, 0.004866
0.0, 0.0, 0.004867
0.0, 0.0, 0.004869
0.0, 0.0, 0.004861
0.0, 0.0, 0.004854
0.0, 0.0, 0.004894
0.0, 0.0, 0.004957
0.0, 0.0, 0.005031
0.0, 0.0, 0.004538
0.0, 0.0, 0.004596
0.0, 0.0, 0.004509
0.0, 0.0, 0.004484
0.0, 0.0, 0.004408
0.0, 0.0, 0.004364
0.0, 0.0, 0.004322
0.0, 0.0, 0.004293
0.0, 0.0, 0.004182
0.0, 0.0, 0.004085
0.0, 0.0, 0.004014
0.0, 0.0, 0.004002
0.0, 0.0, 0.003966
0.0, 0.0, 0.004020
0.0, 0.0, 0.004138
0.0, 0.0, 0.004168
0.0, 0.0, 0.004165
0.0, 0.0, 0.004128
0.0, 0.0, 0.003975
0.0, 0.0, 0.003894
0.0, 0.0, 0.003874
0.0, 0.0, 0.003831
0.0, 0.0, 0.003789
0.0, 0.0, 0.003755
0.0, 0.0, 0.003736
0.0, 0.0, 0.003769
0.0, 0.0, 0.003837
0.0, 0.0, 0.003881
0.0, 0.0, 0.003763
0.0, 0.0, 0.003544
0.0, 0.0, 0.003510
0.0, 0.0, 0.003546
0.0, 0.0, 0.003600
0.0, 0.0, 0.003645
0.0, 0.0, 0.003670
0.0, 0.0, 0.003669
0.0, 0.0, 0.003634
0.0, 0.0, 0.003591
0.0, 0.0, 0.003552
0.0, 0.0, 0.003590
0.0, 0.0, 0.003694
0.0, 0.0, 0.003674
0.0, 0.0, 0.003653
0.0, 0.0, 0.003792
0.0, 0.0, 0.003980
0.0, 0.0, 0.003909
0.0, 0.0, 0.004951
0.0, 0.0, 0.004887
0.0, 0.0, 0.004858
0.0, 0.0, 0.004836
0.0, 0.0, 0.004814
0.0, 0.0, 0.004772
0.0, 0.0, 0.004750
0.0, 0.0, 0.004853
0.0, 0.0, 0.004981
0.0, 0.0, 0.004617
0.0, 0.0, 0.004629
0.0, 0.0, 0.004568
0.0, 0.0, 0.004536
0.0, 0.0, 0.004474
0.0, 0.0, 0.004406
0.0, 0.0, 0.004298
0.0, 0.0, 0.004243
0.0, 0.0, 0.004182
0.0, 0.0, 0.004080
0.0, 0.0, 0.003970
0.0, 0.0, 0.003904
0.0, 0.0, 0.003886
0.0, 0.0, 0.003911
0.0, 0.0, 0.004007
0.0, 0.0, 0.004044
0.0, 0.0, 0.004043
0.0, 0.0, 0.003991
0.0, 0.0, 0.003927
0.0, 0.0, 0.003808
0.0, 0.0, 0.003782
0.0, 0.0, 0.003762
0.0, 0.0, 0.003754
0.0, 0.0, 0.003730
0.0, 0.0, 0.003687
0.0, 0.0, 0.003678
0.0, 0.0, 0.003718
0.0, 0.0, 0.003751
0.0, 0.0, 0.003644
0.0, 0.0, 0.003438
0.0, 0.0, 0.003400
0.0, 0.0, 0.003433
0.0, 0.0, 0.003498
0.0, 0.0, 0.003566
0.0, 0.0, 0.003624
0.0, 0.0, 0.003623
0.0, 0.0, 0.003582
0.0, 0.0, 0.003564
0.0, 0.0, 0.003584
0.0, 0.0, 0.003634
0.0, 0.0, 0.003688
0.0, 0.0, 0.003654
0.0, 0.0, 0.003654
0.0, 0.0, 0.003785
0.0, 0.0, 0.003947
0.0, 0.0, 0.003829
0.0, 0.0, 0.004904
0.0, 0.0, 0.004904
0.0, 0.0, 0.004839
0.0, 0.0, 0.004878
0.0, 0.0, 0.004827
0.0, 0.0, 0.004781
0.0, 0.0, 0.004712
0.0, 0.0, 0.004677
0.0, 0.0, 0.004668
0.0, 0.0, 0.004695
0.0, 0.0, 0.004693
0.0, 0.0, 0.004678
0.0, 0.0, 0.004633
0.0, 0.0, 0.004543
0.0, 0.0, 0.004464
0.0, 0.0, 0.004337
0.0, 0.0, 0.004287
0.0, 0.0, 0.004207
0.0, 0.0, 0.004137
0.0, 0.0, 0.004008
0.0, 0.0, 0.003952
0.0, 0.0, 0.003952
0.0, 0.0, 0.003951
0.0, 0.0, 0.003987
0.0, 0.0, 0.004003
0.0, 0.0, 0.003945
0.0, 0.0, 0.003894
0.0, 0.0, 0.003837
0.0, 0.0, 0.003745
0.0, 0.0, 0.003685
0.0, 0.0, 0.003701
0.0, 0.0, 0.003737
0.0, 0.0, 0.003751
0.0, 0.0, 0.003710
0.0, 0.0, 0.003631
0.0, 0.0, 0.003613
0.0, 0.0, 0.003666
0.0, 0.0, 0.003622
0.0, 0.0, 0.003465
0.0, 0.0, 0.003384
0.0, 0.0, 0.003395
0.0, 0.0, 0.003450
0.0, 0.0, 0.003510
0.0, 0.0, 0.003542
0.0, 0.0, 0.003503
0.0, 0.0, 0.003428
0.0, 0.0, 0.003484
0.0, 0.0, 0.003641
0.0, 0.0, 0.003719
0.0, 0.0, 0.003671
0.0, 0.0, 0.003618
0.0, 0.0, 0.003635
0.0, 0.0, 0.003748
0.0, 0.0, 0.003849
0.0, 0.0, 0.003722
0.0, 0.0, 0.004863
0.0, 0.0, 0.004826
0.0, 0.0, 0.004781
0.0, 0.0, 0.004783
0.0, 0.0, 0.004774
0.0, 0.0, 0.004762
0.0, 0.0, 0.004731
0.0, 0.0, 0.004724
0.0, 0.0, 0.004716
0.0, 0.0, 0.004712
0.0, 0.0, 0.004702
0.0, 0.0, 0.004699
0.0, 0.0, 0.004674
0.0, 0.0, 0.004610
0.0, 0.0, 0.004521
0.0, 0.0, 0.004427
0.0, 0.0, 0.004359
0.0, 0.0, 0.004281
0.0, 0.0, 0.004208
0.0, 0.0, 0.004083
0.0, 0.0, 0.004011
0.0, 0.0, 0.004019
0.0, 0.0, 0.004049
0.0, 0.0, 0.004086
0.0, 0.0, 0.004094
0.0, 0.0, 0.004015
0.0, 0.0, 0.003917
0.0, 0.0, 0.003841
0.0, 0.0, 0.003759
0.0, 0.0, 0.003654
0.0, 0.0, 0.003660
0.0, 0.0, 0.003718
0.0, 0.0, 0.003791
0.0, 0.0, 0.003798
0.0, 0.0, 0.003704
0.0, 0.0, 0.003603
0.0, 0.0, 0.003621
0.0, 0.0, 0.003627
0.0, 0.0, 0.003530
0.0, 0.0, 0.003448
0.0, 0.0, 0.003422
0.0, 0.0, 0.003437
0.0, 0.0, 0.003477
0.0, 0.0, 0.003501
0.0, 0.0, 0.003425
0.0, 0.0, 0.003262
0.0, 0.0, 0.003350
0.0, 0.0, 0.003600
0.0, 0.0, 0.003737
0.0, 0.0, 0.003591
0.0, 0.0, 0.003509
0.0, 0.0, 0.003541
0.0, 0.0, 0.003640
0.0, 0.0, 0.003759
0.0, 0.0, 0.003672
0.0, 0.0, 0.004810
0.0, 0.0, 0.004782
0.0, 0.0, 0.004781
0.0, 0.0, 0.004769
0.0, 0.0, 0.004791
0.0, 0.0, 0.004785
0.0, 0.0, 0.004776
0.0, 0.0, 0.004771
0.0, 0.0, 0.004765
0.0, 0.0, 0.004767
0.0, 0.0, 0.004774
0.0, 0.0, 0.004739
0.0, 0.0, 0.004617
0.0, 0.0, 0.004583
0.0, 0.0, 0.004516
0.0, 0.0, 0.004444
0.0, 0.0, 0.004366
0.0, 0.0, 0.004286
0.0, 0.0, 0.004227
0.0, 0.0, 0.004160
0.0, 0.0, 0.004115
0.0, 0.0, 0.004109
0.0, 0.0, 0.004134
0.0, 0.0, 0.004144
0.0, 0.0, 0.004128
0.0, 0.0, 0.004085
0.0, 0.0, 0.004006
0.0, 0.0, 0.003948
0.0, 0.0, 0.003879
0.0, 0.0, 0.003798
0.0, 0.0, 0.003756
0.0, 0.0, 0.003748
0.0, 0.0, 0.003789
0.0, 0.0, 0.003826
0.0, 0.0, 0.003780
0.0, 0.0, 0.003649
0.0, 0.0, 0.003626
0.0, 0.0, 0.003600
0.0, 0.0, 0.003510
0.0, 0.0, 0.003473
0.0, 0.0, 0.003457
0.0, 0.0, 0.003412
0.0, 0.0, 0.003430
0.0, 0.0, 0.003489
0.0, 0.0, 0.003418
0.0, 0.0, 0.003248
0.0, 0.0, 0.003345
0.0, 0.0, 0.003536
0.0, 0.0, 0.003638
0.0, 0.0, 0.003450
0.0, 0.0, 0.003368
0.0, 0.0, 0.003417
0.0, 0.0, 0.003510
0.0, 0.0, 0.003688
0.0, 0.0, 0.003689
0.0, 0.0, 0.004768
0.0, 0.0, 0.004751
0.0, 0.0, 0.004745
0.0, 0.0, 0.004762
0.0, 0.0, 0.004785
0.0, 0.0, 0.004807
0.0, 0.0, 0.004818
0.0, 0.0, 0.004790
0.0, 0.0, 0.004765
0.0, 0.0, 0.004782
0.0, 0.0, 0.004818
0.0, 0.0, 0.004805
0.0, 0.0, 0.004707
0.0, 0.0, 0.004636
0.0, 0.0, 0.004577
0.0, 0.0, 0.004506
0.0, 0.0, 0.004424
0.0, 0.0, 0.004342
0.0, 0.0, 0.004261
0.0, 0.0, 0.004201
0.0, 0.0, 0.004132
0.0, 0.0, 0.004124
0.0, 0.0, 0.004168
0.0, 0.0, 0.004111
0.0, 0.0, 0.004124
0.0, 0.0, 0.004091
0.0, 0.0, 0.004061
0.0, 0.0, 0.004058
0.0, 0.0, 0.004032
0.0, 0.0, 0.003939
0.0, 0.0, 0.003880
0.0, 0.0, 0.003796
0.0, 0.0, 0.003767
0.0, 0.0, 0.003765
0.0, 0.0, 0.003769
0.0, 0.0, 0.003652
0.0, 0.0, 0.003686
0.0, 0.0, 0.003617
0.0, 0.0, 0.003462
0.0, 0.0, 0.003456
0.0, 0.0, 0.003459
0.0, 0.0, 0.003404
0.0, 0.0, 0.003377
0.0, 0.0, 0.003410
0.0, 0.0, 0.003362
0.0, 0.0, 0.003286
0.0, 0.0, 0.003352
0.0, 0.0, 0.003507
0.0, 0.0, 0.003464
0.0, 0.0, 0.003273
0.0, 0.0, 0.003284
0.0, 0.0, 0.003363
0.0, 0.0, 0.003474
0.0, 0.0, 0.003628
0.0, 0.0, 0.003684
0.0, 0.0, 0.004786
0.0, 0.0, 0.004745
0.0, 0.0, 0.004758
0.0, 0.0, 0.004770
0.0, 0.0, 0.004787
0.0, 0.0, 0.004819
0.0, 0.0, 0.004834
0.0, 0.0, 0.004806
0.0, 0.0, 0.004753
0.0, 0.0, 0.004746
0.0, 0.0, 0.004792
0.0, 0.0, 0.004765
0.0, 0.0, 0.004736
0.0, 0.0, 0.004591
0.0, 0.0, 0.004524
0.0, 0.0, 0.004458
0.0, 0.0, 0.004405
0.0, 0.0, 0.004324
0.0, 0.0, 0.004256
0.0, 0.0, 0.004193
0.0, 0.0, 0.004150
0.0, 0.0, 0.004092
0.0, 0.0, 0.004103
0.0, 0.0, 0.004082
0.0, 0.0, 0.004048
0.0, 0.0, 0.004011
0.0, 0.0, 0.003983
0.0, 0.0, 0.003953
0.0, 0.0, 0.003955
0.0, 0.0, 0.003878
0.0, 0.0, 0.003830
0.0, 0.0, 0.003736
0.0, 0.0, 0.003651
0.0, 0.0, 0.003611
0.0, 0.0, 0.003632
0.0, 0.0, 0.003556
0.0, 0.0, 0.003739
0.0, 0.0, 0.003712
0.0, 0.0, 0.003467
0.0, 0.0, 0.003433
0.0, 0.0, 0.003408
0.0, 0.0, 0.003393
0.0, 0.0, 0.003330
0.0, 0.0, 0.003317
0.0, 0.0, 0.003304
0.0, 0.0, 0.003325
0.0, 0.0, 0.003392
0.0, 0.0, 0.003436
0.0, 0.0, 0.003311
0.0, 0.0, 0.003175
0.0, 0.0, 0.003250
0.0, 0.0, 0.003350
0.0, 0.0, 0.003440
0.0, 0.0, 0.003542
0.0, 0.0, 0.003650
0.0, 0.0, 0.004779
0.0, 0.0, 0.004795
0.0, 0.0, 0.004799
0.0, 0.0, 0.004777
0.0, 0.0, 0.004772
0.0, 0.0, 0.004780
0.0, 0.0, 0.004781
0.0, 0.0, 0.004759
0.0, 0.0, 0.004707
0.0, 0.0, 0.004639
0.0, 0.0, 0.004663
0.0, 0.0, 0.004591
0.0, 0.0, 0.004548
0.0, 0.0, 0.004430
0.0, 0.0, 0.004322
0.0, 0.0, 0.004264
0.0, 0.0, 0.004245
0.0, 0.0, 0.004199
0.0, 0.0, 0.004174
0.0, 0.0, 0.004124
0.0, 0.0, 0.004125
0.0, 0.0, 0.004113
0.0, 0.0, 0.004080
0.0, 0.0, 0.004033
0.0, 0.0, 0.004049
0.0, 0.0, 0.003994
0.0, 0.0, 0.003956
0.0, 0.0, 0.003925
0.0, 0.0, 0.003868
0.0, 0.0, 0.003809
0.0, 0.0, 0.003744
0.0, 0.0, 0.003633
0.0, 0.0, 0.003515
0.0, 0.0, 0.003426
0.0, 0.0, 0.003401
0.0, 0.0, 0.003489
0.0, 0.0, 0.003560
0.0, 0.0, 0.003578
0.0, 0.0, 0.003488
0.0, 0.0, 0.003373
0.0, 0.0, 0.003340
0.0, 0.0, 0.003289
0.0, 0.0, 0.003255
0.0, 0.0, 0.003244
0.0, 0.0, 0.003278
0.0, 0.0, 0.003310
0.0, 0.0, 0.003343
0.0, 0.0, 0.003317
0.0, 0.0, 0.003283
0.0, 0.0, 0.003190
0.0, 0.0, 0.003258
0.0, 0.0, 0.003333
0.0, 0.0, 0.003405
0.0, 0.0, 0.003482
0.0, 0.0, 0.003606
0.0, 0.0, 0.004776
0.0, 0.0, 0.004769
0.0, 0.0, 0.004782
0.0, 0.0, 0.004753
0.0, 0.0, 0.004726
0.0, 0.0, 0.004675
0.0, 0.0, 0.004627
0.0, 0.0, 0.004585
0.0, 0.0, 0.004579
0.0, 0.0, 0.004587
0.0, 0.0, 0.004541
0.0, 0.0, 0.004484
0.0, 0.0, 0.004405
0.0, 0.0, 0.004359
0.0, 0.0, 0.004380
0.0, 0.0, 0.004357
0.0, 0.0, 0.004324
0.0, 0.0, 0.004265
0.0, 0.0, 0.004192
0.0, 0.0, 0.004105
0.0, 0.0, 0.004108
0.0, 0.0, 0.004134
0.0, 0.0, 0.004031
0.0, 0.0, 0.003948
0.0, 0.0, 0.003980
0.0, 0.0, 0.003957
0.0, 0.0, 0.003907
0.0, 0.0, 0.003901
0.0, 0.0, 0.003813
0.0, 0.0, 0.003704
0.0, 0.0, 0.003634
0.0, 0.0, 0.003577
0.0, 0.0, 0.003499
0.0, 0.0, 0.003445
0.0, 0.0, 0.003406
0.0, 0.0, 0.003515
0.0, 0.0, 0.003492
0.0, 0.0, 0.003520
0.0, 0.0, 0.003534
0.0, 0.0, 0.003261
0.0, 0.0, 0.003261
0.0, 0.0, 0.003202
0.0, 0.0, 0.003183
0.0, 0.0, 0.003138
0.0, 0.0, 0.003110
0.0, 0.0, 0.003081
0.0, 0.0, 0.003117
0.0, 0.0, 0.003108
0.0, 0.0, 0.003133
0.0, 0.0, 0.003216
0.0, 0.0, 0.003306
0.0, 0.0, 0.003370
0.0, 0.0, 0.003432
0.0, 0.0, 0.003463
0.0, 0.0, 0.003528
0.0, 0.0, 0.004781
0.0, 0.0, 0.004745
0.0, 0.0, 0.004747
0.0, 0.0, 0.004750
0.0, 0.0, 0.004692
0.0, 0.0, 0.004603
0.0, 0.0, 0.004548
0.0, 0.0, 0.004524
0.0, 0.0, 0.004462
0.0, 0.0, 0.004326
0.0, 0.0, 0.004275
0.0, 0.0, 0.004317
0.0, 0.0, 0.004315
0.0, 0.0, 0.004237
0.0, 0.0, 0.004221
0.0, 0.0, 0.004205
0.0, 0.0, 0.004189
0.0, 0.0, 0.004170
0.0, 0.0, 0.004137
0.0, 0.0, 0.004110
0.0, 0.0, 0.004088
0.0, 0.0, 0.004086
0.0, 0.0, 0.004044
0.0, 0.0, 0.003937
0.0, 0.0, 0.003912
0.0, 0.0, 0.003893
0.0, 0.0, 0.003844
0.0, 0.0, 0.003839
0.0, 0.0, 0.003756
0.0, 0.0, 0.003634
0.0, 0.0, 0.003586
0.0, 0.0, 0.003587
0.0, 0.0, 0.003529
0.0, 0.0, 0.003534
0.0, 0.0, 0.003419
0.0, 0.0, 0.003458
0.0, 0.0, 0.003478
0.0, 0.0, 0.003521
0.0, 0.0, 0.003572
0.0, 0.0, 0.003291
0.0, 0.0, 0.003270
0.0, 0.0, 0.003199
0.0, 0.0, 0.003136
0.0, 0.0, 0.003111
0.0, 0.0, 0.003070
0.0, 0.0, 0.003035
0.0, 0.0, 0.003065
0.0, 0.0, 0.003082
0.0, 0.0, 0.003127
0.0, 0.0, 0.003203
0.0, 0.0, 0.003336
0.0, 0.0, 0.003400
0.0, 0.0, 0.003459
0.0, 0.0, 0.003440
0.0, 0.0, 0.003486
0.0, 0.0, 0.004659
0.0, 0.0, 0.004665
0.0, 0.0, 0.004628
0.0, 0.0, 0.004602
0.0, 0.0, 0.004562
0.0, 0.0, 0.004468
0.0, 0.0, 0.004396
0.0, 0.0, 0.004419
0.0, 0.0, 0.004394
0.0, 0.0, 0.004337
0.0, 0.0, 0.004278
0.0, 0.0, 0.004237
0.0, 0.0, 0.004201
0.0, 0.0, 0.004146
0.0, 0.0, 0.004140
0.0, 0.0, 0.004122
0.0, 0.0, 0.004113
0.0, 0.0, 0.004092
0.0, 0.0, 0.004066
0.0, 0.0, 0.004061
0.0, 0.0, 0.004018
0.0, 0.0, 0.004007
0.0, 0.0, 0.003987
0.0, 0.0, 0.003877
0.0, 0.0, 0.003839
0.0, 0.0, 0.003784
0.0, 0.0, 0.003757
0.0, 0.0, 0.003681
0.0, 0.0, 0.003629
0.0, 0.0, 0.003550
0.0, 0.0, 0.003525
0.0, 0.0, 0.003533
0.0, 0.0, 0.003509
0.0, 0.0, 0.003597
0.0, 0.0, 0.003470
0.0, 0.0, 0.003392
0.0, 0.0, 0.003430
0.0, 0.0, 0.003457
0.0, 0.0, 0.003556
0.0, 0.0, 0.003354
0.0, 0.0, 0.003275
0.0, 0.0, 0.003207
0.0, 0.0, 0.003138
0.0, 0.0, 0.003095
0.0, 0.0, 0.003080
0.0, 0.0, 0.003087
0.0, 0.0, 0.003041
0.0, 0.0, 0.003060
0.0, 0.0, 0.003098
0.0, 0.0, 0.003202
0.0, 0.0, 0.003332
0.0, 0.0, 0.003407
0.0, 0.0, 0.003420
0.0, 0.0, 0.003420
0.0, 0.0, 0.003432
0.0, 0.0, 0.004632
0.0, 0.0, 0.004606
0.0, 0.0, 0.004526
0.0, 0.0, 0.004424
0.0, 0.0, 0.004305
0.0, 0.0, 0.004289
0.0, 0.0, 0.004264
0.0, 0.0, 0.004260
0.0, 0.0, 0.004262
0.0, 0.0, 0.004240
0.0, 0.0, 0.004218
0.0, 0.0, 0.004180
0.0, 0.0, 0.004167
0.0, 0.0, 0.004158
0.0, 0.0, 0.004144
0.0, 0.0, 0.004123
0.0, 0.0, 0.004112
0.0, 0.0, 0.004093
0.0, 0.0, 0.004060
0.0, 0.0, 0.004007
0.0, 0.0, 0.003964
0.0, 0.0, 0.003935
0.0, 0.0, 0.003883
0.0, 0.0, 0.003776
0.0, 0.0, 0.003753
0.0, 0.0, 0.003690
0.0, 0.0, 0.003663
0.0, 0.0, 0.003603
0.0, 0.0, 0.003524
0.0, 0.0, 0.003446
0.0, 0.0, 0.003437
0.0, 0.0, 0.003518
0.0, 0.0, 0.003434
0.0, 0.0, 0.003550
0.0, 0.0, 0.003542
0.0, 0.0, 0.003319
0.0, 0.0, 0.003292
0.0, 0.0, 0.003402
0.0, 0.0, 0.003376
0.0, 0.0, 0.003384
0.0, 0.0, 0.003289
0.0, 0.0, 0.003205
0.0, 0.0, 0.003125
0.0, 0.0, 0.003070
0.0, 0.0, 0.003051
0.0, 0.0, 0.003087
0.0, 0.0, 0.003030
0.0, 0.0, 0.003071
0.0, 0.0, 0.003083
0.0, 0.0, 0.003185
0.0, 0.0, 0.003332
0.0, 0.0, 0.003434
0.0, 0.0, 0.003402
0.0, 0.0, 0.003403
0.0, 0.0, 0.003344
0.0, 0.0, 0.004668
0.0, 0.0, 0.004621
0.0, 0.0, 0.004527
0.0, 0.0, 0.004449
0.0, 0.0, 0.004356
0.0, 0.0, 0.004288
0.0, 0.0, 0.004233
0.0, 0.0, 0.004151
0.0, 0.0, 0.004159
0.0, 0.0, 0.004137
0.0, 0.0, 0.004148
0.0, 0.0, 0.004152
0.0, 0.0, 0.004151
0.0, 0.0, 0.004144
0.0, 0.0, 0.004124
0.0, 0.0, 0.004101
0.0, 0.0, 0.004081
0.0, 0.0, 0.004066
0.0, 0.0, 0.004045
0.0, 0.0, 0.003994
0.0, 0.0, 0.003920
0.0, 0.0, 0.003858
0.0, 0.0, 0.003806
0.0, 0.0, 0.003673
0.0, 0.0, 0.003648
0.0, 0.0, 0.003622
0.0, 0.0, 0.003567
0.0, 0.0, 0.003509
0.0, 0.0, 0.003423
0.0, 0.0, 0.003331
0.0, 0.0, 0.003314
0.0, 0.0, 0.003421
0.0, 0.0, 0.003330
0.0, 0.0, 0.003396
0.0, 0.0, 0.003423
0.0, 0.0, 0.003335
0.0, 0.0, 0.003129
0.0, 0.0, 0.003166
0.0, 0.0, 0.003272
0.0, 0.0, 0.003262
0.0, 0.0, 0.003204
0.0, 0.0, 0.003078
0.0, 0.0, 0.003008
0.0, 0.0, 0.002943
0.0, 0.0, 0.002943
0.0, 0.0, 0.002942
0.0, 0.0, 0.003001
0.0, 0.0, 0.003063
0.0, 0.0, 0.003098
0.0, 0.0, 0.003212
0.0, 0.0, 0.003338
0.0, 0.0, 0.003400
0.0, 0.0, 0.003384
0.0, 0.0, 0.003344
0.0, 0.0, 0.003280
0.0, 0.0, 0.004559
0.0, 0.0, 0.004411
0.0, 0.0, 0.004308
0.0, 0.0, 0.004221
0.0, 0.0, 0.004207
0.0, 0.0, 0.004227
0.0, 0.0, 0.004197
0.0, 0.0, 0.004178
0.0, 0.0, 0.004149
0.0, 0.0, 0.004132
0.0, 0.0, 0.004105
0.0, 0.0, 0.004091
0.0, 0.0, 0.004089
0.0, 0.0, 0.004076
0.0, 0.0, 0.004049
0.0, 0.0, 0.004015
0.0, 0.0, 0.003966
0.0, 0.0, 0.003920
0.0, 0.0, 0.003874
0.0, 0.0, 0.003826
0.0, 0.0, 0.003733
0.0, 0.0, 0.003640
0.0, 0.0, 0.003553
0.0, 0.0, 0.003394
0.0, 0.0, 0.003348
0.0, 0.0, 0.003417
0.0, 0.0, 0.003419
0.0, 0.0, 0.003320
0.0, 0.0, 0.003302
0.0, 0.0, 0.003192
0.0, 0.0, 0.003181
0.0, 0.0, 0.003235
0.0, 0.0, 0.003243
0.0, 0.0, 0.003184
0.0, 0.0, 0.003224
0.0, 0.0, 0.003221
0.0, 0.0, 0.003134
0.0, 0.0, 0.003039
0.0, 0.0, 0.003058
0.0, 0.0, 0.003107
0.0, 0.0, 0.003074
0.0, 0.0, 0.002989
0.0, 0.0, 0.002940
0.0, 0.0, 0.002911
0.0, 0.0, 0.002883
0.0, 0.0, 0.002905
0.0, 0.0, 0.002962
0.0, 0.0, 0.003035
0.0, 0.0, 0.003143
0.0, 0.0, 0.003255
0.0, 0.0, 0.003322
0.0, 0.0, 0.003327
0.0, 0.0, 0.003326
0.0, 0.0, 0.003293
0.0, 0.0, 0.003216
0.0, 0.0, 0.004203
0.0, 0.0, 0.004146
0.0, 0.0, 0.004112
0.0, 0.0, 0.004140
0.0, 0.0, 0.004158
0.0, 0.0, 0.004173
0.0, 0.0, 0.004165
0.0, 0.0, 0.004130
0.0, 0.0, 0.004091
0.0, 0.0, 0.004067
0.0, 0.0, 0.004017
0.0, 0.0, 0.004017
0.0, 0.0, 0.004013
0.0, 0.0, 0.003982
0.0, 0.0, 0.003955
0.0, 0.0, 0.003928
0.0, 0.0, 0.003881
0.0, 0.0, 0.003798
0.0, 0.0, 0.003677
0.0, 0.0, 0.003543
0.0, 0.0, 0.003387
0.0, 0.0, 0.003322
0.0, 0.0, 0.003279
0.0, 0.0, 0.003188
0.0, 0.0, 0.003152
0.0, 0.0, 0.003188
0.0, 0.0, 0.003373
0.0, 0.0, 0.003231
0.0, 0.0, 0.003138
0.0, 0.0, 0.003042
0.0, 0.0, 0.003050
0.0, 0.0, 0.003062
0.0, 0.0, 0.003118
0.0, 0.0, 0.003088
0.0, 0.0, 0.003093
0.0, 0.0, 0.003102
0.0, 0.0, 0.003071
0.0, 0.0, 0.002977
0.0, 0.0, 0.002949
0.0, 0.0, 0.002954
0.0, 0.0, 0.002954
0.0, 0.0, 0.002911
0.0, 0.0, 0.002874
0.0, 0.0, 0.002843
0.0, 0.0, 0.002834
0.0, 0.0, 0.002861
0.0, 0.0, 0.002943
0.0, 0.0, 0.003043
0.0, 0.0, 0.003155
0.0, 0.0, 0.003278
0.0, 0.0, 0.003270
0.0, 0.0, 0.003257
0.0, 0.0, 0.003270
0.0, 0.0, 0.003220
0.0, 0.0, 0.003168
0.0, 0.0, 0.003964
0.0, 0.0, 0.003908
0.0, 0.0, 0.003911
0.0, 0.0, 0.003926
0.0, 0.0, 0.003976
0.0, 0.0, 0.004002
0.0, 0.0, 0.003990
0.0, 0.0, 0.003966
0.0, 0.0, 0.003949
0.0, 0.0, 0.003907
0.0, 0.0, 0.003880
0.0, 0.0, 0.003907
0.0, 0.0, 0.003920
0.0, 0.0, 0.003899
0.0, 0.0, 0.003896
0.0, 0.0, 0.003879
0.0, 0.0, 0.003839
0.0, 0.0, 0.003757
0.0, 0.0, 0.003637
0.0, 0.0, 0.003460
0.0, 0.0, 0.003283
0.0, 0.0, 0.003183
0.0, 0.0, 0.003123
0.0, 0.0, 0.003062
0.0, 0.0, 0.003019
0.0, 0.0, 0.003072
0.0, 0.0, 0.003234
0.0, 0.0, 0.003161
0.0, 0.0, 0.003082
0.0, 0.0, 0.003035
0.0, 0.0, 0.003007
0.0, 0.0, 0.002994
0.0, 0.0, 0.003072
0.0, 0.0, 0.003029
0.0, 0.0, 0.003029
0.0, 0.0, 0.003030
0.0, 0.0, 0.002991
0.0, 0.0, 0.002916
0.0, 0.0, 0.002867
0.0, 0.0, 0.002865
0.0, 0.0, 0.002891
0.0, 0.0, 0.002847
0.0, 0.0, 0.002839
0.0, 0.0, 0.002801
0.0, 0.0, 0.002792
0.0, 0.0, 0.002811
0.0, 0.0, 0.002898
0.0, 0.0, 0.003028
0.0, 0.0, 0.003177
0.0, 0.0, 0.003232
0.0, 0.0, 0.003227
0.0, 0.0, 0.003199
0.0, 0.0, 0.003207
0.0, 0.0, 0.003144
0.0, 0.0, 0.003129
0.0, 0.0, 0.003839
0.0, 0.0, 0.003796
0.0, 0.0, 0.003777
0.0, 0.0, 0.003740
0.0, 0.0, 0.003743
0.0, 0.0, 0.003740
0.0, 0.0, 0.003692
0.0, 0.0, 0.003644
0.0, 0.0, 0.003614
0.0, 0.0, 0.003576
0.0, 0.0, 0.003542
0.0, 0.0, 0.003545
0.0, 0.0, 0.003579
0.0, 0.0, 0.003605
0.0, 0.0, 0.003623
0.0, 0.0, 0.003593
0.0, 0.0, 0.003573
0.0, 0.0, 0.003508
0.0, 0.0, 0.003419
0.0, 0.0, 0.003295
0.0, 0.0, 0.003131
0.0, 0.0, 0.002995
0.0, 0.0, 0.002943
0.0, 0.0, 0.002902
0.0, 0.0, 0.002862
0.0, 0.0, 0.002886
0.0, 0.0, 0.003043
0.0, 0.0, 0.003059
0.0, 0.0, 0.003022
0.0, 0.0, 0.003002
0.0, 0.0, 0.002976
0.0, 0.0, 0.002951
0.0, 0.0, 0.002999
0.0, 0.0, 0.002971
0.0, 0.0, 0.002971
0.0, 0.0, 0.002990
0.0, 0.0, 0.002945
0.0, 0.0, 0.002875
0.0, 0.0, 0.002808
0.0, 0.0, 0.002815
0.0, 0.0, 0.002822
0.0, 0.0, 0.002803
0.0, 0.0, 0.002810
0.0, 0.0, 0.002776
0.0, 0.0, 0.002760
0.0, 0.0, 0.002798
0.0, 0.0, 0.002885
0.0, 0.0, 0.003012
0.0, 0.0, 0.003152
0.0, 0.0, 0.003168
0.0, 0.0, 0.003205
0.0, 0.0, 0.003189
0.0, 0.0, 0.003142
0.0, 0.0, 0.003094
0.0, 0.0, 0.003079
0.0, 0.0, 0.003771
0.0, 0.0, 0.003726
0.0, 0.0, 0.003677
0.0, 0.0, 0.003651
0.0, 0.0, 0.003604
0.0, 0.0, 0.003535
0.0, 0.0, 0.003469
0.0, 0.0, 0.003410
0.0, 0.0, 0.003380
0.0, 0.0, 0.003344
0.0, 0.0, 0.003321
0.0, 0.0, 0.003247
0.0, 0.0, 0.003186
0.0, 0.0, 0.003123
0.0, 0.0, 0.003164
0.0, 0.0, 0.003257
0.0, 0.0, 0.003319
0.0, 0.0, 0.003245
0.0, 0.0, 0.003144
0.0, 0.0, 0.003125
0.0, 0.0, 0.003008
0.0, 0.0, 0.002989
0.0, 0.0, 0.002964
0.0, 0.0, 0.002895
0.0, 0.0, 0.002893
0.0, 0.0, 0.002858
0.0, 0.0, 0.002891
0.0, 0.0, 0.002971
0.0, 0.0, 0.002977
0.0, 0.0, 0.002932
0.0, 0.0, 0.002905
0.0, 0.0, 0.002904
0.0, 0.0, 0.002930
0.0, 0.0, 0.002916
0.0, 0.0, 0.002919
0.0, 0.0, 0.002919
0.0, 0.0, 0.002901
0.0, 0.0, 0.002855
0.0, 0.0, 0.002799
0.0, 0.0, 0.002781
0.0, 0.0, 0.002769
0.0, 0.0, 0.002771
0.0, 0.0, 0.002776
0.0, 0.0, 0.002772
0.0, 0.0, 0.002738
0.0, 0.0, 0.002772
0.0, 0.0, 0.002842
0.0, 0.0, 0.002957
0.0, 0.0, 0.003092
0.0, 0.0, 0.003146
0.0, 0.0, 0.003176
0.0, 0.0, 0.003170
0.0, 0.0, 0.003081
0.0, 0.0, 0.003050
0.0, 0.0, 0.003030
0.0, 0.0, 0.003618
0.0, 0.0, 0.003588
0.0, 0.0, 0.003545
0.0, 0.0, 0.003467
0.0, 0.0, 0.003424
0.0, 0.0, 0.003340
0.0, 0.0, 0.003259
0.0, 0.0, 0.003179
0.0, 0.0, 0.003113
0.0, 0.0, 0.003048
0.0, 0.0, 0.003027
0.0, 0.0, 0.002919
0.0, 0.0, 0.002892
0.0, 0.0, 0.002901
0.0, 0.0, 0.002955
0.0, 0.0, 0.003014
0.0, 0.0, 0.003027
0.0, 0.0, 0.002940
0.0, 0.0, 0.002919
0.0, 0.0, 0.002883
0.0, 0.0, 0.002858
0.0, 0.0, 0.002810
0.0, 0.0, 0.002742
0.0, 0.0, 0.002712
0.0, 0.0, 0.002748
0.0, 0.0, 0.002769
0.0, 0.0, 0.002823
0.0, 0.0, 0.002854
0.0, 0.0, 0.002885
0.0, 0.0, 0.002914
0.0, 0.0, 0.002888
0.0, 0.0, 0.002839
0.0, 0.0, 0.002875
0.0, 0.0, 0.002880
0.0, 0.0, 0.002887
0.0, 0.0, 0.002878
0.0, 0.0, 0.002849
0.0, 0.0, 0.002809
0.0, 0.0, 0.002798
0.0, 0.0, 0.002774
0.0, 0.0, 0.002762
0.0, 0.0, 0.002736
0.0, 0.0, 0.002769
0.0, 0.0, 0.002763
0.0, 0.0, 0.002746
0.0, 0.0, 0.002765
0.0, 0.0, 0.002849
0.0, 0.0, 0.002922
0.0, 0.0, 0.003048
0.0, 0.0, 0.003119
0.0, 0.0, 0.003123
0.0, 0.0, 0.003095
0.0, 0.0, 0.003045
0.0, 0.0, 0.002995
0.0, 0.0, 0.002975
0.0, 0.0, 0.003618
0.0, 0.0, 0.003637
0.0, 0.0, 0.003635
0.0, 0.0, 0.003335
0.0, 0.0, 0.003157
0.0, 0.0, 0.003028
0.0, 0.0, 0.002919
0.0, 0.0, 0.002877
0.0, 0.0, 0.002832
0.0, 0.0, 0.002766
0.0, 0.0, 0.002715
0.0, 0.0, 0.002698
0.0, 0.0, 0.002749
0.0, 0.0, 0.002781
0.0, 0.0, 0.002817
0.0, 0.0, 0.002806
0.0, 0.0, 0.002768
0.0, 0.0, 0.002735
0.0, 0.0, 0.002743
0.0, 0.0, 0.002759
0.0, 0.0, 0.002760
0.0, 0.0, 0.002701
0.0, 0.0, 0.002646
0.0, 0.0, 0.002613
0.0, 0.0, 0.002653
0.0, 0.0, 0.002667
0.0, 0.0, 0.002756
0.0, 0.0, 0.002751
0.0, 0.0, 0.002793
0.0, 0.0, 0.002864
0.0, 0.0, 0.002871
0.0, 0.0, 0.002804
0.0, 0.0, 0.002836
0.0, 0.0, 0.002842
0.0, 0.0, 0.002859
0.0, 0.0, 0.002857
0.0, 0.0, 0.002826
0.0, 0.0, 0.002759
0.0, 0.0, 0.002780
0.0, 0.0, 0.002791
0.0, 0.0, 0.002803
0.0, 0.0, 0.002722
0.0, 0.0, 0.002774
0.0, 0.0, 0.002770
0.0, 0.0, 0.002764
0.0, 0.0, 0.002766
0.0, 0.0, 0.002854
0.0, 0.0, 0.002927
0.0, 0.0, 0.003005
0.0, 0.0, 0.003062
0.0, 0.0, 0.003065
0.0, 0.0, 0.003012
0.0, 0.0, 0.003007
0.0, 0.0, 0.002938
0.0, 0.0, 0.002914
0.0, 0.0, 0.003228
0.0, 0.0, 0.003271
0.0, 0.0, 0.003408
0.0, 0.0, 0.003246
0.0, 0.0, 0.003242
0.0, 0.0, 0.003141
0.0, 0.0, 0.003088
0.0, 0.0, 0.003031
0.0, 0.0, 0.003030
0.0, 0.0, 0.002961
0.0, 0.0, 0.002930
0.0, 0.0, 0.002853
0.0, 0.0, 0.002788
0.0, 0.0, 0.002747
0.0, 0.0, 0.002699
0.0, 0.0, 0.002637
0.0, 0.0, 0.002606
0.0, 0.0, 0.002645
0.0, 0.0, 0.002651
0.0, 0.0, 0.002615
0.0, 0.0, 0.002610
0.0, 0.0, 0.002623
0.0, 0.0, 0.002583
0.0, 0.0, 0.002547
0.0, 0.0, 0.002555
0.0, 0.0, 0.002593
0.0, 0.0, 0.002685
0.0, 0.0, 0.002687
0.0, 0.0, 0.002733
0.0, 0.0, 0.002850
0.0, 0.0, 0.002901
0.0, 0.0, 0.002822
0.0, 0.0, 0.002807
0.0, 0.0, 0.002822
0.0, 0.0, 0.002840
0.0, 0.0, 0.002846
0.0, 0.0, 0.002837
0.0, 0.0, 0.002753
0.0, 0.0, 0.002760
0.0, 0.0, 0.002785
0.0, 0.0, 0.002810
0.0, 0.0, 0.002741
0.0, 0.0, 0.002753
0.0, 0.0, 0.002801
0.0, 0.0, 0.002804
0.0, 0.0, 0.002796
0.0, 0.0, 0.002805
0.0, 0.0, 0.002874
0.0, 0.0, 0.002973
0.0, 0.0, 0.003012
0.0, 0.0, 0.002993
0.0, 0.0, 0.002977
0.0, 0.0, 0.002941
0.0, 0.0, 0.002872
0.0, 0.0, 0.002823
0.0, 0.0, 0.003110
0.0, 0.0, 0.003149
0.0, 0.0, 0.003119
0.0, 0.0, 0.003033
0.0, 0.0, 0.003011
0.0, 0.0, 0.002885
0.0, 0.0, 0.002934
0.0, 0.0, 0.002820
0.0, 0.0, 0.002707
0.0, 0.0, 0.002657
0.0, 0.0, 0.002742
0.0, 0.0, 0.002804
0.0, 0.0, 0.002763
0.0, 0.0, 0.002761
0.0, 0.0, 0.002720
0.0, 0.0, 0.002593
0.0, 0.0, 0.002516
0.0, 0.0, 0.002530
0.0, 0.0, 0.002562
0.0, 0.0, 0.002544
0.0, 0.0, 0.002543
0.0, 0.0, 0.002542
0.0, 0.0, 0.002517
0.0, 0.0, 0.002531
0.0, 0.0, 0.002546
0.0, 0.0, 0.002587
0.0, 0.0, 0.002616
0.0, 0.0, 0.002630
0.0, 0.0, 0.002646
0.0, 0.0, 0.002760
0.0, 0.0, 0.002859
0.0, 0.0, 0.002873
0.0, 0.0, 0.002794
0.0, 0.0, 0.002803
0.0, 0.0, 0.002820
0.0, 0.0, 0.002844
0.0, 0.0, 0.002846
0.0, 0.0, 0.002768
0.0, 0.0, 0.002752
0.0, 0.0, 0.002777
0.0, 0.0, 0.002786
0.0, 0.0, 0.002750
0.0, 0.0, 0.002682
0.0, 0.0, 0.002739
0.0, 0.0, 0.002773
0.0, 0.0, 0.002831
0.0, 0.0, 0.002800
0.0, 0.0, 0.002824
0.0, 0.0, 0.002929
0.0, 0.0, 0.002988
0.0, 0.0, 0.002976
0.0, 0.0, 0.002912
0.0, 0.0, 0.002871
0.0, 0.0, 0.002800
0.0, 0.0, 0.002725
0.0, 0.0, 0.003092
0.0, 0.0, 0.003182
0.0, 0.0, 0.003122
0.0, 0.0, 0.002988
0.0, 0.0, 0.002972
0.0, 0.0, 0.002868
0.0, 0.0, 0.002769
0.0, 0.0, 0.002781
0.0, 0.0, 0.002718
0.0, 0.0, 0.002633
0.0, 0.0, 0.002608
0.0, 0.0, 0.002617
0.0, 0.0, 0.002690
0.0, 0.0, 0.002728
0.0, 0.0, 0.002736
0.0, 0.0, 0.002599
0.0, 0.0, 0.002475
0.0, 0.0, 0.002453
0.0, 0.0, 0.002437
0.0, 0.0, 0.002478
0.0, 0.0, 0.002514
0.0, 0.0, 0.002463
0.0, 0.0, 0.002471
0.0, 0.0, 0.002462
0.0, 0.0, 0.002528
0.0, 0.0, 0.002570
0.0, 0.0, 0.002587
0.0, 0.0, 0.002608
0.0, 0.0, 0.002602
0.0, 0.0, 0.002649
0.0, 0.0, 0.002811
0.0, 0.0, 0.002906
0.0, 0.0, 0.002818
0.0, 0.0, 0.002820
0.0, 0.0, 0.002828
0.0, 0.0, 0.002837
0.0, 0.0, 0.002831
0.0, 0.0, 0.002808
0.0, 0.0, 0.002756
0.0, 0.0, 0.002754
0.0, 0.0, 0.002769
0.0, 0.0, 0.002764
0.0, 0.0, 0.002659
0.0, 0.0, 0.002666
0.0, 0.0, 0.002704
0.0, 0.0, 0.002783
0.0, 0.0, 0.002770
0.0, 0.0, 0.002788
0.0, 0.0, 0.002895
0.0, 0.0, 0.002938
0.0, 0.0, 0.002920
0.0, 0.0, 0.002861
0.0, 0.0, 0.002791
0.0, 0.0, 0.002721
0.0, 0.0, 0.002652
0.0, 0.0, 0.002856
0.0, 0.0, 0.002881
0.0, 0.0, 0.002922
0.0, 0.0, 0.002864
0.0, 0.0, 0.002929
0.0, 0.0, 0.002864
0.0, 0.0, 0.002746
0.0, 0.0, 0.002680
0.0, 0.0, 0.002665
0.0, 0.0, 0.002631
0.0, 0.0, 0.002570
0.0, 0.0, 0.002596
0.0, 0.0, 0.002583
0.0, 0.0, 0.002631
0.0, 0.0, 0.002672
0.0, 0.0, 0.002635
0.0, 0.0, 0.002506
0.0, 0.0, 0.002463
0.0, 0.0, 0.002431
0.0, 0.0, 0.002408
0.0, 0.0, 0.002457
0.0, 0.0, 0.002463
0.0, 0.0, 0.002443
0.0, 0.0, 0.002437
0.0, 0.0, 0.002477
0.0, 0.0, 0.002520
0.0, 0.0, 0.002589
0.0, 0.0, 0.002636
0.0, 0.0, 0.002636
0.0, 0.0, 0.002610
0.0, 0.0, 0.002746
0.0, 0.0, 0.002887
0.0, 0.0, 0.002843
0.0, 0.0, 0.002867
0.0, 0.0, 0.002873
0.0, 0.0, 0.002854
0.0, 0.0, 0.002802
0.0, 0.0, 0.002851
0.0, 0.0, 0.002783
0.0, 0.0, 0.002741
0.0, 0.0, 0.002749
0.0, 0.0, 0.002728
0.0, 0.0, 0.002631
0.0, 0.0, 0.002621
0.0, 0.0, 0.002666
0.0, 0.0, 0.002743
0.0, 0.0, 0.002706
0.0, 0.0, 0.002763
0.0, 0.0, 0.002856
0.0, 0.0, 0.002897
0.0, 0.0, 0.002843
0.0, 0.0, 0.002813
0.0, 0.0, 0.002704
0.0, 0.0, 0.002623
0.0, 0.0, 0.002563
0.0, 0.0, 0.002802
0.0, 0.0, 0.002819
0.0, 0.0, 0.002720
0.0, 0.0, 0.002711
0.0, 0.0, 0.002707
0.0, 0.0, 0.002740
0.0, 0.0, 0.002707
0.0, 0.0, 0.002650
0.0, 0.0, 0.002618
0.0, 0.0, 0.002642
0.0, 0.0, 0.002626
0.0, 0.0, 0.002627
0.0, 0.0, 0.002591
0.0, 0.0, 0.002587
0.0, 0.0, 0.002580
0.0, 0.0, 0.002600
0.0, 0.0, 0.002563
0.0, 0.0, 0.002493
0.0, 0.0, 0.002448
0.0, 0.0, 0.002414
0.0, 0.0, 0.002417
0.0, 0.0, 0.002437
0.0, 0.0, 0.002465
0.0, 0.0, 0.002506
0.0, 0.0, 0.002454
0.0, 0.0, 0.002499
0.0, 0.0, 0.002585
0.0, 0.0, 0.002650
0.0, 0.0, 0.002636
0.0, 0.0, 0.002606
0.0, 0.0, 0.002664
0.0, 0.0, 0.002843
0.0, 0.0, 0.002872
0.0, 0.0, 0.002874
0.0, 0.0, 0.002916
0.0, 0.0, 0.002860
0.0, 0.0, 0.002794
0.0, 0.0, 0.002793
0.0, 0.0, 0.002793
0.0, 0.0, 0.002761
0.0, 0.0, 0.002717
0.0, 0.0, 0.002738
0.0, 0.0, 0.002649
0.0, 0.0, 0.002613
0.0, 0.0, 0.002629
0.0, 0.0, 0.002720
0.0, 0.0, 0.002690
0.0, 0.0, 0.002759
0.0, 0.0, 0.002806
0.0, 0.0, 0.002853
0.0, 0.0, 0.002797
0.0, 0.0, 0.002749
0.0, 0.0, 0.002634
0.0, 0.0, 0.002533
0.0, 0.0, 0.002487
0.0, 0.0, 0.002885
0.0, 0.0, 0.002933
0.0, 0.0, 0.002688
0.0, 0.0, 0.002639
0.0, 0.0, 0.002617
0.0, 0.0, 0.002612
0.0, 0.0, 0.002596
0.0, 0.0, 0.002547
0.0, 0.0, 0.002511
0.0, 0.0, 0.002527
0.0, 0.0, 0.002559
0.0, 0.0, 0.002586
0.0, 0.0, 0.002604
0.0, 0.0, 0.002570
0.0, 0.0, 0.002547
0.0, 0.0, 0.002523
0.0, 0.0, 0.002559
0.0, 0.0, 0.002555
0.0, 0.0, 0.002495
0.0, 0.0, 0.002459
0.0, 0.0, 0.002467
0.0, 0.0, 0.002463
0.0, 0.0, 0.002455
0.0, 0.0, 0.002546
0.0, 0.0, 0.002486
0.0, 0.0, 0.002492
0.0, 0.0, 0.002594
0.0, 0.0, 0.002633
0.0, 0.0, 0.002649
0.0, 0.0, 0.002655
0.0, 0.0, 0.002634
0.0, 0.0, 0.002759
0.0, 0.0, 0.002785
0.0, 0.0, 0.002882
0.0, 0.0, 0.002928
0.0, 0.0, 0.002876
0.0, 0.0, 0.002802
0.0, 0.0, 0.002747
0.0, 0.0, 0.002762
0.0, 0.0, 0.002731
0.0, 0.0, 0.002673
0.0, 0.0, 0.002676
0.0, 0.0, 0.002674
0.0, 0.0, 0.002602
0.0, 0.0, 0.002625
0.0, 0.0, 0.002705
0.0, 0.0, 0.002696
0.0, 0.0, 0.002674
0.0, 0.0, 0.002755
0.0, 0.0, 0.002813
0.0, 0.0, 0.002773
0.0, 0.0, 0.002690
0.0, 0.0, 0.002583
0.0, 0.0, 0.002468
0.0, 0.0, 0.002423
0.0, 0.0, 0.002911
0.0, 0.0, 0.002818
0.0, 0.0, 0.002799
0.0, 0.0, 0.002718
0.0, 0.0, 0.002632
0.0, 0.0, 0.002625
0.0, 0.0, 0.002573
0.0, 0.0, 0.002506
0.0, 0.0, 0.002475
0.0, 0.0, 0.002492
0.0, 0.0, 0.002521
0.0, 0.0, 0.002540
0.0, 0.0, 0.002591
0.0, 0.0, 0.002641
0.0, 0.0, 0.002594
0.0, 0.0, 0.002552
0.0, 0.0, 0.002527
0.0, 0.0, 0.002549
0.0, 0.0, 0.002503
0.0, 0.0, 0.002493
0.0, 0.0, 0.002443
0.0, 0.0, 0.002478
0.0, 0.0, 0.002498
0.0, 0.0, 0.002507
0.0, 0.0, 0.002539
0.0, 0.0, 0.002499
0.0, 0.0, 0.002621
0.0, 0.0, 0.002637
0.0, 0.0, 0.002612
0.0, 0.0, 0.002635
0.0, 0.0, 0.002673
0.0, 0.0, 0.002709
0.0, 0.0, 0.002731
0.0, 0.0, 0.002774
0.0, 0.0, 0.002852
0.0, 0.0, 0.002871
0.0, 0.0, 0.002779
0.0, 0.0, 0.002695
0.0, 0.0, 0.002733
0.0, 0.0, 0.002719
0.0, 0.0, 0.002666
0.0, 0.0, 0.002671
0.0, 0.0, 0.002674
0.0, 0.0, 0.002612
0.0, 0.0, 0.002620
0.0, 0.0, 0.002665
0.0, 0.0, 0.002661
0.0, 0.0, 0.002626
0.0, 0.0, 0.002682
0.0, 0.0, 0.002762
0.0, 0.0, 0.002739
0.0, 0.0, 0.002654
0.0, 0.0, 0.002567
0.0, 0.0, 0.002437
0.0, 0.0, 0.002396
0.0, 0.0, 0.002944
0.0, 0.0, 0.002863
0.0, 0.0, 0.002743
0.0, 0.0, 0.002615
0.0, 0.0, 0.002528
0.0, 0.0, 0.002478
0.0, 0.0, 0.002452
0.0, 0.0, 0.002400
0.0, 0.0, 0.002368
0.0, 0.0, 0.002381
0.0, 0.0, 0.002449
0.0, 0.0, 0.002456
0.0, 0.0, 0.002485
0.0, 0.0, 0.002596
0.0, 0.0, 0.002606
0.0, 0.0, 0.002566
0.0, 0.0, 0.002512
0.0, 0.0, 0.002539
0.0, 0.0, 0.002558
0.0, 0.0, 0.002567
0.0, 0.0, 0.002460
0.0, 0.0, 0.002493
0.0, 0.0, 0.002568
0.0, 0.0, 0.002498
0.0, 0.0, 0.002561
0.0, 0.0, 0.002504
0.0, 0.0, 0.002596
0.0, 0.0, 0.002623
0.0, 0.0, 0.002630
0.0, 0.0, 0.002648
0.0, 0.0, 0.002725
0.0, 0.0, 0.002696
0.0, 0.0, 0.002709
0.0, 0.0, 0.002726
0.0, 0.0, 0.002769
0.0, 0.0, 0.002863
0.0, 0.0, 0.002817
0.0, 0.0, 0.002694
0.0, 0.0, 0.002690
0.0, 0.0, 0.002703
0.0, 0.0, 0.002662
0.0, 0.0, 0.002610
0.0, 0.0, 0.002636
0.0, 0.0, 0.002625
0.0, 0.0, 0.002602
0.0, 0.0, 0.002619
0.0, 0.0, 0.002659
0.0, 0.0, 0.002580
0.0, 0.0, 0.002615
0.0, 0.0, 0.002689
0.0, 0.0, 0.002650
0.0, 0.0, 0.002633
0.0, 0.0, 0.002543
0.0, 0.0, 0.002435
0.0, 0.0, 0.002408
0.0, 0.0, 0.002700
0.0, 0.0, 0.002688
0.0, 0.0, 0.002705
0.0, 0.0, 0.002660
0.0, 0.0, 0.002550
0.0, 0.0, 0.002433
0.0, 0.0, 0.002370
0.0, 0.0, 0.002345
0.0, 0.0, 0.002316
0.0, 0.0, 0.002357
0.0, 0.0, 0.002425
0.0, 0.0, 0.002445
0.0, 0.0, 0.002411
0.0, 0.0, 0.002463
0.0, 0.0, 0.002539
0.0, 0.0, 0.002576
0.0, 0.0, 0.002457
0.0, 0.0, 0.002517
0.0, 0.0, 0.002548
0.0, 0.0, 0.002575
0.0, 0.0, 0.002540
0.0, 0.0, 0.002512
0.0, 0.0, 0.002561
0.0, 0.0, 0.002559
0.0, 0.0, 0.002567
0.0, 0.0, 0.002543
0.0, 0.0, 0.002591
0.0, 0.0, 0.002583
0.0, 0.0, 0.002631
0.0, 0.0, 0.002724
0.0, 0.0, 0.002708
0.0, 0.0, 0.002700
0.0, 0.0, 0.002678
0.0, 0.0, 0.002656
0.0, 0.0, 0.002698
0.0, 0.0, 0.002804
0.0, 0.0, 0.002816
0.0, 0.0, 0.002682
0.0, 0.0, 0.002653
0.0, 0.0, 0.002685
0.0, 0.0, 0.002662
0.0, 0.0, 0.002591
0.0, 0.0, 0.002610
0.0, 0.0, 0.002604
0.0, 0.0, 0.002581
0.0, 0.0, 0.002569
0.0, 0.0, 0.002618
0.0, 0.0, 0.002589
0.0, 0.0, 0.002571
0.0, 0.0, 0.002636
0.0, 0.0, 0.002605
0.0, 0.0, 0.002592
0.0, 0.0, 0.002519
0.0, 0.0, 0.002446
0.0, 0.0, 0.002423
0.0, 0.0, 0.002821
0.0, 0.0, 0.002770
0.0, 0.0, 0.002704
0.0, 0.0, 0.002646
0.0, 0.0, 0.002584
0.0, 0.0, 0.002514
0.0, 0.0, 0.002486
0.0, 0.0, 0.002464
0.0, 0.0, 0.002386
0.0, 0.0, 0.002439
0.0, 0.0, 0.002453
0.0, 0.0, 0.002457
0.0, 0.0, 0.002421
0.0, 0.0, 0.002394
0.0, 0.0, 0.002416
0.0, 0.0, 0.002398
0.0, 0.0, 0.002433
0.0, 0.0, 0.002468
0.0, 0.0, 0.002513
0.0, 0.0, 0.002564
0.0, 0.0, 0.002649
0.0, 0.0, 0.002572
0.0, 0.0, 0.002582
0.0, 0.0, 0.002555
0.0, 0.0, 0.002583
0.0, 0.0, 0.002583
0.0, 0.0, 0.002607
0.0, 0.0, 0.002568
0.0, 0.0, 0.002614
0.0, 0.0, 0.002706
0.0, 0.0, 0.002724
0.0, 0.0, 0.002688
0.0, 0.0, 0.002685
0.0, 0.0, 0.002658
0.0, 0.0, 0.002654
0.0, 0.0, 0.002743
0.0, 0.0, 0.002813
0.0, 0.0, 0.002746
0.0, 0.0, 0.002636
0.0, 0.0, 0.002641
0.0, 0.0, 0.002639
0.0, 0.0, 0.002590
0.0, 0.0, 0.002558
0.0, 0.0, 0.002570
0.0, 0.0, 0.002558
0.0, 0.0, 0.002542
0.0, 0.0, 0.002544
0.0, 0.0, 0.002588
0.0, 0.0, 0.002543
0.0, 0.0, 0.002600
0.0, 0.0, 0.002569
0.0, 0.0, 0.002563
0.0, 0.0, 0.002512
0.0, 0.0, 0.002442
0.0, 0.0, 0.002429
0.0, 0.0, 0.002822
0.0, 0.0, 0.002786
0.0, 0.0, 0.002727
0.0, 0.0, 0.002648
0.0, 0.0, 0.002562
0.0, 0.0, 0.002550
0.0, 0.0, 0.002562
0.0, 0.0, 0.002540
0.0, 0.0, 0.002467
0.0, 0.0, 0.002425
0.0, 0.0, 0.002435
0.0, 0.0, 0.002440
0.0, 0.0, 0.002433
0.0, 0.0, 0.002434
0.0, 0.0, 0.002429
0.0, 0.0, 0.002377
0.0, 0.0, 0.002391
0.0, 0.0, 0.002447
0.0, 0.0, 0.002519
0.0, 0.0, 0.002576
0.0, 0.0, 0.002619
0.0, 0.0, 0.002578
0.0, 0.0, 0.002582
0.0, 0.0, 0.002629
0.0, 0.0, 0.002594
0.0, 0.0, 0.002601
0.0, 0.0, 0.002636
0.0, 0.0, 0.002627
0.0, 0.0, 0.002669
0.0, 0.0, 0.002710
0.0, 0.0, 0.002695
0.0, 0.0, 0.002673
0.0, 0.0, 0.002656
0.0, 0.0, 0.002630
0.0, 0.0, 0.002625
0.0, 0.0, 0.002643
0.0, 0.0, 0.002739
0.0, 0.0, 0.002745
0.0, 0.0, 0.002682
0.0, 0.0, 0.002615
0.0, 0.0, 0.002603
0.0, 0.0, 0.002601
0.0, 0.0, 0.002570
0.0, 0.0, 0.002546
0.0, 0.0, 0.002532
0.0, 0.0, 0.002499
0.0, 0.0, 0.002506
0.0, 0.0, 0.002558
0.0, 0.0, 0.002493
0.0, 0.0, 0.002576
0.0, 0.0, 0.002560
0.0, 0.0, 0.002530
0.0, 0.0, 0.002493
0.0, 0.0, 0.002420
0.0, 0.0, 0.002388
0.0, 0.0, 0.002828
0.0, 0.0, 0.002845
0.0, 0.0, 0.002820
0.0, 0.0, 0.002763
0.0, 0.0, 0.002639
0.0, 0.0, 0.002565
0.0, 0.0, 0.002588
0.0, 0.0, 0.002598
0.0, 0.0, 0.002486
0.0, 0.0, 0.002428
0.0, 0.0, 0.002417
0.0, 0.0, 0.002435
0.0, 0.0, 0.002458
0.0, 0.0, 0.002476
0.0, 0.0, 0.002483
0.0, 0.0, 0.002441
0.0, 0.0, 0.002434
0.0, 0.0, 0.002474
0.0, 0.0, 0.002545
0.0, 0.0, 0.002598
0.0, 0.0, 0.002585
0.0, 0.0, 0.002574
0.0, 0.0, 0.002533
0.0, 0.0, 0.002609
0.0, 0.0, 0.002658
0.0, 0.0, 0.002617
0.0, 0.0, 0.002640
0.0, 0.0, 0.002688
0.0, 0.0, 0.002621
0.0, 0.0, 0.002699
0.0, 0.0, 0.002724
0.0, 0.0, 0.002649
0.0, 0.0, 0.002617
0.0, 0.0, 0.002616
0.0, 0.0, 0.002642
0.0, 0.0, 0.002633
0.0, 0.0, 0.002628
0.0, 0.0, 0.002672
0.0, 0.0, 0.002670
0.0, 0.0, 0.002631
0.0, 0.0, 0.002574
0.0, 0.0, 0.002583
0.0, 0.0, 0.002571
0.0, 0.0, 0.002524
0.0, 0.0, 0.002494
0.0, 0.0, 0.002476
0.0, 0.0, 0.002484
0.0, 0.0, 0.002539
0.0, 0.0, 0.002479
0.0, 0.0, 0.002505
0.0, 0.0, 0.002555
0.0, 0.0, 0.002529
0.0, 0.0, 0.002468
0.0, 0.0, 0.002397
0.0, 0.0, 0.002353
0.0, 0.0, 0.002751
0.0, 0.0, 0.002792
0.0, 0.0, 0.002802
0.0, 0.0, 0.002834
0.0, 0.0, 0.002742
0.0, 0.0, 0.002606
0.0, 0.0, 0.002602
0.0, 0.0, 0.002600
0.0, 0.0, 0.002479
0.0, 0.0, 0.002389
0.0, 0.0, 0.002361
0.0, 0.0, 0.002419
0.0, 0.0, 0.002509
0.0, 0.0, 0.002575
0.0, 0.0, 0.002611
0.0, 0.0, 0.002597
0.0, 0.0, 0.002564
0.0, 0.0, 0.002568
0.0, 0.0, 0.002627
0.0, 0.0, 0.002663
0.0, 0.0, 0.002609
0.0, 0.0, 0.002568
0.0, 0.0, 0.002561
0.0, 0.0, 0.002573
0.0, 0.0, 0.002653
0.0, 0.0, 0.002670
0.0, 0.0, 0.002644
0.0, 0.0, 0.002688
0.0, 0.0, 0.002690
0.0, 0.0, 0.002701
0.0, 0.0, 0.002711
0.0, 0.0, 0.002653
0.0, 0.0, 0.002574
0.0, 0.0, 0.002558
0.0, 0.0, 0.002623
0.0, 0.0, 0.002651
0.0, 0.0, 0.002626
0.0, 0.0, 0.002622
0.0, 0.0, 0.002662
0.0, 0.0, 0.002639
0.0, 0.0, 0.002608
0.0, 0.0, 0.002585
0.0, 0.0, 0.002550
0.0, 0.0, 0.002499
0.0, 0.0, 0.002462
0.0, 0.0, 0.002466
0.0, 0.0, 0.002428
0.0, 0.0, 0.002472
0.0, 0.0, 0.002442
0.0, 0.0, 0.002441
0.0, 0.0, 0.002484
0.0, 0.0, 0.002520
0.0, 0.0, 0.002452
0.0, 0.0, 0.002383
0.0, 0.0, 0.002314
