S3D
I=24,J=27,K=3
0.0, 0.0, 0.0, 0.00474374
0.0, 10.0, 0.0, 0.00435648
0.0, 20.0, 0.0, 0.00428378
0.0, 30.0, 0.0, 0.01212665
0.0, 40.0, 0.0, 0.01528828
0.0, 50.0, 0.0, 0.01533114
0.0, 60.0, 0.0, 0.01571931
0.0, 70.0, 0.0, 0.01584035
0.0, 80.0, 0.0, 0.01586829
0.0, 90.0, 0.0, 0.01538015
0.0, 100.0, 0.0, 0.01536779
0.0, 110.0, 0.0, 0.01563765
0.0, 120.0, 0.0, 0.01571238
0.0, 130.0, 0.0, 0.01571465
0.0, 140.0, 0.0, 0.01617341
0.0, 150.0, 0.0, 0.01597160
0.0, 160.0, 0.0, 0.01568722
0.0, 170.0, 0.0, 0.01490551
0.0, 180.0, 0.0, 0.01559628
0.0, 190.0, 0.0, 0.01509192
0.0, 200.0, 0.0, 0.01497793
0.0, 210.0, 0.0, 0.01398411
0.0, 220.0, 0.0, 0.01511590
0.0, 230.0, 0.0, 0.01558066
0.0, 240.0, 0.0, 0.01560289
0.0, 250.0, 0.0, 0.01534512
0.0, 260.0, 0.0, 0.01582356
10.0, 0.0, 0.0, 0.00486494
10.0, 10.0, 0.0, 0.00439564
10.0, 20.0, 0.0, 0.00380087
10.0, 30.0, 0.0, 0.01283340
10.0, 40.0, 0.0, 0.01540862
10.0, 50.0, 0.0, 0.01601341
10.0, 60.0, 0.0, 0.01562472
10.0, 70.0, 0.0, 0.01543391
10.0, 80.0, 0.0, 0.01546364
10.0, 90.0, 0.0, 0.01476813
10.0, 100.0, 0.0, 0.01511974
10.0, 110.0, 0.0, 0.01518654
10.0, 120.0, 0.0, 0.01533828
10.0, 130.0, 0.0, 0.01571181
10.0, 140.0, 0.0, 0.01468527
10.0, 150.0, 0.0, 0.01431434
10.0, 160.0, 0.0, 0.01482160
10.0, 170.0, 0.0, 0.01518884
10.0, 180.0, 0.0, 0.01586058
10.0, 190.0, 0.0, 0.01415652
10.0, 200.0, 0.0, 0.01501975
10.0, 210.0, 0.0, 0.01483710
10.0, 220.0, 0.0, 0.01538984
10.0, 230.0, 0.0, 0.01459620
10.0, 240.0, 0.0, 0.01381405
10.0, 250.0, 0.0, 0.01376654
10.0, 260.0, 0.0, 0.01409829
20.0, 0.0, 0.0, 0.00368727
20.0, 10.0, 0.0, 0.00399829
20.0, 20.0, 0.0, 0.00418290
20.0, 30.0, 0.0, 0.01063305
20.0, 40.0, 0.0, 0.01399630
20.0, 50.0, 0.0, 0.01576201
20.0, 60.0, 0.0, 0.01538143
20.0, 70.0, 0.0, 0.01542153
20.0, 80.0, 0.0, 0.01488063
20.0, 90.0, 0.0, 0.01438870
20.0, 100.0, 0.0, 0.01470732
20.0, 110.0, 0.0, 0.01461227
20.0, 120.0, 0.0, 0.01455857
20.0, 130.0, 0.0, 0.01489777
20.0, 140.0, 0.0, 0.01364845
20.0, 150.0, 0.0, 0.01200289
20.0, 160.0, 0.0, 0.01325077
20.0, 170.0, 0.0, 0.01382263
20.0, 180.0, 0.0, 0.01476448
20.0, 190.0, 0.0, 0.01511357
20.0, 200.0, 0.0, 0.01550322
20.0, 210.0, 0.0, 0.01518544
20.0, 220.0, 0.0, 0.01500676
20.0, 230.0, 0.0, 0.01440697
20.0, 240.0, 0.0, 0.01383549
20.0, 250.0, 0.0, 0.01296245
20.0, 260.0, 0.0, 0.01282503
30.0, 0.0, 0.0, 0.00340168
30.0, 10.0, 0.0, 0.00341285
30.0, 20.0, 0.0, 0.00338325
30.0, 30.0, 0.0, 0.00933554
30.0, 40.0, 0.0, 0.01337256
30.0, 50.0, 0.0, 0.01550440
30.0, 60.0, 0.0, 0.01531204
30.0, 70.0, 0.0, 0.01517506
30.0, 80.0, 0.0, 0.01455615
30.0, 90.0, 0.0, 0.01425245
30.0, 100.0, 0.0, 0.01431431
30.0, 110.0, 0.0, 0.01429117
30.0, 120.0, 0.0, 0.01386999
30.0, 130.0, 0.0, 0.01395037
30.0, 140.0, 0.0, 0.01313787
30.0, 150.0, 0.0, 0.01224255
30.0, 160.0, 0.0, 0.01164223
30.0, 170.0, 0.0, 0.01309654
30.0, 180.0, 0.0, 0.01280626
30.0, 190.0, 0.0, 0.01407311
30.0, 200.0, 0.0, 0.01355924
30.0, 210.0, 0.0, 0.01413358
30.0, 220.0, 0.0, 0.01484430
30.0, 230.0, 0.0, 0.01492109
30.0, 240.0, 0.0, 0.01358309
30.0, 250.0, 0.0, 0.01283773
30.0, 260.0, 0.0, 0.01243909
40.0, 0.0, 0.0, 0.00309707
40.0, 10.0, 0.0, 0.00341179
40.0, 20.0, 0.0, 0.00944535
40.0, 30.0, 0.0, 0.01277364
40.0, 40.0, 0.0, 0.01444310
40.0, 50.0, 0.0, 0.01473886
40.0, 60.0, 0.0, 0.01487199
40.0, 70.0, 0.0, 0.01433524
40.0, 80.0, 0.0, 0.01382519
40.0, 90.0, 0.0, 0.01358334
40.0, 100.0, 0.0, 0.01326091
40.0, 110.0, 0.0, 0.01333760
40.0, 120.0, 0.0, 0.01342982
40.0, 130.0, 0.0, 0.01354632
40.0, 140.0, 0.0, 0.01316604
40.0, 150.0, 0.0, 0.01150907
40.0, 160.0, 0.0, 0.01093808
40.0, 170.0, 0.0, 0.01157293
40.0, 180.0, 0.0, 0.01113516
40.0, 190.0, 0.0, 0.00923915
40.0, 200.0, 0.0, 0.01289402
40.0, 210.0, 0.0, 0.01223366
40.0, 220.0, 0.0, 0.01303838
40.0, 230.0, 0.0, 0.01437561
40.0, 240.0, 0.0, 0.01443590
40.0, 250.0, 0.0, 0.01274978
40.0, 260.0, 0.0, 0.01221914
50.0, 0.0, 0.0, 0.00286329
50.0, 10.0, 0.0, 0.00889866
50.0, 20.0, 0.0, 0.00988787
50.0, 30.0, 0.0, 0.01312262
50.0, 40.0, 0.0, 0.01392170
50.0, 50.0, 0.0, 0.01462419
50.0, 60.0, 0.0, 0.01436981
50.0, 70.0, 0.0, 0.01330298
50.0, 80.0, 0.0, 0.01233360
50.0, 90.0, 0.0, 0.01187498
50.0, 100.0, 0.0, 0.01211564
50.0, 110.0, 0.0, 0.01220321
50.0, 120.0, 0.0, 0.01223110
50.0, 130.0, 0.0, 0.01241257
50.0, 140.0, 0.0, 0.01162144
50.0, 150.0, 0.0, 0.01126095
50.0, 160.0, 0.0, 0.01164322
50.0, 170.0, 0.0, 0.01072302
50.0, 180.0, 0.0, 0.00962237
50.0, 190.0, 0.0, 0.00900509
50.0, 200.0, 0.0, 0.01259330
50.0, 210.0, 0.0, 0.01147818
50.0, 220.0, 0.0, 0.01168999
50.0, 230.0, 0.0, 0.01248225
50.0, 240.0, 0.0, 0.01444666
50.0, 250.0, 0.0, 0.01345048
50.0, 260.0, 0.0, 0.01192848
60.0, 0.0, 0.0, 0.00281140
60.0, 10.0, 0.0, 0.00824976
60.0, 20.0, 0.0, 0.00982090
60.0, 30.0, 0.0, 0.01137747
60.0, 40.0, 0.0, 0.01195174
60.0, 50.0, 0.0, 0.01281398
60.0, 60.0, 0.0, 0.01273834
60.0, 70.0, 0.0, 0.01108698
60.0, 80.0, 0.0, 0.01129907
60.0, 90.0, 0.0, 0.01030081
60.0, 100.0, 0.0, 0.00988660
60.0, 110.0, 0.0, 0.00985356
60.0, 120.0, 0.0, 0.00943065
60.0, 130.0, 0.0, 0.00898697
60.0, 140.0, 0.0, 0.00858668
60.0, 150.0, 0.0, 0.00900522
60.0, 160.0, 0.0, 0.00864665
60.0, 170.0, 0.0, 0.00887448
60.0, 180.0, 0.0, 0.00889313
60.0, 190.0, 0.0, 0.01178456
60.0, 200.0, 0.0, 0.01267265
60.0, 210.0, 0.0, 0.01323885
60.0, 220.0, 0.0, 0.01270385
60.0, 230.0, 0.0, 0.01334636
60.0, 240.0, 0.0, 0.01368489
60.0, 250.0, 0.0, 0.01401027
60.0, 260.0, 0.0, 0.01302498
70.0, 0.0, 0.0, 0.00259248
70.0, 10.0, 0.0, 0.00490233
70.0, 20.0, 0.0, 0.00945325
70.0, 30.0, 0.0, 0.00910460
70.0, 40.0, 0.0, 0.00833145
70.0, 50.0, 0.0, 0.00803632
70.0, 60.0, 0.0, 0.00762771
70.0, 70.0, 0.0, 0.00631662
70.0, 80.0, 0.0, 0.00574327
70.0, 90.0, 0.0, 0.00675032
70.0, 100.0, 0.0, 0.00630922
70.0, 110.0, 0.0, 0.00541973
70.0, 120.0, 0.0, 0.00661633
70.0, 130.0, 0.0, 0.00638652
70.0, 140.0, 0.0, 0.00600976
70.0, 150.0, 0.0, 0.00506313
70.0, 160.0, 0.0, 0.00548923
70.0, 170.0, 0.0, 0.00572931
70.0, 180.0, 0.0, 0.00531494
70.0, 190.0, 0.0, 0.00787105
70.0, 200.0, 0.0, 0.00884826
70.0, 210.0, 0.0, 0.00987056
70.0, 220.0, 0.0, 0.01073636
70.0, 230.0, 0.0, 0.01113459
70.0, 240.0, 0.0, 0.01178829
70.0, 250.0, 0.0, 0.01296507
70.0, 260.0, 0.0, 0.01377086
80.0, 0.0, 0.0, 0.00293558
80.0, 10.0, 0.0, 0.00734114
80.0, 20.0, 0.0, 0.00809697
80.0, 30.0, 0.0, 0.00783991
80.0, 40.0, 0.0, 0.00615239
80.0, 50.0, 0.0, 0.00531167
80.0, 60.0, 0.0, 0.00571905
80.0, 70.0, 0.0, 0.00556741
80.0, 80.0, 0.0, 0.00456093
80.0, 90.0, 0.0, 0.00437172
80.0, 100.0, 0.0, 0.00458073
80.0, 110.0, 0.0, 0.00424363
80.0, 120.0, 0.0, 0.00420137
80.0, 130.0, 0.0, 0.00387748
80.0, 140.0, 0.0, 0.00427192
80.0, 150.0, 0.0, 0.00374243
80.0, 160.0, 0.0, 0.00468704
80.0, 170.0, 0.0, 0.00446439
80.0, 180.0, 0.0, 0.00388940
80.0, 190.0, 0.0, 0.00588356
80.0, 200.0, 0.0, 0.00601885
80.0, 210.0, 0.0, 0.00683819
80.0, 220.0, 0.0, 0.00843947
80.0, 230.0, 0.0, 0.00927607
80.0, 240.0, 0.0, 0.01003954
80.0, 250.0, 0.0, 0.01098155
80.0, 260.0, 0.0, 0.01224188
90.0, 0.0, 0.0, 0.00299779
90.0, 10.0, 0.0, 0.00524226
90.0, 20.0, 0.0, 0.00532597
90.0, 30.0, 0.0, 0.00540713
90.0, 40.0, 0.0, 0.00516459
90.0, 50.0, 0.0, 0.00492445
90.0, 60.0, 0.0, 0.00536296
90.0, 70.0, 0.0, 0.00523438
90.0, 80.0, 0.0, 0.00495755
90.0, 90.0, 0.0, 0.00471476
90.0, 100.0, 0.0, 0.00407146
90.0, 110.0, 0.0, 0.00376243
90.0, 120.0, 0.0, 0.00348399
90.0, 130.0, 0.0, 0.00352018
90.0, 140.0, 0.0, 0.00371860
90.0, 150.0, 0.0, 0.00366240
90.0, 160.0, 0.0, 0.00317718
90.0, 170.0, 0.0, 0.00390336
90.0, 180.0, 0.0, 0.00403081
90.0, 190.0, 0.0, 0.00523787
90.0, 200.0, 0.0, 0.00564552
90.0, 210.0, 0.0, 0.00636993
90.0, 220.0, 0.0, 0.00706343
90.0, 230.0, 0.0, 0.00771397
90.0, 240.0, 0.0, 0.00869710
90.0, 250.0, 0.0, 0.00953281
90.0, 260.0, 0.0, 0.01065643
100.0, 0.0, 0.0, 0.00403829
100.0, 10.0, 0.0, 0.00406039
100.0, 20.0, 0.0, 0.00397580
100.0, 30.0, 0.0, 0.00427009
100.0, 40.0, 0.0, 0.00480715
100.0, 50.0, 0.0, 0.00501588
100.0, 60.0, 0.0, 0.00513438
100.0, 70.0, 0.0, 0.00509871
100.0, 80.0, 0.0, 0.00483103
100.0, 90.0, 0.0, 0.00411298
100.0, 100.0, 0.0, 0.00367200
100.0, 110.0, 0.0, 0.00317939
100.0, 120.0, 0.0, 0.00307682
100.0, 130.0, 0.0, 0.00332355
100.0, 140.0, 0.0, 0.00326263
100.0, 150.0, 0.0, 0.00313510
100.0, 160.0, 0.0, 0.00309691
100.0, 170.0, 0.0, 0.00334757
100.0, 180.0, 0.0, 0.00428121
100.0, 190.0, 0.0, 0.00431381
100.0, 200.0, 0.0, 0.00564557
100.0, 210.0, 0.0, 0.00589037
100.0, 220.0, 0.0, 0.00603639
100.0, 230.0, 0.0, 0.00710063
100.0, 240.0, 0.0, 0.00815260
100.0, 250.0, 0.0, 0.00891720
100.0, 260.0, 0.0, 0.00932968
110.0, 0.0, 0.0, 0.00403138
110.0, 10.0, 0.0, 0.00354113
110.0, 20.0, 0.0, 0.00349908
110.0, 30.0, 0.0, 0.00343608
110.0, 40.0, 0.0, 0.00381260
110.0, 50.0, 0.0, 0.00420092
110.0, 60.0, 0.0, 0.00403325
110.0, 70.0, 0.0, 0.00378979
110.0, 80.0, 0.0, 0.00284839
110.0, 90.0, 0.0, 0.00256426
110.0, 100.0, 0.0, 0.00245170
110.0, 110.0, 0.0, 0.00274885
110.0, 120.0, 0.0, 0.00275049
110.0, 130.0, 0.0, 0.00284249
110.0, 140.0, 0.0, 0.00259755
110.0, 150.0, 0.0, 0.00280457
110.0, 160.0, 0.0, 0.00314868
110.0, 170.0, 0.0, 0.00319966
110.0, 180.0, 0.0, 0.00326334
110.0, 190.0, 0.0, 0.00362911
110.0, 200.0, 0.0, 0.00365623
110.0, 210.0, 0.0, 0.00403084
110.0, 220.0, 0.0, 0.00444579
110.0, 230.0, 0.0, 0.00482471
110.0, 240.0, 0.0, 0.00581361
110.0, 250.0, 0.0, 0.00699769
110.0, 260.0, 0.0, 0.00821024
120.0, 0.0, 0.0, 0.00376458
120.0, 10.0, 0.0, 0.00369671
120.0, 20.0, 0.0, 0.00293561
120.0, 30.0, 0.0, 0.00254988
120.0, 40.0, 0.0, 0.00257843
120.0, 50.0, 0.0, 0.00261209
120.0, 60.0, 0.0, 0.00280875
120.0, 70.0, 0.0, 0.00285714
120.0, 80.0, 0.0, 0.00263547
120.0, 90.0, 0.0, 0.00233231
120.0, 100.0, 0.0, 0.00256665
120.0, 110.0, 0.0, 0.00274022
120.0, 120.0, 0.0, 0.00256481
120.0, 130.0, 0.0, 0.00241808
120.0, 140.0, 0.0, 0.00226542
120.0, 150.0, 0.0, 0.00252807
120.0, 160.0, 0.0, 0.00278722
120.0, 170.0, 0.0, 0.00282727
120.0, 180.0, 0.0, 0.00321805
120.0, 190.0, 0.0, 0.00302341
120.0, 200.0, 0.0, 0.00338227
120.0, 210.0, 0.0, 0.00320777
120.0, 220.0, 0.0, 0.00375887
120.0, 230.0, 0.0, 0.00511641
120.0, 240.0, 0.0, 0.00509032
120.0, 250.0, 0.0, 0.00531295
120.0, 260.0, 0.0, 0.00591003
130.0, 0.0, 0.0, 0.00372117
130.0, 10.0, 0.0, 0.00430817
130.0, 20.0, 0.0, 0.00403812
130.0, 30.0, 0.0, 0.00336470
130.0, 40.0, 0.0, 0.00327329
130.0, 50.0, 0.0, 0.00269053
130.0, 60.0, 0.0, 0.00276233
130.0, 70.0, 0.0, 0.00328916
130.0, 80.0, 0.0, 0.00298357
130.0, 90.0, 0.0, 0.00210657
130.0, 100.0, 0.0, 0.00222446
130.0, 110.0, 0.0, 0.00242103
130.0, 120.0, 0.0, 0.00267643
130.0, 130.0, 0.0, 0.00243175
130.0, 140.0, 0.0, 0.00242619
130.0, 150.0, 0.0, 0.00271684
130.0, 160.0, 0.0, 0.00292427
130.0, 170.0, 0.0, 0.00305468
130.0, 180.0, 0.0, 0.00294766
130.0, 190.0, 0.0, 0.00330032
130.0, 200.0, 0.0, 0.00254799
130.0, 210.0, 0.0, 0.00327133
130.0, 220.0, 0.0, 0.00298471
130.0, 230.0, 0.0, 0.00350343
130.0, 240.0, 0.0, 0.00379345
130.0, 250.0, 0.0, 0.00419250
130.0, 260.0, 0.0, 0.00467253
140.0, 0.0, 0.0, 0.00344806
140.0, 10.0, 0.0, 0.00440073
140.0, 20.0, 0.0, 0.00355111
140.0, 30.0, 0.0, 0.00295851
140.0, 40.0, 0.0, 0.00293782
140.0, 50.0, 0.0, 0.00319420
140.0, 60.0, 0.0, 0.00304690
140.0, 70.0, 0.0, 0.00257053
140.0, 80.0, 0.0, 0.00249991
140.0, 90.0, 0.0, 0.00226185
140.0, 100.0, 0.0, 0.00204595
140.0, 110.0, 0.0, 0.00221425
140.0, 120.0, 0.0, 0.00240209
140.0, 130.0, 0.0, 0.00248723
140.0, 140.0, 0.0, 0.00272837
140.0, 150.0, 0.0, 0.00285130
140.0, 160.0, 0.0, 0.00298823
140.0, 170.0, 0.0, 0.00320827
140.0, 180.0, 0.0, 0.00290904
140.0, 190.0, 0.0, 0.00249644
140.0, 200.0, 0.0, 0.00267142
140.0, 210.0, 0.0, 0.00245736
140.0, 220.0, 0.0, 0.00248209
140.0, 230.0, 0.0, 0.00268174
140.0, 240.0, 0.0, 0.00319572
140.0, 250.0, 0.0, 0.00374771
140.0, 260.0, 0.0, 0.00423160
150.0, 0.0, 0.0, 0.00238914
150.0, 10.0, 0.0, 0.00308755
150.0, 20.0, 0.0, 0.00371221
150.0, 30.0, 0.0, 0.00332430
150.0, 40.0, 0.0, 0.00330094
150.0, 50.0, 0.0, 0.00323455
150.0, 60.0, 0.0, 0.00289824
150.0, 70.0, 0.0, 0.00238618
150.0, 80.0, 0.0, 0.00206023
150.0, 90.0, 0.0, 0.00198936
150.0, 100.0, 0.0, 0.00197509
150.0, 110.0, 0.0, 0.00212368
150.0, 120.0, 0.0, 0.00230435
150.0, 130.0, 0.0, 0.00248233
150.0, 140.0, 0.0, 0.00271519
150.0, 150.0, 0.0, 0.00273390
150.0, 160.0, 0.0, 0.00277606
150.0, 170.0, 0.0, 0.00288070
150.0, 180.0, 0.0, 0.00282657
150.0, 190.0, 0.0, 0.00226110
150.0, 200.0, 0.0, 0.00218068
150.0, 210.0, 0.0, 0.00235768
150.0, 220.0, 0.0, 0.00263601
150.0, 230.0, 0.0, 0.00223145
150.0, 240.0, 0.0, 0.00252089
150.0, 250.0, 0.0, 0.00298827
150.0, 260.0, 0.0, 0.00369619
160.0, 0.0, 0.0, 0.00210751
160.0, 10.0, 0.0, 0.00338013
160.0, 20.0, 0.0, 0.00343752
160.0, 30.0, 0.0, 0.00293079
160.0, 40.0, 0.0, 0.00306427
160.0, 50.0, 0.0, 0.00313072
160.0, 60.0, 0.0, 0.00264477
160.0, 70.0, 0.0, 0.00198430
160.0, 80.0, 0.0, 0.00154713
160.0, 90.0, 0.0, 0.00147647
160.0, 100.0, 0.0, 0.00159589
160.0, 110.0, 0.0, 0.00181775
160.0, 120.0, 0.0, 0.00208379
160.0, 130.0, 0.0, 0.00232192
160.0, 140.0, 0.0, 0.00270818
160.0, 150.0, 0.0, 0.00289201
160.0, 160.0, 0.0, 0.00280900
160.0, 170.0, 0.0, 0.00279109
160.0, 180.0, 0.0, 0.00259751
160.0, 190.0, 0.0, 0.00237376
160.0, 200.0, 0.0, 0.00221475
160.0, 210.0, 0.0, 0.00225716
160.0, 220.0, 0.0, 0.00219339
160.0, 230.0, 0.0, 0.00204790
160.0, 240.0, 0.0, 0.00212461
160.0, 250.0, 0.0, 0.00258614
160.0, 260.0, 0.0, 0.00312181
170.0, 0.0, 0.0, 0.00165618
170.0, 10.0, 0.0, 0.00173534
170.0, 20.0, 0.0, 0.00284681
170.0, 30.0, 0.0, 0.00296267
170.0, 40.0, 0.0, 0.00274275
170.0, 50.0, 0.0, 0.00274401
170.0, 60.0, 0.0, 0.00254607
170.0, 70.0, 0.0, 0.00205632
170.0, 80.0, 0.0, 0.00150317
170.0, 90.0, 0.0, 0.00139660
170.0, 100.0, 0.0, 0.00156735
170.0, 110.0, 0.0, 0.00168735
170.0, 120.0, 0.0, 0.00193336
170.0, 130.0, 0.0, 0.00244334
170.0, 140.0, 0.0, 0.00287214
170.0, 150.0, 0.0, 0.00289215
170.0, 160.0, 0.0, 0.00293540
170.0, 170.0, 0.0, 0.00288848
170.0, 180.0, 0.0, 0.00282095
170.0, 190.0, 0.0, 0.00276066
170.0, 200.0, 0.0, 0.00235342
170.0, 210.0, 0.0, 0.00211095
170.0, 220.0, 0.0, 0.00203532
170.0, 230.0, 0.0, 0.00182054
170.0, 240.0, 0.0, 0.00190276
170.0, 250.0, 0.0, 0.00219633
170.0, 260.0, 0.0, 0.00264885
180.0, 0.0, 0.0, 0.00186375
180.0, 10.0, 0.0, 0.00113117
180.0, 20.0, 0.0, 0.00220731
180.0, 30.0, 0.0, 0.00235830
180.0, 40.0, 0.0, 0.00258506
180.0, 50.0, 0.0, 0.00270677
180.0, 60.0, 0.0, 0.00230265
180.0, 70.0, 0.0, 0.00212445
180.0, 80.0, 0.0, 0.00185503
180.0, 90.0, 0.0, 0.00167355
180.0, 100.0, 0.0, 0.00151567
180.0, 110.0, 0.0, 0.00160279
180.0, 120.0, 0.0, 0.00186246
180.0, 130.0, 0.0, 0.00232787
180.0, 140.0, 0.0, 0.00224442
180.0, 150.0, 0.0, 0.00234475
180.0, 160.0, 0.0, 0.00262673
180.0, 170.0, 0.0, 0.00189059
180.0, 180.0, 0.0, 0.00255172
180.0, 190.0, 0.0, 0.00267593
180.0, 200.0, 0.0, 0.00247733
180.0, 210.0, 0.0, 0.00215786
180.0, 220.0, 0.0, 0.00192905
180.0, 230.0, 0.0, 0.00171132
180.0, 240.0, 0.0, 0.00152371
180.0, 250.0, 0.0, 0.00190423
180.0, 260.0, 0.0, 0.00230154
190.0, 0.0, 0.0, 0.00139294
190.0, 10.0, 0.0, 0.00142268
190.0, 20.0, 0.0, 0.00164502
190.0, 30.0, 0.0, 0.00174579
190.0, 40.0, 0.0, 0.00188652
190.0, 50.0, 0.0, 0.00205315
190.0, 60.0, 0.0, 0.00238669
190.0, 70.0, 0.0, 0.00235080
190.0, 80.0, 0.0, 0.00164068
190.0, 90.0, 0.0, 0.00177529
190.0, 100.0, 0.0, 0.00153906
190.0, 110.0, 0.0, 0.00168745
190.0, 120.0, 0.0, 0.00180507
190.0, 130.0, 0.0, 0.00185697
190.0, 140.0, 0.0, 0.00168186
190.0, 150.0, 0.0, 0.00192238
190.0, 160.0, 0.0, 0.00207828
190.0, 170.0, 0.0, 0.00215471
190.0, 180.0, 0.0, 0.00193135
190.0, 190.0, 0.0, 0.00180409
190.0, 200.0, 0.0, 0.00177416
190.0, 210.0, 0.0, 0.00180973
190.0, 220.0, 0.0, 0.00173548
190.0, 230.0, 0.0, 0.00160548
190.0, 240.0, 0.0, 0.00141553
190.0, 250.0, 0.0, 0.00145530
190.0, 260.0, 0.0, 0.00208411
200.0, 0.0, 0.0, 0.00129299
200.0, 10.0, 0.0, 0.00125522
200.0, 20.0, 0.0, 0.00175895
200.0, 30.0, 0.0, 0.00183347
200.0, 40.0, 0.0, 0.00196906
200.0, 50.0, 0.0, 0.00225452
200.0, 60.0, 0.0, 0.00245943
200.0, 70.0, 0.0, 0.00223263
200.0, 80.0, 0.0, 0.00213268
200.0, 90.0, 0.0, 0.00159836
200.0, 100.0, 0.0, 0.00157455
200.0, 110.0, 0.0, 0.00152050
200.0, 120.0, 0.0, 0.00167603
200.0, 130.0, 0.0, 0.00180526
200.0, 140.0, 0.0, 0.00142115
200.0, 150.0, 0.0, 0.00143460
200.0, 160.0, 0.0, 0.00155610
200.0, 170.0, 0.0, 0.00162261
200.0, 180.0, 0.0, 0.00107963
200.0, 190.0, 0.0, 0.00156119
200.0, 200.0, 0.0, 0.00129683
200.0, 210.0, 0.0, 0.00136500
200.0, 220.0, 0.0, 0.00135523
200.0, 230.0, 0.0, 0.00136472
200.0, 240.0, 0.0, 0.00127199
200.0, 250.0, 0.0, 0.00136798
200.0, 260.0, 0.0, 0.00205427
210.0, 0.0, 0.0, 0.00122065
210.0, 10.0, 0.0, 0.00153810
210.0, 20.0, 0.0, 0.00201558
210.0, 30.0, 0.0, 0.00156256
210.0, 40.0, 0.0, 0.00222956
210.0, 50.0, 0.0, 0.00242120
210.0, 60.0, 0.0, 0.00262198
210.0, 70.0, 0.0, 0.00242787
210.0, 80.0, 0.0, 0.00198324
210.0, 90.0, 0.0, 0.00187670
210.0, 100.0, 0.0, 0.00124319
210.0, 110.0, 0.0, 0.00153555
210.0, 120.0, 0.0, 0.00158216
210.0, 130.0, 0.0, 0.00168288
210.0, 140.0, 0.0, 0.00083233
210.0, 150.0, 0.0, 0.00125846
210.0, 160.0, 0.0, 0.00114276
210.0, 170.0, 0.0, 0.00181262
210.0, 180.0, 0.0, 0.00108194
210.0, 190.0, 0.0, 0.00119312
210.0, 200.0, 0.0, 0.00103764
210.0, 210.0, 0.0, 0.00095620
210.0, 220.0, 0.0, 0.00093343
210.0, 230.0, 0.0, 0.00087672
210.0, 240.0, 0.0, 0.00107981
210.0, 250.0, 0.0, 0.00133689
210.0, 260.0, 0.0, 0.00191390
220.0, 0.0, 0.0, 0.00120756
220.0, 10.0, 0.0, 0.00187792
220.0, 20.0, 0.0, 0.00189161
220.0, 30.0, 0.0, 0.00170811
220.0, 40.0, 0.0, 0.00184948
220.0, 50.0, 0.0, 0.00194924
220.0, 60.0, 0.0, 0.00245349
220.0, 70.0, 0.0, 0.00260755
220.0, 80.0, 0.0, 0.00199253
220.0, 90.0, 0.0, 0.00141287
220.0, 100.0, 0.0, 0.00141074
220.0, 110.0, 0.0, 0.00150977
220.0, 120.0, 0.0, 0.00131018
220.0, 130.0, 0.0, 0.00115048
220.0, 140.0, 0.0, 0.00112949
220.0, 150.0, 0.0, 0.00078664
220.0, 160.0, 0.0, 0.00091431
220.0, 170.0, 0.0, 0.00110516
220.0, 180.0, 0.0, 0.00087694
220.0, 190.0, 0.0, 0.00084561
220.0, 200.0, 0.0, 0.00074023
220.0, 210.0, 0.0, 0.00080992
220.0, 220.0, 0.0, 0.00070240
220.0, 230.0, 0.0, 0.00111114
220.0, 240.0, 0.0, 0.00119528
220.0, 250.0, 0.0, 0.00113744
220.0, 260.0, 0.0, 0.00169876
230.0, 0.0, 0.0, 0.00159182
230.0, 10.0, 0.0, 0.00187789
230.0, 20.0, 0.0, 0.00180763
230.0, 30.0, 0.0, 0.00158562
230.0, 40.0, 0.0, 0.00162644
230.0, 50.0, 0.0, 0.00180957
230.0, 60.0, 0.0, 0.00215900
230.0, 70.0, 0.0, 0.00220538
230.0, 80.0, 0.0, 0.00167796
230.0, 90.0, 0.0, 0.00136551
230.0, 100.0, 0.0, 0.00135595
230.0, 110.0, 0.0, 0.00099358
230.0, 120.0, 0.0, 0.00067269
230.0, 130.0, 0.0, 0.00062198
230.0, 140.0, 0.0, 0.00065215
230.0, 150.0, 0.0, 0.00054936
230.0, 160.0, 0.0, 0.00094370
230.0, 170.0, 0.0, 0.00085558
230.0, 180.0, 0.0, 0.00079630
230.0, 190.0, 0.0, 0.00066104
230.0, 200.0, 0.0, 0.00058971
230.0, 210.0, 0.0, 0.00057902
230.0, 220.0, 0.0, 0.00060996
230.0, 230.0, 0.0, 0.00068778
230.0, 240.0, 0.0, 0.00093347
230.0, 250.0, 0.0, 0.00114258
230.0, 260.0, 0.0, 0.00177329
0.0, 0.0, 10.0, 0.00188148
0.0, 10.0, 10.0, 0.00245797
0.0, 20.0, 10.0, 0.00299241
0.0, 30.0, 10.0, 0.00459036
0.0, 40.0, 10.0, 0.00887255
0.0, 50.0, 10.0, 0.00645334
0.0, 60.0, 10.0, 0.00606898
0.0, 70.0, 10.0, 0.00626812
0.0, 80.0, 10.0, 0.00752062
0.0, 90.0, 10.0, 0.00819593
0.0, 100.0, 10.0, 0.00968245
0.0, 110.0, 10.0, 0.00959072
0.0, 120.0, 10.0, 0.00856330
0.0, 130.0, 10.0, 0.00778603
0.0, 140.0, 10.0, 0.00745184
0.0, 150.0, 10.0, 0.00695264
0.0, 160.0, 10.0, 0.00755735
0.0, 170.0, 10.0, 0.00769386
0.0, 180.0, 10.0, 0.00811575
0.0, 190.0, 10.0, 0.00915208
0.0, 200.0, 10.0, 0.00951783
0.0, 210.0, 10.0, 0.00928788
0.0, 220.0, 10.0, 0.00916868
0.0, 230.0, 10.0, 0.00937842
0.0, 240.0, 10.0, 0.00867077
0.0, 250.0, 10.0, 0.00817815
0.0, 260.0, 10.0, 0.00833752
10.0, 0.0, 10.0, 0.00109354
10.0, 10.0, 10.0, 0.00108825
10.0, 20.0, 10.0, 0.00180859
10.0, 30.0, 10.0, 0.00432450
10.0, 40.0, 10.0, 0.00950098
10.0, 50.0, 10.0, 0.00533636
10.0, 60.0, 10.0, 0.00646029
10.0, 70.0, 10.0, 0.00699671
10.0, 80.0, 10.0, 0.00834929
10.0, 90.0, 10.0, 0.00851271
10.0, 100.0, 10.0, 0.00909493
10.0, 110.0, 10.0, 0.00955369
10.0, 120.0, 10.0, 0.00955527
10.0, 130.0, 10.0, 0.00928760
10.0, 140.0, 10.0, 0.00889273
10.0, 150.0, 10.0, 0.00779575
10.0, 160.0, 10.0, 0.00850960
10.0, 170.0, 10.0, 0.00991006
10.0, 180.0, 10.0, 0.00949421
10.0, 190.0, 10.0, 0.01019402
10.0, 200.0, 10.0, 0.01017805
10.0, 210.0, 10.0, 0.00962497
10.0, 220.0, 10.0, 0.00788333
10.0, 230.0, 10.0, 0.00553597
10.0, 240.0, 10.0, 0.00698220
10.0, 250.0, 10.0, 0.00764180
10.0, 260.0, 10.0, 0.00785781
20.0, 0.0, 10.0, 0.00039169
20.0, 10.0, 10.0, 0.00112917
20.0, 20.0, 10.0, 0.00218507
20.0, 30.0, 10.0, 0.00293250
20.0, 40.0, 10.0, 0.00961098
20.0, 50.0, 10.0, 0.00538823
20.0, 60.0, 10.0, 0.00743076
20.0, 70.0, 10.0, 0.00831392
20.0, 80.0, 10.0, 0.00862102
20.0, 90.0, 10.0, 0.00818481
20.0, 100.0, 10.0, 0.00836200
20.0, 110.0, 10.0, 0.00835961
20.0, 120.0, 10.0, 0.00822498
20.0, 130.0, 10.0, 0.00824025
20.0, 140.0, 10.0, 0.00800396
20.0, 150.0, 10.0, 0.00773292
20.0, 160.0, 10.0, 0.00716640
20.0, 170.0, 10.0, 0.00793472
20.0, 180.0, 10.0, 0.00633578
20.0, 190.0, 10.0, 0.00528014
20.0, 200.0, 10.0, 0.00444434
20.0, 210.0, 10.0, 0.00317679
20.0, 220.0, 10.0, 0.00244153
20.0, 230.0, 10.0, 0.00447643
20.0, 240.0, 10.0, 0.00713255
20.0, 250.0, 10.0, 0.00780850
20.0, 260.0, 10.0, 0.00818772
30.0, 0.0, 10.0, 0.00075072
30.0, 10.0, 10.0, 0.00235253
30.0, 20.0, 10.0, 0.00242910
30.0, 30.0, 10.0, 0.00240624
30.0, 40.0, 10.0, 0.00823897
30.0, 50.0, 10.0, 0.00533318
30.0, 60.0, 10.0, 0.00781558
30.0, 70.0, 10.0, 0.00797813
30.0, 80.0, 10.0, 0.00772458
30.0, 90.0, 10.0, 0.00791585
30.0, 100.0, 10.0, 0.00804821
30.0, 110.0, 10.0, 0.00740435
30.0, 120.0, 10.0, 0.00683662
30.0, 130.0, 10.0, 0.00651402
30.0, 140.0, 10.0, 0.00636089
30.0, 150.0, 10.0, 0.00642912
30.0, 160.0, 10.0, 0.00685352
30.0, 170.0, 10.0, 0.00598640
30.0, 180.0, 10.0, 0.00370242
30.0, 190.0, 10.0, 0.00241379
30.0, 200.0, 10.0, 0.00264079
30.0, 210.0, 10.0, 0.00624095
30.0, 220.0, 10.0, 0.00255582
30.0, 230.0, 10.0, 0.00405699
30.0, 240.0, 10.0, 0.00661878
30.0, 250.0, 10.0, 0.00798405
30.0, 260.0, 10.0, 0.00833817
40.0, 0.0, 10.0, 0.00203079
40.0, 10.0, 10.0, 0.00296128
40.0, 20.0, 10.0, 0.00271756
40.0, 30.0, 10.0, 0.00338540
40.0, 40.0, 10.0, 0.01088305
40.0, 50.0, 10.0, 0.00509913
40.0, 60.0, 10.0, 0.00912159
40.0, 70.0, 10.0, 0.00817230
40.0, 80.0, 10.0, 0.00813626
40.0, 90.0, 10.0, 0.00823107
40.0, 100.0, 10.0, 0.00768499
40.0, 110.0, 10.0, 0.00712354
40.0, 120.0, 10.0, 0.00673910
40.0, 130.0, 10.0, 0.00627487
40.0, 140.0, 10.0, 0.00620566
40.0, 150.0, 10.0, 0.00653554
40.0, 160.0, 10.0, 0.00550615
40.0, 170.0, 10.0, 0.00400691
40.0, 180.0, 10.0, 0.00224614
40.0, 190.0, 10.0, 0.00700116
40.0, 200.0, 10.0, 0.00596419
40.0, 210.0, 10.0, 0.00271974
40.0, 220.0, 10.0, 0.00268646
40.0, 230.0, 10.0, 0.00227829
40.0, 240.0, 10.0, 0.00474067
40.0, 250.0, 10.0, 0.00728913
40.0, 260.0, 10.0, 0.00798053
50.0, 0.0, 10.0, 0.00258064
50.0, 10.0, 10.0, 0.00260784
50.0, 20.0, 10.0, 0.00363796
50.0, 30.0, 10.0, 0.00550874
50.0, 40.0, 10.0, 0.01070249
50.0, 50.0, 10.0, 0.00847575
50.0, 60.0, 10.0, 0.00838820
50.0, 70.0, 10.0, 0.00955392
50.0, 80.0, 10.0, 0.00905655
50.0, 90.0, 10.0, 0.00820535
50.0, 100.0, 10.0, 0.00663055
50.0, 110.0, 10.0, 0.00556652
50.0, 120.0, 10.0, 0.00529386
50.0, 130.0, 10.0, 0.00555790
50.0, 140.0, 10.0, 0.00620658
50.0, 150.0, 10.0, 0.00533983
50.0, 160.0, 10.0, 0.00447576
50.0, 170.0, 10.0, 0.00326933
50.0, 180.0, 10.0, 0.00185401
50.0, 190.0, 10.0, 0.00490546
50.0, 200.0, 10.0, 0.00608439
50.0, 210.0, 10.0, 0.00187916
50.0, 220.0, 10.0, 0.00213235
50.0, 230.0, 10.0, 0.00254733
50.0, 240.0, 10.0, 0.00296428
50.0, 250.0, 10.0, 0.00580052
50.0, 260.0, 10.0, 0.00728370
60.0, 0.0, 10.0, 0.00235849
60.0, 10.0, 10.0, 0.00245611
60.0, 20.0, 10.0, 0.00432626
60.0, 30.0, 10.0, 0.00759616
60.0, 40.0, 10.0, 0.00826195
60.0, 50.0, 10.0, 0.00568832
60.0, 60.0, 10.0, 0.00926141
60.0, 70.0, 10.0, 0.00872470
60.0, 80.0, 10.0, 0.00834592
60.0, 90.0, 10.0, 0.00664649
60.0, 100.0, 10.0, 0.00458155
60.0, 110.0, 10.0, 0.00330234
60.0, 120.0, 10.0, 0.00371036
60.0, 130.0, 10.0, 0.00354224
60.0, 140.0, 10.0, 0.00354501
60.0, 150.0, 10.0, 0.00372520
60.0, 160.0, 10.0, 0.00400547
60.0, 170.0, 10.0, 0.00376308
60.0, 180.0, 10.0, 0.00246693
60.0, 190.0, 10.0, 0.00519266
60.0, 200.0, 10.0, 0.00744354
60.0, 210.0, 10.0, 0.00320385
60.0, 220.0, 10.0, 0.00176970
60.0, 230.0, 10.0, 0.00406390
60.0, 240.0, 10.0, 0.00464473
60.0, 250.0, 10.0, 0.00474121
60.0, 260.0, 10.0, 0.00575330
70.0, 0.0, 10.0, 0.00220301
70.0, 10.0, 10.0, 0.00253246
70.0, 20.0, 10.0, 0.00242072
70.0, 30.0, 10.0, 0.00695573
70.0, 40.0, 10.0, 0.00620841
70.0, 50.0, 10.0, 0.00562971
70.0, 60.0, 10.0, 0.00822200
70.0, 70.0, 10.0, 0.00853461
70.0, 80.0, 10.0, 0.00745996
70.0, 90.0, 10.0, 0.00571535
70.0, 100.0, 10.0, 0.00506105
70.0, 110.0, 10.0, 0.00516338
70.0, 120.0, 10.0, 0.00578949
70.0, 130.0, 10.0, 0.00497445
70.0, 140.0, 10.0, 0.00607045
70.0, 150.0, 10.0, 0.00618495
70.0, 160.0, 10.0, 0.00617009
70.0, 170.0, 10.0, 0.00538162
70.0, 180.0, 10.0, 0.00418927
70.0, 190.0, 10.0, 0.00637453
70.0, 200.0, 10.0, 0.00627792
70.0, 210.0, 10.0, 0.00377318
70.0, 220.0, 10.0, 0.00363168
70.0, 230.0, 10.0, 0.00361478
70.0, 240.0, 10.0, 0.00575259
70.0, 250.0, 10.0, 0.00664939
70.0, 260.0, 10.0, 0.00704185
80.0, 0.0, 10.0, 0.00235862
80.0, 10.0, 10.0, 0.00264868
80.0, 20.0, 10.0, 0.00663837
80.0, 30.0, 10.0, 0.00465073
80.0, 40.0, 10.0, 0.00315410
80.0, 50.0, 10.0, 0.00568213
80.0, 60.0, 10.0, 0.00640319
80.0, 70.0, 10.0, 0.00825943
80.0, 80.0, 10.0, 0.00759122
80.0, 90.0, 10.0, 0.00662037
80.0, 100.0, 10.0, 0.00654834
80.0, 110.0, 10.0, 0.00631253
80.0, 120.0, 10.0, 0.00608129
80.0, 130.0, 10.0, 0.00601604
80.0, 140.0, 10.0, 0.00593281
80.0, 150.0, 10.0, 0.00570859
80.0, 160.0, 10.0, 0.00594067
80.0, 170.0, 10.0, 0.00608135
80.0, 180.0, 10.0, 0.00512553
80.0, 190.0, 10.0, 0.00398638
80.0, 200.0, 10.0, 0.00340290
80.0, 210.0, 10.0, 0.00331182
80.0, 220.0, 10.0, 0.00407587
80.0, 230.0, 10.0, 0.00461774
80.0, 240.0, 10.0, 0.00487492
80.0, 250.0, 10.0, 0.00580859
80.0, 260.0, 10.0, 0.00695497
90.0, 0.0, 10.0, 0.00250548
90.0, 10.0, 10.0, 0.00303426
90.0, 20.0, 10.0, 0.00454268
90.0, 30.0, 10.0, 0.00455343
90.0, 40.0, 10.0, 0.00523623
90.0, 50.0, 10.0, 0.00624040
90.0, 60.0, 10.0, 0.00674972
90.0, 70.0, 10.0, 0.00703442
90.0, 80.0, 10.0, 0.00696867
90.0, 90.0, 10.0, 0.00681452
90.0, 100.0, 10.0, 0.00640495
90.0, 110.0, 10.0, 0.00575719
90.0, 120.0, 10.0, 0.00563005
90.0, 130.0, 10.0, 0.00509672
90.0, 140.0, 10.0, 0.00381516
90.0, 150.0, 10.0, 0.00328169
90.0, 160.0, 10.0, 0.00299556
90.0, 170.0, 10.0, 0.00334360
90.0, 180.0, 10.0, 0.00226575
90.0, 190.0, 10.0, 0.00266271
90.0, 200.0, 10.0, 0.00328583
90.0, 210.0, 10.0, 0.00326254
90.0, 220.0, 10.0, 0.00350906
90.0, 230.0, 10.0, 0.00347122
90.0, 240.0, 10.0, 0.00387855
90.0, 250.0, 10.0, 0.00458004
90.0, 260.0, 10.0, 0.00535632
100.0, 0.0, 10.0, 0.00278984
100.0, 10.0, 10.0, 0.00412027
100.0, 20.0, 10.0, 0.00423159
100.0, 30.0, 10.0, 0.00473193
100.0, 40.0, 10.0, 0.00499199
100.0, 50.0, 10.0, 0.00493532
100.0, 60.0, 10.0, 0.00467356
100.0, 70.0, 10.0, 0.00464555
100.0, 80.0, 10.0, 0.00469492
100.0, 90.0, 10.0, 0.00470080
100.0, 100.0, 10.0, 0.00461483
100.0, 110.0, 10.0, 0.00461309
100.0, 120.0, 10.0, 0.00117128
100.0, 130.0, 10.0, 0.00114467
100.0, 140.0, 10.0, 0.00107226
100.0, 150.0, 10.0, 0.00118162
100.0, 160.0, 10.0, 0.00094574
100.0, 170.0, 10.0, 0.00057931
100.0, 180.0, 10.0, 0.00088479
100.0, 190.0, 10.0, 0.00149825
100.0, 200.0, 10.0, 0.00165963
100.0, 210.0, 10.0, 0.00190052
100.0, 220.0, 10.0, 0.00225076
100.0, 230.0, 10.0, 0.00241436
100.0, 240.0, 10.0, 0.00225372
100.0, 250.0, 10.0, 0.00240195
100.0, 260.0, 10.0, 0.00375051
110.0, 0.0, 10.0, 0.00259843
110.0, 10.0, 10.0, 0.00365621
110.0, 20.0, 10.0, 0.00377782
110.0, 30.0, 10.0, 0.00396156
110.0, 40.0, 10.0, 0.00424868
110.0, 50.0, 10.0, 0.00393354
110.0, 60.0, 10.0, 0.00373817
110.0, 70.0, 10.0, 0.00329392
110.0, 80.0, 10.0, 0.00279024
110.0, 90.0, 10.0, 0.00117790
110.0, 100.0, 10.0, 0.00037016
110.0, 110.0, 10.0, 0.00073863
110.0, 120.0, 10.0, 0.00102723
110.0, 130.0, 10.0, 0.00097506
110.0, 140.0, 10.0, 0.00089842
110.0, 150.0, 10.0, 0.00062372
110.0, 160.0, 10.0, 0.00038799
110.0, 170.0, 10.0, 0.00000971
110.0, 180.0, 10.0, 0.00107111
110.0, 190.0, 10.0, 0.00157677
110.0, 200.0, 10.0, 0.00176426
110.0, 210.0, 10.0, 0.00205702
110.0, 220.0, 10.0, 0.00254421
110.0, 230.0, 10.0, 0.00252566
110.0, 240.0, 10.0, 0.00191907
110.0, 250.0, 10.0, 0.00188661
110.0, 260.0, 10.0, 0.00328158
120.0, 0.0, 10.0, 0.00271020
120.0, 10.0, 10.0, 0.00370628
120.0, 20.0, 10.0, 0.00347588
120.0, 30.0, 10.0, 0.00360900
120.0, 40.0, 10.0, 0.00303526
120.0, 50.0, 10.0, 0.00296758
120.0, 60.0, 10.0, 0.00272325
120.0, 70.0, 10.0, 0.00223460
120.0, 80.0, 10.0, 0.00098171
120.0, 90.0, 10.0, 0.00192701
120.0, 100.0, 10.0, 0.00158349
120.0, 110.0, 10.0, 0.00185225
120.0, 120.0, 10.0, 0.00137871
120.0, 130.0, 10.0, 0.00079563
120.0, 140.0, 10.0, 0.00058849
120.0, 150.0, 10.0, 0.00053094
120.0, 160.0, 10.0, 0.00023985
120.0, 170.0, 10.0, 0.00029802
120.0, 180.0, 10.0, 0.00148688
120.0, 190.0, 10.0, 0.00206969
120.0, 200.0, 10.0, 0.00179285
120.0, 210.0, 10.0, 0.00146928
120.0, 220.0, 10.0, 0.00147740
120.0, 230.0, 10.0, 0.00214834
120.0, 240.0, 10.0, 0.00283289
120.0, 250.0, 10.0, 0.00178780
120.0, 260.0, 10.0, 0.00218937
130.0, 0.0, 10.0, 0.00243218
130.0, 10.0, 10.0, 0.00369755
130.0, 20.0, 10.0, 0.00323647
130.0, 30.0, 10.0, 0.00315621
130.0, 40.0, 10.0, 0.00278625
130.0, 50.0, 10.0, 0.00294941
130.0, 60.0, 10.0, 0.00266264
130.0, 70.0, 10.0, 0.00256200
130.0, 80.0, 10.0, 0.00269103
130.0, 90.0, 10.0, 0.00251202
130.0, 100.0, 10.0, 0.00195519
130.0, 110.0, 10.0, 0.00091454
130.0, 120.0, 10.0, 0.00069303
130.0, 130.0, 10.0, 0.00056561
130.0, 140.0, 10.0, 0.00041485
130.0, 150.0, 10.0, 0.00034441
130.0, 160.0, 10.0, 0.00033183
130.0, 170.0, 10.0, 0.00058253
130.0, 180.0, 10.0, 0.00028555
130.0, 190.0, 10.0, 0.00196009
130.0, 200.0, 10.0, 0.00208796
130.0, 210.0, 10.0, 0.00171161
130.0, 220.0, 10.0, 0.00223894
130.0, 230.0, 10.0, 0.00225057
130.0, 240.0, 10.0, 0.00253142
130.0, 250.0, 10.0, 0.00247354
130.0, 260.0, 10.0, 0.00190087
140.0, 0.0, 10.0, 0.00201045
140.0, 10.0, 10.0, 0.00282990
140.0, 20.0, 10.0, 0.00269537
140.0, 30.0, 10.0, 0.00272586
140.0, 40.0, 10.0, 0.00251776
140.0, 50.0, 10.0, 0.00245279
140.0, 60.0, 10.0, 0.00236149
140.0, 70.0, 10.0, 0.00222673
140.0, 80.0, 10.0, 0.00190664
140.0, 90.0, 10.0, 0.00142823
140.0, 100.0, 10.0, 0.00100519
140.0, 110.0, 10.0, 0.00057048
140.0, 120.0, 10.0, 0.00045601
140.0, 130.0, 10.0, 0.00046945
140.0, 140.0, 10.0, 0.00056103
140.0, 150.0, 10.0, 0.00068443
140.0, 160.0, 10.0, 0.00077633
140.0, 170.0, 10.0, 0.00091102
140.0, 180.0, 10.0, 0.00059088
140.0, 190.0, 10.0, 0.00077218
140.0, 200.0, 10.0, 0.00125558
140.0, 210.0, 10.0, 0.00192300
140.0, 220.0, 10.0, 0.00188836
140.0, 230.0, 10.0, 0.00156285
140.0, 240.0, 10.0, 0.00148819
140.0, 250.0, 10.0, 0.00148598
140.0, 260.0, 10.0, 0.00158419
150.0, 0.0, 10.0, 0.00068996
150.0, 10.0, 10.0, 0.00139891
150.0, 20.0, 10.0, 0.00203560
150.0, 30.0, 10.0, 0.00225893
150.0, 40.0, 10.0, 0.00223357
150.0, 50.0, 10.0, 0.00208911
150.0, 60.0, 10.0, 0.00177345
150.0, 70.0, 10.0, 0.00132755
150.0, 80.0, 10.0, 0.00061234
150.0, 90.0, 10.0, 0.00029004
150.0, 100.0, 10.0, 0.00018182
150.0, 110.0, 10.0, 0.00014942
150.0, 120.0, 10.0, 0.00020126
150.0, 130.0, 10.0, 0.00036328
150.0, 140.0, 10.0, 0.00065211
150.0, 150.0, 10.0, 0.00102193
150.0, 160.0, 10.0, 0.00120908
150.0, 170.0, 10.0, 0.00140934
150.0, 180.0, 10.0, 0.00137309
150.0, 190.0, 10.0, 0.00080529
150.0, 200.0, 10.0, 0.00094931
150.0, 210.0, 10.0, 0.00114072
150.0, 220.0, 10.0, 0.00097412
150.0, 230.0, 10.0, 0.00082257
150.0, 240.0, 10.0, 0.00079826
150.0, 250.0, 10.0, 0.00090675
150.0, 260.0, 10.0, 0.00102222
160.0, 0.0, 10.0, 0.00092750
160.0, 10.0, 10.0, 0.00197707
160.0, 20.0, 10.0, 0.00175497
160.0, 30.0, 10.0, 0.00162362
160.0, 40.0, 10.0, 0.00203182
160.0, 50.0, 10.0, 0.00179529
160.0, 60.0, 10.0, 0.00167078
160.0, 70.0, 10.0, 0.00101042
160.0, 80.0, 10.0, 0.00036583
160.0, 90.0, 10.0, 0.00012011
160.0, 100.0, 10.0, 0.00004361
160.0, 110.0, 10.0, 0.00002658
160.0, 120.0, 10.0, 0.00005191
160.0, 130.0, 10.0, 0.00026501
160.0, 140.0, 10.0, 0.00077721
160.0, 150.0, 10.0, 0.00106706
160.0, 160.0, 10.0, 0.00139023
160.0, 170.0, 10.0, 0.00144019
160.0, 180.0, 10.0, 0.00136664
160.0, 190.0, 10.0, 0.00120080
160.0, 200.0, 10.0, 0.00094689
160.0, 210.0, 10.0, 0.00114134
160.0, 220.0, 10.0, 0.00092608
160.0, 230.0, 10.0, 0.00074598
160.0, 240.0, 10.0, 0.00064673
160.0, 250.0, 10.0, 0.00067862
160.0, 260.0, 10.0, 0.00083257
170.0, 0.0, 10.0, 0.00073123
170.0, 10.0, 10.0, 0.00098847
170.0, 20.0, 10.0, 0.00124227
170.0, 30.0, 10.0, 0.00122275
170.0, 40.0, 10.0, 0.00142344
170.0, 50.0, 10.0, 0.00117811
170.0, 60.0, 10.0, 0.00128699
170.0, 70.0, 10.0, 0.00094680
170.0, 80.0, 10.0, 0.00036205
170.0, 90.0, 10.0, 0.00014831
170.0, 100.0, 10.0, 0.00006255
170.0, 110.0, 10.0, 0.00000929
170.0, 120.0, 10.0, 0.00021926
170.0, 130.0, 10.0, 0.00070294
170.0, 140.0, 10.0, 0.00122959
170.0, 150.0, 10.0, 0.00144790
170.0, 160.0, 10.0, 0.00135998
170.0, 170.0, 10.0, 0.00138653
170.0, 180.0, 10.0, 0.00126544
170.0, 190.0, 10.0, 0.00127346
170.0, 200.0, 10.0, 0.00103312
170.0, 210.0, 10.0, 0.00111830
170.0, 220.0, 10.0, 0.00093224
170.0, 230.0, 10.0, 0.00078857
170.0, 240.0, 10.0, 0.00065388
170.0, 250.0, 10.0, 0.00075020
170.0, 260.0, 10.0, 0.00100134
180.0, 0.0, 10.0, 0.00087886
180.0, 10.0, 10.0, 0.00061352
180.0, 20.0, 10.0, 0.00090778
180.0, 30.0, 10.0, 0.00059421
180.0, 40.0, 10.0, 0.00126108
180.0, 50.0, 10.0, 0.00082789
180.0, 60.0, 10.0, 0.00128103
180.0, 70.0, 10.0, 0.00104732
180.0, 80.0, 10.0, 0.00047699
180.0, 90.0, 10.0, 0.00016272
180.0, 100.0, 10.0, 0.00000957
180.0, 110.0, 10.0, 0.00016160
180.0, 120.0, 10.0, 0.00061639
180.0, 130.0, 10.0, 0.00108707
180.0, 140.0, 10.0, 0.00141493
180.0, 150.0, 10.0, 0.00150045
180.0, 160.0, 10.0, 0.00159782
180.0, 170.0, 10.0, 0.00145897
180.0, 180.0, 10.0, 0.00122023
180.0, 190.0, 10.0, 0.00119379
180.0, 200.0, 10.0, 0.00109232
180.0, 210.0, 10.0, 0.00101597
180.0, 220.0, 10.0, 0.00088735
180.0, 230.0, 10.0, 0.00080736
180.0, 240.0, 10.0, 0.00058690
180.0, 250.0, 10.0, 0.00080771
180.0, 260.0, 10.0, 0.00119391
190.0, 0.0, 10.0, 0.00067082
190.0, 10.0, 10.0, 0.00068101
190.0, 20.0, 10.0, 0.00046981
190.0, 30.0, 10.0, 0.00065287
190.0, 40.0, 10.0, 0.00085881
190.0, 50.0, 10.0, 0.00089183
190.0, 60.0, 10.0, 0.00097498
190.0, 70.0, 10.0, 0.00097080
190.0, 80.0, 10.0, 0.00065797
190.0, 90.0, 10.0, 0.00029505
190.0, 100.0, 10.0, 0.00001642
190.0, 110.0, 10.0, 0.00022882
190.0, 120.0, 10.0, 0.00060716
190.0, 130.0, 10.0, 0.00087428
190.0, 140.0, 10.0, 0.00094092
190.0, 150.0, 10.0, 0.00099565
190.0, 160.0, 10.0, 0.00115115
190.0, 170.0, 10.0, 0.00119251
190.0, 180.0, 10.0, 0.00121857
190.0, 190.0, 10.0, 0.00136442
190.0, 200.0, 10.0, 0.00109144
190.0, 210.0, 10.0, 0.00125020
190.0, 220.0, 10.0, 0.00095898
190.0, 230.0, 10.0, 0.00069532
190.0, 240.0, 10.0, 0.00051035
190.0, 250.0, 10.0, 0.00077496
190.0, 260.0, 10.0, 0.00125828
200.0, 0.0, 10.0, 0.00057185
200.0, 10.0, 10.0, 0.00054740
200.0, 20.0, 10.0, 0.00048395
200.0, 30.0, 10.0, 0.00090405
200.0, 40.0, 10.0, 0.00077819
200.0, 50.0, 10.0, 0.00097134
200.0, 60.0, 10.0, 0.00124539
200.0, 70.0, 10.0, 0.00127109
200.0, 80.0, 10.0, 0.00080371
200.0, 90.0, 10.0, 0.00064478
200.0, 100.0, 10.0, 0.00006224
200.0, 110.0, 10.0, 0.00020260
200.0, 120.0, 10.0, 0.00032678
200.0, 130.0, 10.0, 0.00057966
200.0, 140.0, 10.0, 0.00051680
200.0, 150.0, 10.0, 0.00053700
200.0, 160.0, 10.0, 0.00068850
200.0, 170.0, 10.0, 0.00085797
200.0, 180.0, 10.0, 0.00075900
200.0, 190.0, 10.0, 0.00066621
200.0, 200.0, 10.0, 0.00068397
200.0, 210.0, 10.0, 0.00069336
200.0, 220.0, 10.0, 0.00068422
200.0, 230.0, 10.0, 0.00062771
200.0, 240.0, 10.0, 0.00041656
200.0, 250.0, 10.0, 0.00068354
200.0, 260.0, 10.0, 0.00132382
210.0, 0.0, 10.0, 0.00067422
210.0, 10.0, 10.0, 0.00053197
210.0, 20.0, 10.0, 0.00066084
210.0, 30.0, 10.0, 0.00060953
210.0, 40.0, 10.0, 0.00111104
210.0, 50.0, 10.0, 0.00093170
210.0, 60.0, 10.0, 0.00125378
210.0, 70.0, 10.0, 0.00126343
210.0, 80.0, 10.0, 0.00141969
210.0, 90.0, 10.0, 0.00113734
210.0, 100.0, 10.0, 0.00010712
210.0, 110.0, 10.0, 0.00019690
210.0, 120.0, 10.0, 0.00028580
210.0, 130.0, 10.0, 0.00037761
210.0, 140.0, 10.0, 0.00040440
210.0, 150.0, 10.0, 0.00045515
210.0, 160.0, 10.0, 0.00048012
210.0, 170.0, 10.0, 0.00048459
210.0, 180.0, 10.0, 0.00042999
210.0, 190.0, 10.0, 0.00035074
210.0, 200.0, 10.0, 0.00032880
210.0, 210.0, 10.0, 0.00034488
210.0, 220.0, 10.0, 0.00036295
210.0, 230.0, 10.0, 0.00029505
210.0, 240.0, 10.0, 0.00033367
210.0, 250.0, 10.0, 0.00066439
210.0, 260.0, 10.0, 0.00126635
220.0, 0.0, 10.0, 0.00082714
220.0, 10.0, 10.0, 0.00086183
220.0, 20.0, 10.0, 0.00083487
220.0, 30.0, 10.0, 0.00082295
220.0, 40.0, 10.0, 0.00088378
220.0, 50.0, 10.0, 0.00086847
220.0, 60.0, 10.0, 0.00117306
220.0, 70.0, 10.0, 0.00113744
220.0, 80.0, 10.0, 0.00146705
220.0, 90.0, 10.0, 0.00137891
220.0, 100.0, 10.0, 0.00045904
220.0, 110.0, 10.0, 0.00013971
220.0, 120.0, 10.0, 0.00024838
220.0, 130.0, 10.0, 0.00032429
220.0, 140.0, 10.0, 0.00038351
220.0, 150.0, 10.0, 0.00041387
220.0, 160.0, 10.0, 0.00041794
220.0, 170.0, 10.0, 0.00038321
220.0, 180.0, 10.0, 0.00034968
220.0, 190.0, 10.0, 0.00034000
220.0, 200.0, 10.0, 0.00032114
220.0, 210.0, 10.0, 0.00029828
220.0, 220.0, 10.0, 0.00030396
220.0, 230.0, 10.0, 0.00031537
220.0, 240.0, 10.0, 0.00031036
220.0, 250.0, 10.0, 0.00048666
220.0, 260.0, 10.0, 0.00150283
230.0, 0.0, 10.0, 0.00078780
230.0, 10.0, 10.0, 0.00089489
230.0, 20.0, 10.0, 0.00077498
230.0, 30.0, 10.0, 0.00080041
230.0, 40.0, 10.0, 0.00074910
230.0, 50.0, 10.0, 0.00086876
230.0, 60.0, 10.0, 0.00094699
230.0, 70.0, 10.0, 0.00100422
230.0, 80.0, 10.0, 0.00117153
230.0, 90.0, 10.0, 0.00110407
230.0, 100.0, 10.0, 0.00088037
230.0, 110.0, 10.0, 0.00022702
230.0, 120.0, 10.0, 0.00018716
230.0, 130.0, 10.0, 0.00030922
230.0, 140.0, 10.0, 0.00034106
230.0, 150.0, 10.0, 0.00034077
230.0, 160.0, 10.0, 0.00033484
230.0, 170.0, 10.0, 0.00033865
230.0, 180.0, 10.0, 0.00032909
230.0, 190.0, 10.0, 0.00034525
230.0, 200.0, 10.0, 0.00035518
230.0, 210.0, 10.0, 0.00032673
230.0, 220.0, 10.0, 0.00029668
230.0, 230.0, 10.0, 0.00029303
230.0, 240.0, 10.0, 0.00034272
230.0, 250.0, 10.0, 0.00060115
230.0, 260.0, 10.0, 0.00109431
0.0, 0.0, 20.0, 0.00011336
0.0, 10.0, 20.0, 0.00009249
0.0, 20.0, 20.0, 0.00008032
0.0, 30.0, 20.0, 0.00008564
0.0, 40.0, 20.0, 0.00012704
0.0, 50.0, 20.0, 0.00024230
0.0, 60.0, 20.0, 0.00048426
0.0, 70.0, 20.0, 0.00079294
0.0, 80.0, 20.0, 0.00111500
0.0, 90.0, 20.0, 0.00130259
0.0, 100.0, 20.0, 0.00126680
0.0, 110.0, 20.0, 0.00114316
0.0, 120.0, 20.0, 0.00124306
0.0, 130.0, 20.0, 0.00128970
0.0, 140.0, 20.0, 0.00111787
0.0, 150.0, 20.0, 0.00091682
0.0, 160.0, 20.0, 0.00072749
0.0, 170.0, 20.0, 0.00061437
0.0, 180.0, 20.0, 0.00053745
0.0, 190.0, 20.0, 0.00048700
0.0, 200.0, 20.0, 0.00046348
0.0, 210.0, 20.0, 0.00042966
0.0, 220.0, 20.0, 0.00036561
0.0, 230.0, 20.0, 0.00029046
0.0, 240.0, 20.0, 0.00019580
0.0, 250.0, 20.0, 0.00011852
0.0, 260.0, 20.0, 0.00009404
10.0, 0.0, 20.0, 0.00013486
10.0, 10.0, 20.0, 0.00011044
10.0, 20.0, 20.0, 0.00011863
10.0, 30.0, 20.0, 0.00013320
10.0, 40.0, 20.0, 0.00009356
10.0, 50.0, 20.0, 0.00012179
10.0, 60.0, 20.0, 0.00021629
10.0, 70.0, 20.0, 0.00020350
10.0, 80.0, 20.0, 0.00038282
10.0, 90.0, 20.0, 0.00075969
10.0, 100.0, 20.0, 0.00105581
10.0, 110.0, 20.0, 0.00106845
10.0, 120.0, 20.0, 0.00106709
10.0, 130.0, 20.0, 0.00116592
10.0, 140.0, 20.0, 0.00140616
10.0, 150.0, 20.0, 0.00110182
10.0, 160.0, 20.0, 0.00088001
10.0, 170.0, 20.0, 0.00069697
10.0, 180.0, 20.0, 0.00057860
10.0, 190.0, 20.0, 0.00156733
10.0, 200.0, 20.0, 0.00111083
10.0, 210.0, 20.0, 0.00060231
10.0, 220.0, 20.0, 0.00037164
10.0, 230.0, 20.0, 0.00029857
10.0, 240.0, 20.0, 0.00019751
10.0, 250.0, 20.0, 0.00009891
10.0, 260.0, 20.0, 0.00000749
20.0, 0.0, 20.0, 0.00010424
20.0, 10.0, 20.0, 0.00010807
20.0, 20.0, 20.0, 0.00012956
20.0, 30.0, 20.0, 0.00012641
20.0, 40.0, 20.0, 0.00013118
20.0, 50.0, 20.0, 0.00015952
20.0, 60.0, 20.0, 0.00007909
20.0, 70.0, 20.0, 0.00012611
20.0, 80.0, 20.0, 0.00016771
20.0, 90.0, 20.0, 0.00021425
20.0, 100.0, 20.0, 0.00047672
20.0, 110.0, 20.0, 0.00070177
20.0, 120.0, 20.0, 0.00070965
20.0, 130.0, 20.0, 0.00091152
20.0, 140.0, 20.0, 0.00147198
20.0, 150.0, 20.0, 0.00141739
20.0, 160.0, 20.0, 0.00095038
20.0, 170.0, 20.0, 0.00069018
20.0, 180.0, 20.0, 0.00062444
20.0, 190.0, 20.0, 0.00056174
20.0, 200.0, 20.0, 0.00057970
20.0, 210.0, 20.0, 0.00060198
20.0, 220.0, 20.0, 0.00053185
20.0, 230.0, 20.0, 0.00034393
20.0, 240.0, 20.0, 0.00020150
20.0, 250.0, 20.0, 0.00009335
20.0, 260.0, 20.0, 0.00000285
30.0, 0.0, 20.0, 0.00008409
30.0, 10.0, 20.0, 0.00011494
30.0, 20.0, 20.0, 0.00012916
30.0, 30.0, 20.0, 0.00010492
30.0, 40.0, 20.0, 0.00024762
30.0, 50.0, 20.0, 0.00035647
30.0, 60.0, 20.0, 0.00023075
30.0, 70.0, 20.0, 0.00022713
30.0, 80.0, 20.0, 0.00015208
30.0, 90.0, 20.0, 0.00008881
30.0, 100.0, 20.0, 0.00042816
30.0, 110.0, 20.0, 0.00084113
30.0, 120.0, 20.0, 0.00091134
30.0, 130.0, 20.0, 0.00112160
30.0, 140.0, 20.0, 0.00131468
30.0, 150.0, 20.0, 0.00146327
30.0, 160.0, 20.0, 0.00138525
30.0, 170.0, 20.0, 0.00130110
30.0, 180.0, 20.0, 0.00097349
30.0, 190.0, 20.0, 0.00075746
30.0, 200.0, 20.0, 0.00073394
30.0, 210.0, 20.0, 0.00074907
30.0, 220.0, 20.0, 0.00071128
30.0, 230.0, 20.0, 0.00048431
30.0, 240.0, 20.0, 0.00022567
30.0, 250.0, 20.0, 0.00010206
30.0, 260.0, 20.0, 0.00000975
40.0, 0.0, 20.0, 0.00005434
40.0, 10.0, 20.0, 0.00014056
40.0, 20.0, 20.0, 0.00018675
40.0, 30.0, 20.0, 0.00028516
40.0, 40.0, 20.0, 0.00032929
40.0, 50.0, 20.0, 0.00051550
40.0, 60.0, 20.0, 0.00031070
40.0, 70.0, 20.0, 0.00030197
40.0, 80.0, 20.0, 0.00020996
40.0, 90.0, 20.0, 0.00023726
40.0, 100.0, 20.0, 0.00104139
40.0, 110.0, 20.0, 0.00126078
40.0, 120.0, 20.0, 0.00116477
40.0, 130.0, 20.0, 0.00118449
40.0, 140.0, 20.0, 0.00138809
40.0, 150.0, 20.0, 0.00141006
40.0, 160.0, 20.0, 0.00139825
40.0, 170.0, 20.0, 0.00134618
40.0, 180.0, 20.0, 0.00127795
40.0, 190.0, 20.0, 0.00124269
40.0, 200.0, 20.0, 0.00093754
40.0, 210.0, 20.0, 0.00082677
40.0, 220.0, 20.0, 0.00081736
40.0, 230.0, 20.0, 0.00065759
40.0, 240.0, 20.0, 0.00034469
40.0, 250.0, 20.0, 0.00017704
40.0, 260.0, 20.0, 0.00009554
50.0, 0.0, 20.0, 0.00002261
50.0, 10.0, 20.0, 0.00011861
50.0, 20.0, 20.0, 0.00011731
50.0, 30.0, 20.0, 0.00042232
50.0, 40.0, 20.0, 0.00033055
50.0, 50.0, 20.0, 0.00029869
50.0, 60.0, 20.0, 0.00061793
50.0, 70.0, 20.0, 0.00076966
50.0, 80.0, 20.0, 0.00079621
50.0, 90.0, 20.0, 0.00058124
50.0, 100.0, 20.0, 0.00110277
50.0, 110.0, 20.0, 0.00113767
50.0, 120.0, 20.0, 0.00101450
50.0, 130.0, 20.0, 0.00106829
50.0, 140.0, 20.0, 0.00123034
50.0, 150.0, 20.0, 0.00124355
50.0, 160.0, 20.0, 0.00125025
50.0, 170.0, 20.0, 0.00128320
50.0, 180.0, 20.0, 0.00123759
50.0, 190.0, 20.0, 0.00122080
50.0, 200.0, 20.0, 0.00116463
50.0, 210.0, 20.0, 0.00090329
50.0, 220.0, 20.0, 0.00085547
50.0, 230.0, 20.0, 0.00082371
50.0, 240.0, 20.0, 0.00053214
50.0, 250.0, 20.0, 0.00024765
50.0, 260.0, 20.0, 0.00014850
60.0, 0.0, 20.0, 0.00003196
60.0, 10.0, 20.0, 0.00016491
60.0, 20.0, 20.0, 0.00042609
60.0, 30.0, 20.0, 0.00056161
60.0, 40.0, 20.0, 0.00057234
60.0, 50.0, 20.0, 0.00105642
60.0, 60.0, 20.0, 0.00101457
60.0, 70.0, 20.0, 0.00103554
60.0, 80.0, 20.0, 0.00103698
60.0, 90.0, 20.0, 0.00088423
60.0, 100.0, 20.0, 0.00095630
60.0, 110.0, 20.0, 0.00103732
60.0, 120.0, 20.0, 0.00088695
60.0, 130.0, 20.0, 0.00101369
60.0, 140.0, 20.0, 0.00113563
60.0, 150.0, 20.0, 0.00110852
60.0, 160.0, 20.0, 0.00109767
60.0, 170.0, 20.0, 0.00106715
60.0, 180.0, 20.0, 0.00103328
60.0, 190.0, 20.0, 0.00106169
60.0, 200.0, 20.0, 0.00113550
60.0, 210.0, 20.0, 0.00109819
60.0, 220.0, 20.0, 0.00088620
60.0, 230.0, 20.0, 0.00085170
60.0, 240.0, 20.0, 0.00066319
60.0, 250.0, 20.0, 0.00029898
60.0, 260.0, 20.0, 0.00015145
70.0, 0.0, 20.0, 0.00006808
70.0, 10.0, 20.0, 0.00034244
70.0, 20.0, 20.0, 0.00018534
70.0, 30.0, 20.0, 0.00056870
70.0, 40.0, 20.0, 0.00048495
70.0, 50.0, 20.0, 0.00060196
70.0, 60.0, 20.0, 0.00084405
70.0, 70.0, 20.0, 0.00084134
70.0, 80.0, 20.0, 0.00086164
70.0, 90.0, 20.0, 0.00091098
70.0, 100.0, 20.0, 0.00073345
70.0, 110.0, 20.0, 0.00095999
70.0, 120.0, 20.0, 0.00093010
70.0, 130.0, 20.0, 0.00098736
70.0, 140.0, 20.0, 0.00092859
70.0, 150.0, 20.0, 0.00089976
70.0, 160.0, 20.0, 0.00086133
70.0, 170.0, 20.0, 0.00085762
70.0, 180.0, 20.0, 0.00085196
70.0, 190.0, 20.0, 0.00079553
70.0, 200.0, 20.0, 0.00081591
70.0, 210.0, 20.0, 0.00094126
70.0, 220.0, 20.0, 0.00097056
70.0, 230.0, 20.0, 0.00084827
70.0, 240.0, 20.0, 0.00076635
70.0, 250.0, 20.0, 0.00045506
70.0, 260.0, 20.0, 0.00017468
80.0, 0.0, 20.0, 0.00017736
80.0, 10.0, 20.0, 0.00020531
80.0, 20.0, 20.0, 0.00036486
80.0, 30.0, 20.0, 0.00037284
80.0, 40.0, 20.0, 0.00035427
80.0, 50.0, 20.0, 0.00057590
80.0, 60.0, 20.0, 0.00048267
80.0, 70.0, 20.0, 0.00051416
80.0, 80.0, 20.0, 0.00063608
80.0, 90.0, 20.0, 0.00083704
80.0, 100.0, 20.0, 0.00084020
80.0, 110.0, 20.0, 0.00066929
80.0, 120.0, 20.0, 0.00071626
80.0, 130.0, 20.0, 0.00066780
80.0, 140.0, 20.0, 0.00087271
80.0, 150.0, 20.0, 0.00085020
80.0, 160.0, 20.0, 0.00066087
80.0, 170.0, 20.0, 0.00055133
80.0, 180.0, 20.0, 0.00061806
80.0, 190.0, 20.0, 0.00067398
80.0, 200.0, 20.0, 0.00068581
80.0, 210.0, 20.0, 0.00073386
80.0, 220.0, 20.0, 0.00076530
80.0, 230.0, 20.0, 0.00075163
80.0, 240.0, 20.0, 0.00075851
80.0, 250.0, 20.0, 0.00064876
80.0, 260.0, 20.0, 0.00033788
90.0, 0.0, 20.0, 0.00025541
90.0, 10.0, 20.0, 0.00027755
90.0, 20.0, 20.0, 0.00033116
90.0, 30.0, 20.0, 0.00032433
90.0, 40.0, 20.0, 0.00030238
90.0, 50.0, 20.0, 0.00045930
90.0, 60.0, 20.0, 0.00050281
90.0, 70.0, 20.0, 0.00038898
90.0, 80.0, 20.0, 0.00032841
90.0, 90.0, 20.0, 0.00061074
90.0, 100.0, 20.0, 0.00073735
90.0, 110.0, 20.0, 0.00084861
90.0, 120.0, 20.0, 0.00082751
90.0, 130.0, 20.0, 0.00081995
90.0, 140.0, 20.0, 0.00081546
90.0, 150.0, 20.0, 0.00075967
90.0, 160.0, 20.0, 0.00048400
90.0, 170.0, 20.0, 0.00038440
90.0, 180.0, 20.0, 0.00052395
90.0, 190.0, 20.0, 0.00066298
90.0, 200.0, 20.0, 0.00067918
90.0, 210.0, 20.0, 0.00074186
90.0, 220.0, 20.0, 0.00074855
90.0, 230.0, 20.0, 0.00079167
90.0, 240.0, 20.0, 0.00081450
90.0, 250.0, 20.0, 0.00072492
90.0, 260.0, 20.0, 0.00052738
100.0, 0.0, 20.0, 0.00029596
100.0, 10.0, 20.0, 0.00035251
100.0, 20.0, 20.0, 0.00028494
100.0, 30.0, 20.0, 0.00020455
100.0, 40.0, 20.0, 0.00024764
100.0, 50.0, 20.0, 0.00044790
100.0, 60.0, 20.0, 0.00050576
100.0, 70.0, 20.0, 0.00066233
100.0, 80.0, 20.0, 0.00041000
100.0, 90.0, 20.0, 0.00080175
100.0, 100.0, 20.0, 0.00081826
100.0, 110.0, 20.0, 0.00086286
100.0, 120.0, 20.0, 0.00078554
100.0, 130.0, 20.0, 0.00075242
100.0, 140.0, 20.0, 0.00059673
100.0, 150.0, 20.0, 0.00059211
100.0, 160.0, 20.0, 0.00040277
100.0, 170.0, 20.0, 0.00041300
100.0, 180.0, 20.0, 0.00055385
100.0, 190.0, 20.0, 0.00073443
100.0, 200.0, 20.0, 0.00074407
100.0, 210.0, 20.0, 0.00074169
100.0, 220.0, 20.0, 0.00073342
100.0, 230.0, 20.0, 0.00074363
100.0, 240.0, 20.0, 0.00079481
100.0, 250.0, 20.0, 0.00083349
100.0, 260.0, 20.0, 0.00079175
110.0, 0.0, 20.0, 0.00013756
110.0, 10.0, 20.0, 0.00032694
110.0, 20.0, 20.0, 0.00034448
110.0, 30.0, 20.0, 0.00040848
110.0, 40.0, 20.0, 0.00037971
110.0, 50.0, 20.0, 0.00035916
110.0, 60.0, 20.0, 0.00078438
110.0, 70.0, 20.0, 0.00067892
110.0, 80.0, 20.0, 0.00069175
110.0, 90.0, 20.0, 0.00019855
110.0, 100.0, 20.0, 0.00070083
110.0, 110.0, 20.0, 0.00071851
110.0, 120.0, 20.0, 0.00067626
110.0, 130.0, 20.0, 0.00049885
110.0, 140.0, 20.0, 0.00047483
110.0, 150.0, 20.0, 0.00042886
110.0, 160.0, 20.0, 0.00035911
110.0, 170.0, 20.0, 0.00035696
110.0, 180.0, 20.0, 0.00044970
110.0, 190.0, 20.0, 0.00062350
110.0, 200.0, 20.0, 0.00068568
110.0, 210.0, 20.0, 0.00070401
110.0, 220.0, 20.0, 0.00070646
110.0, 230.0, 20.0, 0.00072817
110.0, 240.0, 20.0, 0.00075995
110.0, 250.0, 20.0, 0.00078911
110.0, 260.0, 20.0, 0.00076605
120.0, 0.0, 20.0, 0.00008486
120.0, 10.0, 20.0, 0.00022870
120.0, 20.0, 20.0, 0.00032836
120.0, 30.0, 20.0, 0.00035652
120.0, 40.0, 20.0, 0.00044828
120.0, 50.0, 20.0, 0.00046582
120.0, 60.0, 20.0, 0.00047723
120.0, 70.0, 20.0, 0.00026968
120.0, 80.0, 20.0, 0.00056807
120.0, 90.0, 20.0, 0.00035222
120.0, 100.0, 20.0, 0.00039984
120.0, 110.0, 20.0, 0.00030896
120.0, 120.0, 20.0, 0.00039969
120.0, 130.0, 20.0, 0.00051256
120.0, 140.0, 20.0, 0.00048396
120.0, 150.0, 20.0, 0.00039761
120.0, 160.0, 20.0, 0.00034757
120.0, 170.0, 20.0, 0.00028278
120.0, 180.0, 20.0, 0.00039443
120.0, 190.0, 20.0, 0.00042666
120.0, 200.0, 20.0, 0.00051262
120.0, 210.0, 20.0, 0.00061175
120.0, 220.0, 20.0, 0.00063430
120.0, 230.0, 20.0, 0.00061122
120.0, 240.0, 20.0, 0.00064657
120.0, 250.0, 20.0, 0.00066029
120.0, 260.0, 20.0, 0.00068107
130.0, 0.0, 20.0, 0.00007307
130.0, 10.0, 20.0, 0.00019446
130.0, 20.0, 20.0, 0.00024960
130.0, 30.0, 20.0, 0.00034158
130.0, 40.0, 20.0, 0.00036726
130.0, 50.0, 20.0, 0.00042445
130.0, 60.0, 20.0, 0.00047132
130.0, 70.0, 20.0, 0.00049078
130.0, 80.0, 20.0, 0.00050182
130.0, 90.0, 20.0, 0.00036731
130.0, 100.0, 20.0, 0.00040512
130.0, 110.0, 20.0, 0.00046569
130.0, 120.0, 20.0, 0.00056548
130.0, 130.0, 20.0, 0.00053333
130.0, 140.0, 20.0, 0.00051858
130.0, 150.0, 20.0, 0.00050194
130.0, 160.0, 20.0, 0.00038785
130.0, 170.0, 20.0, 0.00039428
130.0, 180.0, 20.0, 0.00030344
130.0, 190.0, 20.0, 0.00031995
130.0, 200.0, 20.0, 0.00032760
130.0, 210.0, 20.0, 0.00037158
130.0, 220.0, 20.0, 0.00036240
130.0, 230.0, 20.0, 0.00034209
130.0, 240.0, 20.0, 0.00029761
130.0, 250.0, 20.0, 0.00027800
130.0, 260.0, 20.0, 0.00033995
140.0, 0.0, 20.0, 0.00006933
140.0, 10.0, 20.0, 0.00007538
140.0, 20.0, 20.0, 0.00010621
140.0, 30.0, 20.0, 0.00030731
140.0, 40.0, 20.0, 0.00033504
140.0, 50.0, 20.0, 0.00040949
140.0, 60.0, 20.0, 0.00043546
140.0, 70.0, 20.0, 0.00044079
140.0, 80.0, 20.0, 0.00047489
140.0, 90.0, 20.0, 0.00046080
140.0, 100.0, 20.0, 0.00045253
140.0, 110.0, 20.0, 0.00049383
140.0, 120.0, 20.0, 0.00052956
140.0, 130.0, 20.0, 0.00053095
140.0, 140.0, 20.0, 0.00051804
140.0, 150.0, 20.0, 0.00048770
140.0, 160.0, 20.0, 0.00045091
140.0, 170.0, 20.0, 0.00041176
140.0, 180.0, 20.0, 0.00028272
140.0, 190.0, 20.0, 0.00029856
140.0, 200.0, 20.0, 0.00031968
140.0, 210.0, 20.0, 0.00028383
140.0, 220.0, 20.0, 0.00029588
140.0, 230.0, 20.0, 0.00027229
140.0, 240.0, 20.0, 0.00023521
140.0, 250.0, 20.0, 0.00019761
140.0, 260.0, 20.0, 0.00017902
150.0, 0.0, 20.0, 0.00009654
150.0, 10.0, 20.0, 0.00005388
150.0, 20.0, 20.0, 0.00005434
150.0, 30.0, 20.0, 0.00009533
150.0, 40.0, 20.0, 0.00020123
150.0, 50.0, 20.0, 0.00029978
150.0, 60.0, 20.0, 0.00033423
150.0, 70.0, 20.0, 0.00035912
150.0, 80.0, 20.0, 0.00038834
150.0, 90.0, 20.0, 0.00041719
150.0, 100.0, 20.0, 0.00042887
150.0, 110.0, 20.0, 0.00043143
150.0, 120.0, 20.0, 0.00046013
150.0, 130.0, 20.0, 0.00046578
150.0, 140.0, 20.0, 0.00045888
150.0, 150.0, 20.0, 0.00045087
150.0, 160.0, 20.0, 0.00042005
150.0, 170.0, 20.0, 0.00038081
150.0, 180.0, 20.0, 0.00031632
150.0, 190.0, 20.0, 0.00018357
150.0, 200.0, 20.0, 0.00021966
150.0, 210.0, 20.0, 0.00024288
150.0, 220.0, 20.0, 0.00024913
150.0, 230.0, 20.0, 0.00026032
150.0, 240.0, 20.0, 0.00024127
150.0, 250.0, 20.0, 0.00020938
150.0, 260.0, 20.0, 0.00016911
160.0, 0.0, 20.0, 0.00007645
160.0, 10.0, 20.0, 0.00004101
160.0, 20.0, 20.0, 0.00006601
160.0, 30.0, 20.0, 0.00009160
160.0, 40.0, 20.0, 0.00011833
160.0, 50.0, 20.0, 0.00013457
160.0, 60.0, 20.0, 0.00016439
160.0, 70.0, 20.0, 0.00014597
160.0, 80.0, 20.0, 0.00017082
160.0, 90.0, 20.0, 0.00031410
160.0, 100.0, 20.0, 0.00033904
160.0, 110.0, 20.0, 0.00035779
160.0, 120.0, 20.0, 0.00037575
160.0, 130.0, 20.0, 0.00038571
160.0, 140.0, 20.0, 0.00034544
160.0, 150.0, 20.0, 0.00029445
160.0, 160.0, 20.0, 0.00025707
160.0, 170.0, 20.0, 0.00023221
160.0, 180.0, 20.0, 0.00022037
160.0, 190.0, 20.0, 0.00019726
160.0, 200.0, 20.0, 0.00019562
160.0, 210.0, 20.0, 0.00019863
160.0, 220.0, 20.0, 0.00018659
160.0, 230.0, 20.0, 0.00018112
160.0, 240.0, 20.0, 0.00017279
160.0, 250.0, 20.0, 0.00016523
160.0, 260.0, 20.0, 0.00015494
170.0, 0.0, 20.0, 0.00003300
170.0, 10.0, 20.0, 0.00002741
170.0, 20.0, 20.0, 0.00007325
170.0, 30.0, 20.0, 0.00012958
170.0, 40.0, 20.0, 0.00015122
170.0, 50.0, 20.0, 0.00014273
170.0, 60.0, 20.0, 0.00012121
170.0, 70.0, 20.0, 0.00010031
170.0, 80.0, 20.0, 0.00009365
170.0, 90.0, 20.0, 0.00010726
170.0, 100.0, 20.0, 0.00010917
170.0, 110.0, 20.0, 0.00012479
170.0, 120.0, 20.0, 0.00013932
170.0, 130.0, 20.0, 0.00015598
170.0, 140.0, 20.0, 0.00014962
170.0, 150.0, 20.0, 0.00014527
170.0, 160.0, 20.0, 0.00014062
170.0, 170.0, 20.0, 0.00012757
170.0, 180.0, 20.0, 0.00012250
170.0, 190.0, 20.0, 0.00012113
170.0, 200.0, 20.0, 0.00011717
170.0, 210.0, 20.0, 0.00011309
170.0, 220.0, 20.0, 0.00009546
170.0, 230.0, 20.0, 0.00008503
170.0, 240.0, 20.0, 0.00007825
170.0, 250.0, 20.0, 0.00007628
170.0, 260.0, 20.0, 0.00008358
180.0, 0.0, 20.0, 0.00002386
180.0, 10.0, 20.0, 0.00002500
180.0, 20.0, 20.0, 0.00008765
180.0, 30.0, 20.0, 0.00009690
180.0, 40.0, 20.0, 0.00010725
180.0, 50.0, 20.0, 0.00010841
180.0, 60.0, 20.0, 0.00008736
180.0, 70.0, 20.0, 0.00006738
180.0, 80.0, 20.0, 0.00007080
180.0, 90.0, 20.0, 0.00008293
180.0, 100.0, 20.0, 0.00010396
180.0, 110.0, 20.0, 0.00010630
180.0, 120.0, 20.0, 0.00009479
180.0, 130.0, 20.0, 0.00009082
180.0, 140.0, 20.0, 0.00007270
180.0, 150.0, 20.0, 0.00005949
180.0, 160.0, 20.0, 0.00005965
180.0, 170.0, 20.0, 0.00006343
180.0, 180.0, 20.0, 0.00006533
180.0, 190.0, 20.0, 0.00006271
180.0, 200.0, 20.0, 0.00005501
180.0, 210.0, 20.0, 0.00004195
180.0, 220.0, 20.0, 0.00003577
180.0, 230.0, 20.0, 0.00004089
180.0, 240.0, 20.0, 0.00005104
180.0, 250.0, 20.0, 0.00005648
180.0, 260.0, 20.0, 0.00005343
190.0, 0.0, 20.0, 0.00002107
190.0, 10.0, 20.0, 0.00002452
190.0, 20.0, 20.0, 0.00004933
190.0, 30.0, 20.0, 0.00006219
190.0, 40.0, 20.0, 0.00005591
190.0, 50.0, 20.0, 0.00004731
190.0, 60.0, 20.0, 0.00004354
190.0, 70.0, 20.0, 0.00004956
190.0, 80.0, 20.0, 0.00005872
190.0, 90.0, 20.0, 0.00006849
190.0, 100.0, 20.0, 0.00005920
190.0, 110.0, 20.0, 0.00004493
190.0, 120.0, 20.0, 0.00003734
190.0, 130.0, 20.0, 0.00003994
190.0, 140.0, 20.0, 0.00004286
190.0, 150.0, 20.0, 0.00004306
190.0, 160.0, 20.0, 0.00004417
190.0, 170.0, 20.0, 0.00004299
190.0, 180.0, 20.0, 0.00003675
190.0, 190.0, 20.0, 0.00003429
190.0, 200.0, 20.0, 0.00003057
190.0, 210.0, 20.0, 0.00003920
190.0, 220.0, 20.0, 0.00004564
190.0, 230.0, 20.0, 0.00009397
190.0, 240.0, 20.0, 0.00010452
190.0, 250.0, 20.0, 0.00011934
190.0, 260.0, 20.0, 0.00012206
200.0, 0.0, 20.0, 0.00002139
200.0, 10.0, 20.0, 0.00001662
200.0, 20.0, 20.0, 0.00002597
200.0, 30.0, 20.0, 0.00003612
200.0, 40.0, 20.0, 0.00003384
200.0, 50.0, 20.0, 0.00003819
200.0, 60.0, 20.0, 0.00004172
200.0, 70.0, 20.0, 0.00003876
200.0, 80.0, 20.0, 0.00003817
200.0, 90.0, 20.0, 0.00003964
200.0, 100.0, 20.0, 0.00004015
200.0, 110.0, 20.0, 0.00004930
200.0, 120.0, 20.0, 0.00005502
200.0, 130.0, 20.0, 0.00005926
200.0, 140.0, 20.0, 0.00006301
200.0, 150.0, 20.0, 0.00005515
200.0, 160.0, 20.0, 0.00005411
200.0, 170.0, 20.0, 0.00005016
200.0, 180.0, 20.0, 0.00004995
200.0, 190.0, 20.0, 0.00005995
200.0, 200.0, 20.0, 0.00006700
200.0, 210.0, 20.0, 0.00006973
200.0, 220.0, 20.0, 0.00007382
200.0, 230.0, 20.0, 0.00009811
200.0, 240.0, 20.0, 0.00011598
200.0, 250.0, 20.0, 0.00013059
200.0, 260.0, 20.0, 0.00012471
210.0, 0.0, 20.0, 0.00002418
210.0, 10.0, 20.0, 0.00002475
210.0, 20.0, 20.0, 0.00002920
210.0, 30.0, 20.0, 0.00002781
210.0, 40.0, 20.0, 0.00004068
210.0, 50.0, 20.0, 0.00004989
210.0, 60.0, 20.0, 0.00005326
210.0, 70.0, 20.0, 0.00005356
210.0, 80.0, 20.0, 0.00005707
210.0, 90.0, 20.0, 0.00005905
210.0, 100.0, 20.0, 0.00006660
210.0, 110.0, 20.0, 0.00007895
210.0, 120.0, 20.0, 0.00007869
210.0, 130.0, 20.0, 0.00008060
210.0, 140.0, 20.0, 0.00007417
210.0, 150.0, 20.0, 0.00006526
210.0, 160.0, 20.0, 0.00005916
210.0, 170.0, 20.0, 0.00005671
210.0, 180.0, 20.0, 0.00005035
210.0, 190.0, 20.0, 0.00004819
210.0, 200.0, 20.0, 0.00005248
210.0, 210.0, 20.0, 0.00006706
210.0, 220.0, 20.0, 0.00006622
210.0, 230.0, 20.0, 0.00007782
210.0, 240.0, 20.0, 0.00008784
210.0, 250.0, 20.0, 0.00011859
210.0, 260.0, 20.0, 0.00011056
220.0, 0.0, 20.0, 0.00002857
220.0, 10.0, 20.0, 0.00002697
220.0, 20.0, 20.0, 0.00003130
220.0, 30.0, 20.0, 0.00003767
220.0, 40.0, 20.0, 0.00004370
220.0, 50.0, 20.0, 0.00005155
220.0, 60.0, 20.0, 0.00005730
220.0, 70.0, 20.0, 0.00006029
220.0, 80.0, 20.0, 0.00006416
220.0, 90.0, 20.0, 0.00006437
220.0, 100.0, 20.0, 0.00007073
220.0, 110.0, 20.0, 0.00007193
220.0, 120.0, 20.0, 0.00007163
220.0, 130.0, 20.0, 0.00007555
220.0, 140.0, 20.0, 0.00008110
220.0, 150.0, 20.0, 0.00007460
220.0, 160.0, 20.0, 0.00006597
220.0, 170.0, 20.0, 0.00005865
220.0, 180.0, 20.0, 0.00005683
220.0, 190.0, 20.0, 0.00005438
220.0, 200.0, 20.0, 0.00005060
220.0, 210.0, 20.0, 0.00005466
220.0, 220.0, 20.0, 0.00005807
220.0, 230.0, 20.0, 0.00007034
220.0, 240.0, 20.0, 0.00007500
220.0, 250.0, 20.0, 0.00008973
220.0, 260.0, 20.0, 0.00009147
230.0, 0.0, 20.0, 0.00003062
230.0, 10.0, 20.0, 0.00003590
230.0, 20.0, 20.0, 0.00004148
230.0, 30.0, 20.0, 0.00004060
230.0, 40.0, 20.0, 0.00004369
230.0, 50.0, 20.0, 0.00005074
230.0, 60.0, 20.0, 0.00005387
230.0, 70.0, 20.0, 0.00006114
230.0, 80.0, 20.0, 0.00006379
230.0, 90.0, 20.0, 0.00006324
230.0, 100.0, 20.0, 0.00006611
230.0, 110.0, 20.0, 0.00007622
230.0, 120.0, 20.0, 0.00007954
230.0, 130.0, 20.0, 0.00007917
230.0, 140.0, 20.0, 0.00008029
230.0, 150.0, 20.0, 0.00007441
230.0, 160.0, 20.0, 0.00006115
230.0, 170.0, 20.0, 0.00005430
230.0, 180.0, 20.0, 0.00005530
230.0, 190.0, 20.0, 0.00005657
230.0, 200.0, 20.0, 0.00005984
230.0, 210.0, 20.0, 0.00006184
230.0, 220.0, 20.0, 0.00005612
230.0, 230.0, 20.0, 0.00005058
230.0, 240.0, 20.0, 0.00005573
230.0, 250.0, 20.0, 0.00006870
230.0, 260.0, 20.0, 0.00007773
