S
I=28,J=25
0.0, 0.0, 0.003810
0.0, 0.0, 0.003718
0.0, 0.0, 0.003596
0.0, 0.0, 0.003535
0.0, 0.0, 0.003482
0.0, 0.0, 0.003406
0.0, 0.0, 0.003350
0.0, 0.0, 0.003324
0.0, 0.0, 0.003445
0.0, 0.0, 0.003446
0.0, 0.0, 0.003480
0.0, 0.0, 0.003477
0.0, 0.0, 0.003237
0.0, 0.0, 0.003238
0.0, 0.0, 0.003183
0.0, 0.0, 0.003165
0.0, 0.0, 0.003123
0.0, 0.0, 0.003101
0.0, 0.0, 0.003077
0.0, 0.0, 0.003112
0.0, 0.0, 0.003103
0.0, 0.0, 0.003130
0.0, 0.0, 0.003210
0.0, 0.0, 0.003292
0.0, 0.0, 0.003358
0.0, 0.0, 0.003422
0.0, 0.0, 0.003449
0.0, 0.0, 0.003516
0.0, 0.0, 0.003765
0.0, 0.0, 0.003679
0.0, 0.0, 0.003548
0.0, 0.0, 0.003505
0.0, 0.0, 0.003524
0.0, 0.0, 0.003453
0.0, 0.0, 0.003464
0.0, 0.0, 0.003335
0.0, 0.0, 0.003379
0.0, 0.0, 0.003421
0.0, 0.0, 0.003462
0.0, 0.0, 0.003513
0.0, 0.0, 0.003251
0.0, 0.0, 0.003246
0.0, 0.0, 0.003183
0.0, 0.0, 0.003129
0.0, 0.0, 0.003103
0.0, 0.0, 0.003065
0.0, 0.0, 0.003031
0.0, 0.0, 0.003057
0.0, 0.0, 0.003077
0.0, 0.0, 0.003125
0.0, 0.0, 0.003199
0.0, 0.0, 0.003322
0.0, 0.0, 0.003389
0.0, 0.0, 0.003446
0.0, 0.0, 0.003426
0.0, 0.0, 0.003474
0.0, 0.0, 0.003612
0.0, 0.0, 0.003563
0.0, 0.0, 0.003488
0.0, 0.0, 0.003457
0.0, 0.0, 0.003463
0.0, 0.0, 0.003440
0.0, 0.0, 0.003517
0.0, 0.0, 0.003388
0.0, 0.0, 0.003305
0.0, 0.0, 0.003359
0.0, 0.0, 0.003389
0.0, 0.0, 0.003482
0.0, 0.0, 0.003289
0.0, 0.0, 0.003229
0.0, 0.0, 0.003171
0.0, 0.0, 0.003120
0.0, 0.0, 0.003071
0.0, 0.0, 0.003063
0.0, 0.0, 0.003073
0.0, 0.0, 0.003032
0.0, 0.0, 0.003051
0.0, 0.0, 0.003088
0.0, 0.0, 0.003188
0.0, 0.0, 0.003318
0.0, 0.0, 0.003399
0.0, 0.0, 0.003408
0.0, 0.0, 0.003407
0.0, 0.0, 0.003419
0.0, 0.0, 0.003509
0.0, 0.0, 0.003450
0.0, 0.0, 0.003389
0.0, 0.0, 0.003363
0.0, 0.0, 0.003441
0.0, 0.0, 0.003361
0.0, 0.0, 0.003463
0.0, 0.0, 0.003458
0.0, 0.0, 0.003258
0.0, 0.0, 0.003227
0.0, 0.0, 0.003332
0.0, 0.0, 0.003305
0.0, 0.0, 0.003316
0.0, 0.0, 0.003225
0.0, 0.0, 0.003139
0.0, 0.0, 0.003078
0.0, 0.0, 0.003013
0.0, 0.0, 0.003016
0.0, 0.0, 0.003067
0.0, 0.0, 0.003022
0.0, 0.0, 0.003062
0.0, 0.0, 0.003077
0.0, 0.0, 0.003179
0.0, 0.0, 0.003329
0.0, 0.0, 0.003425
0.0, 0.0, 0.003387
0.0, 0.0, 0.003387
0.0, 0.0, 0.003327
0.0, 0.0, 0.003416
0.0, 0.0, 0.003348
0.0, 0.0, 0.003266
0.0, 0.0, 0.003259
0.0, 0.0, 0.003350
0.0, 0.0, 0.003280
0.0, 0.0, 0.003336
0.0, 0.0, 0.003353
0.0, 0.0, 0.003292
0.0, 0.0, 0.003096
0.0, 0.0, 0.003143
0.0, 0.0, 0.003232
0.0, 0.0, 0.003199
0.0, 0.0, 0.003144
0.0, 0.0, 0.003029
0.0, 0.0, 0.002964
0.0, 0.0, 0.002917
0.0, 0.0, 0.002924
0.0, 0.0, 0.002927
0.0, 0.0, 0.002994
0.0, 0.0, 0.003060
0.0, 0.0, 0.003096
0.0, 0.0, 0.003206
0.0, 0.0, 0.003332
0.0, 0.0, 0.003392
0.0, 0.0, 0.003369
0.0, 0.0, 0.003328
0.0, 0.0, 0.003265
0.0, 0.0, 0.003265
0.0, 0.0, 0.003248
0.0, 0.0, 0.003133
0.0, 0.0, 0.003133
0.0, 0.0, 0.003192
0.0, 0.0, 0.003228
0.0, 0.0, 0.003154
0.0, 0.0, 0.003213
0.0, 0.0, 0.003194
0.0, 0.0, 0.003121
0.0, 0.0, 0.003011
0.0, 0.0, 0.003030
0.0, 0.0, 0.003062
0.0, 0.0, 0.003031
0.0, 0.0, 0.002955
0.0, 0.0, 0.002915
0.0, 0.0, 0.002888
0.0, 0.0, 0.002869
0.0, 0.0, 0.002896
0.0, 0.0, 0.002956
0.0, 0.0, 0.003031
0.0, 0.0, 0.003137
0.0, 0.0, 0.003248
0.0, 0.0, 0.003313
0.0, 0.0, 0.003317
0.0, 0.0, 0.003309
0.0, 0.0, 0.003277
0.0, 0.0, 0.003205
0.0, 0.0, 0.003169
0.0, 0.0, 0.003115
0.0, 0.0, 0.003057
0.0, 0.0, 0.003026
0.0, 0.0, 0.003045
0.0, 0.0, 0.003101
0.0, 0.0, 0.003079
0.0, 0.0, 0.003087
0.0, 0.0, 0.003093
0.0, 0.0, 0.003051
0.0, 0.0, 0.002960
0.0, 0.0, 0.002919
0.0, 0.0, 0.002926
0.0, 0.0, 0.002926
0.0, 0.0, 0.002889
0.0, 0.0, 0.002852
0.0, 0.0, 0.002826
0.0, 0.0, 0.002820
0.0, 0.0, 0.002848
0.0, 0.0, 0.002938
0.0, 0.0, 0.003038
0.0, 0.0, 0.003148
0.0, 0.0, 0.003270
0.0, 0.0, 0.003260
0.0, 0.0, 0.003249
0.0, 0.0, 0.003255
0.0, 0.0, 0.003205
0.0, 0.0, 0.003156
0.0, 0.0, 0.003171
0.0, 0.0, 0.003056
0.0, 0.0, 0.003024
0.0, 0.0, 0.002987
0.0, 0.0, 0.002977
0.0, 0.0, 0.003066
0.0, 0.0, 0.003022
0.0, 0.0, 0.003027
0.0, 0.0, 0.003029
0.0, 0.0, 0.002978
0.0, 0.0, 0.002899
0.0, 0.0, 0.002847
0.0, 0.0, 0.002845
0.0, 0.0, 0.002875
0.0, 0.0, 0.002829
0.0, 0.0, 0.002822
0.0, 0.0, 0.002788
0.0, 0.0, 0.002778
0.0, 0.0, 0.002801
0.0, 0.0, 0.002892
0.0, 0.0, 0.003021
0.0, 0.0, 0.003170
0.0, 0.0, 0.003222
0.0, 0.0, 0.003217
0.0, 0.0, 0.003186
0.0, 0.0, 0.003192
0.0, 0.0, 0.003131
0.0, 0.0, 0.003117
0.0, 0.0, 0.003039
0.0, 0.0, 0.003001
0.0, 0.0, 0.002980
0.0, 0.0, 0.002960
0.0, 0.0, 0.002934
0.0, 0.0, 0.002994
0.0, 0.0, 0.002971
0.0, 0.0, 0.002969
0.0, 0.0, 0.002986
0.0, 0.0, 0.002939
0.0, 0.0, 0.002864
0.0, 0.0, 0.002792
0.0, 0.0, 0.002803
0.0, 0.0, 0.002813
0.0, 0.0, 0.002789
0.0, 0.0, 0.002796
0.0, 0.0, 0.002762
0.0, 0.0, 0.002747
0.0, 0.0, 0.002789
0.0, 0.0, 0.002879
0.0, 0.0, 0.003009
0.0, 0.0, 0.003146
0.0, 0.0, 0.003157
0.0, 0.0, 0.003192
0.0, 0.0, 0.003172
0.0, 0.0, 0.003128
0.0, 0.0, 0.003083
0.0, 0.0, 0.003067
0.0, 0.0, 0.002974
0.0, 0.0, 0.002977
0.0, 0.0, 0.002910
0.0, 0.0, 0.002903
0.0, 0.0, 0.002893
0.0, 0.0, 0.002928
0.0, 0.0, 0.002914
0.0, 0.0, 0.002916
0.0, 0.0, 0.002917
0.0, 0.0, 0.002898
0.0, 0.0, 0.002847
0.0, 0.0, 0.002788
0.0, 0.0, 0.002768
0.0, 0.0, 0.002758
0.0, 0.0, 0.002761
0.0, 0.0, 0.002763
0.0, 0.0, 0.002759
0.0, 0.0, 0.002727
0.0, 0.0, 0.002766
0.0, 0.0, 0.002838
0.0, 0.0, 0.002953
0.0, 0.0, 0.003084
0.0, 0.0, 0.003133
0.0, 0.0, 0.003160
0.0, 0.0, 0.003157
0.0, 0.0, 0.003067
0.0, 0.0, 0.003038
0.0, 0.0, 0.003017
0.0, 0.0, 0.002869
0.0, 0.0, 0.002897
0.0, 0.0, 0.002917
0.0, 0.0, 0.002882
0.0, 0.0, 0.002834
0.0, 0.0, 0.002872
0.0, 0.0, 0.002879
0.0, 0.0, 0.002883
0.0, 0.0, 0.002875
0.0, 0.0, 0.002845
0.0, 0.0, 0.002800
0.0, 0.0, 0.002786
0.0, 0.0, 0.002763
0.0, 0.0, 0.002752
0.0, 0.0, 0.002727
0.0, 0.0, 0.002758
0.0, 0.0, 0.002751
0.0, 0.0, 0.002736
0.0, 0.0, 0.002758
0.0, 0.0, 0.002843
0.0, 0.0, 0.002915
0.0, 0.0, 0.003040
0.0, 0.0, 0.003109
0.0, 0.0, 0.003110
0.0, 0.0, 0.003086
0.0, 0.0, 0.003029
0.0, 0.0, 0.002981
0.0, 0.0, 0.002961
0.0, 0.0, 0.002763
0.0, 0.0, 0.002800
0.0, 0.0, 0.002861
0.0, 0.0, 0.002866
0.0, 0.0, 0.002800
0.0, 0.0, 0.002835
0.0, 0.0, 0.002840
0.0, 0.0, 0.002855
0.0, 0.0, 0.002854
0.0, 0.0, 0.002821
0.0, 0.0, 0.002749
0.0, 0.0, 0.002767
0.0, 0.0, 0.002780
0.0, 0.0, 0.002793
0.0, 0.0, 0.002711
0.0, 0.0, 0.002762
0.0, 0.0, 0.002763
0.0, 0.0, 0.002757
0.0, 0.0, 0.002757
0.0, 0.0, 0.002849
0.0, 0.0, 0.002920
0.0, 0.0, 0.002995
0.0, 0.0, 0.003051
0.0, 0.0, 0.003056
0.0, 0.0, 0.003000
0.0, 0.0, 0.002990
0.0, 0.0, 0.002923
0.0, 0.0, 0.002901
0.0, 0.0, 0.002688
0.0, 0.0, 0.002730
0.0, 0.0, 0.002844
0.0, 0.0, 0.002896
0.0, 0.0, 0.002823
0.0, 0.0, 0.002806
0.0, 0.0, 0.002818
0.0, 0.0, 0.002834
0.0, 0.0, 0.002842
0.0, 0.0, 0.002833
0.0, 0.0, 0.002745
0.0, 0.0, 0.002748
0.0, 0.0, 0.002775
0.0, 0.0, 0.002799
0.0, 0.0, 0.002728
0.0, 0.0, 0.002745
0.0, 0.0, 0.002796
0.0, 0.0, 0.002795
0.0, 0.0, 0.002787
0.0, 0.0, 0.002799
0.0, 0.0, 0.002869
0.0, 0.0, 0.002964
0.0, 0.0, 0.003001
0.0, 0.0, 0.002978
0.0, 0.0, 0.002960
0.0, 0.0, 0.002925
0.0, 0.0, 0.002857
0.0, 0.0, 0.002812
0.0, 0.0, 0.002634
0.0, 0.0, 0.002645
0.0, 0.0, 0.002755
0.0, 0.0, 0.002856
0.0, 0.0, 0.002874
0.0, 0.0, 0.002793
0.0, 0.0, 0.002797
0.0, 0.0, 0.002814
0.0, 0.0, 0.002837
0.0, 0.0, 0.002840
0.0, 0.0, 0.002761
0.0, 0.0, 0.002742
0.0, 0.0, 0.002768
0.0, 0.0, 0.002775
0.0, 0.0, 0.002736
0.0, 0.0, 0.002670
0.0, 0.0, 0.002733
0.0, 0.0, 0.002764
0.0, 0.0, 0.002823
0.0, 0.0, 0.002793
0.0, 0.0, 0.002816
0.0, 0.0, 0.002920
0.0, 0.0, 0.002977
0.0, 0.0, 0.002961
0.0, 0.0, 0.002896
0.0, 0.0, 0.002855
0.0, 0.0, 0.002786
0.0, 0.0, 0.002715
0.0, 0.0, 0.002610
0.0, 0.0, 0.002605
0.0, 0.0, 0.002642
0.0, 0.0, 0.002803
0.0, 0.0, 0.002903
0.0, 0.0, 0.002816
0.0, 0.0, 0.002815
0.0, 0.0, 0.002822
0.0, 0.0, 0.002829
0.0, 0.0, 0.002821
0.0, 0.0, 0.002801
0.0, 0.0, 0.002748
0.0, 0.0, 0.002744
0.0, 0.0, 0.002758
0.0, 0.0, 0.002748
0.0, 0.0, 0.002647
0.0, 0.0, 0.002658
0.0, 0.0, 0.002694
0.0, 0.0, 0.002773
0.0, 0.0, 0.002759
0.0, 0.0, 0.002779
0.0, 0.0, 0.002886
0.0, 0.0, 0.002928
0.0, 0.0, 0.002907
0.0, 0.0, 0.002844
0.0, 0.0, 0.002777
0.0, 0.0, 0.002709
0.0, 0.0, 0.002644
0.0, 0.0, 0.002635
0.0, 0.0, 0.002641
0.0, 0.0, 0.002605
0.0, 0.0, 0.002735
0.0, 0.0, 0.002879
0.0, 0.0, 0.002839
0.0, 0.0, 0.002861
0.0, 0.0, 0.002865
0.0, 0.0, 0.002845
0.0, 0.0, 0.002794
0.0, 0.0, 0.002842
0.0, 0.0, 0.002773
0.0, 0.0, 0.002729
0.0, 0.0, 0.002733
0.0, 0.0, 0.002713
0.0, 0.0, 0.002621
0.0, 0.0, 0.002612
0.0, 0.0, 0.002658
0.0, 0.0, 0.002731
0.0, 0.0, 0.002695
0.0, 0.0, 0.002754
0.0, 0.0, 0.002846
0.0, 0.0, 0.002884
0.0, 0.0, 0.002827
0.0, 0.0, 0.002799
0.0, 0.0, 0.002692
0.0, 0.0, 0.002614
0.0, 0.0, 0.002559
0.0, 0.0, 0.002654
0.0, 0.0, 0.002641
0.0, 0.0, 0.002606
0.0, 0.0, 0.002655
0.0, 0.0, 0.002834
0.0, 0.0, 0.002867
0.0, 0.0, 0.002868
0.0, 0.0, 0.002908
0.0, 0.0, 0.002850
0.0, 0.0, 0.002787
0.0, 0.0, 0.002784
0.0, 0.0, 0.002783
0.0, 0.0, 0.002749
0.0, 0.0, 0.002705
0.0, 0.0, 0.002729
0.0, 0.0, 0.002641
0.0, 0.0, 0.002605
0.0, 0.0, 0.002621
0.0, 0.0, 0.002710
0.0, 0.0, 0.002680
0.0, 0.0, 0.002749
0.0, 0.0, 0.002796
0.0, 0.0, 0.002840
0.0, 0.0, 0.002784
0.0, 0.0, 0.002736
0.0, 0.0, 0.002624
0.0, 0.0, 0.002525
0.0, 0.0, 0.002484
0.0, 0.0, 0.002639
0.0, 0.0, 0.002653
0.0, 0.0, 0.002659
0.0, 0.0, 0.002631
0.0, 0.0, 0.002754
0.0, 0.0, 0.002778
0.0, 0.0, 0.002875
0.0, 0.0, 0.002918
0.0, 0.0, 0.002867
0.0, 0.0, 0.002795
0.0, 0.0, 0.002741
0.0, 0.0, 0.002752
0.0, 0.0, 0.002721
0.0, 0.0, 0.002667
0.0, 0.0, 0.002672
0.0, 0.0, 0.002668
0.0, 0.0, 0.002594
0.0, 0.0, 0.002617
0.0, 0.0, 0.002698
0.0, 0.0, 0.002688
0.0, 0.0, 0.002666
0.0, 0.0, 0.002747
0.0, 0.0, 0.002803
0.0, 0.0, 0.002761
0.0, 0.0, 0.002680
0.0, 0.0, 0.002574
0.0, 0.0, 0.002462
0.0, 0.0, 0.002420
0.0, 0.0, 0.002646
0.0, 0.0, 0.002618
0.0, 0.0, 0.002637
0.0, 0.0, 0.002677
0.0, 0.0, 0.002709
0.0, 0.0, 0.002730
0.0, 0.0, 0.002770
0.0, 0.0, 0.002845
0.0, 0.0, 0.002864
0.0, 0.0, 0.002774
0.0, 0.0, 0.002693
0.0, 0.0, 0.002727
0.0, 0.0, 0.002712
0.0, 0.0, 0.002660
0.0, 0.0, 0.002665
0.0, 0.0, 0.002667
0.0, 0.0, 0.002604
0.0, 0.0, 0.002612
0.0, 0.0, 0.002659
0.0, 0.0, 0.002656
0.0, 0.0, 0.002619
0.0, 0.0, 0.002677
0.0, 0.0, 0.002754
0.0, 0.0, 0.002731
0.0, 0.0, 0.002645
0.0, 0.0, 0.002559
0.0, 0.0, 0.002433
0.0, 0.0, 0.002393
0.0, 0.0, 0.002626
0.0, 0.0, 0.002635
0.0, 0.0, 0.002650
0.0, 0.0, 0.002730
0.0, 0.0, 0.002700
0.0, 0.0, 0.002711
0.0, 0.0, 0.002728
0.0, 0.0, 0.002770
0.0, 0.0, 0.002857
0.0, 0.0, 0.002812
0.0, 0.0, 0.002692
0.0, 0.0, 0.002687
0.0, 0.0, 0.002699
0.0, 0.0, 0.002658
0.0, 0.0, 0.002604
0.0, 0.0, 0.002632
0.0, 0.0, 0.002620
0.0, 0.0, 0.002596
0.0, 0.0, 0.002614
0.0, 0.0, 0.002654
0.0, 0.0, 0.002576
0.0, 0.0, 0.002611
0.0, 0.0, 0.002684
0.0, 0.0, 0.002642
0.0, 0.0, 0.002624
0.0, 0.0, 0.002538
0.0, 0.0, 0.002432
0.0, 0.0, 0.002404
0.0, 0.0, 0.002586
0.0, 0.0, 0.002630
0.0, 0.0, 0.002728
0.0, 0.0, 0.002712
0.0, 0.0, 0.002704
0.0, 0.0, 0.002683
0.0, 0.0, 0.002662
0.0, 0.0, 0.002696
0.0, 0.0, 0.002805
0.0, 0.0, 0.002815
0.0, 0.0, 0.002683
0.0, 0.0, 0.002651
0.0, 0.0, 0.002682
0.0, 0.0, 0.002661
0.0, 0.0, 0.002590
0.0, 0.0, 0.002607
0.0, 0.0, 0.002602
0.0, 0.0, 0.002578
0.0, 0.0, 0.002565
0.0, 0.0, 0.002613
0.0, 0.0, 0.002586
0.0, 0.0, 0.002569
0.0, 0.0, 0.002632
0.0, 0.0, 0.002599
0.0, 0.0, 0.002585
0.0, 0.0, 0.002513
0.0, 0.0, 0.002442
0.0, 0.0, 0.002419
0.0, 0.0, 0.002571
0.0, 0.0, 0.002617
0.0, 0.0, 0.002708
0.0, 0.0, 0.002726
0.0, 0.0, 0.002693
0.0, 0.0, 0.002688
0.0, 0.0, 0.002661
0.0, 0.0, 0.002655
0.0, 0.0, 0.002740
0.0, 0.0, 0.002810
0.0, 0.0, 0.002745
0.0, 0.0, 0.002635
0.0, 0.0, 0.002641
0.0, 0.0, 0.002639
0.0, 0.0, 0.002589
0.0, 0.0, 0.002555
0.0, 0.0, 0.002567
0.0, 0.0, 0.002555
0.0, 0.0, 0.002539
0.0, 0.0, 0.002541
0.0, 0.0, 0.002585
0.0, 0.0, 0.002541
0.0, 0.0, 0.002597
0.0, 0.0, 0.002565
0.0, 0.0, 0.002560
0.0, 0.0, 0.002508
0.0, 0.0, 0.002438
0.0, 0.0, 0.002425
0.0, 0.0, 0.002632
0.0, 0.0, 0.002671
0.0, 0.0, 0.002717
0.0, 0.0, 0.002701
0.0, 0.0, 0.002678
0.0, 0.0, 0.002661
0.0, 0.0, 0.002634
0.0, 0.0, 0.002627
0.0, 0.0, 0.002642
0.0, 0.0, 0.002736
0.0, 0.0, 0.002744
0.0, 0.0, 0.002683
0.0, 0.0, 0.002615
0.0, 0.0, 0.002601
0.0, 0.0, 0.002599
0.0, 0.0, 0.002568
0.0, 0.0, 0.002543
0.0, 0.0, 0.002529
0.0, 0.0, 0.002498
0.0, 0.0, 0.002505
0.0, 0.0, 0.002555
0.0, 0.0, 0.002490
0.0, 0.0, 0.002574
0.0, 0.0, 0.002557
0.0, 0.0, 0.002527
0.0, 0.0, 0.002489
0.0, 0.0, 0.002417
0.0, 0.0, 0.002385
0.0, 0.0, 0.002697
0.0, 0.0, 0.002629
0.0, 0.0, 0.002704
0.0, 0.0, 0.002729
0.0, 0.0, 0.002657
0.0, 0.0, 0.002623
0.0, 0.0, 0.002620
0.0, 0.0, 0.002645
0.0, 0.0, 0.002635
0.0, 0.0, 0.002627
0.0, 0.0, 0.002671
0.0, 0.0, 0.002671
0.0, 0.0, 0.002630
0.0, 0.0, 0.002572
0.0, 0.0, 0.002581
0.0, 0.0, 0.002569
0.0, 0.0, 0.002522
0.0, 0.0, 0.002493
0.0, 0.0, 0.002474
0.0, 0.0, 0.002484
0.0, 0.0, 0.002537
0.0, 0.0, 0.002477
0.0, 0.0, 0.002504
0.0, 0.0, 0.002553
0.0, 0.0, 0.002526
0.0, 0.0, 0.002464
0.0, 0.0, 0.002395
0.0, 0.0, 0.002351
0.0, 0.0, 0.002691
0.0, 0.0, 0.002699
0.0, 0.0, 0.002710
0.0, 0.0, 0.002716
0.0, 0.0, 0.002659
0.0, 0.0, 0.002584
0.0, 0.0, 0.002563
0.0, 0.0, 0.002622
0.0, 0.0, 0.002650
0.0, 0.0, 0.002628
0.0, 0.0, 0.002623
0.0, 0.0, 0.002661
0.0, 0.0, 0.002636
0.0, 0.0, 0.002605
0.0, 0.0, 0.002581
0.0, 0.0, 0.002546
0.0, 0.0, 0.002496
0.0, 0.0, 0.002460
0.0, 0.0, 0.002463
0.0, 0.0, 0.002428
0.0, 0.0, 0.002471
0.0, 0.0, 0.002439
0.0, 0.0, 0.002440
0.0, 0.0, 0.002483
0.0, 0.0, 0.002517
0.0, 0.0, 0.002448
0.0, 0.0, 0.002381
0.0, 0.0, 0.002312
