S3D
I=24,J=27,K=3
0.0, 0.0, 0.0, 0.00474374
0.0, 10.0, 0.0, 0.00435648
0.0, 20.0, 0.0, 0.00428378
0.0, 30.0, 0.0, 0.01212665
0.0, 40.0, 0.0, 0.01528828
0.0, 50.0, 0.0, 0.01533114
0.0, 60.0, 0.0, 0.01571931
0.0, 70.0, 0.0, 0.01584035
0.0, 80.0, 0.0, 0.01586829
0.0, 90.0, 0.0, 0.01538015
0.0, 100.0, 0.0, 0.01536779
0.0, 110.0, 0.0, 0.01563765
0.0, 120.0, 0.0, 0.01571238
0.0, 130.0, 0.0, 0.01571465
0.0, 140.0, 0.0, 0.01617341
0.0, 150.0, 0.0, 0.01597160
0.0, 160.0, 0.0, 0.01568722
0.0, 170.0, 0.0, 0.01490551
0.0, 180.0, 0.0, 0.01559628
0.0, 190.0, 0.0, 0.01509192
0.0, 200.0, 0.0, 0.01497793
0.0, 210.0, 0.0, 0.01398411
0.0, 220.0, 0.0, 0.01511590
0.0, 230.0, 0.0, 0.01558066
0.0, 240.0, 0.0, 0.01560289
0.0, 250.0, 0.0, 0.01534512
0.0, 260.0, 0.0, 0.01582356
10.0, 0.0, 0.0, 0.00486494
10.0, 10.0, 0.0, 0.00439305
10.0, 20.0, 0.0, 0.00378006
10.0, 30.0, 0.0, 0.01271716
10.0, 40.0, 0.0, 0.01540900
10.0, 50.0, 0.0, 0.01602946
10.0, 60.0, 0.0, 0.01564750
10.0, 70.0, 0.0, 0.01545708
10.0, 80.0, 0.0, 0.01546892
10.0, 90.0, 0.0, 0.01481367
10.0, 100.0, 0.0, 0.01514120
10.0, 110.0, 0.0, 0.01520955
10.0, 120.0, 0.0, 0.01537287
10.0, 130.0, 0.0, 0.01571090
10.0, 140.0, 0.0, 0.01473850
10.0, 150.0, 0.0, 0.01438717
10.0, 160.0, 0.0, 0.01475718
10.0, 170.0, 0.0, 0.01553765
10.0, 180.0, 0.0, 0.01558677
10.0, 190.0, 0.0, 0.01512261
10.0, 200.0, 0.0, 0.01502844
10.0, 210.0, 0.0, 0.01470898
10.0, 220.0, 0.0, 0.01536818
10.0, 230.0, 0.0, 0.01451263
10.0, 240.0, 0.0, 0.01381205
10.0, 250.0, 0.0, 0.01371857
10.0, 260.0, 0.0, 0.01410781
20.0, 0.0, 0.0, 0.00368727
20.0, 10.0, 0.0, 0.00400438
20.0, 20.0, 0.0, 0.00417146
20.0, 30.0, 0.0, 0.01063680
20.0, 40.0, 0.0, 0.01392011
20.0, 50.0, 0.0, 0.01568881
20.0, 60.0, 0.0, 0.01537341
20.0, 70.0, 0.0, 0.01538547
20.0, 80.0, 0.0, 0.01493000
20.0, 90.0, 0.0, 0.01435230
20.0, 100.0, 0.0, 0.01466804
20.0, 110.0, 0.0, 0.01459025
20.0, 120.0, 0.0, 0.01457442
20.0, 130.0, 0.0, 0.01485096
20.0, 140.0, 0.0, 0.01373362
20.0, 150.0, 0.0, 0.01199755
20.0, 160.0, 0.0, 0.01318565
20.0, 170.0, 0.0, 0.01372676
20.0, 180.0, 0.0, 0.01475867
20.0, 190.0, 0.0, 0.01511065
20.0, 200.0, 0.0, 0.01544240
20.0, 210.0, 0.0, 0.01377018
20.0, 220.0, 0.0, 0.01426106
20.0, 230.0, 0.0, 0.01439216
20.0, 240.0, 0.0, 0.01383015
20.0, 250.0, 0.0, 0.01296459
20.0, 260.0, 0.0, 0.01282857
30.0, 0.0, 0.0, 0.00340168
30.0, 10.0, 0.0, 0.00341211
30.0, 20.0, 0.0, 0.00337175
30.0, 30.0, 0.0, 0.00856986
30.0, 40.0, 0.0, 0.01298884
30.0, 50.0, 0.0, 0.01536758
30.0, 60.0, 0.0, 0.01532232
30.0, 70.0, 0.0, 0.01525437
30.0, 80.0, 0.0, 0.01458871
30.0, 90.0, 0.0, 0.01425117
30.0, 100.0, 0.0, 0.01418595
30.0, 110.0, 0.0, 0.01428619
30.0, 120.0, 0.0, 0.01346353
30.0, 130.0, 0.0, 0.01345235
30.0, 140.0, 0.0, 0.01310571
30.0, 150.0, 0.0, 0.01201698
30.0, 160.0, 0.0, 0.01152175
30.0, 170.0, 0.0, 0.01306366
30.0, 180.0, 0.0, 0.01280816
30.0, 190.0, 0.0, 0.01385313
30.0, 200.0, 0.0, 0.01353645
30.0, 210.0, 0.0, 0.01403679
30.0, 220.0, 0.0, 0.01408722
30.0, 230.0, 0.0, 0.01326328
30.0, 240.0, 0.0, 0.01350733
30.0, 250.0, 0.0, 0.01283167
30.0, 260.0, 0.0, 0.01243867
40.0, 0.0, 0.0, 0.00309707
40.0, 10.0, 0.0, 0.00339829
40.0, 20.0, 0.0, 0.00918883
40.0, 30.0, 0.0, 0.01184943
40.0, 40.0, 0.0, 0.01366884
40.0, 50.0, 0.0, 0.01441697
40.0, 60.0, 0.0, 0.01433555
40.0, 70.0, 0.0, 0.01369858
40.0, 80.0, 0.0, 0.01381705
40.0, 90.0, 0.0, 0.01356553
40.0, 100.0, 0.0, 0.01323300
40.0, 110.0, 0.0, 0.01333381
40.0, 120.0, 0.0, 0.01326260
40.0, 130.0, 0.0, 0.01318123
40.0, 140.0, 0.0, 0.01302748
40.0, 150.0, 0.0, 0.01150489
40.0, 160.0, 0.0, 0.01092492
40.0, 170.0, 0.0, 0.01154074
40.0, 180.0, 0.0, 0.01112577
40.0, 190.0, 0.0, 0.00926985
40.0, 200.0, 0.0, 0.01290266
40.0, 210.0, 0.0, 0.01222414
40.0, 220.0, 0.0, 0.01267379
40.0, 230.0, 0.0, 0.01433213
40.0, 240.0, 0.0, 0.01440237
40.0, 250.0, 0.0, 0.01279356
40.0, 260.0, 0.0, 0.01232636
50.0, 0.0, 0.0, 0.00286329
50.0, 10.0, 0.0, 0.00875547
50.0, 20.0, 0.0, 0.00991129
50.0, 30.0, 0.0, 0.01180415
50.0, 40.0, 0.0, 0.01288440
50.0, 50.0, 0.0, 0.01322973
50.0, 60.0, 0.0, 0.01347507
50.0, 70.0, 0.0, 0.01309706
50.0, 80.0, 0.0, 0.01237813
50.0, 90.0, 0.0, 0.01190409
50.0, 100.0, 0.0, 0.01205997
50.0, 110.0, 0.0, 0.01214596
50.0, 120.0, 0.0, 0.01220051
50.0, 130.0, 0.0, 0.01238540
50.0, 140.0, 0.0, 0.01148691
50.0, 150.0, 0.0, 0.01118170
50.0, 160.0, 0.0, 0.01163127
50.0, 170.0, 0.0, 0.01070622
50.0, 180.0, 0.0, 0.00960883
50.0, 190.0, 0.0, 0.00901216
50.0, 200.0, 0.0, 0.01257539
50.0, 210.0, 0.0, 0.01147612
50.0, 220.0, 0.0, 0.01165436
50.0, 230.0, 0.0, 0.01229322
50.0, 240.0, 0.0, 0.01438106
50.0, 250.0, 0.0, 0.01335548
50.0, 260.0, 0.0, 0.01193956
60.0, 0.0, 0.0, 0.00281140
60.0, 10.0, 0.0, 0.00788073
60.0, 20.0, 0.0, 0.00982964
60.0, 30.0, 0.0, 0.01146209
60.0, 40.0, 0.0, 0.01227279
60.0, 50.0, 0.0, 0.01239850
60.0, 60.0, 0.0, 0.01238998
60.0, 70.0, 0.0, 0.01097971
60.0, 80.0, 0.0, 0.01110905
60.0, 90.0, 0.0, 0.01014991
60.0, 100.0, 0.0, 0.00982512
60.0, 110.0, 0.0, 0.00981512
60.0, 120.0, 0.0, 0.00938129
60.0, 130.0, 0.0, 0.00893863
60.0, 140.0, 0.0, 0.00848688
60.0, 150.0, 0.0, 0.00884587
60.0, 160.0, 0.0, 0.00852886
60.0, 170.0, 0.0, 0.00883053
60.0, 180.0, 0.0, 0.00885999
60.0, 190.0, 0.0, 0.01176618
60.0, 200.0, 0.0, 0.01236067
60.0, 210.0, 0.0, 0.01335948
60.0, 220.0, 0.0, 0.01262459
60.0, 230.0, 0.0, 0.01258717
60.0, 240.0, 0.0, 0.01240948
60.0, 250.0, 0.0, 0.01259479
60.0, 260.0, 0.0, 0.01295311
70.0, 0.0, 0.0, 0.00259248
70.0, 10.0, 0.0, 0.00462536
70.0, 20.0, 0.0, 0.00931112
70.0, 30.0, 0.0, 0.00882100
70.0, 40.0, 0.0, 0.00802147
70.0, 50.0, 0.0, 0.00776236
70.0, 60.0, 0.0, 0.00745544
70.0, 70.0, 0.0, 0.00618854
70.0, 80.0, 0.0, 0.00562620
70.0, 90.0, 0.0, 0.00680305
70.0, 100.0, 0.0, 0.00633233
70.0, 110.0, 0.0, 0.00545099
70.0, 120.0, 0.0, 0.00661586
70.0, 130.0, 0.0, 0.00636282
70.0, 140.0, 0.0, 0.00601401
70.0, 150.0, 0.0, 0.00506628
70.0, 160.0, 0.0, 0.00546676
70.0, 170.0, 0.0, 0.00571662
70.0, 180.0, 0.0, 0.00530132
70.0, 190.0, 0.0, 0.00787925
70.0, 200.0, 0.0, 0.00879284
70.0, 210.0, 0.0, 0.00980356
70.0, 220.0, 0.0, 0.01063278
70.0, 230.0, 0.0, 0.01111622
70.0, 240.0, 0.0, 0.01149315
70.0, 250.0, 0.0, 0.01220111
70.0, 260.0, 0.0, 0.01255683
80.0, 0.0, 0.0, 0.00293558
80.0, 10.0, 0.0, 0.00730000
80.0, 20.0, 0.0, 0.00785857
80.0, 30.0, 0.0, 0.00757133
80.0, 40.0, 0.0, 0.00627945
80.0, 50.0, 0.0, 0.00518784
80.0, 60.0, 0.0, 0.00561637
80.0, 70.0, 0.0, 0.00564048
80.0, 80.0, 0.0, 0.00470289
80.0, 90.0, 0.0, 0.00433480
80.0, 100.0, 0.0, 0.00457521
80.0, 110.0, 0.0, 0.00421635
80.0, 120.0, 0.0, 0.00416042
80.0, 130.0, 0.0, 0.00385540
80.0, 140.0, 0.0, 0.00426051
80.0, 150.0, 0.0, 0.00372693
80.0, 160.0, 0.0, 0.00467399
80.0, 170.0, 0.0, 0.00444303
80.0, 180.0, 0.0, 0.00388865
80.0, 190.0, 0.0, 0.00588556
80.0, 200.0, 0.0, 0.00602298
80.0, 210.0, 0.0, 0.00686887
80.0, 220.0, 0.0, 0.00840486
80.0, 230.0, 0.0, 0.00920998
80.0, 240.0, 0.0, 0.00988338
80.0, 250.0, 0.0, 0.01072759
80.0, 260.0, 0.0, 0.01183328
90.0, 0.0, 0.0, 0.00299779
90.0, 10.0, 0.0, 0.00521542
90.0, 20.0, 0.0, 0.00532856
90.0, 30.0, 0.0, 0.00534842
90.0, 40.0, 0.0, 0.00516711
90.0, 50.0, 0.0, 0.00480408
90.0, 60.0, 0.0, 0.00539305
90.0, 70.0, 0.0, 0.00529247
90.0, 80.0, 0.0, 0.00486255
90.0, 90.0, 0.0, 0.00470185
90.0, 100.0, 0.0, 0.00401121
90.0, 110.0, 0.0, 0.00365989
90.0, 120.0, 0.0, 0.00342150
90.0, 130.0, 0.0, 0.00350946
90.0, 140.0, 0.0, 0.00371716
90.0, 150.0, 0.0, 0.00365861
90.0, 160.0, 0.0, 0.00317689
90.0, 170.0, 0.0, 0.00390280
90.0, 180.0, 0.0, 0.00402664
90.0, 190.0, 0.0, 0.00524109
90.0, 200.0, 0.0, 0.00565081
90.0, 210.0, 0.0, 0.00636918
90.0, 220.0, 0.0, 0.00705806
90.0, 230.0, 0.0, 0.00771770
90.0, 240.0, 0.0, 0.00870330
90.0, 250.0, 0.0, 0.00950344
90.0, 260.0, 0.0, 0.01035708
100.0, 0.0, 0.0, 0.00403829
100.0, 10.0, 0.0, 0.00406274
100.0, 20.0, 0.0, 0.00400118
100.0, 30.0, 0.0, 0.00426143
100.0, 40.0, 0.0, 0.00477395
100.0, 50.0, 0.0, 0.00499750
100.0, 60.0, 0.0, 0.00507339
100.0, 70.0, 0.0, 0.00484735
100.0, 80.0, 0.0, 0.00455934
100.0, 90.0, 0.0, 0.00410542
100.0, 100.0, 0.0, 0.00373263
100.0, 110.0, 0.0, 0.00318122
100.0, 120.0, 0.0, 0.00307447
100.0, 130.0, 0.0, 0.00332223
100.0, 140.0, 0.0, 0.00326262
100.0, 150.0, 0.0, 0.00313659
100.0, 160.0, 0.0, 0.00309719
100.0, 170.0, 0.0, 0.00334807
100.0, 180.0, 0.0, 0.00428079
100.0, 190.0, 0.0, 0.00431009
100.0, 200.0, 0.0, 0.00564384
100.0, 210.0, 0.0, 0.00589012
100.0, 220.0, 0.0, 0.00602538
100.0, 230.0, 0.0, 0.00707334
100.0, 240.0, 0.0, 0.00803922
100.0, 250.0, 0.0, 0.00888449
100.0, 260.0, 0.0, 0.00933327
110.0, 0.0, 0.0, 0.00403138
110.0, 10.0, 0.0, 0.00354126
110.0, 20.0, 0.0, 0.00350038
110.0, 30.0, 0.0, 0.00343585
110.0, 40.0, 0.0, 0.00385728
110.0, 50.0, 0.0, 0.00412239
110.0, 60.0, 0.0, 0.00401052
110.0, 70.0, 0.0, 0.00389513
110.0, 80.0, 0.0, 0.00285603
110.0, 90.0, 0.0, 0.00256982
110.0, 100.0, 0.0, 0.00245679
110.0, 110.0, 0.0, 0.00274571
110.0, 120.0, 0.0, 0.00274897
110.0, 130.0, 0.0, 0.00284262
110.0, 140.0, 0.0, 0.00259806
110.0, 150.0, 0.0, 0.00280486
110.0, 160.0, 0.0, 0.00314882
110.0, 170.0, 0.0, 0.00319888
110.0, 180.0, 0.0, 0.00326345
110.0, 190.0, 0.0, 0.00362745
110.0, 200.0, 0.0, 0.00365253
110.0, 210.0, 0.0, 0.00403096
110.0, 220.0, 0.0, 0.00444458
110.0, 230.0, 0.0, 0.00482318
110.0, 240.0, 0.0, 0.00579783
110.0, 250.0, 0.0, 0.00695009
110.0, 260.0, 0.0, 0.00805949
120.0, 0.0, 0.0, 0.00376458
120.0, 10.0, 0.0, 0.00363983
120.0, 20.0, 0.0, 0.00295479
120.0, 30.0, 0.0, 0.00254900
120.0, 40.0, 0.0, 0.00257431
120.0, 50.0, 0.0, 0.00260060
120.0, 60.0, 0.0, 0.00281023
120.0, 70.0, 0.0, 0.00285881
120.0, 80.0, 0.0, 0.00263810
120.0, 90.0, 0.0, 0.00232736
120.0, 100.0, 0.0, 0.00256211
120.0, 110.0, 0.0, 0.00274046
120.0, 120.0, 0.0, 0.00256616
120.0, 130.0, 0.0, 0.00241777
120.0, 140.0, 0.0, 0.00226562
120.0, 150.0, 0.0, 0.00252925
120.0, 160.0, 0.0, 0.00278710
120.0, 170.0, 0.0, 0.00282771
120.0, 180.0, 0.0, 0.00321809
120.0, 190.0, 0.0, 0.00302218
120.0, 200.0, 0.0, 0.00338053
120.0, 210.0, 0.0, 0.00320777
120.0, 220.0, 0.0, 0.00374896
120.0, 230.0, 0.0, 0.00499840
120.0, 240.0, 0.0, 0.00514458
120.0, 250.0, 0.0, 0.00538554
120.0, 260.0, 0.0, 0.00593417
130.0, 0.0, 0.0, 0.00372117
130.0, 10.0, 0.0, 0.00432234
130.0, 20.0, 0.0, 0.00403916
130.0, 30.0, 0.0, 0.00335773
130.0, 40.0, 0.0, 0.00326223
130.0, 50.0, 0.0, 0.00282413
130.0, 60.0, 0.0, 0.00278394
130.0, 70.0, 0.0, 0.00329569
130.0, 80.0, 0.0, 0.00294548
130.0, 90.0, 0.0, 0.00211329
130.0, 100.0, 0.0, 0.00222740
130.0, 110.0, 0.0, 0.00242079
130.0, 120.0, 0.0, 0.00267956
130.0, 130.0, 0.0, 0.00243139
130.0, 140.0, 0.0, 0.00242769
130.0, 150.0, 0.0, 0.00271791
130.0, 160.0, 0.0, 0.00292333
130.0, 170.0, 0.0, 0.00305202
130.0, 180.0, 0.0, 0.00286565
130.0, 190.0, 0.0, 0.00329715
130.0, 200.0, 0.0, 0.00254724
130.0, 210.0, 0.0, 0.00327044
130.0, 220.0, 0.0, 0.00297990
130.0, 230.0, 0.0, 0.00349651
130.0, 240.0, 0.0, 0.00379262
130.0, 250.0, 0.0, 0.00421714
130.0, 260.0, 0.0, 0.00455720
140.0, 0.0, 0.0, 0.00344806
140.0, 10.0, 0.0, 0.00437006
140.0, 20.0, 0.0, 0.00352977
140.0, 30.0, 0.0, 0.00294624
140.0, 40.0, 0.0, 0.00293181
140.0, 50.0, 0.0, 0.00319452
140.0, 60.0, 0.0, 0.00303582
140.0, 70.0, 0.0, 0.00256535
140.0, 80.0, 0.0, 0.00249937
140.0, 90.0, 0.0, 0.00226047
140.0, 100.0, 0.0, 0.00204757
140.0, 110.0, 0.0, 0.00221141
140.0, 120.0, 0.0, 0.00240147
140.0, 130.0, 0.0, 0.00248645
140.0, 140.0, 0.0, 0.00272794
140.0, 150.0, 0.0, 0.00285118
140.0, 160.0, 0.0, 0.00298748
140.0, 170.0, 0.0, 0.00314749
140.0, 180.0, 0.0, 0.00274914
140.0, 190.0, 0.0, 0.00248844
140.0, 200.0, 0.0, 0.00267203
140.0, 210.0, 0.0, 0.00245432
140.0, 220.0, 0.0, 0.00248081
140.0, 230.0, 0.0, 0.00269691
140.0, 240.0, 0.0, 0.00319168
140.0, 250.0, 0.0, 0.00374800
140.0, 260.0, 0.0, 0.00395362
150.0, 0.0, 0.0, 0.00238914
150.0, 10.0, 0.0, 0.00311006
150.0, 20.0, 0.0, 0.00377027
150.0, 30.0, 0.0, 0.00336915
150.0, 40.0, 0.0, 0.00330703
150.0, 50.0, 0.0, 0.00322283
150.0, 60.0, 0.0, 0.00289639
150.0, 70.0, 0.0, 0.00238129
150.0, 80.0, 0.0, 0.00205677
150.0, 90.0, 0.0, 0.00198748
150.0, 100.0, 0.0, 0.00197200
150.0, 110.0, 0.0, 0.00212223
150.0, 120.0, 0.0, 0.00230378
150.0, 130.0, 0.0, 0.00248147
150.0, 140.0, 0.0, 0.00271515
150.0, 150.0, 0.0, 0.00273433
150.0, 160.0, 0.0, 0.00277312
150.0, 170.0, 0.0, 0.00287990
150.0, 180.0, 0.0, 0.00282459
150.0, 190.0, 0.0, 0.00223223
150.0, 200.0, 0.0, 0.00217084
150.0, 210.0, 0.0, 0.00235801
150.0, 220.0, 0.0, 0.00263887
150.0, 230.0, 0.0, 0.00223158
150.0, 240.0, 0.0, 0.00252024
150.0, 250.0, 0.0, 0.00304027
150.0, 260.0, 0.0, 0.00344976
160.0, 0.0, 0.0, 0.00210751
160.0, 10.0, 0.0, 0.00338953
160.0, 20.0, 0.0, 0.00345302
160.0, 30.0, 0.0, 0.00295266
160.0, 40.0, 0.0, 0.00307178
160.0, 50.0, 0.0, 0.00313521
160.0, 60.0, 0.0, 0.00263403
160.0, 70.0, 0.0, 0.00198209
160.0, 80.0, 0.0, 0.00154541
160.0, 90.0, 0.0, 0.00147698
160.0, 100.0, 0.0, 0.00159532
160.0, 110.0, 0.0, 0.00181687
160.0, 120.0, 0.0, 0.00208118
160.0, 130.0, 0.0, 0.00232066
160.0, 140.0, 0.0, 0.00270422
160.0, 150.0, 0.0, 0.00289070
160.0, 160.0, 0.0, 0.00280799
160.0, 170.0, 0.0, 0.00278996
160.0, 180.0, 0.0, 0.00259690
160.0, 190.0, 0.0, 0.00237095
160.0, 200.0, 0.0, 0.00221149
160.0, 210.0, 0.0, 0.00225717
160.0, 220.0, 0.0, 0.00219289
160.0, 230.0, 0.0, 0.00204702
160.0, 240.0, 0.0, 0.00212350
160.0, 250.0, 0.0, 0.00257744
160.0, 260.0, 0.0, 0.00302070
170.0, 0.0, 0.0, 0.00165618
170.0, 10.0, 0.0, 0.00171350
170.0, 20.0, 0.0, 0.00264016
170.0, 30.0, 0.0, 0.00288190
170.0, 40.0, 0.0, 0.00272400
170.0, 50.0, 0.0, 0.00273908
170.0, 60.0, 0.0, 0.00255019
170.0, 70.0, 0.0, 0.00205537
170.0, 80.0, 0.0, 0.00150338
170.0, 90.0, 0.0, 0.00139612
170.0, 100.0, 0.0, 0.00156667
170.0, 110.0, 0.0, 0.00168664
170.0, 120.0, 0.0, 0.00193188
170.0, 130.0, 0.0, 0.00244147
170.0, 140.0, 0.0, 0.00284014
170.0, 150.0, 0.0, 0.00295290
170.0, 160.0, 0.0, 0.00293479
170.0, 170.0, 0.0, 0.00281912
170.0, 180.0, 0.0, 0.00281470
170.0, 190.0, 0.0, 0.00275741
170.0, 200.0, 0.0, 0.00238959
170.0, 210.0, 0.0, 0.00210903
170.0, 220.0, 0.0, 0.00203561
170.0, 230.0, 0.0, 0.00181456
170.0, 240.0, 0.0, 0.00190153
170.0, 250.0, 0.0, 0.00219674
170.0, 260.0, 0.0, 0.00263576
180.0, 0.0, 0.0, 0.00186375
180.0, 10.0, 0.0, 0.00112263
180.0, 20.0, 0.0, 0.00209483
180.0, 30.0, 0.0, 0.00231876
180.0, 40.0, 0.0, 0.00260117
180.0, 50.0, 0.0, 0.00269881
180.0, 60.0, 0.0, 0.00229803
180.0, 70.0, 0.0, 0.00211759
180.0, 80.0, 0.0, 0.00185366
180.0, 90.0, 0.0, 0.00167413
180.0, 100.0, 0.0, 0.00151623
180.0, 110.0, 0.0, 0.00160251
180.0, 120.0, 0.0, 0.00186213
180.0, 130.0, 0.0, 0.00234158
180.0, 140.0, 0.0, 0.00223072
180.0, 150.0, 0.0, 0.00232829
180.0, 160.0, 0.0, 0.00263515
180.0, 170.0, 0.0, 0.00198883
180.0, 180.0, 0.0, 0.00258287
180.0, 190.0, 0.0, 0.00269770
180.0, 200.0, 0.0, 0.00247204
180.0, 210.0, 0.0, 0.00215281
180.0, 220.0, 0.0, 0.00192698
180.0, 230.0, 0.0, 0.00170059
180.0, 240.0, 0.0, 0.00151583
180.0, 250.0, 0.0, 0.00190217
180.0, 260.0, 0.0, 0.00229169
190.0, 0.0, 0.0, 0.00139294
190.0, 10.0, 0.0, 0.00143392
190.0, 20.0, 0.0, 0.00158824
190.0, 30.0, 0.0, 0.00169310
190.0, 40.0, 0.0, 0.00186994
190.0, 50.0, 0.0, 0.00210966
190.0, 60.0, 0.0, 0.00236919
190.0, 70.0, 0.0, 0.00235466
190.0, 80.0, 0.0, 0.00164098
190.0, 90.0, 0.0, 0.00177594
190.0, 100.0, 0.0, 0.00153952
190.0, 110.0, 0.0, 0.00168838
190.0, 120.0, 0.0, 0.00180195
190.0, 130.0, 0.0, 0.00185651
190.0, 140.0, 0.0, 0.00167800
190.0, 150.0, 0.0, 0.00192317
190.0, 160.0, 0.0, 0.00207375
190.0, 170.0, 0.0, 0.00216866
190.0, 180.0, 0.0, 0.00193210
190.0, 190.0, 0.0, 0.00181471
190.0, 200.0, 0.0, 0.00178271
190.0, 210.0, 0.0, 0.00179969
190.0, 220.0, 0.0, 0.00172289
190.0, 230.0, 0.0, 0.00156996
190.0, 240.0, 0.0, 0.00139000
190.0, 250.0, 0.0, 0.00145594
190.0, 260.0, 0.0, 0.00207705
200.0, 0.0, 0.0, 0.00129299
200.0, 10.0, 0.0, 0.00125610
200.0, 20.0, 0.0, 0.00165821
200.0, 30.0, 0.0, 0.00181622
200.0, 40.0, 0.0, 0.00195941
200.0, 50.0, 0.0, 0.00225786
200.0, 60.0, 0.0, 0.00245928
200.0, 70.0, 0.0, 0.00223003
200.0, 80.0, 0.0, 0.00213437
200.0, 90.0, 0.0, 0.00159802
200.0, 100.0, 0.0, 0.00157485
200.0, 110.0, 0.0, 0.00152055
200.0, 120.0, 0.0, 0.00167577
200.0, 130.0, 0.0, 0.00178423
200.0, 140.0, 0.0, 0.00142001
200.0, 150.0, 0.0, 0.00143426
200.0, 160.0, 0.0, 0.00155436
200.0, 170.0, 0.0, 0.00161957
200.0, 180.0, 0.0, 0.00108698
200.0, 190.0, 0.0, 0.00156034
200.0, 200.0, 0.0, 0.00129365
200.0, 210.0, 0.0, 0.00136347
200.0, 220.0, 0.0, 0.00135262
200.0, 230.0, 0.0, 0.00136481
200.0, 240.0, 0.0, 0.00124773
200.0, 250.0, 0.0, 0.00134894
200.0, 260.0, 0.0, 0.00202189
210.0, 0.0, 0.0, 0.00122065
210.0, 10.0, 0.0, 0.00149222
210.0, 20.0, 0.0, 0.00190049
210.0, 30.0, 0.0, 0.00144696
210.0, 40.0, 0.0, 0.00219809
210.0, 50.0, 0.0, 0.00243965
210.0, 60.0, 0.0, 0.00255668
210.0, 70.0, 0.0, 0.00243149
210.0, 80.0, 0.0, 0.00197794
210.0, 90.0, 0.0, 0.00187580
210.0, 100.0, 0.0, 0.00124160
210.0, 110.0, 0.0, 0.00153581
210.0, 120.0, 0.0, 0.00158213
210.0, 130.0, 0.0, 0.00167615
210.0, 140.0, 0.0, 0.00083267
210.0, 150.0, 0.0, 0.00125915
210.0, 160.0, 0.0, 0.00114274
210.0, 170.0, 0.0, 0.00178839
210.0, 180.0, 0.0, 0.00107940
210.0, 190.0, 0.0, 0.00119251
210.0, 200.0, 0.0, 0.00103605
210.0, 210.0, 0.0, 0.00095591
210.0, 220.0, 0.0, 0.00093248
210.0, 230.0, 0.0, 0.00087749
210.0, 240.0, 0.0, 0.00106688
210.0, 250.0, 0.0, 0.00132084
210.0, 260.0, 0.0, 0.00190334
220.0, 0.0, 0.0, 0.00120756
220.0, 10.0, 0.0, 0.00172091
220.0, 20.0, 0.0, 0.00191958
220.0, 30.0, 0.0, 0.00172041
220.0, 40.0, 0.0, 0.00184747
220.0, 50.0, 0.0, 0.00195779
220.0, 60.0, 0.0, 0.00238681
220.0, 70.0, 0.0, 0.00255222
220.0, 80.0, 0.0, 0.00202299
220.0, 90.0, 0.0, 0.00141258
220.0, 100.0, 0.0, 0.00141094
220.0, 110.0, 0.0, 0.00151001
220.0, 120.0, 0.0, 0.00131034
220.0, 130.0, 0.0, 0.00115030
220.0, 140.0, 0.0, 0.00112964
220.0, 150.0, 0.0, 0.00078656
220.0, 160.0, 0.0, 0.00091434
220.0, 170.0, 0.0, 0.00110471
220.0, 180.0, 0.0, 0.00087690
220.0, 190.0, 0.0, 0.00084577
220.0, 200.0, 0.0, 0.00074026
220.0, 210.0, 0.0, 0.00080980
220.0, 220.0, 0.0, 0.00070236
220.0, 230.0, 0.0, 0.00110744
220.0, 240.0, 0.0, 0.00114839
220.0, 250.0, 0.0, 0.00113931
220.0, 260.0, 0.0, 0.00169338
230.0, 0.0, 0.0, 0.00159182
230.0, 10.0, 0.0, 0.00189820
230.0, 20.0, 0.0, 0.00176312
230.0, 30.0, 0.0, 0.00157207
230.0, 40.0, 0.0, 0.00161984
230.0, 50.0, 0.0, 0.00179700
230.0, 60.0, 0.0, 0.00212948
230.0, 70.0, 0.0, 0.00220136
230.0, 80.0, 0.0, 0.00168582
230.0, 90.0, 0.0, 0.00136548
230.0, 100.0, 0.0, 0.00135548
230.0, 110.0, 0.0, 0.00099315
230.0, 120.0, 0.0, 0.00067247
230.0, 130.0, 0.0, 0.00062199
230.0, 140.0, 0.0, 0.00065298
230.0, 150.0, 0.0, 0.00055010
230.0, 160.0, 0.0, 0.00094372
230.0, 170.0, 0.0, 0.00085569
230.0, 180.0, 0.0, 0.00079633
230.0, 190.0, 0.0, 0.00066103
230.0, 200.0, 0.0, 0.00058958
230.0, 210.0, 0.0, 0.00057897
230.0, 220.0, 0.0, 0.00060992
230.0, 230.0, 0.0, 0.00068776
230.0, 240.0, 0.0, 0.00093242
230.0, 250.0, 0.0, 0.00113452
230.0, 260.0, 0.0, 0.00176781
0.0, 0.0, 10.0, 0.00188148
0.0, 10.0, 10.0, 0.00245797
0.0, 20.0, 10.0, 0.00299241
0.0, 30.0, 10.0, 0.00459036
0.0, 40.0, 10.0, 0.00887255
0.0, 50.0, 10.0, 0.00645334
0.0, 60.0, 10.0, 0.00606898
0.0, 70.0, 10.0, 0.00626812
0.0, 80.0, 10.0, 0.00752062
0.0, 90.0, 10.0, 0.00819593
0.0, 100.0, 10.0, 0.00968245
0.0, 110.0, 10.0, 0.00959072
0.0, 120.0, 10.0, 0.00856330
0.0, 130.0, 10.0, 0.00778603
0.0, 140.0, 10.0, 0.00745184
0.0, 150.0, 10.0, 0.00695264
0.0, 160.0, 10.0, 0.00755735
0.0, 170.0, 10.0, 0.00769386
0.0, 180.0, 10.0, 0.00811575
0.0, 190.0, 10.0, 0.00915208
0.0, 200.0, 10.0, 0.00951783
0.0, 210.0, 10.0, 0.00928788
0.0, 220.0, 10.0, 0.00916868
0.0, 230.0, 10.0, 0.00937842
0.0, 240.0, 10.0, 0.00867077
0.0, 250.0, 10.0, 0.00817815
0.0, 260.0, 10.0, 0.00833752
10.0, 0.0, 10.0, 0.00109354
10.0, 10.0, 10.0, 0.00109453
10.0, 20.0, 10.0, 0.00182271
10.0, 30.0, 10.0, 0.00429191
10.0, 40.0, 10.0, 0.00945473
10.0, 50.0, 10.0, 0.00545942
10.0, 60.0, 10.0, 0.00607644
10.0, 70.0, 10.0, 0.00641231
10.0, 80.0, 10.0, 0.00801632
10.0, 90.0, 10.0, 0.00830168
10.0, 100.0, 10.0, 0.00894031
10.0, 110.0, 10.0, 0.00949522
10.0, 120.0, 10.0, 0.00948567
10.0, 130.0, 10.0, 0.00911730
10.0, 140.0, 10.0, 0.00877382
10.0, 150.0, 10.0, 0.00776039
10.0, 160.0, 10.0, 0.00823383
10.0, 170.0, 10.0, 0.00956131
10.0, 180.0, 10.0, 0.00933730
10.0, 190.0, 10.0, 0.00984608
10.0, 200.0, 10.0, 0.00983974
10.0, 210.0, 10.0, 0.00953537
10.0, 220.0, 10.0, 0.00792486
10.0, 230.0, 10.0, 0.00566419
10.0, 240.0, 10.0, 0.00698978
10.0, 250.0, 10.0, 0.00758176
10.0, 260.0, 10.0, 0.00784761
20.0, 0.0, 10.0, 0.00039169
20.0, 10.0, 10.0, 0.00113361
20.0, 20.0, 10.0, 0.00221547
20.0, 30.0, 10.0, 0.00282577
20.0, 40.0, 10.0, 0.00905425
20.0, 50.0, 10.0, 0.00598967
20.0, 60.0, 10.0, 0.00586040
20.0, 70.0, 10.0, 0.00779952
20.0, 80.0, 10.0, 0.00847493
20.0, 90.0, 10.0, 0.00819728
20.0, 100.0, 10.0, 0.00827529
20.0, 110.0, 10.0, 0.00824952
20.0, 120.0, 10.0, 0.00799152
20.0, 130.0, 10.0, 0.00802524
20.0, 140.0, 10.0, 0.00791338
20.0, 150.0, 10.0, 0.00754273
20.0, 160.0, 10.0, 0.00707152
20.0, 170.0, 10.0, 0.00779425
20.0, 180.0, 10.0, 0.00611533
20.0, 190.0, 10.0, 0.00462158
20.0, 200.0, 10.0, 0.00429008
20.0, 210.0, 10.0, 0.00388413
20.0, 220.0, 10.0, 0.00258902
20.0, 230.0, 10.0, 0.00422481
20.0, 240.0, 10.0, 0.00695963
20.0, 250.0, 10.0, 0.00774007
20.0, 260.0, 10.0, 0.00816057
30.0, 0.0, 10.0, 0.00075072
30.0, 10.0, 10.0, 0.00236216
30.0, 20.0, 10.0, 0.00243063
30.0, 30.0, 10.0, 0.00246027
30.0, 40.0, 10.0, 0.00659056
30.0, 50.0, 10.0, 0.00718004
30.0, 60.0, 10.0, 0.00717583
30.0, 70.0, 10.0, 0.00841544
30.0, 80.0, 10.0, 0.00812782
30.0, 90.0, 10.0, 0.00817857
30.0, 100.0, 10.0, 0.00804105
30.0, 110.0, 10.0, 0.00726735
30.0, 120.0, 10.0, 0.00670588
30.0, 130.0, 10.0, 0.00644258
30.0, 140.0, 10.0, 0.00666590
30.0, 150.0, 10.0, 0.00651189
30.0, 160.0, 10.0, 0.00687271
30.0, 170.0, 10.0, 0.00592329
30.0, 180.0, 10.0, 0.00363573
30.0, 190.0, 10.0, 0.00319882
30.0, 200.0, 10.0, 0.00268626
30.0, 210.0, 10.0, 0.00301776
30.0, 220.0, 10.0, 0.00353970
30.0, 230.0, 10.0, 0.00420083
30.0, 240.0, 10.0, 0.00587226
30.0, 250.0, 10.0, 0.00785598
30.0, 260.0, 10.0, 0.00827824
40.0, 0.0, 10.0, 0.00203079
40.0, 10.0, 10.0, 0.00295004
40.0, 20.0, 10.0, 0.00268022
40.0, 30.0, 10.0, 0.00346571
40.0, 40.0, 10.0, 0.01108123
40.0, 50.0, 10.0, 0.00659654
40.0, 60.0, 10.0, 0.00812512
40.0, 70.0, 10.0, 0.00768645
40.0, 80.0, 10.0, 0.00794157
40.0, 90.0, 10.0, 0.00867954
40.0, 100.0, 10.0, 0.00778678
40.0, 110.0, 10.0, 0.00700509
40.0, 120.0, 10.0, 0.00662470
40.0, 130.0, 10.0, 0.00619880
40.0, 140.0, 10.0, 0.00654965
40.0, 150.0, 10.0, 0.00668008
40.0, 160.0, 10.0, 0.00536610
40.0, 170.0, 10.0, 0.00400473
40.0, 180.0, 10.0, 0.00225717
40.0, 190.0, 10.0, 0.00608647
40.0, 200.0, 10.0, 0.00577488
40.0, 210.0, 10.0, 0.00245903
40.0, 220.0, 10.0, 0.00293215
40.0, 230.0, 10.0, 0.00190519
40.0, 240.0, 10.0, 0.00418371
40.0, 250.0, 10.0, 0.00718840
40.0, 260.0, 10.0, 0.00789818
50.0, 0.0, 10.0, 0.00258064
50.0, 10.0, 10.0, 0.00266680
50.0, 20.0, 10.0, 0.00314049
50.0, 30.0, 10.0, 0.00765422
50.0, 40.0, 10.0, 0.00973036
50.0, 50.0, 10.0, 0.00597946
50.0, 60.0, 10.0, 0.00751638
50.0, 70.0, 10.0, 0.00874697
50.0, 80.0, 10.0, 0.00821583
50.0, 90.0, 10.0, 0.00625372
50.0, 100.0, 10.0, 0.00639053
50.0, 110.0, 10.0, 0.00546336
50.0, 120.0, 10.0, 0.00518257
50.0, 130.0, 10.0, 0.00528003
50.0, 140.0, 10.0, 0.00571973
50.0, 150.0, 10.0, 0.00502824
50.0, 160.0, 10.0, 0.00446449
50.0, 170.0, 10.0, 0.00322479
50.0, 180.0, 10.0, 0.00180163
50.0, 190.0, 10.0, 0.00359754
50.0, 200.0, 10.0, 0.00485942
50.0, 210.0, 10.0, 0.00167983
50.0, 220.0, 10.0, 0.00189578
50.0, 230.0, 10.0, 0.00236075
50.0, 240.0, 10.0, 0.00252026
50.0, 250.0, 10.0, 0.00563980
50.0, 260.0, 10.0, 0.00715730
60.0, 0.0, 10.0, 0.00235849
60.0, 10.0, 10.0, 0.00248640
60.0, 20.0, 10.0, 0.00382121
60.0, 30.0, 10.0, 0.00898168
60.0, 40.0, 10.0, 0.00927712
60.0, 50.0, 10.0, 0.00762165
60.0, 60.0, 10.0, 0.00913843
60.0, 70.0, 10.0, 0.00844212
60.0, 80.0, 10.0, 0.00783317
60.0, 90.0, 10.0, 0.00631954
60.0, 100.0, 10.0, 0.00443581
60.0, 110.0, 10.0, 0.00328410
60.0, 120.0, 10.0, 0.00367457
60.0, 130.0, 10.0, 0.00351818
60.0, 140.0, 10.0, 0.00347873
60.0, 150.0, 10.0, 0.00373974
60.0, 160.0, 10.0, 0.00403877
60.0, 170.0, 10.0, 0.00373396
60.0, 180.0, 10.0, 0.00242257
60.0, 190.0, 10.0, 0.00510556
60.0, 200.0, 10.0, 0.00607572
60.0, 210.0, 10.0, 0.00292914
60.0, 220.0, 10.0, 0.00165822
60.0, 230.0, 10.0, 0.00392645
60.0, 240.0, 10.0, 0.00441482
60.0, 250.0, 10.0, 0.00393203
60.0, 260.0, 10.0, 0.00470894
70.0, 0.0, 10.0, 0.00220301
70.0, 10.0, 10.0, 0.00287943
70.0, 20.0, 10.0, 0.00238427
70.0, 30.0, 10.0, 0.00843926
70.0, 40.0, 10.0, 0.00830394
70.0, 50.0, 10.0, 0.00828239
70.0, 60.0, 10.0, 0.00838542
70.0, 70.0, 10.0, 0.00789899
70.0, 80.0, 10.0, 0.00714458
70.0, 90.0, 10.0, 0.00537403
70.0, 100.0, 10.0, 0.00502631
70.0, 110.0, 10.0, 0.00510950
70.0, 120.0, 10.0, 0.00569020
70.0, 130.0, 10.0, 0.00481697
70.0, 140.0, 10.0, 0.00605687
70.0, 150.0, 10.0, 0.00618149
70.0, 160.0, 10.0, 0.00617299
70.0, 170.0, 10.0, 0.00537953
70.0, 180.0, 10.0, 0.00418374
70.0, 190.0, 10.0, 0.00617571
70.0, 200.0, 10.0, 0.00602872
70.0, 210.0, 10.0, 0.00362277
70.0, 220.0, 10.0, 0.00356918
70.0, 230.0, 10.0, 0.00318420
70.0, 240.0, 10.0, 0.00529753
70.0, 250.0, 10.0, 0.00648697
70.0, 260.0, 10.0, 0.00680144
80.0, 0.0, 10.0, 0.00235862
80.0, 10.0, 10.0, 0.00248620
80.0, 20.0, 10.0, 0.00705790
80.0, 30.0, 10.0, 0.00498539
80.0, 40.0, 10.0, 0.00422221
80.0, 50.0, 10.0, 0.00704347
80.0, 60.0, 10.0, 0.00798680
80.0, 70.0, 10.0, 0.00811875
80.0, 80.0, 10.0, 0.00763059
80.0, 90.0, 10.0, 0.00678665
80.0, 100.0, 10.0, 0.00647031
80.0, 110.0, 10.0, 0.00622603
80.0, 120.0, 10.0, 0.00603030
80.0, 130.0, 10.0, 0.00597270
80.0, 140.0, 10.0, 0.00591685
80.0, 150.0, 10.0, 0.00569381
80.0, 160.0, 10.0, 0.00592872
80.0, 170.0, 10.0, 0.00607292
80.0, 180.0, 10.0, 0.00512593
80.0, 190.0, 10.0, 0.00399120
80.0, 200.0, 10.0, 0.00340212
80.0, 210.0, 10.0, 0.00330241
80.0, 220.0, 10.0, 0.00402147
80.0, 230.0, 10.0, 0.00449385
80.0, 240.0, 10.0, 0.00456381
80.0, 250.0, 10.0, 0.00526714
80.0, 260.0, 10.0, 0.00650768
90.0, 0.0, 10.0, 0.00250548
90.0, 10.0, 10.0, 0.00308510
90.0, 20.0, 10.0, 0.00441538
90.0, 30.0, 10.0, 0.00470760
90.0, 40.0, 10.0, 0.00507053
90.0, 50.0, 10.0, 0.00570366
90.0, 60.0, 10.0, 0.00644274
90.0, 70.0, 10.0, 0.00727108
90.0, 80.0, 10.0, 0.00736342
90.0, 90.0, 10.0, 0.00686589
90.0, 100.0, 10.0, 0.00642192
90.0, 110.0, 10.0, 0.00576345
90.0, 120.0, 10.0, 0.00593815
90.0, 130.0, 10.0, 0.00508696
90.0, 140.0, 10.0, 0.00383759
90.0, 150.0, 10.0, 0.00331457
90.0, 160.0, 10.0, 0.00301513
90.0, 170.0, 10.0, 0.00334721
90.0, 180.0, 10.0, 0.00226569
90.0, 190.0, 10.0, 0.00266042
90.0, 200.0, 10.0, 0.00329502
90.0, 210.0, 10.0, 0.00327310
90.0, 220.0, 10.0, 0.00351887
90.0, 230.0, 10.0, 0.00348978
90.0, 240.0, 10.0, 0.00382659
90.0, 250.0, 10.0, 0.00433697
90.0, 260.0, 10.0, 0.00498792
100.0, 0.0, 10.0, 0.00278984
100.0, 10.0, 10.0, 0.00406199
100.0, 20.0, 10.0, 0.00441096
100.0, 30.0, 10.0, 0.00480277
100.0, 40.0, 10.0, 0.00499177
100.0, 50.0, 10.0, 0.00486337
100.0, 60.0, 10.0, 0.00478283
100.0, 70.0, 10.0, 0.00464238
100.0, 80.0, 10.0, 0.00486847
100.0, 90.0, 10.0, 0.00475717
100.0, 100.0, 10.0, 0.00463148
100.0, 110.0, 10.0, 0.00462930
100.0, 120.0, 10.0, 0.00117702
100.0, 130.0, 10.0, 0.00113808
100.0, 140.0, 10.0, 0.00107148
100.0, 150.0, 10.0, 0.00118730
100.0, 160.0, 10.0, 0.00094551
100.0, 170.0, 10.0, 0.00058034
100.0, 180.0, 10.0, 0.00088271
100.0, 190.0, 10.0, 0.00150266
100.0, 200.0, 10.0, 0.00164512
100.0, 210.0, 10.0, 0.00186290
100.0, 220.0, 10.0, 0.00221526
100.0, 230.0, 10.0, 0.00278436
100.0, 240.0, 10.0, 0.00259377
100.0, 250.0, 10.0, 0.00221009
100.0, 260.0, 10.0, 0.00327317
110.0, 0.0, 10.0, 0.00259843
110.0, 10.0, 10.0, 0.00369823
110.0, 20.0, 10.0, 0.00381721
110.0, 30.0, 10.0, 0.00392511
110.0, 40.0, 10.0, 0.00428757
110.0, 50.0, 10.0, 0.00391016
110.0, 60.0, 10.0, 0.00392828
110.0, 70.0, 10.0, 0.00345602
110.0, 80.0, 10.0, 0.00286381
110.0, 90.0, 10.0, 0.00198414
110.0, 100.0, 10.0, 0.00041020
110.0, 110.0, 10.0, 0.00075074
110.0, 120.0, 10.0, 0.00103260
110.0, 130.0, 10.0, 0.00098395
110.0, 140.0, 10.0, 0.00090611
110.0, 150.0, 10.0, 0.00062141
110.0, 160.0, 10.0, 0.00038629
110.0, 170.0, 10.0, 0.00001015
110.0, 180.0, 10.0, 0.00106866
110.0, 190.0, 10.0, 0.00157512
110.0, 200.0, 10.0, 0.00176330
110.0, 210.0, 10.0, 0.00204880
110.0, 220.0, 10.0, 0.00251436
110.0, 230.0, 10.0, 0.00252073
110.0, 240.0, 10.0, 0.00192967
110.0, 250.0, 10.0, 0.00224061
110.0, 260.0, 10.0, 0.00362305
120.0, 0.0, 10.0, 0.00271020
120.0, 10.0, 10.0, 0.00360163
120.0, 20.0, 10.0, 0.00368979
120.0, 30.0, 10.0, 0.00360229
120.0, 40.0, 10.0, 0.00304294
120.0, 50.0, 10.0, 0.00295777
120.0, 60.0, 10.0, 0.00272008
120.0, 70.0, 10.0, 0.00227387
120.0, 80.0, 10.0, 0.00087586
120.0, 90.0, 10.0, 0.00201227
120.0, 100.0, 10.0, 0.00148945
120.0, 110.0, 10.0, 0.00179936
120.0, 120.0, 10.0, 0.00130754
120.0, 130.0, 10.0, 0.00078490
120.0, 140.0, 10.0, 0.00059182
120.0, 150.0, 10.0, 0.00052877
120.0, 160.0, 10.0, 0.00023984
120.0, 170.0, 10.0, 0.00029711
120.0, 180.0, 10.0, 0.00148115
120.0, 190.0, 10.0, 0.00205827
120.0, 200.0, 10.0, 0.00179001
120.0, 210.0, 10.0, 0.00146709
120.0, 220.0, 10.0, 0.00147295
120.0, 230.0, 10.0, 0.00232915
120.0, 240.0, 10.0, 0.00330088
120.0, 250.0, 10.0, 0.00251982
120.0, 260.0, 10.0, 0.00214257
130.0, 0.0, 10.0, 0.00243218
130.0, 10.0, 10.0, 0.00371583
130.0, 20.0, 10.0, 0.00323205
130.0, 30.0, 10.0, 0.00316696
130.0, 40.0, 10.0, 0.00279284
130.0, 50.0, 10.0, 0.00293928
130.0, 60.0, 10.0, 0.00256712
130.0, 70.0, 10.0, 0.00258331
130.0, 80.0, 10.0, 0.00269973
130.0, 90.0, 10.0, 0.00251751
130.0, 100.0, 10.0, 0.00197592
130.0, 110.0, 10.0, 0.00095037
130.0, 120.0, 10.0, 0.00069001
130.0, 130.0, 10.0, 0.00056418
130.0, 140.0, 10.0, 0.00041362
130.0, 150.0, 10.0, 0.00034524
130.0, 160.0, 10.0, 0.00033196
130.0, 170.0, 10.0, 0.00058366
130.0, 180.0, 10.0, 0.00027320
130.0, 190.0, 10.0, 0.00193743
130.0, 200.0, 10.0, 0.00208290
130.0, 210.0, 10.0, 0.00170740
130.0, 220.0, 10.0, 0.00222875
130.0, 230.0, 10.0, 0.00220810
130.0, 240.0, 10.0, 0.00254678
130.0, 250.0, 10.0, 0.00251095
130.0, 260.0, 10.0, 0.00186252
140.0, 0.0, 10.0, 0.00201045
140.0, 10.0, 10.0, 0.00280968
140.0, 20.0, 10.0, 0.00263242
140.0, 30.0, 10.0, 0.00265015
140.0, 40.0, 10.0, 0.00250281
140.0, 50.0, 10.0, 0.00245216
140.0, 60.0, 10.0, 0.00236616
140.0, 70.0, 10.0, 0.00222792
140.0, 80.0, 10.0, 0.00190574
140.0, 90.0, 10.0, 0.00141266
140.0, 100.0, 10.0, 0.00099241
140.0, 110.0, 10.0, 0.00056906
140.0, 120.0, 10.0, 0.00045641
140.0, 130.0, 10.0, 0.00047250
140.0, 140.0, 10.0, 0.00056096
140.0, 150.0, 10.0, 0.00068014
140.0, 160.0, 10.0, 0.00077257
140.0, 170.0, 10.0, 0.00090535
140.0, 180.0, 10.0, 0.00060692
140.0, 190.0, 10.0, 0.00083570
140.0, 200.0, 10.0, 0.00126859
140.0, 210.0, 10.0, 0.00192580
140.0, 220.0, 10.0, 0.00190280
140.0, 230.0, 10.0, 0.00156996
140.0, 240.0, 10.0, 0.00149014
140.0, 250.0, 10.0, 0.00148377
140.0, 260.0, 10.0, 0.00157843
150.0, 0.0, 10.0, 0.00068996
150.0, 10.0, 10.0, 0.00142329
150.0, 20.0, 10.0, 0.00204945
150.0, 30.0, 10.0, 0.00206952
150.0, 40.0, 10.0, 0.00215560
150.0, 50.0, 10.0, 0.00208511
150.0, 60.0, 10.0, 0.00174533
150.0, 70.0, 10.0, 0.00131424
150.0, 80.0, 10.0, 0.00060948
150.0, 90.0, 10.0, 0.00028944
150.0, 100.0, 10.0, 0.00018191
150.0, 110.0, 10.0, 0.00014899
150.0, 120.0, 10.0, 0.00019861
150.0, 130.0, 10.0, 0.00035943
150.0, 140.0, 10.0, 0.00064823
150.0, 150.0, 10.0, 0.00102491
150.0, 160.0, 10.0, 0.00122318
150.0, 170.0, 10.0, 0.00139870
150.0, 180.0, 10.0, 0.00148305
150.0, 190.0, 10.0, 0.00080226
150.0, 200.0, 10.0, 0.00095052
150.0, 210.0, 10.0, 0.00114846
150.0, 220.0, 10.0, 0.00097429
150.0, 230.0, 10.0, 0.00082284
150.0, 240.0, 10.0, 0.00079795
150.0, 250.0, 10.0, 0.00089551
150.0, 260.0, 10.0, 0.00137096
160.0, 0.0, 10.0, 0.00092750
160.0, 10.0, 10.0, 0.00192293
160.0, 20.0, 10.0, 0.00173572
160.0, 30.0, 10.0, 0.00151637
160.0, 40.0, 10.0, 0.00191678
160.0, 50.0, 10.0, 0.00179356
160.0, 60.0, 10.0, 0.00165524
160.0, 70.0, 10.0, 0.00100064
160.0, 80.0, 10.0, 0.00036564
160.0, 90.0, 10.0, 0.00012053
160.0, 100.0, 10.0, 0.00004421
160.0, 110.0, 10.0, 0.00002733
160.0, 120.0, 10.0, 0.00005179
160.0, 130.0, 10.0, 0.00026146
160.0, 140.0, 10.0, 0.00076384
160.0, 150.0, 10.0, 0.00105701
160.0, 160.0, 10.0, 0.00138232
160.0, 170.0, 10.0, 0.00142551
160.0, 180.0, 10.0, 0.00147421
160.0, 190.0, 10.0, 0.00119668
160.0, 200.0, 10.0, 0.00093770
160.0, 210.0, 10.0, 0.00114796
160.0, 220.0, 10.0, 0.00092580
160.0, 230.0, 10.0, 0.00074564
160.0, 240.0, 10.0, 0.00064631
160.0, 250.0, 10.0, 0.00068246
160.0, 260.0, 10.0, 0.00118634
170.0, 0.0, 10.0, 0.00073123
170.0, 10.0, 10.0, 0.00100627
170.0, 20.0, 10.0, 0.00119244
170.0, 30.0, 10.0, 0.00134157
170.0, 40.0, 10.0, 0.00153429
170.0, 50.0, 10.0, 0.00119190
170.0, 60.0, 10.0, 0.00127147
170.0, 70.0, 10.0, 0.00094012
170.0, 80.0, 10.0, 0.00036103
170.0, 90.0, 10.0, 0.00014871
170.0, 100.0, 10.0, 0.00006288
170.0, 110.0, 10.0, 0.00000942
170.0, 120.0, 10.0, 0.00021839
170.0, 130.0, 10.0, 0.00068674
170.0, 140.0, 10.0, 0.00129918
170.0, 150.0, 10.0, 0.00154341
170.0, 160.0, 10.0, 0.00128622
170.0, 170.0, 10.0, 0.00159413
170.0, 180.0, 10.0, 0.00124679
170.0, 190.0, 10.0, 0.00126281
170.0, 200.0, 10.0, 0.00102303
170.0, 210.0, 10.0, 0.00111686
170.0, 220.0, 10.0, 0.00093596
170.0, 230.0, 10.0, 0.00078894
170.0, 240.0, 10.0, 0.00065358
170.0, 250.0, 10.0, 0.00075026
170.0, 260.0, 10.0, 0.00098117
180.0, 0.0, 10.0, 0.00087886
180.0, 10.0, 10.0, 0.00065126
180.0, 20.0, 10.0, 0.00094161
180.0, 30.0, 10.0, 0.00076983
180.0, 40.0, 10.0, 0.00096383
180.0, 50.0, 10.0, 0.00078383
180.0, 60.0, 10.0, 0.00126014
180.0, 70.0, 10.0, 0.00104369
180.0, 80.0, 10.0, 0.00047526
180.0, 90.0, 10.0, 0.00016327
180.0, 100.0, 10.0, 0.00000960
180.0, 110.0, 10.0, 0.00016014
180.0, 120.0, 10.0, 0.00061040
180.0, 130.0, 10.0, 0.00115870
180.0, 140.0, 10.0, 0.00141031
180.0, 150.0, 10.0, 0.00144581
180.0, 160.0, 10.0, 0.00150759
180.0, 170.0, 10.0, 0.00150972
180.0, 180.0, 10.0, 0.00128835
180.0, 190.0, 10.0, 0.00126767
180.0, 200.0, 10.0, 0.00116476
180.0, 210.0, 10.0, 0.00110856
180.0, 220.0, 10.0, 0.00099407
180.0, 230.0, 10.0, 0.00082936
180.0, 240.0, 10.0, 0.00060366
180.0, 250.0, 10.0, 0.00080748
180.0, 260.0, 10.0, 0.00119445
190.0, 0.0, 10.0, 0.00067082
190.0, 10.0, 10.0, 0.00068416
190.0, 20.0, 10.0, 0.00046108
190.0, 30.0, 10.0, 0.00063849
190.0, 40.0, 10.0, 0.00085261
190.0, 50.0, 10.0, 0.00093610
190.0, 60.0, 10.0, 0.00100247
190.0, 70.0, 10.0, 0.00096323
190.0, 80.0, 10.0, 0.00065530
190.0, 90.0, 10.0, 0.00029423
190.0, 100.0, 10.0, 0.00001644
190.0, 110.0, 10.0, 0.00022844
190.0, 120.0, 10.0, 0.00060362
190.0, 130.0, 10.0, 0.00087013
190.0, 140.0, 10.0, 0.00098594
190.0, 150.0, 10.0, 0.00099425
190.0, 160.0, 10.0, 0.00114224
190.0, 170.0, 10.0, 0.00118636
190.0, 180.0, 10.0, 0.00121163
190.0, 190.0, 10.0, 0.00133358
190.0, 200.0, 10.0, 0.00109919
190.0, 210.0, 10.0, 0.00122020
190.0, 220.0, 10.0, 0.00097738
190.0, 230.0, 10.0, 0.00072051
190.0, 240.0, 10.0, 0.00054487
190.0, 250.0, 10.0, 0.00077544
190.0, 260.0, 10.0, 0.00125720
200.0, 0.0, 10.0, 0.00057185
200.0, 10.0, 10.0, 0.00055267
200.0, 20.0, 10.0, 0.00055343
200.0, 30.0, 10.0, 0.00080051
200.0, 40.0, 10.0, 0.00077932
200.0, 50.0, 10.0, 0.00097197
200.0, 60.0, 10.0, 0.00114213
200.0, 70.0, 10.0, 0.00124227
200.0, 80.0, 10.0, 0.00079167
200.0, 90.0, 10.0, 0.00064044
200.0, 100.0, 10.0, 0.00006233
200.0, 110.0, 10.0, 0.00020264
200.0, 120.0, 10.0, 0.00032672
200.0, 130.0, 10.0, 0.00055798
200.0, 140.0, 10.0, 0.00051516
200.0, 150.0, 10.0, 0.00053662
200.0, 160.0, 10.0, 0.00068687
200.0, 170.0, 10.0, 0.00085024
200.0, 180.0, 10.0, 0.00075019
200.0, 190.0, 10.0, 0.00069663
200.0, 200.0, 10.0, 0.00067911
200.0, 210.0, 10.0, 0.00068682
200.0, 220.0, 10.0, 0.00068108
200.0, 230.0, 10.0, 0.00064506
200.0, 240.0, 10.0, 0.00041499
200.0, 250.0, 10.0, 0.00068233
200.0, 260.0, 10.0, 0.00132952
210.0, 0.0, 10.0, 0.00067422
210.0, 10.0, 10.0, 0.00057698
210.0, 20.0, 10.0, 0.00064185
210.0, 30.0, 10.0, 0.00058507
210.0, 40.0, 10.0, 0.00087858
210.0, 50.0, 10.0, 0.00092911
210.0, 60.0, 10.0, 0.00114618
210.0, 70.0, 10.0, 0.00127770
210.0, 80.0, 10.0, 0.00127360
210.0, 90.0, 10.0, 0.00112191
210.0, 100.0, 10.0, 0.00010699
210.0, 110.0, 10.0, 0.00019698
210.0, 120.0, 10.0, 0.00028580
210.0, 130.0, 10.0, 0.00038276
210.0, 140.0, 10.0, 0.00040440
210.0, 150.0, 10.0, 0.00045516
210.0, 160.0, 10.0, 0.00048003
210.0, 170.0, 10.0, 0.00048499
210.0, 180.0, 10.0, 0.00041973
210.0, 190.0, 10.0, 0.00035069
210.0, 200.0, 10.0, 0.00032860
210.0, 210.0, 10.0, 0.00034438
210.0, 220.0, 10.0, 0.00036238
210.0, 230.0, 10.0, 0.00029291
210.0, 240.0, 10.0, 0.00033254
210.0, 250.0, 10.0, 0.00066248
210.0, 260.0, 10.0, 0.00124673
220.0, 0.0, 10.0, 0.00082714
220.0, 10.0, 10.0, 0.00087212
220.0, 20.0, 10.0, 0.00068686
220.0, 30.0, 10.0, 0.00073654
220.0, 40.0, 10.0, 0.00079579
220.0, 50.0, 10.0, 0.00088927
220.0, 60.0, 10.0, 0.00110200
220.0, 70.0, 10.0, 0.00115038
220.0, 80.0, 10.0, 0.00141056
220.0, 90.0, 10.0, 0.00134627
220.0, 100.0, 10.0, 0.00045793
220.0, 110.0, 10.0, 0.00013981
220.0, 120.0, 10.0, 0.00024841
220.0, 130.0, 10.0, 0.00032425
220.0, 140.0, 10.0, 0.00038351
220.0, 150.0, 10.0, 0.00041390
220.0, 160.0, 10.0, 0.00041801
220.0, 170.0, 10.0, 0.00038328
220.0, 180.0, 10.0, 0.00034974
220.0, 190.0, 10.0, 0.00034009
220.0, 200.0, 10.0, 0.00032119
220.0, 210.0, 10.0, 0.00029823
220.0, 220.0, 10.0, 0.00030395
220.0, 230.0, 10.0, 0.00031502
220.0, 240.0, 10.0, 0.00031084
220.0, 250.0, 10.0, 0.00048581
220.0, 260.0, 10.0, 0.00145485
230.0, 0.0, 10.0, 0.00078780
230.0, 10.0, 10.0, 0.00080808
230.0, 20.0, 10.0, 0.00077771
230.0, 30.0, 10.0, 0.00077552
230.0, 40.0, 10.0, 0.00073819
230.0, 50.0, 10.0, 0.00084666
230.0, 60.0, 10.0, 0.00091513
230.0, 70.0, 10.0, 0.00099826
230.0, 80.0, 10.0, 0.00116735
230.0, 90.0, 10.0, 0.00109419
230.0, 100.0, 10.0, 0.00087955
230.0, 110.0, 10.0, 0.00022716
230.0, 120.0, 10.0, 0.00018724
230.0, 130.0, 10.0, 0.00030923
230.0, 140.0, 10.0, 0.00034107
230.0, 150.0, 10.0, 0.00034078
230.0, 160.0, 10.0, 0.00033484
230.0, 170.0, 10.0, 0.00033867
230.0, 180.0, 10.0, 0.00032912
230.0, 190.0, 10.0, 0.00034535
230.0, 200.0, 10.0, 0.00035528
230.0, 210.0, 10.0, 0.00032674
230.0, 220.0, 10.0, 0.00029668
230.0, 230.0, 10.0, 0.00029303
230.0, 240.0, 10.0, 0.00034229
230.0, 250.0, 10.0, 0.00059862
230.0, 260.0, 10.0, 0.00108582
0.0, 0.0, 20.0, 0.00011336
0.0, 10.0, 20.0, 0.00009249
0.0, 20.0, 20.0, 0.00008032
0.0, 30.0, 20.0, 0.00008564
0.0, 40.0, 20.0, 0.00012704
0.0, 50.0, 20.0, 0.00024230
0.0, 60.0, 20.0, 0.00048426
0.0, 70.0, 20.0, 0.00079294
0.0, 80.0, 20.0, 0.00111500
0.0, 90.0, 20.0, 0.00130259
0.0, 100.0, 20.0, 0.00126680
0.0, 110.0, 20.0, 0.00114316
0.0, 120.0, 20.0, 0.00124306
0.0, 130.0, 20.0, 0.00128970
0.0, 140.0, 20.0, 0.00111787
0.0, 150.0, 20.0, 0.00091682
0.0, 160.0, 20.0, 0.00072749
0.0, 170.0, 20.0, 0.00061437
0.0, 180.0, 20.0, 0.00053745
0.0, 190.0, 20.0, 0.00048700
0.0, 200.0, 20.0, 0.00046348
0.0, 210.0, 20.0, 0.00042966
0.0, 220.0, 20.0, 0.00036561
0.0, 230.0, 20.0, 0.00029046
0.0, 240.0, 20.0, 0.00019580
0.0, 250.0, 20.0, 0.00011852
0.0, 260.0, 20.0, 0.00009404
10.0, 0.0, 20.0, 0.00013486
10.0, 10.0, 20.0, 0.00011184
10.0, 20.0, 20.0, 0.00011888
10.0, 30.0, 20.0, 0.00013308
10.0, 40.0, 20.0, 0.00009893
10.0, 50.0, 20.0, 0.00005100
10.0, 60.0, 20.0, 0.00047571
10.0, 70.0, 20.0, 0.00025087
10.0, 80.0, 20.0, 0.00031187
10.0, 90.0, 20.0, 0.00062853
10.0, 100.0, 20.0, 0.00092017
10.0, 110.0, 20.0, 0.00098058
10.0, 120.0, 20.0, 0.00103104
10.0, 130.0, 20.0, 0.00114002
10.0, 140.0, 20.0, 0.00140672
10.0, 150.0, 20.0, 0.00110915
10.0, 160.0, 20.0, 0.00087696
10.0, 170.0, 20.0, 0.00070164
10.0, 180.0, 20.0, 0.00057999
10.0, 190.0, 20.0, 0.00065049
10.0, 200.0, 20.0, 0.00066855
10.0, 210.0, 20.0, 0.00082557
10.0, 220.0, 20.0, 0.00065862
10.0, 230.0, 20.0, 0.00030564
10.0, 240.0, 20.0, 0.00019842
10.0, 250.0, 20.0, 0.00010015
10.0, 260.0, 20.0, 0.00000758
20.0, 0.0, 20.0, 0.00010424
20.0, 10.0, 20.0, 0.00010642
20.0, 20.0, 20.0, 0.00013210
20.0, 30.0, 20.0, 0.00012521
20.0, 40.0, 20.0, 0.00013752
20.0, 50.0, 20.0, 0.00014660
20.0, 60.0, 20.0, 0.00010901
20.0, 70.0, 20.0, 0.00015466
20.0, 80.0, 20.0, 0.00012430
20.0, 90.0, 20.0, 0.00012652
20.0, 100.0, 20.0, 0.00031981
20.0, 110.0, 20.0, 0.00057475
20.0, 120.0, 20.0, 0.00061424
20.0, 130.0, 20.0, 0.00086957
20.0, 140.0, 20.0, 0.00148277
20.0, 150.0, 20.0, 0.00136412
20.0, 160.0, 20.0, 0.00093590
20.0, 170.0, 20.0, 0.00070865
20.0, 180.0, 20.0, 0.00062397
20.0, 190.0, 20.0, 0.00056303
20.0, 200.0, 20.0, 0.00058147
20.0, 210.0, 20.0, 0.00057771
20.0, 220.0, 20.0, 0.00051704
20.0, 230.0, 20.0, 0.00034963
20.0, 240.0, 20.0, 0.00020496
20.0, 250.0, 20.0, 0.00009531
20.0, 260.0, 20.0, 0.00000247
30.0, 0.0, 20.0, 0.00008409
30.0, 10.0, 20.0, 0.00011777
30.0, 20.0, 20.0, 0.00012585
30.0, 30.0, 20.0, 0.00009593
30.0, 40.0, 20.0, 0.00023740
30.0, 50.0, 20.0, 0.00028644
30.0, 60.0, 20.0, 0.00021207
30.0, 70.0, 20.0, 0.00024536
30.0, 80.0, 20.0, 0.00013310
30.0, 90.0, 20.0, 0.00006148
30.0, 100.0, 20.0, 0.00027690
30.0, 110.0, 20.0, 0.00066514
30.0, 120.0, 20.0, 0.00086989
30.0, 130.0, 20.0, 0.00104248
30.0, 140.0, 20.0, 0.00139898
30.0, 150.0, 20.0, 0.00141590
30.0, 160.0, 20.0, 0.00137730
30.0, 170.0, 20.0, 0.00131857
30.0, 180.0, 20.0, 0.00099180
30.0, 190.0, 20.0, 0.00074318
30.0, 200.0, 20.0, 0.00072913
30.0, 210.0, 20.0, 0.00075252
30.0, 220.0, 20.0, 0.00069941
30.0, 230.0, 20.0, 0.00048184
30.0, 240.0, 20.0, 0.00022732
30.0, 250.0, 20.0, 0.00010463
30.0, 260.0, 20.0, 0.00001100
40.0, 0.0, 20.0, 0.00005434
40.0, 10.0, 20.0, 0.00014145
40.0, 20.0, 20.0, 0.00017782
40.0, 30.0, 20.0, 0.00028289
40.0, 40.0, 20.0, 0.00024379
40.0, 50.0, 20.0, 0.00027402
40.0, 60.0, 20.0, 0.00022259
40.0, 70.0, 20.0, 0.00079489
40.0, 80.0, 20.0, 0.00076380
40.0, 90.0, 20.0, 0.00095018
40.0, 100.0, 20.0, 0.00125667
40.0, 110.0, 20.0, 0.00122807
40.0, 120.0, 20.0, 0.00110888
40.0, 130.0, 20.0, 0.00117343
40.0, 140.0, 20.0, 0.00139218
40.0, 150.0, 20.0, 0.00137792
40.0, 160.0, 20.0, 0.00135585
40.0, 170.0, 20.0, 0.00134338
40.0, 180.0, 20.0, 0.00126400
40.0, 190.0, 20.0, 0.00124834
40.0, 200.0, 20.0, 0.00093164
40.0, 210.0, 20.0, 0.00081789
40.0, 220.0, 20.0, 0.00080554
40.0, 230.0, 20.0, 0.00064298
40.0, 240.0, 20.0, 0.00034367
40.0, 250.0, 20.0, 0.00017991
40.0, 260.0, 20.0, 0.00009909
50.0, 0.0, 20.0, 0.00002261
50.0, 10.0, 20.0, 0.00015902
50.0, 20.0, 20.0, 0.00023126
50.0, 30.0, 20.0, 0.00040902
50.0, 40.0, 20.0, 0.00026734
50.0, 50.0, 20.0, 0.00053889
50.0, 60.0, 20.0, 0.00060653
50.0, 70.0, 20.0, 0.00062689
50.0, 80.0, 20.0, 0.00080821
50.0, 90.0, 20.0, 0.00109672
50.0, 100.0, 20.0, 0.00117762
50.0, 110.0, 20.0, 0.00113479
50.0, 120.0, 20.0, 0.00105285
50.0, 130.0, 20.0, 0.00105196
50.0, 140.0, 20.0, 0.00123256
50.0, 150.0, 20.0, 0.00124087
50.0, 160.0, 20.0, 0.00124602
50.0, 170.0, 20.0, 0.00128609
50.0, 180.0, 20.0, 0.00124160
50.0, 190.0, 20.0, 0.00123079
50.0, 200.0, 20.0, 0.00117974
50.0, 210.0, 20.0, 0.00089871
50.0, 220.0, 20.0, 0.00085373
50.0, 230.0, 20.0, 0.00081899
50.0, 240.0, 20.0, 0.00051627
50.0, 250.0, 20.0, 0.00024272
50.0, 260.0, 20.0, 0.00014322
60.0, 0.0, 20.0, 0.00003196
60.0, 10.0, 20.0, 0.00022261
60.0, 20.0, 20.0, 0.00031542
60.0, 30.0, 20.0, 0.00031401
60.0, 40.0, 20.0, 0.00029379
60.0, 50.0, 20.0, 0.00042037
60.0, 60.0, 20.0, 0.00085794
60.0, 70.0, 20.0, 0.00097574
60.0, 80.0, 20.0, 0.00066305
60.0, 90.0, 20.0, 0.00057381
60.0, 100.0, 20.0, 0.00101297
60.0, 110.0, 20.0, 0.00104245
60.0, 120.0, 20.0, 0.00094398
60.0, 130.0, 20.0, 0.00099537
60.0, 140.0, 20.0, 0.00114640
60.0, 150.0, 20.0, 0.00111069
60.0, 160.0, 20.0, 0.00109419
60.0, 170.0, 20.0, 0.00106630
60.0, 180.0, 20.0, 0.00103519
60.0, 190.0, 20.0, 0.00106196
60.0, 200.0, 20.0, 0.00111863
60.0, 210.0, 20.0, 0.00110468
60.0, 220.0, 20.0, 0.00087764
60.0, 230.0, 20.0, 0.00084808
60.0, 240.0, 20.0, 0.00063802
60.0, 250.0, 20.0, 0.00033391
60.0, 260.0, 20.0, 0.00015103
70.0, 0.0, 20.0, 0.00006808
70.0, 10.0, 20.0, 0.00039344
70.0, 20.0, 20.0, 0.00024185
70.0, 30.0, 20.0, 0.00044988
70.0, 40.0, 20.0, 0.00036358
70.0, 50.0, 20.0, 0.00036711
70.0, 60.0, 20.0, 0.00049845
70.0, 70.0, 20.0, 0.00051611
70.0, 80.0, 20.0, 0.00030825
70.0, 90.0, 20.0, 0.00045603
70.0, 100.0, 20.0, 0.00070274
70.0, 110.0, 20.0, 0.00092474
70.0, 120.0, 20.0, 0.00093574
70.0, 130.0, 20.0, 0.00099675
70.0, 140.0, 20.0, 0.00093398
70.0, 150.0, 20.0, 0.00091345
70.0, 160.0, 20.0, 0.00087332
70.0, 170.0, 20.0, 0.00086339
70.0, 180.0, 20.0, 0.00085099
70.0, 190.0, 20.0, 0.00078848
70.0, 200.0, 20.0, 0.00081420
70.0, 210.0, 20.0, 0.00093275
70.0, 220.0, 20.0, 0.00095442
70.0, 230.0, 20.0, 0.00084325
70.0, 240.0, 20.0, 0.00074179
70.0, 250.0, 20.0, 0.00043458
70.0, 260.0, 20.0, 0.00032295
80.0, 0.0, 20.0, 0.00017736
80.0, 10.0, 20.0, 0.00023732
80.0, 20.0, 20.0, 0.00028303
80.0, 30.0, 20.0, 0.00034885
80.0, 40.0, 20.0, 0.00038074
80.0, 50.0, 20.0, 0.00042353
80.0, 60.0, 20.0, 0.00041689
80.0, 70.0, 20.0, 0.00036911
80.0, 80.0, 20.0, 0.00034090
80.0, 90.0, 20.0, 0.00038843
80.0, 100.0, 20.0, 0.00056825
80.0, 110.0, 20.0, 0.00071517
80.0, 120.0, 20.0, 0.00072890
80.0, 130.0, 20.0, 0.00065573
80.0, 140.0, 20.0, 0.00084076
80.0, 150.0, 20.0, 0.00083547
80.0, 160.0, 20.0, 0.00064933
80.0, 170.0, 20.0, 0.00054709
80.0, 180.0, 20.0, 0.00061259
80.0, 190.0, 20.0, 0.00066773
80.0, 200.0, 20.0, 0.00067362
80.0, 210.0, 20.0, 0.00071720
80.0, 220.0, 20.0, 0.00075135
80.0, 230.0, 20.0, 0.00074484
80.0, 240.0, 20.0, 0.00074184
80.0, 250.0, 20.0, 0.00055098
80.0, 260.0, 20.0, 0.00028627
90.0, 0.0, 20.0, 0.00025541
90.0, 10.0, 20.0, 0.00031651
90.0, 20.0, 20.0, 0.00035440
90.0, 30.0, 20.0, 0.00036861
90.0, 40.0, 20.0, 0.00030430
90.0, 50.0, 20.0, 0.00050094
90.0, 60.0, 20.0, 0.00051948
90.0, 70.0, 20.0, 0.00044260
90.0, 80.0, 20.0, 0.00044170
90.0, 90.0, 20.0, 0.00018367
90.0, 100.0, 20.0, 0.00070784
90.0, 110.0, 20.0, 0.00084742
90.0, 120.0, 20.0, 0.00083103
90.0, 130.0, 20.0, 0.00082053
90.0, 140.0, 20.0, 0.00081323
90.0, 150.0, 20.0, 0.00075580
90.0, 160.0, 20.0, 0.00047988
90.0, 170.0, 20.0, 0.00038068
90.0, 180.0, 20.0, 0.00052000
90.0, 190.0, 20.0, 0.00065978
90.0, 200.0, 20.0, 0.00067218
90.0, 210.0, 20.0, 0.00073182
90.0, 220.0, 20.0, 0.00073509
90.0, 230.0, 20.0, 0.00077176
90.0, 240.0, 20.0, 0.00079688
90.0, 250.0, 20.0, 0.00069686
90.0, 260.0, 20.0, 0.00041270
100.0, 0.0, 20.0, 0.00029596
100.0, 10.0, 20.0, 0.00037383
100.0, 20.0, 20.0, 0.00037459
100.0, 30.0, 20.0, 0.00026847
100.0, 40.0, 20.0, 0.00024557
100.0, 50.0, 20.0, 0.00044813
100.0, 60.0, 20.0, 0.00050919
100.0, 70.0, 20.0, 0.00049586
100.0, 80.0, 20.0, 0.00056756
100.0, 90.0, 20.0, 0.00022798
100.0, 100.0, 20.0, 0.00076248
100.0, 110.0, 20.0, 0.00087095
100.0, 120.0, 20.0, 0.00078704
100.0, 130.0, 20.0, 0.00075342
100.0, 140.0, 20.0, 0.00059718
100.0, 150.0, 20.0, 0.00058961
100.0, 160.0, 20.0, 0.00040276
100.0, 170.0, 20.0, 0.00041221
100.0, 180.0, 20.0, 0.00055075
100.0, 190.0, 20.0, 0.00073135
100.0, 200.0, 20.0, 0.00074082
100.0, 210.0, 20.0, 0.00073098
100.0, 220.0, 20.0, 0.00072118
100.0, 230.0, 20.0, 0.00072825
100.0, 240.0, 20.0, 0.00077612
100.0, 250.0, 20.0, 0.00084272
100.0, 260.0, 20.0, 0.00078452
110.0, 0.0, 20.0, 0.00013756
110.0, 10.0, 20.0, 0.00032863
110.0, 20.0, 20.0, 0.00034324
110.0, 30.0, 20.0, 0.00041194
110.0, 40.0, 20.0, 0.00038759
110.0, 50.0, 20.0, 0.00034301
110.0, 60.0, 20.0, 0.00053145
110.0, 70.0, 20.0, 0.00063560
110.0, 80.0, 20.0, 0.00034689
110.0, 90.0, 20.0, 0.00030212
110.0, 100.0, 20.0, 0.00072301
110.0, 110.0, 20.0, 0.00071974
110.0, 120.0, 20.0, 0.00067447
110.0, 130.0, 20.0, 0.00049393
110.0, 140.0, 20.0, 0.00047357
110.0, 150.0, 20.0, 0.00042950
110.0, 160.0, 20.0, 0.00035957
110.0, 170.0, 20.0, 0.00035750
110.0, 180.0, 20.0, 0.00044873
110.0, 190.0, 20.0, 0.00062199
110.0, 200.0, 20.0, 0.00068527
110.0, 210.0, 20.0, 0.00070172
110.0, 220.0, 20.0, 0.00070763
110.0, 230.0, 20.0, 0.00073091
110.0, 240.0, 20.0, 0.00076221
110.0, 250.0, 20.0, 0.00077347
110.0, 260.0, 20.0, 0.00071908
120.0, 0.0, 20.0, 0.00008486
120.0, 10.0, 20.0, 0.00023831
120.0, 20.0, 20.0, 0.00032807
120.0, 30.0, 20.0, 0.00036195
120.0, 40.0, 20.0, 0.00045024
120.0, 50.0, 20.0, 0.00047156
120.0, 60.0, 20.0, 0.00047358
120.0, 70.0, 20.0, 0.00025712
120.0, 80.0, 20.0, 0.00051718
120.0, 90.0, 20.0, 0.00022753
120.0, 100.0, 20.0, 0.00054211
120.0, 110.0, 20.0, 0.00030688
120.0, 120.0, 20.0, 0.00039651
120.0, 130.0, 20.0, 0.00051257
120.0, 140.0, 20.0, 0.00048651
120.0, 150.0, 20.0, 0.00039830
120.0, 160.0, 20.0, 0.00034861
120.0, 170.0, 20.0, 0.00028230
120.0, 180.0, 20.0, 0.00039386
120.0, 190.0, 20.0, 0.00042645
120.0, 200.0, 20.0, 0.00051178
120.0, 210.0, 20.0, 0.00060894
120.0, 220.0, 20.0, 0.00062832
120.0, 230.0, 20.0, 0.00060570
120.0, 240.0, 20.0, 0.00064806
120.0, 250.0, 20.0, 0.00065642
120.0, 260.0, 20.0, 0.00065884
130.0, 0.0, 20.0, 0.00007307
130.0, 10.0, 20.0, 0.00020790
130.0, 20.0, 20.0, 0.00023916
130.0, 30.0, 20.0, 0.00033918
130.0, 40.0, 20.0, 0.00036663
130.0, 50.0, 20.0, 0.00042396
130.0, 60.0, 20.0, 0.00047142
130.0, 70.0, 20.0, 0.00049000
130.0, 80.0, 20.0, 0.00048541
130.0, 90.0, 20.0, 0.00035238
130.0, 100.0, 20.0, 0.00039114
130.0, 110.0, 20.0, 0.00044775
130.0, 120.0, 20.0, 0.00058718
130.0, 130.0, 20.0, 0.00053293
130.0, 140.0, 20.0, 0.00051855
130.0, 150.0, 20.0, 0.00050299
130.0, 160.0, 20.0, 0.00038879
130.0, 170.0, 20.0, 0.00039374
130.0, 180.0, 20.0, 0.00030187
130.0, 190.0, 20.0, 0.00031972
130.0, 200.0, 20.0, 0.00032730
130.0, 210.0, 20.0, 0.00037031
130.0, 220.0, 20.0, 0.00035982
130.0, 230.0, 20.0, 0.00033888
130.0, 240.0, 20.0, 0.00029662
130.0, 250.0, 20.0, 0.00027786
130.0, 260.0, 20.0, 0.00034057
140.0, 0.0, 20.0, 0.00006933
140.0, 10.0, 20.0, 0.00007607
140.0, 20.0, 20.0, 0.00010011
140.0, 30.0, 20.0, 0.00030925
140.0, 40.0, 20.0, 0.00033416
140.0, 50.0, 20.0, 0.00040867
140.0, 60.0, 20.0, 0.00043504
140.0, 70.0, 20.0, 0.00044043
140.0, 80.0, 20.0, 0.00047491
140.0, 90.0, 20.0, 0.00046087
140.0, 100.0, 20.0, 0.00045257
140.0, 110.0, 20.0, 0.00049390
140.0, 120.0, 20.0, 0.00052972
140.0, 130.0, 20.0, 0.00053106
140.0, 140.0, 20.0, 0.00051768
140.0, 150.0, 20.0, 0.00048809
140.0, 160.0, 20.0, 0.00045082
140.0, 170.0, 20.0, 0.00041158
140.0, 180.0, 20.0, 0.00028174
140.0, 190.0, 20.0, 0.00029688
140.0, 200.0, 20.0, 0.00031955
140.0, 210.0, 20.0, 0.00028342
140.0, 220.0, 20.0, 0.00029545
140.0, 230.0, 20.0, 0.00026971
140.0, 240.0, 20.0, 0.00023339
140.0, 250.0, 20.0, 0.00019736
140.0, 260.0, 20.0, 0.00017841
150.0, 0.0, 20.0, 0.00009654
150.0, 10.0, 20.0, 0.00005373
150.0, 20.0, 20.0, 0.00005499
150.0, 30.0, 20.0, 0.00009660
150.0, 40.0, 20.0, 0.00020478
150.0, 50.0, 20.0, 0.00029931
150.0, 60.0, 20.0, 0.00033368
150.0, 70.0, 20.0, 0.00035880
150.0, 80.0, 20.0, 0.00038802
150.0, 90.0, 20.0, 0.00041727
150.0, 100.0, 20.0, 0.00042874
150.0, 110.0, 20.0, 0.00043082
150.0, 120.0, 20.0, 0.00045990
150.0, 130.0, 20.0, 0.00046549
150.0, 140.0, 20.0, 0.00045932
150.0, 150.0, 20.0, 0.00045026
150.0, 160.0, 20.0, 0.00041923
150.0, 170.0, 20.0, 0.00037982
150.0, 180.0, 20.0, 0.00031607
150.0, 190.0, 20.0, 0.00018212
150.0, 200.0, 20.0, 0.00021955
150.0, 210.0, 20.0, 0.00024285
150.0, 220.0, 20.0, 0.00024919
150.0, 230.0, 20.0, 0.00025946
150.0, 240.0, 20.0, 0.00024037
150.0, 250.0, 20.0, 0.00020878
150.0, 260.0, 20.0, 0.00016852
160.0, 0.0, 20.0, 0.00007645
160.0, 10.0, 20.0, 0.00004126
160.0, 20.0, 20.0, 0.00006708
160.0, 30.0, 20.0, 0.00008815
160.0, 40.0, 20.0, 0.00011684
160.0, 50.0, 20.0, 0.00013562
160.0, 60.0, 20.0, 0.00016337
160.0, 70.0, 20.0, 0.00014579
160.0, 80.0, 20.0, 0.00016887
160.0, 90.0, 20.0, 0.00031460
160.0, 100.0, 20.0, 0.00033955
160.0, 110.0, 20.0, 0.00035829
160.0, 120.0, 20.0, 0.00037618
160.0, 130.0, 20.0, 0.00038568
160.0, 140.0, 20.0, 0.00034468
160.0, 150.0, 20.0, 0.00029383
160.0, 160.0, 20.0, 0.00025666
160.0, 170.0, 20.0, 0.00023252
160.0, 180.0, 20.0, 0.00021988
160.0, 190.0, 20.0, 0.00019798
160.0, 200.0, 20.0, 0.00019612
160.0, 210.0, 20.0, 0.00019883
160.0, 220.0, 20.0, 0.00018665
160.0, 230.0, 20.0, 0.00018110
160.0, 240.0, 20.0, 0.00017264
160.0, 250.0, 20.0, 0.00016522
160.0, 260.0, 20.0, 0.00015469
170.0, 0.0, 20.0, 0.00003300
170.0, 10.0, 20.0, 0.00002824
170.0, 20.0, 20.0, 0.00007238
170.0, 30.0, 20.0, 0.00012854
170.0, 40.0, 20.0, 0.00014842
170.0, 50.0, 20.0, 0.00013879
170.0, 60.0, 20.0, 0.00011965
170.0, 70.0, 20.0, 0.00009951
170.0, 80.0, 20.0, 0.00009284
170.0, 90.0, 20.0, 0.00010693
170.0, 100.0, 20.0, 0.00010833
170.0, 110.0, 20.0, 0.00012460
170.0, 120.0, 20.0, 0.00013945
170.0, 130.0, 20.0, 0.00015599
170.0, 140.0, 20.0, 0.00015028
170.0, 150.0, 20.0, 0.00014540
170.0, 160.0, 20.0, 0.00014069
170.0, 170.0, 20.0, 0.00012749
170.0, 180.0, 20.0, 0.00012272
170.0, 190.0, 20.0, 0.00012106
170.0, 200.0, 20.0, 0.00011727
170.0, 210.0, 20.0, 0.00011323
170.0, 220.0, 20.0, 0.00009554
170.0, 230.0, 20.0, 0.00008517
170.0, 240.0, 20.0, 0.00007840
170.0, 250.0, 20.0, 0.00007640
170.0, 260.0, 20.0, 0.00008363
180.0, 0.0, 20.0, 0.00002386
180.0, 10.0, 20.0, 0.00002518
180.0, 20.0, 20.0, 0.00008914
180.0, 30.0, 20.0, 0.00009733
180.0, 40.0, 20.0, 0.00010734
180.0, 50.0, 20.0, 0.00010772
180.0, 60.0, 20.0, 0.00008705
180.0, 70.0, 20.0, 0.00006709
180.0, 80.0, 20.0, 0.00006990
180.0, 90.0, 20.0, 0.00008188
180.0, 100.0, 20.0, 0.00010306
180.0, 110.0, 20.0, 0.00010574
180.0, 120.0, 20.0, 0.00009457
180.0, 130.0, 20.0, 0.00009075
180.0, 140.0, 20.0, 0.00007275
180.0, 150.0, 20.0, 0.00005955
180.0, 160.0, 20.0, 0.00005966
180.0, 170.0, 20.0, 0.00006359
180.0, 180.0, 20.0, 0.00006534
180.0, 190.0, 20.0, 0.00006263
180.0, 200.0, 20.0, 0.00005508
180.0, 210.0, 20.0, 0.00004177
180.0, 220.0, 20.0, 0.00003577
180.0, 230.0, 20.0, 0.00004083
180.0, 240.0, 20.0, 0.00005094
180.0, 250.0, 20.0, 0.00005635
180.0, 260.0, 20.0, 0.00005334
190.0, 0.0, 20.0, 0.00002107
190.0, 10.0, 20.0, 0.00002442
190.0, 20.0, 20.0, 0.00005008
190.0, 30.0, 20.0, 0.00006263
190.0, 40.0, 20.0, 0.00005758
190.0, 50.0, 20.0, 0.00004713
190.0, 60.0, 20.0, 0.00004358
190.0, 70.0, 20.0, 0.00004941
190.0, 80.0, 20.0, 0.00005852
190.0, 90.0, 20.0, 0.00006831
190.0, 100.0, 20.0, 0.00005917
190.0, 110.0, 20.0, 0.00004497
190.0, 120.0, 20.0, 0.00003737
190.0, 130.0, 20.0, 0.00004001
190.0, 140.0, 20.0, 0.00004292
190.0, 150.0, 20.0, 0.00004310
190.0, 160.0, 20.0, 0.00004433
190.0, 170.0, 20.0, 0.00004304
190.0, 180.0, 20.0, 0.00003688
190.0, 190.0, 20.0, 0.00003432
190.0, 200.0, 20.0, 0.00003025
190.0, 210.0, 20.0, 0.00003931
190.0, 220.0, 20.0, 0.00004565
190.0, 230.0, 20.0, 0.00009375
190.0, 240.0, 20.0, 0.00010443
190.0, 250.0, 20.0, 0.00011940
190.0, 260.0, 20.0, 0.00012220
200.0, 0.0, 20.0, 0.00002139
200.0, 10.0, 20.0, 0.00001662
200.0, 20.0, 20.0, 0.00002592
200.0, 30.0, 20.0, 0.00003611
200.0, 40.0, 20.0, 0.00003400
200.0, 50.0, 20.0, 0.00003809
200.0, 60.0, 20.0, 0.00004193
200.0, 70.0, 20.0, 0.00003893
200.0, 80.0, 20.0, 0.00003848
200.0, 90.0, 20.0, 0.00003973
200.0, 100.0, 20.0, 0.00004012
200.0, 110.0, 20.0, 0.00004927
200.0, 120.0, 20.0, 0.00005507
200.0, 130.0, 20.0, 0.00005932
200.0, 140.0, 20.0, 0.00006312
200.0, 150.0, 20.0, 0.00005520
200.0, 160.0, 20.0, 0.00005420
200.0, 170.0, 20.0, 0.00004994
200.0, 180.0, 20.0, 0.00004995
200.0, 190.0, 20.0, 0.00006008
200.0, 200.0, 20.0, 0.00006701
200.0, 210.0, 20.0, 0.00006957
200.0, 220.0, 20.0, 0.00007380
200.0, 230.0, 20.0, 0.00009817
200.0, 240.0, 20.0, 0.00011594
200.0, 250.0, 20.0, 0.00013056
200.0, 260.0, 20.0, 0.00012487
210.0, 0.0, 20.0, 0.00002418
210.0, 10.0, 20.0, 0.00002477
210.0, 20.0, 20.0, 0.00002919
210.0, 30.0, 20.0, 0.00002770
210.0, 40.0, 20.0, 0.00004047
210.0, 50.0, 20.0, 0.00005050
210.0, 60.0, 20.0, 0.00005304
210.0, 70.0, 20.0, 0.00005310
210.0, 80.0, 20.0, 0.00005725
210.0, 90.0, 20.0, 0.00005952
210.0, 100.0, 20.0, 0.00006658
210.0, 110.0, 20.0, 0.00007889
210.0, 120.0, 20.0, 0.00007863
210.0, 130.0, 20.0, 0.00008066
210.0, 140.0, 20.0, 0.00007412
210.0, 150.0, 20.0, 0.00006526
210.0, 160.0, 20.0, 0.00005910
210.0, 170.0, 20.0, 0.00005668
210.0, 180.0, 20.0, 0.00005039
210.0, 190.0, 20.0, 0.00004821
210.0, 200.0, 20.0, 0.00005258
210.0, 210.0, 20.0, 0.00006720
210.0, 220.0, 20.0, 0.00006626
210.0, 230.0, 20.0, 0.00007785
210.0, 240.0, 20.0, 0.00008785
210.0, 250.0, 20.0, 0.00011876
210.0, 260.0, 20.0, 0.00011112
220.0, 0.0, 20.0, 0.00002857
220.0, 10.0, 20.0, 0.00002704
220.0, 20.0, 20.0, 0.00003187
220.0, 30.0, 20.0, 0.00003786
220.0, 40.0, 20.0, 0.00004383
220.0, 50.0, 20.0, 0.00005195
220.0, 60.0, 20.0, 0.00005777
220.0, 70.0, 20.0, 0.00006067
220.0, 80.0, 20.0, 0.00006448
220.0, 90.0, 20.0, 0.00006427
220.0, 100.0, 20.0, 0.00007070
220.0, 110.0, 20.0, 0.00007195
220.0, 120.0, 20.0, 0.00007164
220.0, 130.0, 20.0, 0.00007557
220.0, 140.0, 20.0, 0.00008104
220.0, 150.0, 20.0, 0.00007458
220.0, 160.0, 20.0, 0.00006595
220.0, 170.0, 20.0, 0.00005859
220.0, 180.0, 20.0, 0.00005683
220.0, 190.0, 20.0, 0.00005435
220.0, 200.0, 20.0, 0.00005060
220.0, 210.0, 20.0, 0.00005467
220.0, 220.0, 20.0, 0.00005810
220.0, 230.0, 20.0, 0.00007038
220.0, 240.0, 20.0, 0.00007492
220.0, 250.0, 20.0, 0.00008985
220.0, 260.0, 20.0, 0.00009106
230.0, 0.0, 20.0, 0.00003062
230.0, 10.0, 20.0, 0.00003582
230.0, 20.0, 20.0, 0.00004156
230.0, 30.0, 20.0, 0.00004069
230.0, 40.0, 20.0, 0.00004358
230.0, 50.0, 20.0, 0.00005137
230.0, 60.0, 20.0, 0.00005421
230.0, 70.0, 20.0, 0.00006076
230.0, 80.0, 20.0, 0.00006388
230.0, 90.0, 20.0, 0.00006313
230.0, 100.0, 20.0, 0.00006611
230.0, 110.0, 20.0, 0.00007625
230.0, 120.0, 20.0, 0.00007954
230.0, 130.0, 20.0, 0.00007914
230.0, 140.0, 20.0, 0.00008031
230.0, 150.0, 20.0, 0.00007439
230.0, 160.0, 20.0, 0.00006115
230.0, 170.0, 20.0, 0.00005430
230.0, 180.0, 20.0, 0.00005530
230.0, 190.0, 20.0, 0.00005657
230.0, 200.0, 20.0, 0.00005982
230.0, 210.0, 20.0, 0.00006182
230.0, 220.0, 20.0, 0.00005612
230.0, 230.0, 20.0, 0.00005058
230.0, 240.0, 20.0, 0.00005575
230.0, 250.0, 20.0, 0.00006869
230.0, 260.0, 20.0, 0.00007781
