S3D
I=24,J=27,K=3
0.0, 0.0, 0.0, 0.00474374
0.0, 10.0, 0.0, 0.00435648
0.0, 20.0, 0.0, 0.00428378
0.0, 30.0, 0.0, 0.01212665
0.0, 40.0, 0.0, 0.01528828
0.0, 50.0, 0.0, 0.01533114
0.0, 60.0, 0.0, 0.01571931
0.0, 70.0, 0.0, 0.01584035
0.0, 80.0, 0.0, 0.01586829
0.0, 90.0, 0.0, 0.01538015
0.0, 100.0, 0.0, 0.01536779
0.0, 110.0, 0.0, 0.01563765
0.0, 120.0, 0.0, 0.01571238
0.0, 130.0, 0.0, 0.01571465
0.0, 140.0, 0.0, 0.01617341
0.0, 150.0, 0.0, 0.01597160
0.0, 160.0, 0.0, 0.01568722
0.0, 170.0, 0.0, 0.01490551
0.0, 180.0, 0.0, 0.01559628
0.0, 190.0, 0.0, 0.01509192
0.0, 200.0, 0.0, 0.01497793
0.0, 210.0, 0.0, 0.01398411
0.0, 220.0, 0.0, 0.01511590
0.0, 230.0, 0.0, 0.01558066
0.0, 240.0, 0.0, 0.01560289
0.0, 250.0, 0.0, 0.01534512
0.0, 260.0, 0.0, 0.01582356
10.0, 0.0, 0.0, 0.00486494
10.0, 10.0, 0.0, 0.00439297
10.0, 20.0, 0.0, 0.00378077
10.0, 30.0, 0.0, 0.01289312
10.0, 40.0, 0.0, 0.01540724
10.0, 50.0, 0.0, 0.01602767
10.0, 60.0, 0.0, 0.01565026
10.0, 70.0, 0.0, 0.01545791
10.0, 80.0, 0.0, 0.01546732
10.0, 90.0, 0.0, 0.01481837
10.0, 100.0, 0.0, 0.01514354
10.0, 110.0, 0.0, 0.01521215
10.0, 120.0, 0.0, 0.01537963
10.0, 130.0, 0.0, 0.01571655
10.0, 140.0, 0.0, 0.01474779
10.0, 150.0, 0.0, 0.01438025
10.0, 160.0, 0.0, 0.01473324
10.0, 170.0, 0.0, 0.01543342
10.0, 180.0, 0.0, 0.01568849
10.0, 190.0, 0.0, 0.01507570
10.0, 200.0, 0.0, 0.01501807
10.0, 210.0, 0.0, 0.01471476
10.0, 220.0, 0.0, 0.01539881
10.0, 230.0, 0.0, 0.01447769
10.0, 240.0, 0.0, 0.01381225
10.0, 250.0, 0.0, 0.01390654
10.0, 260.0, 0.0, 0.01410835
20.0, 0.0, 0.0, 0.00368727
20.0, 10.0, 0.0, 0.00400437
20.0, 20.0, 0.0, 0.00416776
20.0, 30.0, 0.0, 0.01064483
20.0, 40.0, 0.0, 0.01398591
20.0, 50.0, 0.0, 0.01567676
20.0, 60.0, 0.0, 0.01537280
20.0, 70.0, 0.0, 0.01538465
20.0, 80.0, 0.0, 0.01492678
20.0, 90.0, 0.0, 0.01433756
20.0, 100.0, 0.0, 0.01466776
20.0, 110.0, 0.0, 0.01458826
20.0, 120.0, 0.0, 0.01457434
20.0, 130.0, 0.0, 0.01482670
20.0, 140.0, 0.0, 0.01373508
20.0, 150.0, 0.0, 0.01200855
20.0, 160.0, 0.0, 0.01316719
20.0, 170.0, 0.0, 0.01369928
20.0, 180.0, 0.0, 0.01475281
20.0, 190.0, 0.0, 0.01505635
20.0, 200.0, 0.0, 0.01541968
20.0, 210.0, 0.0, 0.01397032
20.0, 220.0, 0.0, 0.01426349
20.0, 230.0, 0.0, 0.01438286
20.0, 240.0, 0.0, 0.01382984
20.0, 250.0, 0.0, 0.01296474
20.0, 260.0, 0.0, 0.01282909
30.0, 0.0, 0.0, 0.00340168
30.0, 10.0, 0.0, 0.00341217
30.0, 20.0, 0.0, 0.00337115
30.0, 30.0, 0.0, 0.00856143
30.0, 40.0, 0.0, 0.01296949
30.0, 50.0, 0.0, 0.01542012
30.0, 60.0, 0.0, 0.01531470
30.0, 70.0, 0.0, 0.01523677
30.0, 80.0, 0.0, 0.01457762
30.0, 90.0, 0.0, 0.01425336
30.0, 100.0, 0.0, 0.01416996
30.0, 110.0, 0.0, 0.01428579
30.0, 120.0, 0.0, 0.01336080
30.0, 130.0, 0.0, 0.01344428
30.0, 140.0, 0.0, 0.01304822
30.0, 150.0, 0.0, 0.01197845
30.0, 160.0, 0.0, 0.01151878
30.0, 170.0, 0.0, 0.01301571
30.0, 180.0, 0.0, 0.01280945
30.0, 190.0, 0.0, 0.01393163
30.0, 200.0, 0.0, 0.01352428
30.0, 210.0, 0.0, 0.01414179
30.0, 220.0, 0.0, 0.01422800
30.0, 230.0, 0.0, 0.01343248
30.0, 240.0, 0.0, 0.01351213
30.0, 250.0, 0.0, 0.01283126
30.0, 260.0, 0.0, 0.01243992
40.0, 0.0, 0.0, 0.00309707
40.0, 10.0, 0.0, 0.00339720
40.0, 20.0, 0.0, 0.00919372
40.0, 30.0, 0.0, 0.01186709
40.0, 40.0, 0.0, 0.01337751
40.0, 50.0, 0.0, 0.01463997
40.0, 60.0, 0.0, 0.01438811
40.0, 70.0, 0.0, 0.01381313
40.0, 80.0, 0.0, 0.01373862
40.0, 90.0, 0.0, 0.01346463
40.0, 100.0, 0.0, 0.01326168
40.0, 110.0, 0.0, 0.01335441
40.0, 120.0, 0.0, 0.01329458
40.0, 130.0, 0.0, 0.01321903
40.0, 140.0, 0.0, 0.01297474
40.0, 150.0, 0.0, 0.01149944
40.0, 160.0, 0.0, 0.01093270
40.0, 170.0, 0.0, 0.01148983
40.0, 180.0, 0.0, 0.01115356
40.0, 190.0, 0.0, 0.00927857
40.0, 200.0, 0.0, 0.01293674
40.0, 210.0, 0.0, 0.01220063
40.0, 220.0, 0.0, 0.01288533
40.0, 230.0, 0.0, 0.01427617
40.0, 240.0, 0.0, 0.01433193
40.0, 250.0, 0.0, 0.01279470
40.0, 260.0, 0.0, 0.01232563
50.0, 0.0, 0.0, 0.00286329
50.0, 10.0, 0.0, 0.00864255
50.0, 20.0, 0.0, 0.00999252
50.0, 30.0, 0.0, 0.01180429
50.0, 40.0, 0.0, 0.01296706
50.0, 50.0, 0.0, 0.01344061
50.0, 60.0, 0.0, 0.01355726
50.0, 70.0, 0.0, 0.01313134
50.0, 80.0, 0.0, 0.01244441
50.0, 90.0, 0.0, 0.01187858
50.0, 100.0, 0.0, 0.01206529
50.0, 110.0, 0.0, 0.01216287
50.0, 120.0, 0.0, 0.01218276
50.0, 130.0, 0.0, 0.01238574
50.0, 140.0, 0.0, 0.01160113
50.0, 150.0, 0.0, 0.01126038
50.0, 160.0, 0.0, 0.01167630
50.0, 170.0, 0.0, 0.01071235
50.0, 180.0, 0.0, 0.00961912
50.0, 190.0, 0.0, 0.00901256
50.0, 200.0, 0.0, 0.01263375
50.0, 210.0, 0.0, 0.01148324
50.0, 220.0, 0.0, 0.01165456
50.0, 230.0, 0.0, 0.01230448
50.0, 240.0, 0.0, 0.01440699
50.0, 250.0, 0.0, 0.01335563
50.0, 260.0, 0.0, 0.01193939
60.0, 0.0, 0.0, 0.00281140
60.0, 10.0, 0.0, 0.00790240
60.0, 20.0, 0.0, 0.01002996
60.0, 30.0, 0.0, 0.01172143
60.0, 40.0, 0.0, 0.01250721
60.0, 50.0, 0.0, 0.01254673
60.0, 60.0, 0.0, 0.01246050
60.0, 70.0, 0.0, 0.01100007
60.0, 80.0, 0.0, 0.01123377
60.0, 90.0, 0.0, 0.01024562
60.0, 100.0, 0.0, 0.00984811
60.0, 110.0, 0.0, 0.00981022
60.0, 120.0, 0.0, 0.00940433
60.0, 130.0, 0.0, 0.00894558
60.0, 140.0, 0.0, 0.00847414
60.0, 150.0, 0.0, 0.00877231
60.0, 160.0, 0.0, 0.00849668
60.0, 170.0, 0.0, 0.00881025
60.0, 180.0, 0.0, 0.00886114
60.0, 190.0, 0.0, 0.01181672
60.0, 200.0, 0.0, 0.01211030
60.0, 210.0, 0.0, 0.01334004
60.0, 220.0, 0.0, 0.01265130
60.0, 230.0, 0.0, 0.01274361
60.0, 240.0, 0.0, 0.01242029
60.0, 250.0, 0.0, 0.01282102
60.0, 260.0, 0.0, 0.01297623
70.0, 0.0, 0.0, 0.00259248
70.0, 10.0, 0.0, 0.00477723
70.0, 20.0, 0.0, 0.00939258
70.0, 30.0, 0.0, 0.00916452
70.0, 40.0, 0.0, 0.00822335
70.0, 50.0, 0.0, 0.00787370
70.0, 60.0, 0.0, 0.00762102
70.0, 70.0, 0.0, 0.00622817
70.0, 80.0, 0.0, 0.00547936
70.0, 90.0, 0.0, 0.00679532
70.0, 100.0, 0.0, 0.00635565
70.0, 110.0, 0.0, 0.00535282
70.0, 120.0, 0.0, 0.00659912
70.0, 130.0, 0.0, 0.00640339
70.0, 140.0, 0.0, 0.00602626
70.0, 150.0, 0.0, 0.00506951
70.0, 160.0, 0.0, 0.00546723
70.0, 170.0, 0.0, 0.00571708
70.0, 180.0, 0.0, 0.00530386
70.0, 190.0, 0.0, 0.00785155
70.0, 200.0, 0.0, 0.00879132
70.0, 210.0, 0.0, 0.00980318
70.0, 220.0, 0.0, 0.01063298
70.0, 230.0, 0.0, 0.01111601
70.0, 240.0, 0.0, 0.01141679
70.0, 250.0, 0.0, 0.01221122
70.0, 260.0, 0.0, 0.01263228
80.0, 0.0, 0.0, 0.00293558
80.0, 10.0, 0.0, 0.00738171
80.0, 20.0, 0.0, 0.00806208
80.0, 30.0, 0.0, 0.00766949
80.0, 40.0, 0.0, 0.00625543
80.0, 50.0, 0.0, 0.00535811
80.0, 60.0, 0.0, 0.00580344
80.0, 70.0, 0.0, 0.00560973
80.0, 80.0, 0.0, 0.00468711
80.0, 90.0, 0.0, 0.00435258
80.0, 100.0, 0.0, 0.00458956
80.0, 110.0, 0.0, 0.00430092
80.0, 120.0, 0.0, 0.00414533
80.0, 130.0, 0.0, 0.00377185
80.0, 140.0, 0.0, 0.00426866
80.0, 150.0, 0.0, 0.00372813
80.0, 160.0, 0.0, 0.00467808
80.0, 170.0, 0.0, 0.00444594
80.0, 180.0, 0.0, 0.00388810
80.0, 190.0, 0.0, 0.00590385
80.0, 200.0, 0.0, 0.00602285
80.0, 210.0, 0.0, 0.00685952
80.0, 220.0, 0.0, 0.00840656
80.0, 230.0, 0.0, 0.00920989
80.0, 240.0, 0.0, 0.00987989
80.0, 250.0, 0.0, 0.01069877
80.0, 260.0, 0.0, 0.01185172
90.0, 0.0, 0.0, 0.00299779
90.0, 10.0, 0.0, 0.00521946
90.0, 20.0, 0.0, 0.00533316
90.0, 30.0, 0.0, 0.00537546
90.0, 40.0, 0.0, 0.00525548
90.0, 50.0, 0.0, 0.00495761
90.0, 60.0, 0.0, 0.00536331
90.0, 70.0, 0.0, 0.00528512
90.0, 80.0, 0.0, 0.00486711
90.0, 90.0, 0.0, 0.00480906
90.0, 100.0, 0.0, 0.00386746
90.0, 110.0, 0.0, 0.00368852
90.0, 120.0, 0.0, 0.00342957
90.0, 130.0, 0.0, 0.00351346
90.0, 140.0, 0.0, 0.00371087
90.0, 150.0, 0.0, 0.00366215
90.0, 160.0, 0.0, 0.00317685
90.0, 170.0, 0.0, 0.00390391
90.0, 180.0, 0.0, 0.00405016
90.0, 190.0, 0.0, 0.00524446
90.0, 200.0, 0.0, 0.00565050
90.0, 210.0, 0.0, 0.00636942
90.0, 220.0, 0.0, 0.00705837
90.0, 230.0, 0.0, 0.00772131
90.0, 240.0, 0.0, 0.00869072
90.0, 250.0, 0.0, 0.00950136
90.0, 260.0, 0.0, 0.01035980
100.0, 0.0, 0.0, 0.00403829
100.0, 10.0, 0.0, 0.00406416
100.0, 20.0, 0.0, 0.00400636
100.0, 30.0, 0.0, 0.00445890
100.0, 40.0, 0.0, 0.00489896
100.0, 50.0, 0.0, 0.00505348
100.0, 60.0, 0.0, 0.00524350
100.0, 70.0, 0.0, 0.00517501
100.0, 80.0, 0.0, 0.00472558
100.0, 90.0, 0.0, 0.00411004
100.0, 100.0, 0.0, 0.00369815
100.0, 110.0, 0.0, 0.00322266
100.0, 120.0, 0.0, 0.00303772
100.0, 130.0, 0.0, 0.00335453
100.0, 140.0, 0.0, 0.00327042
100.0, 150.0, 0.0, 0.00314448
100.0, 160.0, 0.0, 0.00309839
100.0, 170.0, 0.0, 0.00334909
100.0, 180.0, 0.0, 0.00428143
100.0, 190.0, 0.0, 0.00431226
100.0, 200.0, 0.0, 0.00564204
100.0, 210.0, 0.0, 0.00589217
100.0, 220.0, 0.0, 0.00602450
100.0, 230.0, 0.0, 0.00716716
100.0, 240.0, 0.0, 0.00839162
100.0, 250.0, 0.0, 0.00888256
100.0, 260.0, 0.0, 0.00931011
110.0, 0.0, 0.0, 0.00403138
110.0, 10.0, 0.0, 0.00354595
110.0, 20.0, 0.0, 0.00352684
110.0, 30.0, 0.0, 0.00373066
110.0, 40.0, 0.0, 0.00422235
110.0, 50.0, 0.0, 0.00417784
110.0, 60.0, 0.0, 0.00403165
110.0, 70.0, 0.0, 0.00402547
110.0, 80.0, 0.0, 0.00293292
110.0, 90.0, 0.0, 0.00251785
110.0, 100.0, 0.0, 0.00243695
110.0, 110.0, 0.0, 0.00272193
110.0, 120.0, 0.0, 0.00273133
110.0, 130.0, 0.0, 0.00282177
110.0, 140.0, 0.0, 0.00259847
110.0, 150.0, 0.0, 0.00280745
110.0, 160.0, 0.0, 0.00314965
110.0, 170.0, 0.0, 0.00319994
110.0, 180.0, 0.0, 0.00326260
110.0, 190.0, 0.0, 0.00362785
110.0, 200.0, 0.0, 0.00365329
110.0, 210.0, 0.0, 0.00403713
110.0, 220.0, 0.0, 0.00444504
110.0, 230.0, 0.0, 0.00482230
110.0, 240.0, 0.0, 0.00579882
110.0, 250.0, 0.0, 0.00702062
110.0, 260.0, 0.0, 0.00832094
120.0, 0.0, 0.0, 0.00376458
120.0, 10.0, 0.0, 0.00350190
120.0, 20.0, 0.0, 0.00295769
120.0, 30.0, 0.0, 0.00255218
120.0, 40.0, 0.0, 0.00257235
120.0, 50.0, 0.0, 0.00256765
120.0, 60.0, 0.0, 0.00280560
120.0, 70.0, 0.0, 0.00293417
120.0, 80.0, 0.0, 0.00273745
120.0, 90.0, 0.0, 0.00244601
120.0, 100.0, 0.0, 0.00260448
120.0, 110.0, 0.0, 0.00273269
120.0, 120.0, 0.0, 0.00258008
120.0, 130.0, 0.0, 0.00242160
120.0, 140.0, 0.0, 0.00226404
120.0, 150.0, 0.0, 0.00252769
120.0, 160.0, 0.0, 0.00278730
120.0, 170.0, 0.0, 0.00280440
120.0, 180.0, 0.0, 0.00321686
120.0, 190.0, 0.0, 0.00302142
120.0, 200.0, 0.0, 0.00338029
120.0, 210.0, 0.0, 0.00320970
120.0, 220.0, 0.0, 0.00375426
120.0, 230.0, 0.0, 0.00500702
120.0, 240.0, 0.0, 0.00520137
120.0, 250.0, 0.0, 0.00546630
120.0, 260.0, 0.0, 0.00598908
130.0, 0.0, 0.0, 0.00372117
130.0, 10.0, 0.0, 0.00422482
130.0, 20.0, 0.0, 0.00391853
130.0, 30.0, 0.0, 0.00332224
130.0, 40.0, 0.0, 0.00325090
130.0, 50.0, 0.0, 0.00311169
130.0, 60.0, 0.0, 0.00311577
130.0, 70.0, 0.0, 0.00314333
130.0, 80.0, 0.0, 0.00282739
130.0, 90.0, 0.0, 0.00205797
130.0, 100.0, 0.0, 0.00215666
130.0, 110.0, 0.0, 0.00240343
130.0, 120.0, 0.0, 0.00266829
130.0, 130.0, 0.0, 0.00243407
130.0, 140.0, 0.0, 0.00243598
130.0, 150.0, 0.0, 0.00271719
130.0, 160.0, 0.0, 0.00292446
130.0, 170.0, 0.0, 0.00303440
130.0, 180.0, 0.0, 0.00271844
130.0, 190.0, 0.0, 0.00327593
130.0, 200.0, 0.0, 0.00254886
130.0, 210.0, 0.0, 0.00326940
130.0, 220.0, 0.0, 0.00298178
130.0, 230.0, 0.0, 0.00349979
130.0, 240.0, 0.0, 0.00379498
130.0, 250.0, 0.0, 0.00421531
130.0, 260.0, 0.0, 0.00459296
140.0, 0.0, 0.0, 0.00344806
140.0, 10.0, 0.0, 0.00470182
140.0, 20.0, 0.0, 0.00365279
140.0, 30.0, 0.0, 0.00295124
140.0, 40.0, 0.0, 0.00299312
140.0, 50.0, 0.0, 0.00317189
140.0, 60.0, 0.0, 0.00313089
140.0, 70.0, 0.0, 0.00256016
140.0, 80.0, 0.0, 0.00246840
140.0, 90.0, 0.0, 0.00220323
140.0, 100.0, 0.0, 0.00200103
140.0, 110.0, 0.0, 0.00216848
140.0, 120.0, 0.0, 0.00239636
140.0, 130.0, 0.0, 0.00248960
140.0, 140.0, 0.0, 0.00272786
140.0, 150.0, 0.0, 0.00285261
140.0, 160.0, 0.0, 0.00298840
140.0, 170.0, 0.0, 0.00297692
140.0, 180.0, 0.0, 0.00260441
140.0, 190.0, 0.0, 0.00245151
140.0, 200.0, 0.0, 0.00267067
140.0, 210.0, 0.0, 0.00245390
140.0, 220.0, 0.0, 0.00248213
140.0, 230.0, 0.0, 0.00269324
140.0, 240.0, 0.0, 0.00319230
140.0, 250.0, 0.0, 0.00374741
140.0, 260.0, 0.0, 0.00397643
150.0, 0.0, 0.0, 0.00238914
150.0, 10.0, 0.0, 0.00307878
150.0, 20.0, 0.0, 0.00399397
150.0, 30.0, 0.0, 0.00346882
150.0, 40.0, 0.0, 0.00331007
150.0, 50.0, 0.0, 0.00314534
150.0, 60.0, 0.0, 0.00288324
150.0, 70.0, 0.0, 0.00222189
150.0, 80.0, 0.0, 0.00199076
150.0, 90.0, 0.0, 0.00194331
150.0, 100.0, 0.0, 0.00194644
150.0, 110.0, 0.0, 0.00212500
150.0, 120.0, 0.0, 0.00230606
150.0, 130.0, 0.0, 0.00248074
150.0, 140.0, 0.0, 0.00271525
150.0, 150.0, 0.0, 0.00273548
150.0, 160.0, 0.0, 0.00277737
150.0, 170.0, 0.0, 0.00287993
150.0, 180.0, 0.0, 0.00280944
150.0, 190.0, 0.0, 0.00218847
150.0, 200.0, 0.0, 0.00217818
150.0, 210.0, 0.0, 0.00235878
150.0, 220.0, 0.0, 0.00264073
150.0, 230.0, 0.0, 0.00223116
150.0, 240.0, 0.0, 0.00252033
150.0, 250.0, 0.0, 0.00303238
150.0, 260.0, 0.0, 0.00356686
160.0, 0.0, 0.0, 0.00210751
160.0, 10.0, 0.0, 0.00360831
160.0, 20.0, 0.0, 0.00360267
160.0, 30.0, 0.0, 0.00295298
160.0, 40.0, 0.0, 0.00332666
160.0, 50.0, 0.0, 0.00358610
160.0, 60.0, 0.0, 0.00265865
160.0, 70.0, 0.0, 0.00198426
160.0, 80.0, 0.0, 0.00154914
160.0, 90.0, 0.0, 0.00147886
160.0, 100.0, 0.0, 0.00159741
160.0, 110.0, 0.0, 0.00181806
160.0, 120.0, 0.0, 0.00208203
160.0, 130.0, 0.0, 0.00231989
160.0, 140.0, 0.0, 0.00266504
160.0, 150.0, 0.0, 0.00289228
160.0, 160.0, 0.0, 0.00280807
160.0, 170.0, 0.0, 0.00276739
160.0, 180.0, 0.0, 0.00264134
160.0, 190.0, 0.0, 0.00236538
160.0, 200.0, 0.0, 0.00220439
160.0, 210.0, 0.0, 0.00225791
160.0, 220.0, 0.0, 0.00219346
160.0, 230.0, 0.0, 0.00204823
160.0, 240.0, 0.0, 0.00212345
160.0, 250.0, 0.0, 0.00257346
160.0, 260.0, 0.0, 0.00305685
170.0, 0.0, 0.0, 0.00165618
170.0, 10.0, 0.0, 0.00193213
170.0, 20.0, 0.0, 0.00266561
170.0, 30.0, 0.0, 0.00303912
170.0, 40.0, 0.0, 0.00293731
170.0, 50.0, 0.0, 0.00286672
170.0, 60.0, 0.0, 0.00237632
170.0, 70.0, 0.0, 0.00207376
170.0, 80.0, 0.0, 0.00150459
170.0, 90.0, 0.0, 0.00139700
170.0, 100.0, 0.0, 0.00156760
170.0, 110.0, 0.0, 0.00168686
170.0, 120.0, 0.0, 0.00193118
170.0, 130.0, 0.0, 0.00243596
170.0, 140.0, 0.0, 0.00286035
170.0, 150.0, 0.0, 0.00311821
170.0, 160.0, 0.0, 0.00303126
170.0, 170.0, 0.0, 0.00286856
170.0, 180.0, 0.0, 0.00280230
170.0, 190.0, 0.0, 0.00275750
170.0, 200.0, 0.0, 0.00247252
170.0, 210.0, 0.0, 0.00210994
170.0, 220.0, 0.0, 0.00203599
170.0, 230.0, 0.0, 0.00181590
170.0, 240.0, 0.0, 0.00190216
170.0, 250.0, 0.0, 0.00219660
170.0, 260.0, 0.0, 0.00260313
180.0, 0.0, 0.0, 0.00186375
180.0, 10.0, 0.0, 0.00118757
180.0, 20.0, 0.0, 0.00228108
180.0, 30.0, 0.0, 0.00241062
180.0, 40.0, 0.0, 0.00259379
180.0, 50.0, 0.0, 0.00269921
180.0, 60.0, 0.0, 0.00229994
180.0, 70.0, 0.0, 0.00212453
180.0, 80.0, 0.0, 0.00185496
180.0, 90.0, 0.0, 0.00167443
180.0, 100.0, 0.0, 0.00151613
180.0, 110.0, 0.0, 0.00160282
180.0, 120.0, 0.0, 0.00186324
180.0, 130.0, 0.0, 0.00240257
180.0, 140.0, 0.0, 0.00225893
180.0, 150.0, 0.0, 0.00231341
180.0, 160.0, 0.0, 0.00268749
180.0, 170.0, 0.0, 0.00222803
180.0, 180.0, 0.0, 0.00270534
180.0, 190.0, 0.0, 0.00278096
180.0, 200.0, 0.0, 0.00250062
180.0, 210.0, 0.0, 0.00223451
180.0, 220.0, 0.0, 0.00192191
180.0, 230.0, 0.0, 0.00170743
180.0, 240.0, 0.0, 0.00152093
180.0, 250.0, 0.0, 0.00190622
180.0, 260.0, 0.0, 0.00229104
190.0, 0.0, 0.0, 0.00139294
190.0, 10.0, 0.0, 0.00151745
190.0, 20.0, 0.0, 0.00157466
190.0, 30.0, 0.0, 0.00168872
190.0, 40.0, 0.0, 0.00191847
190.0, 50.0, 0.0, 0.00212219
190.0, 60.0, 0.0, 0.00236641
190.0, 70.0, 0.0, 0.00235123
190.0, 80.0, 0.0, 0.00164095
190.0, 90.0, 0.0, 0.00177501
190.0, 100.0, 0.0, 0.00153888
190.0, 110.0, 0.0, 0.00168720
190.0, 120.0, 0.0, 0.00180306
190.0, 130.0, 0.0, 0.00185731
190.0, 140.0, 0.0, 0.00168168
190.0, 150.0, 0.0, 0.00192573
190.0, 160.0, 0.0, 0.00207537
190.0, 170.0, 0.0, 0.00239347
190.0, 180.0, 0.0, 0.00192821
190.0, 190.0, 0.0, 0.00192615
190.0, 200.0, 0.0, 0.00191705
190.0, 210.0, 0.0, 0.00190841
190.0, 220.0, 0.0, 0.00174056
190.0, 230.0, 0.0, 0.00156018
190.0, 240.0, 0.0, 0.00139797
190.0, 250.0, 0.0, 0.00146198
190.0, 260.0, 0.0, 0.00207789
200.0, 0.0, 0.0, 0.00129299
200.0, 10.0, 0.0, 0.00128782
200.0, 20.0, 0.0, 0.00166140
200.0, 30.0, 0.0, 0.00179654
200.0, 40.0, 0.0, 0.00194872
200.0, 50.0, 0.0, 0.00226192
200.0, 60.0, 0.0, 0.00246669
200.0, 70.0, 0.0, 0.00223084
200.0, 80.0, 0.0, 0.00213415
200.0, 90.0, 0.0, 0.00159788
200.0, 100.0, 0.0, 0.00157511
200.0, 110.0, 0.0, 0.00152052
200.0, 120.0, 0.0, 0.00167537
200.0, 130.0, 0.0, 0.00177924
200.0, 140.0, 0.0, 0.00142012
200.0, 150.0, 0.0, 0.00144070
200.0, 160.0, 0.0, 0.00155498
200.0, 170.0, 0.0, 0.00162257
200.0, 180.0, 0.0, 0.00104546
200.0, 190.0, 0.0, 0.00156343
200.0, 200.0, 0.0, 0.00129608
200.0, 210.0, 0.0, 0.00136490
200.0, 220.0, 0.0, 0.00135863
200.0, 230.0, 0.0, 0.00138871
200.0, 240.0, 0.0, 0.00125833
200.0, 250.0, 0.0, 0.00136592
200.0, 260.0, 0.0, 0.00201711
210.0, 0.0, 0.0, 0.00122065
210.0, 10.0, 0.0, 0.00146117
210.0, 20.0, 0.0, 0.00192758
210.0, 30.0, 0.0, 0.00146820
210.0, 40.0, 0.0, 0.00218837
210.0, 50.0, 0.0, 0.00243962
210.0, 60.0, 0.0, 0.00253857
210.0, 70.0, 0.0, 0.00247839
210.0, 80.0, 0.0, 0.00199316
210.0, 90.0, 0.0, 0.00187574
210.0, 100.0, 0.0, 0.00124206
210.0, 110.0, 0.0, 0.00153586
210.0, 120.0, 0.0, 0.00158228
210.0, 130.0, 0.0, 0.00167191
210.0, 140.0, 0.0, 0.00083283
210.0, 150.0, 0.0, 0.00125483
210.0, 160.0, 0.0, 0.00114263
210.0, 170.0, 0.0, 0.00178765
210.0, 180.0, 0.0, 0.00108216
210.0, 190.0, 0.0, 0.00119399
210.0, 200.0, 0.0, 0.00103874
210.0, 210.0, 0.0, 0.00095693
210.0, 220.0, 0.0, 0.00093427
210.0, 230.0, 0.0, 0.00086782
210.0, 240.0, 0.0, 0.00106163
210.0, 250.0, 0.0, 0.00129762
210.0, 260.0, 0.0, 0.00188257
220.0, 0.0, 0.0, 0.00120756
220.0, 10.0, 0.0, 0.00181691
220.0, 20.0, 0.0, 0.00192327
220.0, 30.0, 0.0, 0.00166797
220.0, 40.0, 0.0, 0.00187273
220.0, 50.0, 0.0, 0.00188968
220.0, 60.0, 0.0, 0.00235582
220.0, 70.0, 0.0, 0.00257027
220.0, 80.0, 0.0, 0.00201683
220.0, 90.0, 0.0, 0.00142655
220.0, 100.0, 0.0, 0.00141098
220.0, 110.0, 0.0, 0.00151018
220.0, 120.0, 0.0, 0.00131030
220.0, 130.0, 0.0, 0.00115038
220.0, 140.0, 0.0, 0.00113012
220.0, 150.0, 0.0, 0.00078632
220.0, 160.0, 0.0, 0.00091445
220.0, 170.0, 0.0, 0.00110428
220.0, 180.0, 0.0, 0.00087698
220.0, 190.0, 0.0, 0.00084595
220.0, 200.0, 0.0, 0.00074423
220.0, 210.0, 0.0, 0.00081030
220.0, 220.0, 0.0, 0.00070241
220.0, 230.0, 0.0, 0.00110694
220.0, 240.0, 0.0, 0.00117261
220.0, 250.0, 0.0, 0.00112244
220.0, 260.0, 0.0, 0.00174108
230.0, 0.0, 0.0, 0.00159182
230.0, 10.0, 0.0, 0.00189547
230.0, 20.0, 0.0, 0.00169654
230.0, 30.0, 0.0, 0.00150746
230.0, 40.0, 0.0, 0.00160739
230.0, 50.0, 0.0, 0.00176817
230.0, 60.0, 0.0, 0.00211985
230.0, 70.0, 0.0, 0.00221354
230.0, 80.0, 0.0, 0.00199768
230.0, 90.0, 0.0, 0.00137145
230.0, 100.0, 0.0, 0.00135574
230.0, 110.0, 0.0, 0.00099269
230.0, 120.0, 0.0, 0.00067275
230.0, 130.0, 0.0, 0.00062198
230.0, 140.0, 0.0, 0.00064992
230.0, 150.0, 0.0, 0.00054986
230.0, 160.0, 0.0, 0.00094367
230.0, 170.0, 0.0, 0.00085562
230.0, 180.0, 0.0, 0.00079657
230.0, 190.0, 0.0, 0.00066112
230.0, 200.0, 0.0, 0.00058960
230.0, 210.0, 0.0, 0.00057915
230.0, 220.0, 0.0, 0.00061025
230.0, 230.0, 0.0, 0.00068794
230.0, 240.0, 0.0, 0.00093639
230.0, 250.0, 0.0, 0.00113880
230.0, 260.0, 0.0, 0.00181950
0.0, 0.0, 10.0, 0.00188148
0.0, 10.0, 10.0, 0.00245797
0.0, 20.0, 10.0, 0.00299241
0.0, 30.0, 10.0, 0.00459036
0.0, 40.0, 10.0, 0.00887255
0.0, 50.0, 10.0, 0.00645334
0.0, 60.0, 10.0, 0.00606898
0.0, 70.0, 10.0, 0.00626812
0.0, 80.0, 10.0, 0.00752062
0.0, 90.0, 10.0, 0.00819593
0.0, 100.0, 10.0, 0.00968245
0.0, 110.0, 10.0, 0.00959072
0.0, 120.0, 10.0, 0.00856330
0.0, 130.0, 10.0, 0.00778603
0.0, 140.0, 10.0, 0.00745184
0.0, 150.0, 10.0, 0.00695264
0.0, 160.0, 10.0, 0.00755735
0.0, 170.0, 10.0, 0.00769386
0.0, 180.0, 10.0, 0.00811575
0.0, 190.0, 10.0, 0.00915208
0.0, 200.0, 10.0, 0.00951783
0.0, 210.0, 10.0, 0.00928788
0.0, 220.0, 10.0, 0.00916868
0.0, 230.0, 10.0, 0.00937842
0.0, 240.0, 10.0, 0.00867077
0.0, 250.0, 10.0, 0.00817815
0.0, 260.0, 10.0, 0.00833752
10.0, 0.0, 10.0, 0.00109354
10.0, 10.0, 10.0, 0.00109428
10.0, 20.0, 10.0, 0.00181845
10.0, 30.0, 10.0, 0.00422931
10.0, 40.0, 10.0, 0.00944127
10.0, 50.0, 10.0, 0.00545585
10.0, 60.0, 10.0, 0.00607539
10.0, 70.0, 10.0, 0.00638447
10.0, 80.0, 10.0, 0.00802245
10.0, 90.0, 10.0, 0.00829427
10.0, 100.0, 10.0, 0.00893572
10.0, 110.0, 10.0, 0.00949887
10.0, 120.0, 10.0, 0.00947824
10.0, 130.0, 10.0, 0.00911395
10.0, 140.0, 10.0, 0.00877987
10.0, 150.0, 10.0, 0.00777365
10.0, 160.0, 10.0, 0.00812783
10.0, 170.0, 10.0, 0.00961599
10.0, 180.0, 10.0, 0.00944522
10.0, 190.0, 10.0, 0.00994445
10.0, 200.0, 10.0, 0.00984538
10.0, 210.0, 10.0, 0.00952011
10.0, 220.0, 10.0, 0.00792515
10.0, 230.0, 10.0, 0.00567298
10.0, 240.0, 10.0, 0.00698928
10.0, 250.0, 10.0, 0.00761414
10.0, 260.0, 10.0, 0.00784687
20.0, 0.0, 10.0, 0.00039169
20.0, 10.0, 10.0, 0.00113505
20.0, 20.0, 10.0, 0.00221463
20.0, 30.0, 10.0, 0.00283267
20.0, 40.0, 10.0, 0.00919115
20.0, 50.0, 10.0, 0.00594781
20.0, 60.0, 10.0, 0.00584809
20.0, 70.0, 10.0, 0.00777679
20.0, 80.0, 10.0, 0.00845749
20.0, 90.0, 10.0, 0.00821987
20.0, 100.0, 10.0, 0.00828425
20.0, 110.0, 10.0, 0.00825971
20.0, 120.0, 10.0, 0.00800009
20.0, 130.0, 10.0, 0.00806700
20.0, 140.0, 10.0, 0.00790719
20.0, 150.0, 10.0, 0.00749460
20.0, 160.0, 10.0, 0.00707562
20.0, 170.0, 10.0, 0.00777204
20.0, 180.0, 10.0, 0.00612230
20.0, 190.0, 10.0, 0.00462228
20.0, 200.0, 10.0, 0.00428696
20.0, 210.0, 10.0, 0.00388904
20.0, 220.0, 10.0, 0.00255591
20.0, 230.0, 10.0, 0.00419894
20.0, 240.0, 10.0, 0.00695034
20.0, 250.0, 10.0, 0.00773557
20.0, 260.0, 10.0, 0.00815901
30.0, 0.0, 10.0, 0.00075072
30.0, 10.0, 10.0, 0.00236240
30.0, 20.0, 10.0, 0.00243092
30.0, 30.0, 10.0, 0.00246193
30.0, 40.0, 10.0, 0.00666966
30.0, 50.0, 10.0, 0.00695807
30.0, 60.0, 10.0, 0.00712914
30.0, 70.0, 10.0, 0.00835252
30.0, 80.0, 10.0, 0.00814407
30.0, 90.0, 10.0, 0.00814557
30.0, 100.0, 10.0, 0.00799426
30.0, 110.0, 10.0, 0.00723427
30.0, 120.0, 10.0, 0.00663809
30.0, 130.0, 10.0, 0.00645260
30.0, 140.0, 10.0, 0.00670638
30.0, 150.0, 10.0, 0.00647853
30.0, 160.0, 10.0, 0.00687085
30.0, 170.0, 10.0, 0.00589928
30.0, 180.0, 10.0, 0.00362668
30.0, 190.0, 10.0, 0.00294216
30.0, 200.0, 10.0, 0.00271212
30.0, 210.0, 10.0, 0.00275854
30.0, 220.0, 10.0, 0.00299886
30.0, 230.0, 10.0, 0.00416959
30.0, 240.0, 10.0, 0.00581500
30.0, 250.0, 10.0, 0.00785146
30.0, 260.0, 10.0, 0.00827498
40.0, 0.0, 10.0, 0.00203079
40.0, 10.0, 10.0, 0.00294527
40.0, 20.0, 10.0, 0.00267952
40.0, 30.0, 10.0, 0.00351413
40.0, 40.0, 10.0, 0.01073967
40.0, 50.0, 10.0, 0.00630741
40.0, 60.0, 10.0, 0.00795325
40.0, 70.0, 10.0, 0.00786059
40.0, 80.0, 10.0, 0.00770883
40.0, 90.0, 10.0, 0.00842300
40.0, 100.0, 10.0, 0.00763955
40.0, 110.0, 10.0, 0.00694831
40.0, 120.0, 10.0, 0.00665033
40.0, 130.0, 10.0, 0.00627095
40.0, 140.0, 10.0, 0.00655363
40.0, 150.0, 10.0, 0.00671491
40.0, 160.0, 10.0, 0.00535113
40.0, 170.0, 10.0, 0.00401116
40.0, 180.0, 10.0, 0.00225261
40.0, 190.0, 10.0, 0.00562925
40.0, 200.0, 10.0, 0.00620213
40.0, 210.0, 10.0, 0.00246153
40.0, 220.0, 10.0, 0.00279008
40.0, 230.0, 10.0, 0.00184193
40.0, 240.0, 10.0, 0.00416914
40.0, 250.0, 10.0, 0.00719210
40.0, 260.0, 10.0, 0.00790911
50.0, 0.0, 10.0, 0.00258064
50.0, 10.0, 10.0, 0.00263529
50.0, 20.0, 10.0, 0.00320854
50.0, 30.0, 10.0, 0.00809853
50.0, 40.0, 10.0, 0.00906385
50.0, 50.0, 10.0, 0.00609639
50.0, 60.0, 10.0, 0.00799629
50.0, 70.0, 10.0, 0.00855832
50.0, 80.0, 10.0, 0.00831779
50.0, 90.0, 10.0, 0.00671303
50.0, 100.0, 10.0, 0.00646838
50.0, 110.0, 10.0, 0.00545650
50.0, 120.0, 10.0, 0.00523951
50.0, 130.0, 10.0, 0.00529740
50.0, 140.0, 10.0, 0.00563979
50.0, 150.0, 10.0, 0.00488109
50.0, 160.0, 10.0, 0.00443704
50.0, 170.0, 10.0, 0.00321769
50.0, 180.0, 10.0, 0.00179718
50.0, 190.0, 10.0, 0.00386605
50.0, 200.0, 10.0, 0.00537276
50.0, 210.0, 10.0, 0.00168185
50.0, 220.0, 10.0, 0.00190248
50.0, 230.0, 10.0, 0.00234899
50.0, 240.0, 10.0, 0.00251835
50.0, 250.0, 10.0, 0.00563346
50.0, 260.0, 10.0, 0.00716687
60.0, 0.0, 10.0, 0.00235849
60.0, 10.0, 10.0, 0.00253097
60.0, 20.0, 10.0, 0.00367149
60.0, 30.0, 10.0, 0.00854001
60.0, 40.0, 10.0, 0.00939730
60.0, 50.0, 10.0, 0.00764620
60.0, 60.0, 10.0, 0.00918546
60.0, 70.0, 10.0, 0.00850264
60.0, 80.0, 10.0, 0.00789573
60.0, 90.0, 10.0, 0.00637929
60.0, 100.0, 10.0, 0.00443190
60.0, 110.0, 10.0, 0.00334659
60.0, 120.0, 10.0, 0.00370095
60.0, 130.0, 10.0, 0.00354073
60.0, 140.0, 10.0, 0.00347295
60.0, 150.0, 10.0, 0.00369243
60.0, 160.0, 10.0, 0.00401346
60.0, 170.0, 10.0, 0.00372749
60.0, 180.0, 10.0, 0.00239792
60.0, 190.0, 10.0, 0.00452473
60.0, 200.0, 10.0, 0.00598120
60.0, 210.0, 10.0, 0.00292478
60.0, 220.0, 10.0, 0.00171946
60.0, 230.0, 10.0, 0.00395505
60.0, 240.0, 10.0, 0.00441695
60.0, 250.0, 10.0, 0.00397178
60.0, 260.0, 10.0, 0.00459128
70.0, 0.0, 10.0, 0.00220301
70.0, 10.0, 10.0, 0.00281524
70.0, 20.0, 10.0, 0.00245726
70.0, 30.0, 10.0, 0.00783753
70.0, 40.0, 10.0, 0.00895304
70.0, 50.0, 10.0, 0.00833987
70.0, 60.0, 10.0, 0.00831478
70.0, 70.0, 10.0, 0.00791253
70.0, 80.0, 10.0, 0.00715357
70.0, 90.0, 10.0, 0.00539202
70.0, 100.0, 10.0, 0.00504444
70.0, 110.0, 10.0, 0.00510932
70.0, 120.0, 10.0, 0.00578218
70.0, 130.0, 10.0, 0.00499510
70.0, 140.0, 10.0, 0.00600674
70.0, 150.0, 10.0, 0.00618569
70.0, 160.0, 10.0, 0.00616767
70.0, 170.0, 10.0, 0.00537525
70.0, 180.0, 10.0, 0.00418287
70.0, 190.0, 10.0, 0.00620596
70.0, 200.0, 10.0, 0.00596686
70.0, 210.0, 10.0, 0.00361941
70.0, 220.0, 10.0, 0.00356627
70.0, 230.0, 10.0, 0.00317296
70.0, 240.0, 10.0, 0.00532165
70.0, 250.0, 10.0, 0.00649219
70.0, 260.0, 10.0, 0.00676071
80.0, 0.0, 10.0, 0.00235862
80.0, 10.0, 10.0, 0.00255760
80.0, 20.0, 10.0, 0.00695365
80.0, 30.0, 10.0, 0.00487862
80.0, 40.0, 10.0, 0.00445183
80.0, 50.0, 10.0, 0.00716859
80.0, 60.0, 10.0, 0.00804907
80.0, 70.0, 10.0, 0.00814022
80.0, 80.0, 10.0, 0.00765435
80.0, 90.0, 10.0, 0.00675682
80.0, 100.0, 10.0, 0.00634579
80.0, 110.0, 10.0, 0.00623423
80.0, 120.0, 10.0, 0.00598535
80.0, 130.0, 10.0, 0.00589474
80.0, 140.0, 10.0, 0.00591864
80.0, 150.0, 10.0, 0.00569427
80.0, 160.0, 10.0, 0.00592778
80.0, 170.0, 10.0, 0.00607187
80.0, 180.0, 10.0, 0.00512687
80.0, 190.0, 10.0, 0.00398101
80.0, 200.0, 10.0, 0.00340089
80.0, 210.0, 10.0, 0.00330298
80.0, 220.0, 10.0, 0.00402400
80.0, 230.0, 10.0, 0.00449338
80.0, 240.0, 10.0, 0.00457354
80.0, 250.0, 10.0, 0.00525509
80.0, 260.0, 10.0, 0.00645707
90.0, 0.0, 10.0, 0.00250548
90.0, 10.0, 10.0, 0.00308224
90.0, 20.0, 10.0, 0.00434856
90.0, 30.0, 10.0, 0.00455968
90.0, 40.0, 10.0, 0.00494976
90.0, 50.0, 10.0, 0.00581072
90.0, 60.0, 10.0, 0.00655463
90.0, 70.0, 10.0, 0.00718049
90.0, 80.0, 10.0, 0.00733092
90.0, 90.0, 10.0, 0.00688335
90.0, 100.0, 10.0, 0.00624610
90.0, 110.0, 10.0, 0.00578097
90.0, 120.0, 10.0, 0.00603127
90.0, 130.0, 10.0, 0.00460777
90.0, 140.0, 10.0, 0.00376129
90.0, 150.0, 10.0, 0.00336273
90.0, 160.0, 10.0, 0.00301342
90.0, 170.0, 10.0, 0.00334262
90.0, 180.0, 10.0, 0.00223689
90.0, 190.0, 10.0, 0.00271528
90.0, 200.0, 10.0, 0.00329965
90.0, 210.0, 10.0, 0.00327526
90.0, 220.0, 10.0, 0.00351731
90.0, 230.0, 10.0, 0.00348910
90.0, 240.0, 10.0, 0.00399890
90.0, 250.0, 10.0, 0.00433561
90.0, 260.0, 10.0, 0.00499975
100.0, 0.0, 10.0, 0.00278984
100.0, 10.0, 10.0, 0.00404742
100.0, 20.0, 10.0, 0.00439055
100.0, 30.0, 10.0, 0.00475453
100.0, 40.0, 10.0, 0.00485685
100.0, 50.0, 10.0, 0.00479826
100.0, 60.0, 10.0, 0.00471558
100.0, 70.0, 10.0, 0.00453471
100.0, 80.0, 10.0, 0.00499268
100.0, 90.0, 10.0, 0.00496593
100.0, 100.0, 10.0, 0.00473251
100.0, 110.0, 10.0, 0.00469532
100.0, 120.0, 10.0, 0.00126861
100.0, 130.0, 10.0, 0.00119019
100.0, 140.0, 10.0, 0.00110953
100.0, 150.0, 10.0, 0.00118234
100.0, 160.0, 10.0, 0.00095016
100.0, 170.0, 10.0, 0.00058156
100.0, 180.0, 10.0, 0.00088583
100.0, 190.0, 10.0, 0.00150160
100.0, 200.0, 10.0, 0.00165514
100.0, 210.0, 10.0, 0.00186221
100.0, 220.0, 10.0, 0.00219945
100.0, 230.0, 10.0, 0.00232790
100.0, 240.0, 10.0, 0.00225944
100.0, 250.0, 10.0, 0.00221251
100.0, 260.0, 10.0, 0.00324650
110.0, 0.0, 10.0, 0.00259843
110.0, 10.0, 10.0, 0.00370385
110.0, 20.0, 10.0, 0.00386653
110.0, 30.0, 10.0, 0.00391530
110.0, 40.0, 10.0, 0.00410953
110.0, 50.0, 10.0, 0.00365676
110.0, 60.0, 10.0, 0.00375015
110.0, 70.0, 10.0, 0.00347661
110.0, 80.0, 10.0, 0.00273873
110.0, 90.0, 10.0, 0.00200543
110.0, 100.0, 10.0, 0.00064692
110.0, 110.0, 10.0, 0.00073298
110.0, 120.0, 10.0, 0.00099070
110.0, 130.0, 10.0, 0.00093580
110.0, 140.0, 10.0, 0.00087664
110.0, 150.0, 10.0, 0.00062406
110.0, 160.0, 10.0, 0.00038531
110.0, 170.0, 10.0, 0.00000946
110.0, 180.0, 10.0, 0.00105768
110.0, 190.0, 10.0, 0.00156995
110.0, 200.0, 10.0, 0.00176307
110.0, 210.0, 10.0, 0.00204962
110.0, 220.0, 10.0, 0.00251302
110.0, 230.0, 10.0, 0.00252675
110.0, 240.0, 10.0, 0.00193871
110.0, 250.0, 10.0, 0.00187036
110.0, 260.0, 10.0, 0.00389808
120.0, 0.0, 10.0, 0.00271020
120.0, 10.0, 10.0, 0.00361441
120.0, 20.0, 10.0, 0.00375243
120.0, 30.0, 10.0, 0.00361302
120.0, 40.0, 10.0, 0.00314164
120.0, 50.0, 10.0, 0.00316719
120.0, 60.0, 10.0, 0.00278909
120.0, 70.0, 10.0, 0.00206633
120.0, 80.0, 10.0, 0.00117719
120.0, 90.0, 10.0, 0.00219707
120.0, 100.0, 10.0, 0.00249096
120.0, 110.0, 10.0, 0.00232311
120.0, 120.0, 10.0, 0.00146633
120.0, 130.0, 10.0, 0.00082149
120.0, 140.0, 10.0, 0.00060865
120.0, 150.0, 10.0, 0.00049857
120.0, 160.0, 10.0, 0.00024064
120.0, 170.0, 10.0, 0.00029805
120.0, 180.0, 10.0, 0.00147910
120.0, 190.0, 10.0, 0.00206512
120.0, 200.0, 10.0, 0.00178108
120.0, 210.0, 10.0, 0.00146653
120.0, 220.0, 10.0, 0.00147447
120.0, 230.0, 10.0, 0.00233077
120.0, 240.0, 10.0, 0.00318629
120.0, 250.0, 10.0, 0.00243938
120.0, 260.0, 10.0, 0.00197167
130.0, 0.0, 10.0, 0.00243218
130.0, 10.0, 10.0, 0.00355251
130.0, 20.0, 10.0, 0.00319969
130.0, 30.0, 10.0, 0.00312358
130.0, 40.0, 10.0, 0.00272833
130.0, 50.0, 10.0, 0.00290708
130.0, 60.0, 10.0, 0.00253177
130.0, 70.0, 10.0, 0.00258497
130.0, 80.0, 10.0, 0.00266667
130.0, 90.0, 10.0, 0.00249390
130.0, 100.0, 10.0, 0.00166198
130.0, 110.0, 10.0, 0.00086391
130.0, 120.0, 10.0, 0.00069701
130.0, 130.0, 10.0, 0.00056966
130.0, 140.0, 10.0, 0.00041062
130.0, 150.0, 10.0, 0.00034459
130.0, 160.0, 10.0, 0.00032918
130.0, 170.0, 10.0, 0.00057927
130.0, 180.0, 10.0, 0.00027056
130.0, 190.0, 10.0, 0.00193928
130.0, 200.0, 10.0, 0.00208976
130.0, 210.0, 10.0, 0.00170787
130.0, 220.0, 10.0, 0.00223072
130.0, 230.0, 10.0, 0.00221725
130.0, 240.0, 10.0, 0.00256284
130.0, 250.0, 10.0, 0.00251313
130.0, 260.0, 10.0, 0.00185779
140.0, 0.0, 10.0, 0.00201045
140.0, 10.0, 10.0, 0.00263076
140.0, 20.0, 10.0, 0.00260296
140.0, 30.0, 10.0, 0.00256889
140.0, 40.0, 10.0, 0.00247253
140.0, 50.0, 10.0, 0.00248008
140.0, 60.0, 10.0, 0.00228273
140.0, 70.0, 10.0, 0.00222897
140.0, 80.0, 10.0, 0.00191056
140.0, 90.0, 10.0, 0.00128917
140.0, 100.0, 10.0, 0.00096018
140.0, 110.0, 10.0, 0.00057228
140.0, 120.0, 10.0, 0.00045938
140.0, 130.0, 10.0, 0.00048045
140.0, 140.0, 10.0, 0.00057046
140.0, 150.0, 10.0, 0.00068732
140.0, 160.0, 10.0, 0.00077694
140.0, 170.0, 10.0, 0.00094001
140.0, 180.0, 10.0, 0.00059012
140.0, 190.0, 10.0, 0.00081581
140.0, 200.0, 10.0, 0.00126641
140.0, 210.0, 10.0, 0.00192684
140.0, 220.0, 10.0, 0.00189476
140.0, 230.0, 10.0, 0.00156837
140.0, 240.0, 10.0, 0.00149003
140.0, 250.0, 10.0, 0.00148555
140.0, 260.0, 10.0, 0.00158180
150.0, 0.0, 10.0, 0.00068996
150.0, 10.0, 10.0, 0.00146816
150.0, 20.0, 10.0, 0.00208332
150.0, 30.0, 10.0, 0.00203829
150.0, 40.0, 10.0, 0.00207429
150.0, 50.0, 10.0, 0.00202068
150.0, 60.0, 10.0, 0.00186149
150.0, 70.0, 10.0, 0.00157448
150.0, 80.0, 10.0, 0.00056667
150.0, 90.0, 10.0, 0.00029939
150.0, 100.0, 10.0, 0.00017787
150.0, 110.0, 10.0, 0.00015394
150.0, 120.0, 10.0, 0.00020393
150.0, 130.0, 10.0, 0.00036185
150.0, 140.0, 10.0, 0.00064760
150.0, 150.0, 10.0, 0.00102427
150.0, 160.0, 10.0, 0.00123922
150.0, 170.0, 10.0, 0.00140568
150.0, 180.0, 10.0, 0.00146646
150.0, 190.0, 10.0, 0.00080186
150.0, 200.0, 10.0, 0.00094713
150.0, 210.0, 10.0, 0.00114665
150.0, 220.0, 10.0, 0.00097480
150.0, 230.0, 10.0, 0.00082307
150.0, 240.0, 10.0, 0.00079834
150.0, 250.0, 10.0, 0.00089838
150.0, 260.0, 10.0, 0.00130797
160.0, 0.0, 10.0, 0.00092750
160.0, 10.0, 10.0, 0.00187255
160.0, 20.0, 10.0, 0.00175176
160.0, 30.0, 10.0, 0.00155523
160.0, 40.0, 10.0, 0.00184203
160.0, 50.0, 10.0, 0.00169907
160.0, 60.0, 10.0, 0.00164699
160.0, 70.0, 10.0, 0.00094041
160.0, 80.0, 10.0, 0.00036613
160.0, 90.0, 10.0, 0.00011717
160.0, 100.0, 10.0, 0.00004230
160.0, 110.0, 10.0, 0.00002591
160.0, 120.0, 10.0, 0.00005500
160.0, 130.0, 10.0, 0.00026422
160.0, 140.0, 10.0, 0.00077182
160.0, 150.0, 10.0, 0.00105832
160.0, 160.0, 10.0, 0.00138933
160.0, 170.0, 10.0, 0.00141500
160.0, 180.0, 10.0, 0.00147855
160.0, 190.0, 10.0, 0.00119946
160.0, 200.0, 10.0, 0.00093840
160.0, 210.0, 10.0, 0.00114962
160.0, 220.0, 10.0, 0.00092654
160.0, 230.0, 10.0, 0.00074585
160.0, 240.0, 10.0, 0.00064622
160.0, 250.0, 10.0, 0.00068163
160.0, 260.0, 10.0, 0.00115017
170.0, 0.0, 10.0, 0.00073123
170.0, 10.0, 10.0, 0.00095938
170.0, 20.0, 10.0, 0.00116742
170.0, 30.0, 10.0, 0.00131228
170.0, 40.0, 10.0, 0.00145590
170.0, 50.0, 10.0, 0.00127400
170.0, 60.0, 10.0, 0.00133591
170.0, 70.0, 10.0, 0.00090721
170.0, 80.0, 10.0, 0.00036311
170.0, 90.0, 10.0, 0.00014818
170.0, 100.0, 10.0, 0.00006173
170.0, 110.0, 10.0, 0.00000933
170.0, 120.0, 10.0, 0.00022392
170.0, 130.0, 10.0, 0.00068023
170.0, 140.0, 10.0, 0.00122901
170.0, 150.0, 10.0, 0.00137921
170.0, 160.0, 10.0, 0.00131975
170.0, 170.0, 10.0, 0.00138809
170.0, 180.0, 10.0, 0.00124623
170.0, 190.0, 10.0, 0.00126011
170.0, 200.0, 10.0, 0.00100887
170.0, 210.0, 10.0, 0.00112439
170.0, 220.0, 10.0, 0.00093823
170.0, 230.0, 10.0, 0.00078911
170.0, 240.0, 10.0, 0.00065437
170.0, 250.0, 10.0, 0.00074946
170.0, 260.0, 10.0, 0.00097438
180.0, 0.0, 10.0, 0.00087886
180.0, 10.0, 10.0, 0.00057886
180.0, 20.0, 10.0, 0.00094037
180.0, 30.0, 10.0, 0.00079475
180.0, 40.0, 10.0, 0.00100641
180.0, 50.0, 10.0, 0.00081067
180.0, 60.0, 10.0, 0.00130013
180.0, 70.0, 10.0, 0.00105806
180.0, 80.0, 10.0, 0.00047915
180.0, 90.0, 10.0, 0.00016228
180.0, 100.0, 10.0, 0.00000923
180.0, 110.0, 10.0, 0.00016102
180.0, 120.0, 10.0, 0.00061817
180.0, 130.0, 10.0, 0.00112209
180.0, 140.0, 10.0, 0.00130115
180.0, 150.0, 10.0, 0.00136227
180.0, 160.0, 10.0, 0.00147951
180.0, 170.0, 10.0, 0.00141444
180.0, 180.0, 10.0, 0.00126150
180.0, 190.0, 10.0, 0.00125172
180.0, 200.0, 10.0, 0.00111601
180.0, 210.0, 10.0, 0.00104256
180.0, 220.0, 10.0, 0.00093419
180.0, 230.0, 10.0, 0.00082322
180.0, 240.0, 10.0, 0.00060161
180.0, 250.0, 10.0, 0.00080648
180.0, 260.0, 10.0, 0.00119508
190.0, 0.0, 10.0, 0.00067082
190.0, 10.0, 10.0, 0.00066246
190.0, 20.0, 10.0, 0.00044827
190.0, 30.0, 10.0, 0.00064064
190.0, 40.0, 10.0, 0.00084338
190.0, 50.0, 10.0, 0.00090368
190.0, 60.0, 10.0, 0.00100757
190.0, 70.0, 10.0, 0.00098263
190.0, 80.0, 10.0, 0.00065751
190.0, 90.0, 10.0, 0.00029419
190.0, 100.0, 10.0, 0.00001641
190.0, 110.0, 10.0, 0.00022901
190.0, 120.0, 10.0, 0.00060525
190.0, 130.0, 10.0, 0.00087604
190.0, 140.0, 10.0, 0.00097464
190.0, 150.0, 10.0, 0.00099143
190.0, 160.0, 10.0, 0.00115940
190.0, 170.0, 10.0, 0.00120746
190.0, 180.0, 10.0, 0.00119948
190.0, 190.0, 10.0, 0.00124519
190.0, 200.0, 10.0, 0.00103042
190.0, 210.0, 10.0, 0.00115509
190.0, 220.0, 10.0, 0.00092051
190.0, 230.0, 10.0, 0.00069976
190.0, 240.0, 10.0, 0.00053098
190.0, 250.0, 10.0, 0.00077434
190.0, 260.0, 10.0, 0.00125766
200.0, 0.0, 10.0, 0.00057185
200.0, 10.0, 10.0, 0.00053303
200.0, 20.0, 10.0, 0.00054297
200.0, 30.0, 10.0, 0.00082786
200.0, 40.0, 10.0, 0.00077099
200.0, 50.0, 10.0, 0.00095395
200.0, 60.0, 10.0, 0.00113766
200.0, 70.0, 10.0, 0.00122314
200.0, 80.0, 10.0, 0.00079372
200.0, 90.0, 10.0, 0.00064084
200.0, 100.0, 10.0, 0.00006233
200.0, 110.0, 10.0, 0.00020273
200.0, 120.0, 10.0, 0.00032720
200.0, 130.0, 10.0, 0.00055862
200.0, 140.0, 10.0, 0.00051651
200.0, 150.0, 10.0, 0.00053702
200.0, 160.0, 10.0, 0.00068966
200.0, 170.0, 10.0, 0.00085272
200.0, 180.0, 10.0, 0.00074916
200.0, 190.0, 10.0, 0.00069839
200.0, 200.0, 10.0, 0.00069304
200.0, 210.0, 10.0, 0.00070076
200.0, 220.0, 10.0, 0.00068641
200.0, 230.0, 10.0, 0.00063019
200.0, 240.0, 10.0, 0.00041351
200.0, 250.0, 10.0, 0.00068434
200.0, 260.0, 10.0, 0.00135937
210.0, 0.0, 10.0, 0.00067422
210.0, 10.0, 10.0, 0.00059837
210.0, 20.0, 10.0, 0.00064447
210.0, 30.0, 10.0, 0.00059548
210.0, 40.0, 10.0, 0.00085285
210.0, 50.0, 10.0, 0.00090801
210.0, 60.0, 10.0, 0.00117317
210.0, 70.0, 10.0, 0.00131240
210.0, 80.0, 10.0, 0.00128716
210.0, 90.0, 10.0, 0.00112454
210.0, 100.0, 10.0, 0.00010702
210.0, 110.0, 10.0, 0.00019700
210.0, 120.0, 10.0, 0.00028583
210.0, 130.0, 10.0, 0.00038628
210.0, 140.0, 10.0, 0.00040439
210.0, 150.0, 10.0, 0.00045516
210.0, 160.0, 10.0, 0.00048020
210.0, 170.0, 10.0, 0.00048775
210.0, 180.0, 10.0, 0.00042135
210.0, 190.0, 10.0, 0.00035093
210.0, 200.0, 10.0, 0.00032910
210.0, 210.0, 10.0, 0.00034574
210.0, 220.0, 10.0, 0.00036463
210.0, 230.0, 10.0, 0.00029340
210.0, 240.0, 10.0, 0.00033120
210.0, 250.0, 10.0, 0.00066417
210.0, 260.0, 10.0, 0.00122794
220.0, 0.0, 10.0, 0.00082714
220.0, 10.0, 10.0, 0.00083523
220.0, 20.0, 10.0, 0.00068260
220.0, 30.0, 10.0, 0.00077268
220.0, 40.0, 10.0, 0.00082574
220.0, 50.0, 10.0, 0.00091418
220.0, 60.0, 10.0, 0.00104146
220.0, 70.0, 10.0, 0.00115387
220.0, 80.0, 10.0, 0.00134258
220.0, 90.0, 10.0, 0.00125458
220.0, 100.0, 10.0, 0.00045850
220.0, 110.0, 10.0, 0.00013991
220.0, 120.0, 10.0, 0.00024839
220.0, 130.0, 10.0, 0.00032422
220.0, 140.0, 10.0, 0.00038352
220.0, 150.0, 10.0, 0.00041395
220.0, 160.0, 10.0, 0.00041808
220.0, 170.0, 10.0, 0.00038330
220.0, 180.0, 10.0, 0.00034974
220.0, 190.0, 10.0, 0.00033996
220.0, 200.0, 10.0, 0.00032104
220.0, 210.0, 10.0, 0.00029832
220.0, 220.0, 10.0, 0.00030427
220.0, 230.0, 10.0, 0.00031563
220.0, 240.0, 10.0, 0.00031232
220.0, 250.0, 10.0, 0.00049440
220.0, 260.0, 10.0, 0.00138179
230.0, 0.0, 10.0, 0.00078780
230.0, 10.0, 10.0, 0.00078931
230.0, 20.0, 10.0, 0.00077948
230.0, 30.0, 10.0, 0.00077043
230.0, 40.0, 10.0, 0.00074736
230.0, 50.0, 10.0, 0.00083659
230.0, 60.0, 10.0, 0.00089918
230.0, 70.0, 10.0, 0.00100912
230.0, 80.0, 10.0, 0.00116975
230.0, 90.0, 10.0, 0.00108743
230.0, 100.0, 10.0, 0.00087728
230.0, 110.0, 10.0, 0.00022767
230.0, 120.0, 10.0, 0.00018735
230.0, 130.0, 10.0, 0.00030928
230.0, 140.0, 10.0, 0.00034107
230.0, 150.0, 10.0, 0.00034080
230.0, 160.0, 10.0, 0.00033486
230.0, 170.0, 10.0, 0.00033864
230.0, 180.0, 10.0, 0.00032906
230.0, 190.0, 10.0, 0.00034522
230.0, 200.0, 10.0, 0.00035505
230.0, 210.0, 10.0, 0.00032660
230.0, 220.0, 10.0, 0.00029663
230.0, 230.0, 10.0, 0.00029318
230.0, 240.0, 10.0, 0.00034305
230.0, 250.0, 10.0, 0.00060351
230.0, 260.0, 10.0, 0.00110402
0.0, 0.0, 20.0, 0.00011336
0.0, 10.0, 20.0, 0.00009249
0.0, 20.0, 20.0, 0.00008032
0.0, 30.0, 20.0, 0.00008564
0.0, 40.0, 20.0, 0.00012704
0.0, 50.0, 20.0, 0.00024230
0.0, 60.0, 20.0, 0.00048426
0.0, 70.0, 20.0, 0.00079294
0.0, 80.0, 20.0, 0.00111500
0.0, 90.0, 20.0, 0.00130259
0.0, 100.0, 20.0, 0.00126680
0.0, 110.0, 20.0, 0.00114316
0.0, 120.0, 20.0, 0.00124306
0.0, 130.0, 20.0, 0.00128970
0.0, 140.0, 20.0, 0.00111787
0.0, 150.0, 20.0, 0.00091682
0.0, 160.0, 20.0, 0.00072749
0.0, 170.0, 20.0, 0.00061437
0.0, 180.0, 20.0, 0.00053745
0.0, 190.0, 20.0, 0.00048700
0.0, 200.0, 20.0, 0.00046348
0.0, 210.0, 20.0, 0.00042966
0.0, 220.0, 20.0, 0.00036561
0.0, 230.0, 20.0, 0.00029046
0.0, 240.0, 20.0, 0.00019580
0.0, 250.0, 20.0, 0.00011852
0.0, 260.0, 20.0, 0.00009404
10.0, 0.0, 20.0, 0.00013486
10.0, 10.0, 20.0, 0.00011174
10.0, 20.0, 20.0, 0.00011884
10.0, 30.0, 20.0, 0.00013314
10.0, 40.0, 20.0, 0.00009907
10.0, 50.0, 20.0, 0.00005148
10.0, 60.0, 20.0, 0.00045489
10.0, 70.0, 20.0, 0.00024420
10.0, 80.0, 20.0, 0.00031368
10.0, 90.0, 20.0, 0.00063516
10.0, 100.0, 20.0, 0.00092502
10.0, 110.0, 20.0, 0.00098325
10.0, 120.0, 20.0, 0.00103124
10.0, 130.0, 20.0, 0.00113877
10.0, 140.0, 20.0, 0.00142090
10.0, 150.0, 20.0, 0.00110636
10.0, 160.0, 20.0, 0.00087425
10.0, 170.0, 20.0, 0.00067457
10.0, 180.0, 20.0, 0.00062922
10.0, 190.0, 20.0, 0.00071975
10.0, 200.0, 20.0, 0.00061984
10.0, 210.0, 20.0, 0.00084327
10.0, 220.0, 20.0, 0.00065633
10.0, 230.0, 20.0, 0.00030469
10.0, 240.0, 20.0, 0.00019835
10.0, 250.0, 20.0, 0.00010097
10.0, 260.0, 20.0, 0.00000776
20.0, 0.0, 20.0, 0.00010424
20.0, 10.0, 20.0, 0.00010680
20.0, 20.0, 20.0, 0.00013202
20.0, 30.0, 20.0, 0.00012557
20.0, 40.0, 20.0, 0.00013790
20.0, 50.0, 20.0, 0.00014736
20.0, 60.0, 20.0, 0.00011222
20.0, 70.0, 20.0, 0.00014939
20.0, 80.0, 20.0, 0.00012775
20.0, 90.0, 20.0, 0.00012982
20.0, 100.0, 20.0, 0.00031900
20.0, 110.0, 20.0, 0.00057103
20.0, 120.0, 20.0, 0.00060391
20.0, 130.0, 20.0, 0.00088050
20.0, 140.0, 20.0, 0.00147931
20.0, 150.0, 20.0, 0.00143164
20.0, 160.0, 20.0, 0.00102209
20.0, 170.0, 20.0, 0.00071162
20.0, 180.0, 20.0, 0.00061168
20.0, 190.0, 20.0, 0.00056306
20.0, 200.0, 20.0, 0.00058142
20.0, 210.0, 20.0, 0.00057798
20.0, 220.0, 20.0, 0.00051879
20.0, 230.0, 20.0, 0.00035004
20.0, 240.0, 20.0, 0.00020422
20.0, 250.0, 20.0, 0.00009549
20.0, 260.0, 20.0, 0.00000249
30.0, 0.0, 20.0, 0.00008409
30.0, 10.0, 20.0, 0.00011805
30.0, 20.0, 20.0, 0.00012605
30.0, 30.0, 20.0, 0.00009596
30.0, 40.0, 20.0, 0.00023756
30.0, 50.0, 20.0, 0.00028845
30.0, 60.0, 20.0, 0.00021731
30.0, 70.0, 20.0, 0.00025007
30.0, 80.0, 20.0, 0.00013674
30.0, 90.0, 20.0, 0.00005876
30.0, 100.0, 20.0, 0.00027588
30.0, 110.0, 20.0, 0.00066767
30.0, 120.0, 20.0, 0.00082873
30.0, 130.0, 20.0, 0.00101916
30.0, 140.0, 20.0, 0.00138802
30.0, 150.0, 20.0, 0.00141221
30.0, 160.0, 20.0, 0.00139762
30.0, 170.0, 20.0, 0.00139250
30.0, 180.0, 20.0, 0.00103879
30.0, 190.0, 20.0, 0.00072565
30.0, 200.0, 20.0, 0.00072902
30.0, 210.0, 20.0, 0.00075388
30.0, 220.0, 20.0, 0.00070153
30.0, 230.0, 20.0, 0.00048441
30.0, 240.0, 20.0, 0.00022586
30.0, 250.0, 20.0, 0.00010473
30.0, 260.0, 20.0, 0.00001086
40.0, 0.0, 20.0, 0.00005434
40.0, 10.0, 20.0, 0.00014087
40.0, 20.0, 20.0, 0.00017695
40.0, 30.0, 20.0, 0.00028765
40.0, 40.0, 20.0, 0.00024944
40.0, 50.0, 20.0, 0.00028760
40.0, 60.0, 20.0, 0.00022513
40.0, 70.0, 20.0, 0.00073833
40.0, 80.0, 20.0, 0.00075078
40.0, 90.0, 20.0, 0.00091244
40.0, 100.0, 20.0, 0.00118804
40.0, 110.0, 20.0, 0.00117352
40.0, 120.0, 20.0, 0.00108656
40.0, 130.0, 20.0, 0.00116671
40.0, 140.0, 20.0, 0.00135231
40.0, 150.0, 20.0, 0.00135042
40.0, 160.0, 20.0, 0.00134281
40.0, 170.0, 20.0, 0.00132975
40.0, 180.0, 20.0, 0.00125802
40.0, 190.0, 20.0, 0.00128829
40.0, 200.0, 20.0, 0.00095028
40.0, 210.0, 20.0, 0.00081599
40.0, 220.0, 20.0, 0.00080826
40.0, 230.0, 20.0, 0.00064352
40.0, 240.0, 20.0, 0.00034455
40.0, 250.0, 20.0, 0.00017985
40.0, 260.0, 20.0, 0.00009927
50.0, 0.0, 20.0, 0.00002261
50.0, 10.0, 20.0, 0.00014752
50.0, 20.0, 20.0, 0.00026732
50.0, 30.0, 20.0, 0.00048508
50.0, 40.0, 20.0, 0.00033582
50.0, 50.0, 20.0, 0.00047525
50.0, 60.0, 20.0, 0.00067514
50.0, 70.0, 20.0, 0.00071479
50.0, 80.0, 20.0, 0.00080076
50.0, 90.0, 20.0, 0.00110148
50.0, 100.0, 20.0, 0.00115040
50.0, 110.0, 20.0, 0.00110098
50.0, 120.0, 20.0, 0.00104133
50.0, 130.0, 20.0, 0.00104335
50.0, 140.0, 20.0, 0.00116687
50.0, 150.0, 20.0, 0.00117587
50.0, 160.0, 20.0, 0.00120311
50.0, 170.0, 20.0, 0.00125610
50.0, 180.0, 20.0, 0.00123684
50.0, 190.0, 20.0, 0.00122132
50.0, 200.0, 20.0, 0.00119474
50.0, 210.0, 20.0, 0.00090223
50.0, 220.0, 20.0, 0.00085320
50.0, 230.0, 20.0, 0.00081897
50.0, 240.0, 20.0, 0.00051672
50.0, 250.0, 20.0, 0.00024248
50.0, 260.0, 20.0, 0.00014306
60.0, 0.0, 20.0, 0.00003196
60.0, 10.0, 20.0, 0.00021303
60.0, 20.0, 20.0, 0.00031037
60.0, 30.0, 20.0, 0.00049793
60.0, 40.0, 20.0, 0.00031134
60.0, 50.0, 20.0, 0.00037122
60.0, 60.0, 20.0, 0.00084926
60.0, 70.0, 20.0, 0.00096712
60.0, 80.0, 20.0, 0.00062585
60.0, 90.0, 20.0, 0.00058499
60.0, 100.0, 20.0, 0.00094304
60.0, 110.0, 20.0, 0.00099974
60.0, 120.0, 20.0, 0.00097173
60.0, 130.0, 20.0, 0.00102143
60.0, 140.0, 20.0, 0.00105456
60.0, 150.0, 20.0, 0.00107576
60.0, 160.0, 20.0, 0.00107240
60.0, 170.0, 20.0, 0.00105714
60.0, 180.0, 20.0, 0.00103035
60.0, 190.0, 20.0, 0.00106022
60.0, 200.0, 20.0, 0.00111347
60.0, 210.0, 20.0, 0.00111284
60.0, 220.0, 20.0, 0.00089158
60.0, 230.0, 20.0, 0.00084837
60.0, 240.0, 20.0, 0.00063967
60.0, 250.0, 20.0, 0.00034532
60.0, 260.0, 20.0, 0.00015296
70.0, 0.0, 20.0, 0.00006808
70.0, 10.0, 20.0, 0.00039363
70.0, 20.0, 20.0, 0.00024235
70.0, 30.0, 20.0, 0.00044391
70.0, 40.0, 20.0, 0.00038816
70.0, 50.0, 20.0, 0.00038027
70.0, 60.0, 20.0, 0.00054316
70.0, 70.0, 20.0, 0.00050118
70.0, 80.0, 20.0, 0.00027954
70.0, 90.0, 20.0, 0.00048235
70.0, 100.0, 20.0, 0.00075549
70.0, 110.0, 20.0, 0.00091687
70.0, 120.0, 20.0, 0.00087604
70.0, 130.0, 20.0, 0.00094015
70.0, 140.0, 20.0, 0.00091794
70.0, 150.0, 20.0, 0.00090940
70.0, 160.0, 20.0, 0.00089447
70.0, 170.0, 20.0, 0.00089384
70.0, 180.0, 20.0, 0.00087318
70.0, 190.0, 20.0, 0.00079870
70.0, 200.0, 20.0, 0.00081271
70.0, 210.0, 20.0, 0.00095348
70.0, 220.0, 20.0, 0.00098676
70.0, 230.0, 20.0, 0.00084412
70.0, 240.0, 20.0, 0.00074233
70.0, 250.0, 20.0, 0.00042532
70.0, 260.0, 20.0, 0.00030333
80.0, 0.0, 20.0, 0.00017736
80.0, 10.0, 20.0, 0.00023426
80.0, 20.0, 20.0, 0.00028309
80.0, 30.0, 20.0, 0.00035618
80.0, 40.0, 20.0, 0.00039093
80.0, 50.0, 20.0, 0.00047050
80.0, 60.0, 20.0, 0.00041389
80.0, 70.0, 20.0, 0.00038725
80.0, 80.0, 20.0, 0.00029521
80.0, 90.0, 20.0, 0.00035756
80.0, 100.0, 20.0, 0.00057964
80.0, 110.0, 20.0, 0.00076333
80.0, 120.0, 20.0, 0.00079474
80.0, 130.0, 20.0, 0.00068261
80.0, 140.0, 20.0, 0.00084939
80.0, 150.0, 20.0, 0.00084335
80.0, 160.0, 20.0, 0.00064586
80.0, 170.0, 20.0, 0.00054746
80.0, 180.0, 20.0, 0.00061143
80.0, 190.0, 20.0, 0.00066622
80.0, 200.0, 20.0, 0.00067190
80.0, 210.0, 20.0, 0.00071682
80.0, 220.0, 20.0, 0.00075066
80.0, 230.0, 20.0, 0.00074427
80.0, 240.0, 20.0, 0.00074137
80.0, 250.0, 20.0, 0.00055017
80.0, 260.0, 20.0, 0.00026684
90.0, 0.0, 20.0, 0.00025541
90.0, 10.0, 20.0, 0.00031836
90.0, 20.0, 20.0, 0.00035029
90.0, 30.0, 20.0, 0.00037518
90.0, 40.0, 20.0, 0.00031123
90.0, 50.0, 20.0, 0.00052369
90.0, 60.0, 20.0, 0.00052954
90.0, 70.0, 20.0, 0.00046585
90.0, 80.0, 20.0, 0.00044120
90.0, 90.0, 20.0, 0.00018197
90.0, 100.0, 20.0, 0.00071527
90.0, 110.0, 20.0, 0.00081985
90.0, 120.0, 20.0, 0.00077626
90.0, 130.0, 20.0, 0.00076255
90.0, 140.0, 20.0, 0.00077040
90.0, 150.0, 20.0, 0.00073722
90.0, 160.0, 20.0, 0.00048032
90.0, 170.0, 20.0, 0.00038058
90.0, 180.0, 20.0, 0.00052028
90.0, 190.0, 20.0, 0.00066150
90.0, 200.0, 20.0, 0.00067407
90.0, 210.0, 20.0, 0.00073215
90.0, 220.0, 20.0, 0.00073449
90.0, 230.0, 20.0, 0.00077143
90.0, 240.0, 20.0, 0.00079660
90.0, 250.0, 20.0, 0.00069688
90.0, 260.0, 20.0, 0.00041483
100.0, 0.0, 20.0, 0.00029596
100.0, 10.0, 20.0, 0.00036766
100.0, 20.0, 20.0, 0.00036838
100.0, 30.0, 20.0, 0.00026596
100.0, 40.0, 20.0, 0.00024802
100.0, 50.0, 20.0, 0.00046745
100.0, 60.0, 20.0, 0.00052925
100.0, 70.0, 20.0, 0.00049585
100.0, 80.0, 20.0, 0.00061174
100.0, 90.0, 20.0, 0.00028439
100.0, 100.0, 20.0, 0.00080200
100.0, 110.0, 20.0, 0.00083689
100.0, 120.0, 20.0, 0.00076735
100.0, 130.0, 20.0, 0.00071863
100.0, 140.0, 20.0, 0.00060997
100.0, 150.0, 20.0, 0.00060444
100.0, 160.0, 20.0, 0.00040134
100.0, 170.0, 20.0, 0.00041144
100.0, 180.0, 20.0, 0.00055083
100.0, 190.0, 20.0, 0.00073014
100.0, 200.0, 20.0, 0.00073393
100.0, 210.0, 20.0, 0.00072919
100.0, 220.0, 20.0, 0.00072550
100.0, 230.0, 20.0, 0.00073298
100.0, 240.0, 20.0, 0.00076729
100.0, 250.0, 20.0, 0.00081945
100.0, 260.0, 20.0, 0.00080225
110.0, 0.0, 20.0, 0.00013756
110.0, 10.0, 20.0, 0.00032228
110.0, 20.0, 20.0, 0.00034413
110.0, 30.0, 20.0, 0.00040455
110.0, 40.0, 20.0, 0.00037907
110.0, 50.0, 20.0, 0.00034504
110.0, 60.0, 20.0, 0.00049689
110.0, 70.0, 20.0, 0.00047881
110.0, 80.0, 20.0, 0.00060600
110.0, 90.0, 20.0, 0.00019145
110.0, 100.0, 20.0, 0.00067209
110.0, 110.0, 20.0, 0.00072026
110.0, 120.0, 20.0, 0.00066996
110.0, 130.0, 20.0, 0.00051636
110.0, 140.0, 20.0, 0.00047816
110.0, 150.0, 20.0, 0.00043076
110.0, 160.0, 20.0, 0.00035928
110.0, 170.0, 20.0, 0.00035517
110.0, 180.0, 20.0, 0.00044633
110.0, 190.0, 20.0, 0.00062140
110.0, 200.0, 20.0, 0.00067141
110.0, 210.0, 20.0, 0.00068291
110.0, 220.0, 20.0, 0.00069329
110.0, 230.0, 20.0, 0.00071083
110.0, 240.0, 20.0, 0.00073687
110.0, 250.0, 20.0, 0.00074962
110.0, 260.0, 20.0, 0.00071256
120.0, 0.0, 20.0, 0.00008486
120.0, 10.0, 20.0, 0.00023802
120.0, 20.0, 20.0, 0.00031971
120.0, 30.0, 20.0, 0.00035540
120.0, 40.0, 20.0, 0.00044822
120.0, 50.0, 20.0, 0.00047393
120.0, 60.0, 20.0, 0.00047937
120.0, 70.0, 20.0, 0.00028329
120.0, 80.0, 20.0, 0.00030230
120.0, 90.0, 20.0, 0.00029928
120.0, 100.0, 20.0, 0.00045620
120.0, 110.0, 20.0, 0.00034760
120.0, 120.0, 20.0, 0.00041643
120.0, 130.0, 20.0, 0.00053805
120.0, 140.0, 20.0, 0.00049851
120.0, 150.0, 20.0, 0.00039860
120.0, 160.0, 20.0, 0.00034914
120.0, 170.0, 20.0, 0.00028306
120.0, 180.0, 20.0, 0.00039176
120.0, 190.0, 20.0, 0.00042519
120.0, 200.0, 20.0, 0.00051276
120.0, 210.0, 20.0, 0.00061085
120.0, 220.0, 20.0, 0.00061877
120.0, 230.0, 20.0, 0.00060039
120.0, 240.0, 20.0, 0.00065168
120.0, 250.0, 20.0, 0.00065499
120.0, 260.0, 20.0, 0.00065604
130.0, 0.0, 20.0, 0.00007307
130.0, 10.0, 20.0, 0.00019797
130.0, 20.0, 20.0, 0.00023665
130.0, 30.0, 20.0, 0.00033265
130.0, 40.0, 20.0, 0.00035418
130.0, 50.0, 20.0, 0.00039376
130.0, 60.0, 20.0, 0.00043553
130.0, 70.0, 20.0, 0.00046881
130.0, 80.0, 20.0, 0.00049444
130.0, 90.0, 20.0, 0.00041253
130.0, 100.0, 20.0, 0.00044454
130.0, 110.0, 20.0, 0.00050658
130.0, 120.0, 20.0, 0.00053508
130.0, 130.0, 20.0, 0.00052611
130.0, 140.0, 20.0, 0.00051177
130.0, 150.0, 20.0, 0.00049685
130.0, 160.0, 20.0, 0.00039073
130.0, 170.0, 20.0, 0.00039425
130.0, 180.0, 20.0, 0.00029943
130.0, 190.0, 20.0, 0.00031963
130.0, 200.0, 20.0, 0.00032718
130.0, 210.0, 20.0, 0.00037064
130.0, 220.0, 20.0, 0.00035990
130.0, 230.0, 20.0, 0.00033868
130.0, 240.0, 20.0, 0.00029683
130.0, 250.0, 20.0, 0.00027729
130.0, 260.0, 20.0, 0.00034085
140.0, 0.0, 20.0, 0.00006933
140.0, 10.0, 20.0, 0.00007759
140.0, 20.0, 20.0, 0.00010111
140.0, 30.0, 20.0, 0.00030186
140.0, 40.0, 20.0, 0.00032657
140.0, 50.0, 20.0, 0.00039821
140.0, 60.0, 20.0, 0.00042284
140.0, 70.0, 20.0, 0.00042030
140.0, 80.0, 20.0, 0.00044920
140.0, 90.0, 20.0, 0.00043557
140.0, 100.0, 20.0, 0.00043457
140.0, 110.0, 20.0, 0.00048211
140.0, 120.0, 20.0, 0.00053000
140.0, 130.0, 20.0, 0.00053055
140.0, 140.0, 20.0, 0.00051080
140.0, 150.0, 20.0, 0.00048055
140.0, 160.0, 20.0, 0.00044515
140.0, 170.0, 20.0, 0.00040748
140.0, 180.0, 20.0, 0.00027845
140.0, 190.0, 20.0, 0.00029724
140.0, 200.0, 20.0, 0.00031922
140.0, 210.0, 20.0, 0.00028373
140.0, 220.0, 20.0, 0.00029586
140.0, 230.0, 20.0, 0.00026987
140.0, 240.0, 20.0, 0.00023343
140.0, 250.0, 20.0, 0.00019722
140.0, 260.0, 20.0, 0.00017816
150.0, 0.0, 20.0, 0.00009654
150.0, 10.0, 20.0, 0.00005332
150.0, 20.0, 20.0, 0.00005579
150.0, 30.0, 20.0, 0.00010220
150.0, 40.0, 20.0, 0.00020531
150.0, 50.0, 20.0, 0.00029302
150.0, 60.0, 20.0, 0.00032671
150.0, 70.0, 20.0, 0.00034811
150.0, 80.0, 20.0, 0.00037497
150.0, 90.0, 20.0, 0.00040405
150.0, 100.0, 20.0, 0.00041396
150.0, 110.0, 20.0, 0.00042125
150.0, 120.0, 20.0, 0.00045339
150.0, 130.0, 20.0, 0.00045671
150.0, 140.0, 20.0, 0.00045425
150.0, 150.0, 20.0, 0.00044654
150.0, 160.0, 20.0, 0.00041950
150.0, 170.0, 20.0, 0.00037964
150.0, 180.0, 20.0, 0.00031396
150.0, 190.0, 20.0, 0.00018195
150.0, 200.0, 20.0, 0.00022064
150.0, 210.0, 20.0, 0.00024319
150.0, 220.0, 20.0, 0.00024912
150.0, 230.0, 20.0, 0.00025953
150.0, 240.0, 20.0, 0.00024040
150.0, 250.0, 20.0, 0.00020864
150.0, 260.0, 20.0, 0.00016828
160.0, 0.0, 20.0, 0.00007645
160.0, 10.0, 20.0, 0.00004204
160.0, 20.0, 20.0, 0.00006597
160.0, 30.0, 20.0, 0.00008958
160.0, 40.0, 20.0, 0.00011807
160.0, 50.0, 20.0, 0.00013696
160.0, 60.0, 20.0, 0.00016664
160.0, 70.0, 20.0, 0.00014775
160.0, 80.0, 20.0, 0.00018089
160.0, 90.0, 20.0, 0.00030824
160.0, 100.0, 20.0, 0.00033382
160.0, 110.0, 20.0, 0.00035112
160.0, 120.0, 20.0, 0.00036860
160.0, 130.0, 20.0, 0.00037885
160.0, 140.0, 20.0, 0.00034660
160.0, 150.0, 20.0, 0.00029319
160.0, 160.0, 20.0, 0.00025610
160.0, 170.0, 20.0, 0.00023152
160.0, 180.0, 20.0, 0.00021954
160.0, 190.0, 20.0, 0.00019704
160.0, 200.0, 20.0, 0.00019581
160.0, 210.0, 20.0, 0.00019851
160.0, 220.0, 20.0, 0.00018645
160.0, 230.0, 20.0, 0.00018100
160.0, 240.0, 20.0, 0.00017247
160.0, 250.0, 20.0, 0.00016515
160.0, 260.0, 20.0, 0.00015455
170.0, 0.0, 20.0, 0.00003300
170.0, 10.0, 20.0, 0.00002723
170.0, 20.0, 20.0, 0.00007429
170.0, 30.0, 20.0, 0.00012653
170.0, 40.0, 20.0, 0.00014655
170.0, 50.0, 20.0, 0.00014221
170.0, 60.0, 20.0, 0.00012007
170.0, 70.0, 20.0, 0.00009993
170.0, 80.0, 20.0, 0.00009427
170.0, 90.0, 20.0, 0.00010833
170.0, 100.0, 20.0, 0.00011048
170.0, 110.0, 20.0, 0.00012488
170.0, 120.0, 20.0, 0.00013870
170.0, 130.0, 20.0, 0.00015452
170.0, 140.0, 20.0, 0.00015073
170.0, 150.0, 20.0, 0.00014575
170.0, 160.0, 20.0, 0.00014077
170.0, 170.0, 20.0, 0.00012748
170.0, 180.0, 20.0, 0.00012246
170.0, 190.0, 20.0, 0.00012104
170.0, 200.0, 20.0, 0.00011693
170.0, 210.0, 20.0, 0.00011311
170.0, 220.0, 20.0, 0.00009545
170.0, 230.0, 20.0, 0.00008509
170.0, 240.0, 20.0, 0.00007830
170.0, 250.0, 20.0, 0.00007640
170.0, 260.0, 20.0, 0.00008360
180.0, 0.0, 20.0, 0.00002386
180.0, 10.0, 20.0, 0.00002511
180.0, 20.0, 20.0, 0.00008591
180.0, 30.0, 20.0, 0.00009393
180.0, 40.0, 20.0, 0.00010494
180.0, 50.0, 20.0, 0.00010739
180.0, 60.0, 20.0, 0.00008718
180.0, 70.0, 20.0, 0.00006760
180.0, 80.0, 20.0, 0.00007187
180.0, 90.0, 20.0, 0.00008318
180.0, 100.0, 20.0, 0.00010373
180.0, 110.0, 20.0, 0.00010616
180.0, 120.0, 20.0, 0.00009466
180.0, 130.0, 20.0, 0.00009076
180.0, 140.0, 20.0, 0.00007281
180.0, 150.0, 20.0, 0.00005954
180.0, 160.0, 20.0, 0.00005965
180.0, 170.0, 20.0, 0.00006353
180.0, 180.0, 20.0, 0.00006542
180.0, 190.0, 20.0, 0.00006245
180.0, 200.0, 20.0, 0.00005495
180.0, 210.0, 20.0, 0.00004181
180.0, 220.0, 20.0, 0.00003576
180.0, 230.0, 20.0, 0.00004097
180.0, 240.0, 20.0, 0.00005092
180.0, 250.0, 20.0, 0.00005632
180.0, 260.0, 20.0, 0.00005349
190.0, 0.0, 20.0, 0.00002107
190.0, 10.0, 20.0, 0.00002448
190.0, 20.0, 20.0, 0.00004905
190.0, 30.0, 20.0, 0.00006059
190.0, 40.0, 20.0, 0.00005750
190.0, 50.0, 20.0, 0.00004704
190.0, 60.0, 20.0, 0.00004362
190.0, 70.0, 20.0, 0.00004948
190.0, 80.0, 20.0, 0.00005868
190.0, 90.0, 20.0, 0.00006865
190.0, 100.0, 20.0, 0.00005952
190.0, 110.0, 20.0, 0.00004509
190.0, 120.0, 20.0, 0.00003737
190.0, 130.0, 20.0, 0.00004001
190.0, 140.0, 20.0, 0.00004285
190.0, 150.0, 20.0, 0.00004306
190.0, 160.0, 20.0, 0.00004405
190.0, 170.0, 20.0, 0.00004291
190.0, 180.0, 20.0, 0.00003666
190.0, 190.0, 20.0, 0.00003481
190.0, 200.0, 20.0, 0.00003041
190.0, 210.0, 20.0, 0.00003974
190.0, 220.0, 20.0, 0.00004551
190.0, 230.0, 20.0, 0.00009408
190.0, 240.0, 20.0, 0.00010428
190.0, 250.0, 20.0, 0.00011951
190.0, 260.0, 20.0, 0.00012232
200.0, 0.0, 20.0, 0.00002139
200.0, 10.0, 20.0, 0.00001671
200.0, 20.0, 20.0, 0.00002631
200.0, 30.0, 20.0, 0.00003613
200.0, 40.0, 20.0, 0.00003394
200.0, 50.0, 20.0, 0.00003786
200.0, 60.0, 20.0, 0.00004182
200.0, 70.0, 20.0, 0.00003888
200.0, 80.0, 20.0, 0.00003836
200.0, 90.0, 20.0, 0.00003966
200.0, 100.0, 20.0, 0.00004009
200.0, 110.0, 20.0, 0.00004934
200.0, 120.0, 20.0, 0.00005513
200.0, 130.0, 20.0, 0.00005956
200.0, 140.0, 20.0, 0.00006319
200.0, 150.0, 20.0, 0.00005520
200.0, 160.0, 20.0, 0.00005443
200.0, 170.0, 20.0, 0.00005017
200.0, 180.0, 20.0, 0.00004957
200.0, 190.0, 20.0, 0.00005992
200.0, 200.0, 20.0, 0.00006704
200.0, 210.0, 20.0, 0.00006934
200.0, 220.0, 20.0, 0.00007392
200.0, 230.0, 20.0, 0.00009823
200.0, 240.0, 20.0, 0.00011252
200.0, 250.0, 20.0, 0.00013009
200.0, 260.0, 20.0, 0.00012567
210.0, 0.0, 20.0, 0.00002418
210.0, 10.0, 20.0, 0.00002468
210.0, 20.0, 20.0, 0.00002924
210.0, 30.0, 20.0, 0.00002768
210.0, 40.0, 20.0, 0.00004061
210.0, 50.0, 20.0, 0.00005054
210.0, 60.0, 20.0, 0.00005305
210.0, 70.0, 20.0, 0.00005308
210.0, 80.0, 20.0, 0.00005717
210.0, 90.0, 20.0, 0.00005942
210.0, 100.0, 20.0, 0.00006648
210.0, 110.0, 20.0, 0.00007856
210.0, 120.0, 20.0, 0.00007834
210.0, 130.0, 20.0, 0.00008059
210.0, 140.0, 20.0, 0.00007415
210.0, 150.0, 20.0, 0.00006529
210.0, 160.0, 20.0, 0.00005911
210.0, 170.0, 20.0, 0.00005668
210.0, 180.0, 20.0, 0.00005044
210.0, 190.0, 20.0, 0.00004827
210.0, 200.0, 20.0, 0.00005257
210.0, 210.0, 20.0, 0.00006703
210.0, 220.0, 20.0, 0.00006611
210.0, 230.0, 20.0, 0.00007781
210.0, 240.0, 20.0, 0.00008808
210.0, 250.0, 20.0, 0.00011918
210.0, 260.0, 20.0, 0.00011084
220.0, 0.0, 20.0, 0.00002857
220.0, 10.0, 20.0, 0.00002707
220.0, 20.0, 20.0, 0.00003187
220.0, 30.0, 20.0, 0.00003789
220.0, 40.0, 20.0, 0.00004400
220.0, 50.0, 20.0, 0.00005197
220.0, 60.0, 20.0, 0.00005774
220.0, 70.0, 20.0, 0.00006065
220.0, 80.0, 20.0, 0.00006299
220.0, 90.0, 20.0, 0.00006258
220.0, 100.0, 20.0, 0.00006888
220.0, 110.0, 20.0, 0.00006981
220.0, 120.0, 20.0, 0.00006973
220.0, 130.0, 20.0, 0.00007360
220.0, 140.0, 20.0, 0.00008104
220.0, 150.0, 20.0, 0.00007457
220.0, 160.0, 20.0, 0.00006594
220.0, 170.0, 20.0, 0.00005860
220.0, 180.0, 20.0, 0.00005685
220.0, 190.0, 20.0, 0.00005440
220.0, 200.0, 20.0, 0.00005064
220.0, 210.0, 20.0, 0.00005471
220.0, 220.0, 20.0, 0.00005805
220.0, 230.0, 20.0, 0.00007029
220.0, 240.0, 20.0, 0.00007494
220.0, 250.0, 20.0, 0.00008973
220.0, 260.0, 20.0, 0.00009076
230.0, 0.0, 20.0, 0.00003062
230.0, 10.0, 20.0, 0.00003577
230.0, 20.0, 20.0, 0.00004155
230.0, 30.0, 20.0, 0.00004068
230.0, 40.0, 20.0, 0.00004360
230.0, 50.0, 20.0, 0.00005138
230.0, 60.0, 20.0, 0.00005421
230.0, 70.0, 20.0, 0.00006084
230.0, 80.0, 20.0, 0.00006277
230.0, 90.0, 20.0, 0.00006149
230.0, 100.0, 20.0, 0.00006436
230.0, 110.0, 20.0, 0.00007430
230.0, 120.0, 20.0, 0.00007740
230.0, 130.0, 20.0, 0.00007807
230.0, 140.0, 20.0, 0.00008026
230.0, 150.0, 20.0, 0.00007442
230.0, 160.0, 20.0, 0.00006119
230.0, 170.0, 20.0, 0.00005434
230.0, 180.0, 20.0, 0.00005534
230.0, 190.0, 20.0, 0.00005661
230.0, 200.0, 20.0, 0.00005987
230.0, 210.0, 20.0, 0.00006188
230.0, 220.0, 20.0, 0.00005614
230.0, 230.0, 20.0, 0.00005059
230.0, 240.0, 20.0, 0.00005573
230.0, 250.0, 20.0, 0.00006860
230.0, 260.0, 20.0, 0.00007771
