S
I=45,J=40
0.0, 0.0, 0.004744
0.0, 0.0, 0.004626
0.0, 0.0, 0.004378
0.0, 0.0, 0.004416
0.0, 0.0, 0.005487
0.0, 0.0, 0.012127
0.0, 0.0, 0.014484
0.0, 0.0, 0.015149
0.0, 0.0, 0.014626
0.0, 0.0, 0.015810
0.0, 0.0, 0.015719
0.0, 0.0, 0.015771
0.0, 0.0, 0.015868
0.0, 0.0, 0.015890
0.0, 0.0, 0.015754
0.0, 0.0, 0.015380
0.0, 0.0, 0.015183
0.0, 0.0, 0.015488
0.0, 0.0, 0.015605
0.0, 0.0, 0.015688
0.0, 0.0, 0.015712
0.0, 0.0, 0.015679
0.0, 0.0, 0.015409
0.0, 0.0, 0.015924
0.0, 0.0, 0.016327
0.0, 0.0, 0.015972
0.0, 0.0, 0.015902
0.0, 0.0, 0.015700
0.0, 0.0, 0.015054
0.0, 0.0, 0.015156
0.0, 0.0, 0.015596
0.0, 0.0, 0.015605
0.0, 0.0, 0.014891
0.0, 0.0, 0.014827
0.0, 0.0, 0.012079
0.0, 0.0, 0.013984
0.0, 0.0, 0.014461
0.0, 0.0, 0.015314
0.0, 0.0, 0.015624
0.0, 0.0, 0.015562
0.0, 0.0, 0.015603
0.0, 0.0, 0.015551
0.0, 0.0, 0.015148
0.0, 0.0, 0.015628
0.0, 0.0, 0.016008
0.0, 0.0, 0.004679
0.0, 0.0, 0.004579
0.0, 0.0, 0.004436
0.0, 0.0, 0.004143
0.0, 0.0, 0.005077
0.0, 0.0, 0.012449
0.0, 0.0, 0.014604
0.0, 0.0, 0.015483
0.0, 0.0, 0.015949
0.0, 0.0, 0.015953
0.0, 0.0, 0.015864
0.0, 0.0, 0.015889
0.0, 0.0, 0.015809
0.0, 0.0, 0.015775
0.0, 0.0, 0.015398
0.0, 0.0, 0.015176
0.0, 0.0, 0.015275
0.0, 0.0, 0.015532
0.0, 0.0, 0.015646
0.0, 0.0, 0.015804
0.0, 0.0, 0.016004
0.0, 0.0, 0.016101
0.0, 0.0, 0.016081
0.0, 0.0, 0.015664
0.0, 0.0, 0.014862
0.0, 0.0, 0.015070
0.0, 0.0, 0.015061
0.0, 0.0, 0.015285
0.0, 0.0, 0.016017
0.0, 0.0, 0.015115
0.0, 0.0, 0.015178
0.0, 0.0, 0.014086
0.0, 0.0, 0.014086
0.0, 0.0, 0.013961
0.0, 0.0, 0.014513
0.0, 0.0, 0.015020
0.0, 0.0, 0.015817
0.0, 0.0, 0.014934
0.0, 0.0, 0.014679
0.0, 0.0, 0.014016
0.0, 0.0, 0.013962
0.0, 0.0, 0.013925
0.0, 0.0, 0.014262
0.0, 0.0, 0.014669
0.0, 0.0, 0.015235
0.0, 0.0, 0.004506
0.0, 0.0, 0.004368
0.0, 0.0, 0.004360
0.0, 0.0, 0.004003
0.0, 0.0, 0.011030
0.0, 0.0, 0.012942
0.0, 0.0, 0.014073
0.0, 0.0, 0.014766
0.0, 0.0, 0.015776
0.0, 0.0, 0.015769
0.0, 0.0, 0.015514
0.0, 0.0, 0.015415
0.0, 0.0, 0.015452
0.0, 0.0, 0.015449
0.0, 0.0, 0.015023
0.0, 0.0, 0.014685
0.0, 0.0, 0.014832
0.0, 0.0, 0.015143
0.0, 0.0, 0.015253
0.0, 0.0, 0.014886
0.0, 0.0, 0.015139
0.0, 0.0, 0.015379
0.0, 0.0, 0.015572
0.0, 0.0, 0.014884
0.0, 0.0, 0.013437
0.0, 0.0, 0.014136
0.0, 0.0, 0.014231
0.0, 0.0, 0.014683
0.0, 0.0, 0.015262
0.0, 0.0, 0.015473
0.0, 0.0, 0.015731
0.0, 0.0, 0.016145
0.0, 0.0, 0.015995
0.0, 0.0, 0.016004
0.0, 0.0, 0.015082
0.0, 0.0, 0.015315
0.0, 0.0, 0.014841
0.0, 0.0, 0.015177
0.0, 0.0, 0.014853
0.0, 0.0, 0.014021
0.0, 0.0, 0.013783
0.0, 0.0, 0.013163
0.0, 0.0, 0.013750
0.0, 0.0, 0.013908
0.0, 0.0, 0.014384
0.0, 0.0, 0.003817
0.0, 0.0, 0.003817
0.0, 0.0, 0.004290
0.0, 0.0, 0.004163
0.0, 0.0, 0.010202
0.0, 0.0, 0.011032
0.0, 0.0, 0.012295
0.0, 0.0, 0.013030
0.0, 0.0, 0.015373
0.0, 0.0, 0.015583
0.0, 0.0, 0.015381
0.0, 0.0, 0.015295
0.0, 0.0, 0.015437
0.0, 0.0, 0.015186
0.0, 0.0, 0.014745
0.0, 0.0, 0.014432
0.0, 0.0, 0.014577
0.0, 0.0, 0.014821
0.0, 0.0, 0.014765
0.0, 0.0, 0.014556
0.0, 0.0, 0.014867
0.0, 0.0, 0.014941
0.0, 0.0, 0.014958
0.0, 0.0, 0.014193
0.0, 0.0, 0.013025
0.0, 0.0, 0.012029
0.0, 0.0, 0.013627
0.0, 0.0, 0.013760
0.0, 0.0, 0.014088
0.0, 0.0, 0.014476
0.0, 0.0, 0.015040
0.0, 0.0, 0.015261
0.0, 0.0, 0.015315
0.0, 0.0, 0.015327
0.0, 0.0, 0.015317
0.0, 0.0, 0.014895
0.0, 0.0, 0.014672
0.0, 0.0, 0.014763
0.0, 0.0, 0.014343
0.0, 0.0, 0.013891
0.0, 0.0, 0.013866
0.0, 0.0, 0.013035
0.0, 0.0, 0.013046
0.0, 0.0, 0.013018
0.0, 0.0, 0.013295
0.0, 0.0, 0.003703
0.0, 0.0, 0.003705
0.0, 0.0, 0.003880
0.0, 0.0, 0.003816
0.0, 0.0, 0.009466
0.0, 0.0, 0.010328
0.0, 0.0, 0.012255
0.0, 0.0, 0.014533
0.0, 0.0, 0.015136
0.0, 0.0, 0.015521
0.0, 0.0, 0.015339
0.0, 0.0, 0.015210
0.0, 0.0, 0.015374
0.0, 0.0, 0.015136
0.0, 0.0, 0.014507
0.0, 0.0, 0.014210
0.0, 0.0, 0.014447
0.0, 0.0, 0.014724
0.0, 0.0, 0.015013
0.0, 0.0, 0.014372
0.0, 0.0, 0.014356
0.0, 0.0, 0.014406
0.0, 0.0, 0.014349
0.0, 0.0, 0.013973
0.0, 0.0, 0.012455
0.0, 0.0, 0.011409
0.0, 0.0, 0.012392
0.0, 0.0, 0.011930
0.0, 0.0, 0.013691
0.0, 0.0, 0.014249
0.0, 0.0, 0.014418
0.0, 0.0, 0.014829
0.0, 0.0, 0.014818
0.0, 0.0, 0.014480
0.0, 0.0, 0.013725
0.0, 0.0, 0.014047
0.0, 0.0, 0.013605
0.0, 0.0, 0.013893
0.0, 0.0, 0.014030
0.0, 0.0, 0.014322
0.0, 0.0, 0.013688
0.0, 0.0, 0.013057
0.0, 0.0, 0.012838
0.0, 0.0, 0.012665
0.0, 0.0, 0.012605
0.0, 0.0, 0.003402
0.0, 0.0, 0.003290
0.0, 0.0, 0.003414
0.0, 0.0, 0.003311
0.0, 0.0, 0.005113
0.0, 0.0, 0.008545
0.0, 0.0, 0.013219
0.0, 0.0, 0.013697
0.0, 0.0, 0.015137
0.0, 0.0, 0.015484
0.0, 0.0, 0.015317
0.0, 0.0, 0.015276
0.0, 0.0, 0.015121
0.0, 0.0, 0.014902
0.0, 0.0, 0.014420
0.0, 0.0, 0.014272
0.0, 0.0, 0.014238
0.0, 0.0, 0.014331
0.0, 0.0, 0.014219
0.0, 0.0, 0.014457
0.0, 0.0, 0.013433
0.0, 0.0, 0.013208
0.0, 0.0, 0.013477
0.0, 0.0, 0.013263
0.0, 0.0, 0.012310
0.0, 0.0, 0.012029
0.0, 0.0, 0.010839
0.0, 0.0, 0.010942
0.0, 0.0, 0.012783
0.0, 0.0, 0.012826
0.0, 0.0, 0.012812
0.0, 0.0, 0.013071
0.0, 0.0, 0.013233
0.0, 0.0, 0.013568
0.0, 0.0, 0.014014
0.0, 0.0, 0.014081
0.0, 0.0, 0.014409
0.0, 0.0, 0.014354
0.0, 0.0, 0.013443
0.0, 0.0, 0.013241
0.0, 0.0, 0.013521
0.0, 0.0, 0.013162
0.0, 0.0, 0.012721
0.0, 0.0, 0.012488
0.0, 0.0, 0.012306
0.0, 0.0, 0.003141
0.0, 0.0, 0.003036
0.0, 0.0, 0.003303
0.0, 0.0, 0.003534
0.0, 0.0, 0.003616
0.0, 0.0, 0.005662
0.0, 0.0, 0.014322
0.0, 0.0, 0.014736
0.0, 0.0, 0.014973
0.0, 0.0, 0.015118
0.0, 0.0, 0.014740
0.0, 0.0, 0.014625
0.0, 0.0, 0.014389
0.0, 0.0, 0.014464
0.0, 0.0, 0.014123
0.0, 0.0, 0.013773
0.0, 0.0, 0.013724
0.0, 0.0, 0.013535
0.0, 0.0, 0.013709
0.0, 0.0, 0.013800
0.0, 0.0, 0.013522
0.0, 0.0, 0.013314
0.0, 0.0, 0.013384
0.0, 0.0, 0.013256
0.0, 0.0, 0.012830
0.0, 0.0, 0.012540
0.0, 0.0, 0.012281
0.0, 0.0, 0.010412
0.0, 0.0, 0.012413
0.0, 0.0, 0.011640
0.0, 0.0, 0.011630
0.0, 0.0, 0.011555
0.0, 0.0, 0.011604
0.0, 0.0, 0.013200
0.0, 0.0, 0.013143
0.0, 0.0, 0.013282
0.0, 0.0, 0.012635
0.0, 0.0, 0.013605
0.0, 0.0, 0.013445
0.0, 0.0, 0.013993
0.0, 0.0, 0.013507
0.0, 0.0, 0.012995
0.0, 0.0, 0.012599
0.0, 0.0, 0.012383
0.0, 0.0, 0.012168
0.0, 0.0, 0.002994
0.0, 0.0, 0.003507
0.0, 0.0, 0.003846
0.0, 0.0, 0.008369
0.0, 0.0, 0.010759
0.0, 0.0, 0.012702
0.0, 0.0, 0.014177
0.0, 0.0, 0.014096
0.0, 0.0, 0.013921
0.0, 0.0, 0.013731
0.0, 0.0, 0.014155
0.0, 0.0, 0.013700
0.0, 0.0, 0.013934
0.0, 0.0, 0.013785
0.0, 0.0, 0.013622
0.0, 0.0, 0.013437
0.0, 0.0, 0.013148
0.0, 0.0, 0.013159
0.0, 0.0, 0.013171
0.0, 0.0, 0.013125
0.0, 0.0, 0.012981
0.0, 0.0, 0.013102
0.0, 0.0, 0.013000
0.0, 0.0, 0.012660
0.0, 0.0, 0.012438
0.0, 0.0, 0.011244
0.0, 0.0, 0.011103
0.0, 0.0, 0.012343
0.0, 0.0, 0.011698
0.0, 0.0, 0.011050
0.0, 0.0, 0.010881
0.0, 0.0, 0.009454
0.0, 0.0, 0.009951
0.0, 0.0, 0.012922
0.0, 0.0, 0.012338
0.0, 0.0, 0.011802
0.0, 0.0, 0.011713
0.0, 0.0, 0.012592
0.0, 0.0, 0.013860
0.0, 0.0, 0.014429
0.0, 0.0, 0.014607
0.0, 0.0, 0.013474
0.0, 0.0, 0.012595
0.0, 0.0, 0.012097
0.0, 0.0, 0.012433
0.0, 0.0, 0.002923
0.0, 0.0, 0.005721
0.0, 0.0, 0.008926
0.0, 0.0, 0.009591
0.0, 0.0, 0.011132
0.0, 0.0, 0.012170
0.0, 0.0, 0.012530
0.0, 0.0, 0.013479
0.0, 0.0, 0.013197
0.0, 0.0, 0.013514
0.0, 0.0, 0.013491
0.0, 0.0, 0.013661
0.0, 0.0, 0.013366
0.0, 0.0, 0.013056
0.0, 0.0, 0.012712
0.0, 0.0, 0.012336
0.0, 0.0, 0.012296
0.0, 0.0, 0.012420
0.0, 0.0, 0.012455
0.0, 0.0, 0.012140
0.0, 0.0, 0.011986
0.0, 0.0, 0.012517
0.0, 0.0, 0.012539
0.0, 0.0, 0.012340
0.0, 0.0, 0.010954
0.0, 0.0, 0.011559
0.0, 0.0, 0.010835
0.0, 0.0, 0.011410
0.0, 0.0, 0.011018
0.0, 0.0, 0.010677
0.0, 0.0, 0.009562
0.0, 0.0, 0.009310
0.0, 0.0, 0.008507
0.0, 0.0, 0.012996
0.0, 0.0, 0.011950
0.0, 0.0, 0.011645
0.0, 0.0, 0.011294
0.0, 0.0, 0.011547
0.0, 0.0, 0.012284
0.0, 0.0, 0.014301
0.0, 0.0, 0.014200
0.0, 0.0, 0.014140
0.0, 0.0, 0.012707
0.0, 0.0, 0.012039
0.0, 0.0, 0.011942
0.0, 0.0, 0.002912
0.0, 0.0, 0.003721
0.0, 0.0, 0.008561
0.0, 0.0, 0.009929
0.0, 0.0, 0.010905
0.0, 0.0, 0.011257
0.0, 0.0, 0.012068
0.0, 0.0, 0.012985
0.0, 0.0, 0.013055
0.0, 0.0, 0.012802
0.0, 0.0, 0.013247
0.0, 0.0, 0.012683
0.0, 0.0, 0.012030
0.0, 0.0, 0.011044
0.0, 0.0, 0.010946
0.0, 0.0, 0.011214
0.0, 0.0, 0.011164
0.0, 0.0, 0.010975
0.0, 0.0, 0.010908
0.0, 0.0, 0.011022
0.0, 0.0, 0.011340
0.0, 0.0, 0.011298
0.0, 0.0, 0.011937
0.0, 0.0, 0.012032
0.0, 0.0, 0.011646
0.0, 0.0, 0.011289
0.0, 0.0, 0.011674
0.0, 0.0, 0.010867
0.0, 0.0, 0.010384
0.0, 0.0, 0.010335
0.0, 0.0, 0.009280
0.0, 0.0, 0.009579
0.0, 0.0, 0.008893
0.0, 0.0, 0.012827
0.0, 0.0, 0.012610
0.0, 0.0, 0.012180
0.0, 0.0, 0.012867
0.0, 0.0, 0.012184
0.0, 0.0, 0.012280
0.0, 0.0, 0.012133
0.0, 0.0, 0.013793
0.0, 0.0, 0.014167
0.0, 0.0, 0.013728
0.0, 0.0, 0.012184
0.0, 0.0, 0.011901
0.0, 0.0, 0.002811
0.0, 0.0, 0.002953
0.0, 0.0, 0.008920
0.0, 0.0, 0.009597
0.0, 0.0, 0.010769
0.0, 0.0, 0.011899
0.0, 0.0, 0.012344
0.0, 0.0, 0.012403
0.0, 0.0, 0.012464
0.0, 0.0, 0.012506
0.0, 0.0, 0.012369
0.0, 0.0, 0.011348
0.0, 0.0, 0.011034
0.0, 0.0, 0.011385
0.0, 0.0, 0.011004
0.0, 0.0, 0.010338
0.0, 0.0, 0.010014
0.0, 0.0, 0.009852
0.0, 0.0, 0.009784
0.0, 0.0, 0.009561
0.0, 0.0, 0.009318
0.0, 0.0, 0.009089
0.0, 0.0, 0.008772
0.0, 0.0, 0.008390
0.0, 0.0, 0.008361
0.0, 0.0, 0.008577
0.0, 0.0, 0.008524
0.0, 0.0, 0.008583
0.0, 0.0, 0.008343
0.0, 0.0, 0.008161
0.0, 0.0, 0.008804
0.0, 0.0, 0.011200
0.0, 0.0, 0.011739
0.0, 0.0, 0.012349
0.0, 0.0, 0.012615
0.0, 0.0, 0.013256
0.0, 0.0, 0.012535
0.0, 0.0, 0.012687
0.0, 0.0, 0.012519
0.0, 0.0, 0.012687
0.0, 0.0, 0.012411
0.0, 0.0, 0.012345
0.0, 0.0, 0.012549
0.0, 0.0, 0.012605
0.0, 0.0, 0.012134
0.0, 0.0, 0.002608
0.0, 0.0, 0.003171
0.0, 0.0, 0.008885
0.0, 0.0, 0.009436
0.0, 0.0, 0.010753
0.0, 0.0, 0.010329
0.0, 0.0, 0.009404
0.0, 0.0, 0.009219
0.0, 0.0, 0.009450
0.0, 0.0, 0.009296
0.0, 0.0, 0.008943
0.0, 0.0, 0.008073
0.0, 0.0, 0.007640
0.0, 0.0, 0.009064
0.0, 0.0, 0.008749
0.0, 0.0, 0.008400
0.0, 0.0, 0.008004
0.0, 0.0, 0.007541
0.0, 0.0, 0.007676
0.0, 0.0, 0.008305
0.0, 0.0, 0.008079
0.0, 0.0, 0.007858
0.0, 0.0, 0.007364
0.0, 0.0, 0.006930
0.0, 0.0, 0.006462
0.0, 0.0, 0.006102
0.0, 0.0, 0.006403
0.0, 0.0, 0.006191
0.0, 0.0, 0.006521
0.0, 0.0, 0.005319
0.0, 0.0, 0.007382
0.0, 0.0, 0.009854
0.0, 0.0, 0.009895
0.0, 0.0, 0.010542
0.0, 0.0, 0.011055
0.0, 0.0, 0.011607
0.0, 0.0, 0.011748
0.0, 0.0, 0.011536
0.0, 0.0, 0.011773
0.0, 0.0, 0.011796
0.0, 0.0, 0.012320
0.0, 0.0, 0.012495
0.0, 0.0, 0.012359
0.0, 0.0, 0.012676
0.0, 0.0, 0.013003
0.0, 0.0, 0.002682
0.0, 0.0, 0.003436
0.0, 0.0, 0.008667
0.0, 0.0, 0.009146
0.0, 0.0, 0.010048
0.0, 0.0, 0.009083
0.0, 0.0, 0.008283
0.0, 0.0, 0.007935
0.0, 0.0, 0.007441
0.0, 0.0, 0.007608
0.0, 0.0, 0.007432
0.0, 0.0, 0.006334
0.0, 0.0, 0.005755
0.0, 0.0, 0.005074
0.0, 0.0, 0.005715
0.0, 0.0, 0.006090
0.0, 0.0, 0.005522
0.0, 0.0, 0.005124
0.0, 0.0, 0.005505
0.0, 0.0, 0.005531
0.0, 0.0, 0.005914
0.0, 0.0, 0.006165
0.0, 0.0, 0.005346
0.0, 0.0, 0.005500
0.0, 0.0, 0.005364
0.0, 0.0, 0.004968
0.0, 0.0, 0.004210
0.0, 0.0, 0.004965
0.0, 0.0, 0.005583
0.0, 0.0, 0.004794
0.0, 0.0, 0.004676
0.0, 0.0, 0.006866
0.0, 0.0, 0.007454
0.0, 0.0, 0.007805
0.0, 0.0, 0.008373
0.0, 0.0, 0.009070
0.0, 0.0, 0.009783
0.0, 0.0, 0.010376
0.0, 0.0, 0.010435
0.0, 0.0, 0.010832
0.0, 0.0, 0.010983
0.0, 0.0, 0.011411
0.0, 0.0, 0.012072
0.0, 0.0, 0.012554
0.0, 0.0, 0.012427
0.0, 0.0, 0.002760
0.0, 0.0, 0.006658
0.0, 0.0, 0.007603
0.0, 0.0, 0.008537
0.0, 0.0, 0.009018
0.0, 0.0, 0.008384
0.0, 0.0, 0.007679
0.0, 0.0, 0.006606
0.0, 0.0, 0.005719
0.0, 0.0, 0.005878
0.0, 0.0, 0.005999
0.0, 0.0, 0.005759
0.0, 0.0, 0.005227
0.0, 0.0, 0.004846
0.0, 0.0, 0.004602
0.0, 0.0, 0.004460
0.0, 0.0, 0.004572
0.0, 0.0, 0.004718
0.0, 0.0, 0.004532
0.0, 0.0, 0.004426
0.0, 0.0, 0.003998
0.0, 0.0, 0.003980
0.0, 0.0, 0.003786
0.0, 0.0, 0.004163
0.0, 0.0, 0.003878
0.0, 0.0, 0.003576
0.0, 0.0, 0.003731
0.0, 0.0, 0.004167
0.0, 0.0, 0.004595
0.0, 0.0, 0.004276
0.0, 0.0, 0.004072
0.0, 0.0, 0.006364
0.0, 0.0, 0.005976
0.0, 0.0, 0.006238
0.0, 0.0, 0.006794
0.0, 0.0, 0.007565
0.0, 0.0, 0.007890
0.0, 0.0, 0.008768
0.0, 0.0, 0.009150
0.0, 0.0, 0.009722
0.0, 0.0, 0.010267
0.0, 0.0, 0.010657
0.0, 0.0, 0.011248
0.0, 0.0, 0.011703
0.0, 0.0, 0.012209
0.0, 0.0, 0.002892
0.0, 0.0, 0.004596
0.0, 0.0, 0.006895
0.0, 0.0, 0.006161
0.0, 0.0, 0.006463
0.0, 0.0, 0.007033
0.0, 0.0, 0.006248
0.0, 0.0, 0.005690
0.0, 0.0, 0.005446
0.0, 0.0, 0.005368
0.0, 0.0, 0.005721
0.0, 0.0, 0.005627
0.0, 0.0, 0.004920
0.0, 0.0, 0.004759
0.0, 0.0, 0.004854
0.0, 0.0, 0.004150
0.0, 0.0, 0.004259
0.0, 0.0, 0.004443
0.0, 0.0, 0.004275
0.0, 0.0, 0.004006
0.0, 0.0, 0.003945
0.0, 0.0, 0.003894
0.0, 0.0, 0.003821
0.0, 0.0, 0.003812
0.0, 0.0, 0.004122
0.0, 0.0, 0.003660
0.0, 0.0, 0.003543
0.0, 0.0, 0.004222
0.0, 0.0, 0.004292
0.0, 0.0, 0.003970
0.0, 0.0, 0.003935
0.0, 0.0, 0.005058
0.0, 0.0, 0.005519
0.0, 0.0, 0.005451
0.0, 0.0, 0.005857
0.0, 0.0, 0.006414
0.0, 0.0, 0.006904
0.0, 0.0, 0.007850
0.0, 0.0, 0.008454
0.0, 0.0, 0.008880
0.0, 0.0, 0.009528
0.0, 0.0, 0.009871
0.0, 0.0, 0.010345
0.0, 0.0, 0.011067
0.0, 0.0, 0.011877
0.0, 0.0, 0.002998
0.0, 0.0, 0.005110
0.0, 0.0, 0.005096
0.0, 0.0, 0.005222
0.0, 0.0, 0.005378
0.0, 0.0, 0.005341
0.0, 0.0, 0.005442
0.0, 0.0, 0.005328
0.0, 0.0, 0.005239
0.0, 0.0, 0.005243
0.0, 0.0, 0.005429
0.0, 0.0, 0.005397
0.0, 0.0, 0.005359
0.0, 0.0, 0.005114
0.0, 0.0, 0.005047
0.0, 0.0, 0.004738
0.0, 0.0, 0.003761
0.0, 0.0, 0.003873
0.0, 0.0, 0.003839
0.0, 0.0, 0.003665
0.0, 0.0, 0.003476
0.0, 0.0, 0.003358
0.0, 0.0, 0.003609
0.0, 0.0, 0.003772
0.0, 0.0, 0.003566
0.0, 0.0, 0.003624
0.0, 0.0, 0.003665
0.0, 0.0, 0.003179
0.0, 0.0, 0.003717
0.0, 0.0, 0.003946
0.0, 0.0, 0.003956
0.0, 0.0, 0.003716
0.0, 0.0, 0.005167
0.0, 0.0, 0.005537
0.0, 0.0, 0.005921
0.0, 0.0, 0.006368
0.0, 0.0, 0.006760
0.0, 0.0, 0.007178
0.0, 0.0, 0.007539
0.0, 0.0, 0.008103
0.0, 0.0, 0.008697
0.0, 0.0, 0.009242
0.0, 0.0, 0.009613
0.0, 0.0, 0.010087
0.0, 0.0, 0.011439
0.0, 0.0, 0.003616
0.0, 0.0, 0.004569
0.0, 0.0, 0.004432
0.0, 0.0, 0.004275
0.0, 0.0, 0.004520
0.0, 0.0, 0.004650
0.0, 0.0, 0.005192
0.0, 0.0, 0.005171
0.0, 0.0, 0.005197
0.0, 0.0, 0.005158
0.0, 0.0, 0.005401
0.0, 0.0, 0.005296
0.0, 0.0, 0.004942
0.0, 0.0, 0.005062
0.0, 0.0, 0.005072
0.0, 0.0, 0.004845
0.0, 0.0, 0.004673
0.0, 0.0, 0.003909
0.0, 0.0, 0.003419
0.0, 0.0, 0.003234
0.0, 0.0, 0.003225
0.0, 0.0, 0.003059
0.0, 0.0, 0.003463
0.0, 0.0, 0.003309
0.0, 0.0, 0.003198
0.0, 0.0, 0.003762
0.0, 0.0, 0.003262
0.0, 0.0, 0.003103
0.0, 0.0, 0.003689
0.0, 0.0, 0.004124
0.0, 0.0, 0.004174
0.0, 0.0, 0.003707
0.0, 0.0, 0.005349
0.0, 0.0, 0.006285
0.0, 0.0, 0.006215
0.0, 0.0, 0.006265
0.0, 0.0, 0.006472
0.0, 0.0, 0.006828
0.0, 0.0, 0.007375
0.0, 0.0, 0.008046
0.0, 0.0, 0.008424
0.0, 0.0, 0.008695
0.0, 0.0, 0.008977
0.0, 0.0, 0.009383
0.0, 0.0, 0.010178
0.0, 0.0, 0.004130
0.0, 0.0, 0.004077
0.0, 0.0, 0.003882
0.0, 0.0, 0.003921
0.0, 0.0, 0.003930
0.0, 0.0, 0.004552
0.0, 0.0, 0.004981
0.0, 0.0, 0.004992
0.0, 0.0, 0.005271
0.0, 0.0, 0.005404
0.0, 0.0, 0.005489
0.0, 0.0, 0.005442
0.0, 0.0, 0.005064
0.0, 0.0, 0.004619
0.0, 0.0, 0.004569
0.0, 0.0, 0.004422
0.0, 0.0, 0.004307
0.0, 0.0, 0.003028
0.0, 0.0, 0.003026
0.0, 0.0, 0.003021
0.0, 0.0, 0.002857
0.0, 0.0, 0.002913
0.0, 0.0, 0.003190
0.0, 0.0, 0.003078
0.0, 0.0, 0.002928
0.0, 0.0, 0.002909
0.0, 0.0, 0.003230
0.0, 0.0, 0.003453
0.0, 0.0, 0.003421
0.0, 0.0, 0.003633
0.0, 0.0, 0.004077
0.0, 0.0, 0.003803
0.0, 0.0, 0.004202
0.0, 0.0, 0.003771
0.0, 0.0, 0.005301
0.0, 0.0, 0.005458
0.0, 0.0, 0.005556
0.0, 0.0, 0.005736
0.0, 0.0, 0.006331
0.0, 0.0, 0.007112
0.0, 0.0, 0.007501
0.0, 0.0, 0.008444
0.0, 0.0, 0.008815
0.0, 0.0, 0.009199
0.0, 0.0, 0.009459
0.0, 0.0, 0.003917
0.0, 0.0, 0.003843
0.0, 0.0, 0.003571
0.0, 0.0, 0.003700
0.0, 0.0, 0.003647
0.0, 0.0, 0.003845
0.0, 0.0, 0.004534
0.0, 0.0, 0.004768
0.0, 0.0, 0.005053
0.0, 0.0, 0.005210
0.0, 0.0, 0.005033
0.0, 0.0, 0.004758
0.0, 0.0, 0.004208
0.0, 0.0, 0.002998
0.0, 0.0, 0.002804
0.0, 0.0, 0.002680
0.0, 0.0, 0.002490
0.0, 0.0, 0.002472
0.0, 0.0, 0.002603
0.0, 0.0, 0.002777
0.0, 0.0, 0.002759
0.0, 0.0, 0.002783
0.0, 0.0, 0.002815
0.0, 0.0, 0.002756
0.0, 0.0, 0.002806
0.0, 0.0, 0.002943
0.0, 0.0, 0.002879
0.0, 0.0, 0.003119
0.0, 0.0, 0.003136
0.0, 0.0, 0.003463
0.0, 0.0, 0.003090
0.0, 0.0, 0.003672
0.0, 0.0, 0.003887
0.0, 0.0, 0.003771
0.0, 0.0, 0.004296
0.0, 0.0, 0.004286
0.0, 0.0, 0.004659
0.0, 0.0, 0.004960
0.0, 0.0, 0.004965
0.0, 0.0, 0.005465
0.0, 0.0, 0.006269
0.0, 0.0, 0.007047
0.0, 0.0, 0.007563
0.0, 0.0, 0.008266
0.0, 0.0, 0.008930
0.0, 0.0, 0.004003
0.0, 0.0, 0.003800
0.0, 0.0, 0.003447
0.0, 0.0, 0.003362
0.0, 0.0, 0.003196
0.0, 0.0, 0.003064
0.0, 0.0, 0.003142
0.0, 0.0, 0.002882
0.0, 0.0, 0.002868
0.0, 0.0, 0.003206
0.0, 0.0, 0.003625
0.0, 0.0, 0.003889
0.0, 0.0, 0.003330
0.0, 0.0, 0.002799
0.0, 0.0, 0.002391
0.0, 0.0, 0.002387
0.0, 0.0, 0.002485
0.0, 0.0, 0.002530
0.0, 0.0, 0.002671
0.0, 0.0, 0.002826
0.0, 0.0, 0.002661
0.0, 0.0, 0.002658
0.0, 0.0, 0.002547
0.0, 0.0, 0.002593
0.0, 0.0, 0.002594
0.0, 0.0, 0.002716
0.0, 0.0, 0.002812
0.0, 0.0, 0.002842
0.0, 0.0, 0.003014
0.0, 0.0, 0.003425
0.0, 0.0, 0.003116
0.0, 0.0, 0.003554
0.0, 0.0, 0.003349
0.0, 0.0, 0.003500
0.0, 0.0, 0.003565
0.0, 0.0, 0.003444
0.0, 0.0, 0.003717
0.0, 0.0, 0.003876
0.0, 0.0, 0.004351
0.0, 0.0, 0.004722
0.0, 0.0, 0.005438
0.0, 0.0, 0.005904
0.0, 0.0, 0.006423
0.0, 0.0, 0.006908
0.0, 0.0, 0.007395
0.0, 0.0, 0.003765
0.0, 0.0, 0.003568
0.0, 0.0, 0.003193
0.0, 0.0, 0.003090
0.0, 0.0, 0.002785
0.0, 0.0, 0.002534
0.0, 0.0, 0.002452
0.0, 0.0, 0.002567
0.0, 0.0, 0.002578
0.0, 0.0, 0.002601
0.0, 0.0, 0.002796
0.0, 0.0, 0.002884
0.0, 0.0, 0.002938
0.0, 0.0, 0.002825
0.0, 0.0, 0.002899
0.0, 0.0, 0.002332
0.0, 0.0, 0.002523
0.0, 0.0, 0.002446
0.0, 0.0, 0.002634
0.0, 0.0, 0.002540
0.0, 0.0, 0.002519
0.0, 0.0, 0.002393
0.0, 0.0, 0.002421
0.0, 0.0, 0.002257
0.0, 0.0, 0.002519
0.0, 0.0, 0.002520
0.0, 0.0, 0.002861
0.0, 0.0, 0.002789
0.0, 0.0, 0.002775
0.0, 0.0, 0.002833
0.0, 0.0, 0.003218
0.0, 0.0, 0.003216
0.0, 0.0, 0.003033
0.0, 0.0, 0.003262
0.0, 0.0, 0.003245
0.0, 0.0, 0.003103
0.0, 0.0, 0.002794
0.0, 0.0, 0.003513
0.0, 0.0, 0.004812
0.0, 0.0, 0.005121
0.0, 0.0, 0.005134
0.0, 0.0, 0.005262
0.0, 0.0, 0.005482
0.0, 0.0, 0.005790
0.0, 0.0, 0.006169
0.0, 0.0, 0.003796
0.0, 0.0, 0.005133
0.0, 0.0, 0.003893
0.0, 0.0, 0.003659
0.0, 0.0, 0.003215
0.0, 0.0, 0.003029
0.0, 0.0, 0.003275
0.0, 0.0, 0.003200
0.0, 0.0, 0.002560
0.0, 0.0, 0.002499
0.0, 0.0, 0.002676
0.0, 0.0, 0.002733
0.0, 0.0, 0.002658
0.0, 0.0, 0.002558
0.0, 0.0, 0.002354
0.0, 0.0, 0.002244
0.0, 0.0, 0.002190
0.0, 0.0, 0.002215
0.0, 0.0, 0.002454
0.0, 0.0, 0.002544
0.0, 0.0, 0.002597
0.0, 0.0, 0.002442
0.0, 0.0, 0.002354
0.0, 0.0, 0.002345
0.0, 0.0, 0.002432
0.0, 0.0, 0.002589
0.0, 0.0, 0.002746
0.0, 0.0, 0.003038
0.0, 0.0, 0.002817
0.0, 0.0, 0.002944
0.0, 0.0, 0.003112
0.0, 0.0, 0.003306
0.0, 0.0, 0.003063
0.0, 0.0, 0.002808
0.0, 0.0, 0.002837
0.0, 0.0, 0.003133
0.0, 0.0, 0.003494
0.0, 0.0, 0.003760
0.0, 0.0, 0.003881
0.0, 0.0, 0.004040
0.0, 0.0, 0.004194
0.0, 0.0, 0.004405
0.0, 0.0, 0.004626
0.0, 0.0, 0.004812
0.0, 0.0, 0.005102
0.0, 0.0, 0.003579
0.0, 0.0, 0.004436
0.0, 0.0, 0.004203
0.0, 0.0, 0.004023
0.0, 0.0, 0.003539
0.0, 0.0, 0.003378
0.0, 0.0, 0.003254
0.0, 0.0, 0.003170
0.0, 0.0, 0.003070
0.0, 0.0, 0.002853
0.0, 0.0, 0.003218
0.0, 0.0, 0.003350
0.0, 0.0, 0.003209
0.0, 0.0, 0.003106
0.0, 0.0, 0.002316
0.0, 0.0, 0.002035
0.0, 0.0, 0.002134
0.0, 0.0, 0.002114
0.0, 0.0, 0.002272
0.0, 0.0, 0.002560
0.0, 0.0, 0.002664
0.0, 0.0, 0.002499
0.0, 0.0, 0.002553
0.0, 0.0, 0.002432
0.0, 0.0, 0.002536
0.0, 0.0, 0.002703
0.0, 0.0, 0.002868
0.0, 0.0, 0.003008
0.0, 0.0, 0.003191
0.0, 0.0, 0.003099
0.0, 0.0, 0.002753
0.0, 0.0, 0.003005
0.0, 0.0, 0.002917
0.0, 0.0, 0.002695
0.0, 0.0, 0.002647
0.0, 0.0, 0.003333
0.0, 0.0, 0.003346
0.0, 0.0, 0.003042
0.0, 0.0, 0.003158
0.0, 0.0, 0.003362
0.0, 0.0, 0.003539
0.0, 0.0, 0.003847
0.0, 0.0, 0.004112
0.0, 0.0, 0.004323
0.0, 0.0, 0.004489
0.0, 0.0, 0.003238
0.0, 0.0, 0.004271
0.0, 0.0, 0.004140
0.0, 0.0, 0.003569
0.0, 0.0, 0.003424
0.0, 0.0, 0.002819
0.0, 0.0, 0.002839
0.0, 0.0, 0.002921
0.0, 0.0, 0.003068
0.0, 0.0, 0.003337
0.0, 0.0, 0.003461
0.0, 0.0, 0.003378
0.0, 0.0, 0.003030
0.0, 0.0, 0.002463
0.0, 0.0, 0.002497
0.0, 0.0, 0.002169
0.0, 0.0, 0.002060
0.0, 0.0, 0.002045
0.0, 0.0, 0.002102
0.0, 0.0, 0.002329
0.0, 0.0, 0.002452
0.0, 0.0, 0.002479
0.0, 0.0, 0.002473
0.0, 0.0, 0.002599
0.0, 0.0, 0.002739
0.0, 0.0, 0.002836
0.0, 0.0, 0.003062
0.0, 0.0, 0.003111
0.0, 0.0, 0.003101
0.0, 0.0, 0.002880
0.0, 0.0, 0.002977
0.0, 0.0, 0.002736
0.0, 0.0, 0.002578
0.0, 0.0, 0.002718
0.0, 0.0, 0.002791
0.0, 0.0, 0.002644
0.0, 0.0, 0.002637
0.0, 0.0, 0.002578
0.0, 0.0, 0.002643
0.0, 0.0, 0.003047
0.0, 0.0, 0.003245
0.0, 0.0, 0.003562
0.0, 0.0, 0.003884
0.0, 0.0, 0.004117
0.0, 0.0, 0.004139
0.0, 0.0, 0.002854
0.0, 0.0, 0.003089
0.0, 0.0, 0.003940
0.0, 0.0, 0.003879
0.0, 0.0, 0.003201
0.0, 0.0, 0.002998
0.0, 0.0, 0.003046
0.0, 0.0, 0.003053
0.0, 0.0, 0.003228
0.0, 0.0, 0.003346
0.0, 0.0, 0.003287
0.0, 0.0, 0.002838
0.0, 0.0, 0.002216
0.0, 0.0, 0.002317
0.0, 0.0, 0.002246
0.0, 0.0, 0.002202
0.0, 0.0, 0.002041
0.0, 0.0, 0.002012
0.0, 0.0, 0.002003
0.0, 0.0, 0.002104
0.0, 0.0, 0.002335
0.0, 0.0, 0.002393
0.0, 0.0, 0.002545
0.0, 0.0, 0.002710
0.0, 0.0, 0.002741
0.0, 0.0, 0.002786
0.0, 0.0, 0.003023
0.0, 0.0, 0.002999
0.0, 0.0, 0.003082
0.0, 0.0, 0.003308
0.0, 0.0, 0.003092
0.0, 0.0, 0.002600
0.0, 0.0, 0.002476
0.0, 0.0, 0.002498
0.0, 0.0, 0.002658
0.0, 0.0, 0.002444
0.0, 0.0, 0.002280
0.0, 0.0, 0.002678
0.0, 0.0, 0.002359
0.0, 0.0, 0.002625
0.0, 0.0, 0.002877
0.0, 0.0, 0.003220
0.0, 0.0, 0.003402
0.0, 0.0, 0.003801
0.0, 0.0, 0.004039
0.0, 0.0, 0.002389
0.0, 0.0, 0.003153
0.0, 0.0, 0.003535
0.0, 0.0, 0.004069
0.0, 0.0, 0.003667
0.0, 0.0, 0.003337
0.0, 0.0, 0.003125
0.0, 0.0, 0.003234
0.0, 0.0, 0.003250
0.0, 0.0, 0.003013
0.0, 0.0, 0.002835
0.0, 0.0, 0.002506
0.0, 0.0, 0.002072
0.0, 0.0, 0.001967
0.0, 0.0, 0.001895
0.0, 0.0, 0.001889
0.0, 0.0, 0.001868
0.0, 0.0, 0.001871
0.0, 0.0, 0.001995
0.0, 0.0, 0.002118
0.0, 0.0, 0.002246
0.0, 0.0, 0.002340
0.0, 0.0, 0.002499
0.0, 0.0, 0.002682
0.0, 0.0, 0.002714
0.0, 0.0, 0.002768
0.0, 0.0, 0.002853
0.0, 0.0, 0.002803
0.0, 0.0, 0.002868
0.0, 0.0, 0.002885
0.0, 0.0, 0.002824
0.0, 0.0, 0.002388
0.0, 0.0, 0.002227
0.0, 0.0, 0.002165
0.0, 0.0, 0.002456
0.0, 0.0, 0.002358
0.0, 0.0, 0.002272
0.0, 0.0, 0.002354
0.0, 0.0, 0.002156
0.0, 0.0, 0.002251
0.0, 0.0, 0.002520
0.0, 0.0, 0.002876
0.0, 0.0, 0.003082
0.0, 0.0, 0.003337
0.0, 0.0, 0.003627
0.0, 0.0, 0.002071
0.0, 0.0, 0.002398
0.0, 0.0, 0.003879
0.0, 0.0, 0.003885
0.0, 0.0, 0.003716
0.0, 0.0, 0.003449
0.0, 0.0, 0.003345
0.0, 0.0, 0.003464
0.0, 0.0, 0.003536
0.0, 0.0, 0.003051
0.0, 0.0, 0.002667
0.0, 0.0, 0.002266
0.0, 0.0, 0.001871
0.0, 0.0, 0.001671
0.0, 0.0, 0.001534
0.0, 0.0, 0.001487
0.0, 0.0, 0.001562
0.0, 0.0, 0.001671
0.0, 0.0, 0.001828
0.0, 0.0, 0.002014
0.0, 0.0, 0.002093
0.0, 0.0, 0.002265
0.0, 0.0, 0.002407
0.0, 0.0, 0.002634
0.0, 0.0, 0.002719
0.0, 0.0, 0.002852
0.0, 0.0, 0.002837
0.0, 0.0, 0.002916
0.0, 0.0, 0.002742
0.0, 0.0, 0.002697
0.0, 0.0, 0.002544
0.0, 0.0, 0.002603
0.0, 0.0, 0.002199
0.0, 0.0, 0.002165
0.0, 0.0, 0.002139
0.0, 0.0, 0.002245
0.0, 0.0, 0.002113
0.0, 0.0, 0.002222
0.0, 0.0, 0.002193
0.0, 0.0, 0.002036
0.0, 0.0, 0.002289
0.0, 0.0, 0.002519
0.0, 0.0, 0.002768
0.0, 0.0, 0.003068
0.0, 0.0, 0.003380
0.0, 0.0, 0.002154
0.0, 0.0, 0.002551
0.0, 0.0, 0.003590
0.0, 0.0, 0.003113
0.0, 0.0, 0.003328
0.0, 0.0, 0.003028
0.0, 0.0, 0.003097
0.0, 0.0, 0.003287
0.0, 0.0, 0.003457
0.0, 0.0, 0.003282
0.0, 0.0, 0.002490
0.0, 0.0, 0.002139
0.0, 0.0, 0.001711
0.0, 0.0, 0.001410
0.0, 0.0, 0.001394
0.0, 0.0, 0.001376
0.0, 0.0, 0.001465
0.0, 0.0, 0.001545
0.0, 0.0, 0.001724
0.0, 0.0, 0.001842
0.0, 0.0, 0.002013
0.0, 0.0, 0.002198
0.0, 0.0, 0.002396
0.0, 0.0, 0.002643
0.0, 0.0, 0.002748
0.0, 0.0, 0.002838
0.0, 0.0, 0.002860
0.0, 0.0, 0.002899
0.0, 0.0, 0.002854
0.0, 0.0, 0.002692
0.0, 0.0, 0.002617
0.0, 0.0, 0.002514
0.0, 0.0, 0.002293
0.0, 0.0, 0.002239
0.0, 0.0, 0.002321
0.0, 0.0, 0.002277
0.0, 0.0, 0.002361
0.0, 0.0, 0.002041
0.0, 0.0, 0.001841
0.0, 0.0, 0.001887
0.0, 0.0, 0.002104
0.0, 0.0, 0.002303
0.0, 0.0, 0.002581
0.0, 0.0, 0.002758
0.0, 0.0, 0.003055
0.0, 0.0, 0.001765
0.0, 0.0, 0.001585
0.0, 0.0, 0.002197
0.0, 0.0, 0.002418
0.0, 0.0, 0.002758
0.0, 0.0, 0.003011
0.0, 0.0, 0.003033
0.0, 0.0, 0.003194
0.0, 0.0, 0.003165
0.0, 0.0, 0.002940
0.0, 0.0, 0.002248
0.0, 0.0, 0.002084
0.0, 0.0, 0.001662
0.0, 0.0, 0.001449
0.0, 0.0, 0.001337
0.0, 0.0, 0.001327
0.0, 0.0, 0.001413
0.0, 0.0, 0.001537
0.0, 0.0, 0.001661
0.0, 0.0, 0.001757
0.0, 0.0, 0.001999
0.0, 0.0, 0.002198
0.0, 0.0, 0.002519
0.0, 0.0, 0.002702
0.0, 0.0, 0.002873
0.0, 0.0, 0.003028
0.0, 0.0, 0.002950
0.0, 0.0, 0.002811
0.0, 0.0, 0.002873
0.0, 0.0, 0.002840
0.0, 0.0, 0.002661
0.0, 0.0, 0.002584
0.0, 0.0, 0.002361
0.0, 0.0, 0.002337
0.0, 0.0, 0.002307
0.0, 0.0, 0.002134
0.0, 0.0, 0.002110
0.0, 0.0, 0.002021
0.0, 0.0, 0.001854
0.0, 0.0, 0.001784
0.0, 0.0, 0.001967
0.0, 0.0, 0.002100
0.0, 0.0, 0.002337
0.0, 0.0, 0.002565
0.0, 0.0, 0.002779
0.0, 0.0, 0.001951
0.0, 0.0, 0.001713
0.0, 0.0, 0.002417
0.0, 0.0, 0.002623
0.0, 0.0, 0.002745
0.0, 0.0, 0.002758
0.0, 0.0, 0.002969
0.0, 0.0, 0.003079
0.0, 0.0, 0.002996
0.0, 0.0, 0.002614
0.0, 0.0, 0.002430
0.0, 0.0, 0.002110
0.0, 0.0, 0.001745
0.0, 0.0, 0.001507
0.0, 0.0, 0.001467
0.0, 0.0, 0.001485
0.0, 0.0, 0.001541
0.0, 0.0, 0.001641
0.0, 0.0, 0.001663
0.0, 0.0, 0.001737
0.0, 0.0, 0.001874
0.0, 0.0, 0.002215
0.0, 0.0, 0.002655
0.0, 0.0, 0.002937
0.0, 0.0, 0.002829
0.0, 0.0, 0.003037
0.0, 0.0, 0.003095
0.0, 0.0, 0.002870
0.0, 0.0, 0.003071
0.0, 0.0, 0.002418
0.0, 0.0, 0.002861
0.0, 0.0, 0.002811
0.0, 0.0, 0.002632
0.0, 0.0, 0.002473
0.0, 0.0, 0.002409
0.0, 0.0, 0.002128
0.0, 0.0, 0.002054
0.0, 0.0, 0.002020
0.0, 0.0, 0.001870
0.0, 0.0, 0.001770
0.0, 0.0, 0.001812
0.0, 0.0, 0.001921
0.0, 0.0, 0.002108
0.0, 0.0, 0.002332
0.0, 0.0, 0.002648
0.0, 0.0, 0.001864
0.0, 0.0, 0.001627
0.0, 0.0, 0.002029
0.0, 0.0, 0.001979
0.0, 0.0, 0.002095
0.0, 0.0, 0.002472
0.0, 0.0, 0.002733
0.0, 0.0, 0.002834
0.0, 0.0, 0.002795
0.0, 0.0, 0.002498
0.0, 0.0, 0.002353
0.0, 0.0, 0.002231
0.0, 0.0, 0.001779
0.0, 0.0, 0.001633
0.0, 0.0, 0.001647
0.0, 0.0, 0.001675
0.0, 0.0, 0.001612
0.0, 0.0, 0.001536
0.0, 0.0, 0.001536
0.0, 0.0, 0.001660
0.0, 0.0, 0.001865
0.0, 0.0, 0.002043
0.0, 0.0, 0.002303
0.0, 0.0, 0.002218
0.0, 0.0, 0.002228
0.0, 0.0, 0.002358
0.0, 0.0, 0.002522
0.0, 0.0, 0.002679
0.0, 0.0, 0.002372
0.0, 0.0, 0.002091
0.0, 0.0, 0.002629
0.0, 0.0, 0.002441
0.0, 0.0, 0.002715
0.0, 0.0, 0.002499
0.0, 0.0, 0.002317
0.0, 0.0, 0.002166
0.0, 0.0, 0.002100
0.0, 0.0, 0.001849
0.0, 0.0, 0.001715
0.0, 0.0, 0.001726
0.0, 0.0, 0.001521
0.0, 0.0, 0.001732
0.0, 0.0, 0.001967
0.0, 0.0, 0.002191
0.0, 0.0, 0.002443
0.0, 0.0, 0.001511
0.0, 0.0, 0.001311
0.0, 0.0, 0.001319
0.0, 0.0, 0.001313
0.0, 0.0, 0.001625
0.0, 0.0, 0.001757
0.0, 0.0, 0.002028
0.0, 0.0, 0.002187
0.0, 0.0, 0.002298
0.0, 0.0, 0.002565
0.0, 0.0, 0.002585
0.0, 0.0, 0.002295
0.0, 0.0, 0.002392
0.0, 0.0, 0.002179
0.0, 0.0, 0.001691
0.0, 0.0, 0.001807
0.0, 0.0, 0.001662
0.0, 0.0, 0.001560
0.0, 0.0, 0.001535
0.0, 0.0, 0.001706
0.0, 0.0, 0.001846
0.0, 0.0, 0.001990
0.0, 0.0, 0.001980
0.0, 0.0, 0.001901
0.0, 0.0, 0.001944
0.0, 0.0, 0.001982
0.0, 0.0, 0.002161
0.0, 0.0, 0.002190
0.0, 0.0, 0.002314
0.0, 0.0, 0.002356
0.0, 0.0, 0.002017
0.0, 0.0, 0.002294
0.0, 0.0, 0.002540
0.0, 0.0, 0.002392
0.0, 0.0, 0.002482
0.0, 0.0, 0.002242
0.0, 0.0, 0.002043
0.0, 0.0, 0.001735
0.0, 0.0, 0.001649
0.0, 0.0, 0.001540
0.0, 0.0, 0.001433
0.0, 0.0, 0.001536
0.0, 0.0, 0.001778
0.0, 0.0, 0.001985
0.0, 0.0, 0.002305
0.0, 0.0, 0.001368
0.0, 0.0, 0.001407
0.0, 0.0, 0.001417
0.0, 0.0, 0.001522
0.0, 0.0, 0.001622
0.0, 0.0, 0.001630
0.0, 0.0, 0.001994
0.0, 0.0, 0.001959
0.0, 0.0, 0.002094
0.0, 0.0, 0.002132
0.0, 0.0, 0.002340
0.0, 0.0, 0.002253
0.0, 0.0, 0.002069
0.0, 0.0, 0.001589
0.0, 0.0, 0.001783
0.0, 0.0, 0.001871
0.0, 0.0, 0.001605
0.0, 0.0, 0.001561
0.0, 0.0, 0.001681
0.0, 0.0, 0.001531
0.0, 0.0, 0.001775
0.0, 0.0, 0.001590
0.0, 0.0, 0.001810
0.0, 0.0, 0.001666
0.0, 0.0, 0.001674
0.0, 0.0, 0.001828
0.0, 0.0, 0.001885
0.0, 0.0, 0.001990
0.0, 0.0, 0.002085
0.0, 0.0, 0.002122
0.0, 0.0, 0.001958
0.0, 0.0, 0.001900
0.0, 0.0, 0.001871
0.0, 0.0, 0.001935
0.0, 0.0, 0.001893
0.0, 0.0, 0.001905
0.0, 0.0, 0.001856
0.0, 0.0, 0.001732
0.0, 0.0, 0.001608
0.0, 0.0, 0.001667
0.0, 0.0, 0.001397
0.0, 0.0, 0.001317
0.0, 0.0, 0.001472
0.0, 0.0, 0.001860
0.0, 0.0, 0.002384
0.0, 0.0, 0.001328
0.0, 0.0, 0.001502
0.0, 0.0, 0.001219
0.0, 0.0, 0.001729
0.0, 0.0, 0.001655
0.0, 0.0, 0.001770
0.0, 0.0, 0.001788
0.0, 0.0, 0.001883
0.0, 0.0, 0.002126
0.0, 0.0, 0.002229
0.0, 0.0, 0.002331
0.0, 0.0, 0.002264
0.0, 0.0, 0.002044
0.0, 0.0, 0.002050
0.0, 0.0, 0.001806
0.0, 0.0, 0.001622
0.0, 0.0, 0.001531
0.0, 0.0, 0.001575
0.0, 0.0, 0.001402
0.0, 0.0, 0.001658
0.0, 0.0, 0.001711
0.0, 0.0, 0.001803
0.0, 0.0, 0.001526
0.0, 0.0, 0.001512
0.0, 0.0, 0.001640
0.0, 0.0, 0.001488
0.0, 0.0, 0.001589
0.0, 0.0, 0.001540
0.0, 0.0, 0.001562
0.0, 0.0, 0.001681
0.0, 0.0, 0.001298
0.0, 0.0, 0.001658
0.0, 0.0, 0.001516
0.0, 0.0, 0.001476
0.0, 0.0, 0.001560
0.0, 0.0, 0.001496
0.0, 0.0, 0.001463
0.0, 0.0, 0.001386
0.0, 0.0, 0.001501
0.0, 0.0, 0.001390
0.0, 0.0, 0.001294
0.0, 0.0, 0.001320
0.0, 0.0, 0.001562
0.0, 0.0, 0.001965
0.0, 0.0, 0.002321
0.0, 0.0, 0.001306
0.0, 0.0, 0.001791
0.0, 0.0, 0.001386
0.0, 0.0, 0.001768
0.0, 0.0, 0.001891
0.0, 0.0, 0.001873
0.0, 0.0, 0.001915
0.0, 0.0, 0.002108
0.0, 0.0, 0.002374
0.0, 0.0, 0.002460
0.0, 0.0, 0.002456
0.0, 0.0, 0.002514
0.0, 0.0, 0.002229
0.0, 0.0, 0.002129
0.0, 0.0, 0.001801
0.0, 0.0, 0.001633
0.0, 0.0, 0.001438
0.0, 0.0, 0.001382
0.0, 0.0, 0.001479
0.0, 0.0, 0.001602
0.0, 0.0, 0.001695
0.0, 0.0, 0.001837
0.0, 0.0, 0.001655
0.0, 0.0, 0.001299
0.0, 0.0, 0.001439
0.0, 0.0, 0.001210
0.0, 0.0, 0.001374
0.0, 0.0, 0.001272
0.0, 0.0, 0.001442
0.0, 0.0, 0.001603
0.0, 0.0, 0.001198
0.0, 0.0, 0.001200
0.0, 0.0, 0.001318
0.0, 0.0, 0.001280
0.0, 0.0, 0.001238
0.0, 0.0, 0.001259
0.0, 0.0, 0.001073
0.0, 0.0, 0.001060
0.0, 0.0, 0.001043
0.0, 0.0, 0.001215
0.0, 0.0, 0.001200
0.0, 0.0, 0.001299
0.0, 0.0, 0.001609
0.0, 0.0, 0.001862
0.0, 0.0, 0.002331
0.0, 0.0, 0.001221
0.0, 0.0, 0.001243
0.0, 0.0, 0.001587
0.0, 0.0, 0.001873
0.0, 0.0, 0.001891
0.0, 0.0, 0.001491
0.0, 0.0, 0.002127
0.0, 0.0, 0.002217
0.0, 0.0, 0.002405
0.0, 0.0, 0.002402
0.0, 0.0, 0.002564
0.0, 0.0, 0.002695
0.0, 0.0, 0.002189
0.0, 0.0, 0.001957
0.0, 0.0, 0.001907
0.0, 0.0, 0.001879
0.0, 0.0, 0.001594
0.0, 0.0, 0.001272
0.0, 0.0, 0.001514
0.0, 0.0, 0.001663
0.0, 0.0, 0.001582
0.0, 0.0, 0.001444
0.0, 0.0, 0.001435
0.0, 0.0, 0.001215
0.0, 0.0, 0.001139
0.0, 0.0, 0.001255
0.0, 0.0, 0.001144
0.0, 0.0, 0.001146
0.0, 0.0, 0.001240
0.0, 0.0, 0.001166
0.0, 0.0, 0.001084
0.0, 0.0, 0.000855
0.0, 0.0, 0.001077
0.0, 0.0, 0.001070
0.0, 0.0, 0.000999
0.0, 0.0, 0.000958
0.0, 0.0, 0.000973
0.0, 0.0, 0.000918
0.0, 0.0, 0.000861
0.0, 0.0, 0.001091
0.0, 0.0, 0.001057
0.0, 0.0, 0.001227
0.0, 0.0, 0.001486
0.0, 0.0, 0.001845
0.0, 0.0, 0.002190
0.0, 0.0, 0.001388
0.0, 0.0, 0.000985
0.0, 0.0, 0.001911
0.0, 0.0, 0.001912
0.0, 0.0, 0.001723
0.0, 0.0, 0.001835
0.0, 0.0, 0.001976
0.0, 0.0, 0.002079
0.0, 0.0, 0.001921
0.0, 0.0, 0.002111
0.0, 0.0, 0.002430
0.0, 0.0, 0.002642
0.0, 0.0, 0.002603
0.0, 0.0, 0.002277
0.0, 0.0, 0.001951
0.0, 0.0, 0.001537
0.0, 0.0, 0.001427
0.0, 0.0, 0.001487
0.0, 0.0, 0.001512
0.0, 0.0, 0.001590
0.0, 0.0, 0.001394
0.0, 0.0, 0.001282
0.0, 0.0, 0.001354
0.0, 0.0, 0.001295
0.0, 0.0, 0.000808
0.0, 0.0, 0.000814
0.0, 0.0, 0.001008
0.0, 0.0, 0.000883
0.0, 0.0, 0.001294
0.0, 0.0, 0.001107
0.0, 0.0, 0.000843
0.0, 0.0, 0.001020
0.0, 0.0, 0.000920
0.0, 0.0, 0.000823
0.0, 0.0, 0.000805
0.0, 0.0, 0.000864
0.0, 0.0, 0.000817
0.0, 0.0, 0.000880
0.0, 0.0, 0.000835
0.0, 0.0, 0.001098
0.0, 0.0, 0.001117
0.0, 0.0, 0.001289
0.0, 0.0, 0.001386
0.0, 0.0, 0.001643
0.0, 0.0, 0.002236
0.0, 0.0, 0.001282
0.0, 0.0, 0.001281
0.0, 0.0, 0.001926
0.0, 0.0, 0.001904
0.0, 0.0, 0.001604
0.0, 0.0, 0.001562
0.0, 0.0, 0.001598
0.0, 0.0, 0.001609
0.0, 0.0, 0.001652
0.0, 0.0, 0.002005
0.0, 0.0, 0.002310
0.0, 0.0, 0.002497
0.0, 0.0, 0.002345
0.0, 0.0, 0.002377
0.0, 0.0, 0.001682
0.0, 0.0, 0.001463
0.0, 0.0, 0.001410
0.0, 0.0, 0.001383
0.0, 0.0, 0.001681
0.0, 0.0, 0.001611
0.0, 0.0, 0.001505
0.0, 0.0, 0.001162
0.0, 0.0, 0.001117
0.0, 0.0, 0.001138
0.0, 0.0, 0.001102
0.0, 0.0, 0.000891
0.0, 0.0, 0.001026
0.0, 0.0, 0.001188
0.0, 0.0, 0.000940
0.0, 0.0, 0.000977
0.0, 0.0, 0.000920
0.0, 0.0, 0.000889
0.0, 0.0, 0.000775
0.0, 0.0, 0.000718
0.0, 0.0, 0.000737
0.0, 0.0, 0.000762
0.0, 0.0, 0.000723
0.0, 0.0, 0.000734
0.0, 0.0, 0.001046
0.0, 0.0, 0.001102
0.0, 0.0, 0.001094
0.0, 0.0, 0.001099
0.0, 0.0, 0.001238
0.0, 0.0, 0.001647
0.0, 0.0, 0.002516
0.0, 0.0, 0.001262
0.0, 0.0, 0.001963
0.0, 0.0, 0.001879
0.0, 0.0, 0.001735
0.0, 0.0, 0.001658
0.0, 0.0, 0.001489
0.0, 0.0, 0.001542
0.0, 0.0, 0.001468
0.0, 0.0, 0.001637
0.0, 0.0, 0.001959
0.0, 0.0, 0.002087
0.0, 0.0, 0.002300
0.0, 0.0, 0.002315
0.0, 0.0, 0.002197
0.0, 0.0, 0.001672
0.0, 0.0, 0.001689
0.0, 0.0, 0.001418
0.0, 0.0, 0.001441
0.0, 0.0, 0.001344
0.0, 0.0, 0.001495
0.0, 0.0, 0.000955
0.0, 0.0, 0.000871
0.0, 0.0, 0.000723
0.0, 0.0, 0.000834
0.0, 0.0, 0.001472
0.0, 0.0, 0.000750
0.0, 0.0, 0.000468
0.0, 0.0, 0.001037
0.0, 0.0, 0.000962
0.0, 0.0, 0.000871
0.0, 0.0, 0.000841
0.0, 0.0, 0.000751
0.0, 0.0, 0.000671
0.0, 0.0, 0.000612
0.0, 0.0, 0.000583
0.0, 0.0, 0.000592
0.0, 0.0, 0.000621
0.0, 0.0, 0.000629
0.0, 0.0, 0.000707
0.0, 0.0, 0.000858
0.0, 0.0, 0.000965
0.0, 0.0, 0.001085
0.0, 0.0, 0.001228
0.0, 0.0, 0.001558
0.0, 0.0, 0.002436
0.0, 0.0, 0.001675
0.0, 0.0, 0.001880
0.0, 0.0, 0.001894
0.0, 0.0, 0.001801
0.0, 0.0, 0.001602
0.0, 0.0, 0.001479
0.0, 0.0, 0.001578
0.0, 0.0, 0.001609
0.0, 0.0, 0.001650
0.0, 0.0, 0.001848
0.0, 0.0, 0.002008
0.0, 0.0, 0.002076
0.0, 0.0, 0.001905
0.0, 0.0, 0.001567
0.0, 0.0, 0.001581
0.0, 0.0, 0.001458
0.0, 0.0, 0.001285
0.0, 0.0, 0.001275
0.0, 0.0, 0.001074
0.0, 0.0, 0.000761
0.0, 0.0, 0.000512
0.0, 0.0, 0.000491
0.0, 0.0, 0.000779
0.0, 0.0, 0.000608
0.0, 0.0, 0.001198
0.0, 0.0, 0.000619
0.0, 0.0, 0.000593
0.0, 0.0, 0.000820
0.0, 0.0, 0.000815
0.0, 0.0, 0.000711
0.0, 0.0, 0.000662
0.0, 0.0, 0.000642
0.0, 0.0, 0.000599
0.0, 0.0, 0.000553
0.0, 0.0, 0.000506
0.0, 0.0, 0.000495
0.0, 0.0, 0.000532
0.0, 0.0, 0.000502
0.0, 0.0, 0.000549
0.0, 0.0, 0.000709
0.0, 0.0, 0.000842
0.0, 0.0, 0.001020
0.0, 0.0, 0.001184
0.0, 0.0, 0.001573
0.0, 0.0, 0.001937
