S
I=55,J=49
0.0, 0.0, 0.013916
0.0, 0.0, 0.014146
0.0, 0.0, 0.014291
0.0, 0.0, 0.014354
0.0, 0.0, 0.014374
0.0, 0.0, 0.014371
0.0, 0.0, 0.014340
0.0, 0.0, 0.014285
0.0, 0.0, 0.014213
0.0, 0.0, 0.014122
0.0, 0.0, 0.014030
0.0, 0.0, 0.013964
0.0, 0.0, 0.013924
0.0, 0.0, 0.013890
0.0, 0.0, 0.013850
0.0, 0.0, 0.013803
0.0, 0.0, 0.013760
0.0, 0.0, 0.013730
0.0, 0.0, 0.013713
0.0, 0.0, 0.013703
0.0, 0.0, 0.013688
0.0, 0.0, 0.013646
0.0, 0.0, 0.013571
0.0, 0.0, 0.013476
0.0, 0.0, 0.013377
0.0, 0.0, 0.013276
0.0, 0.0, 0.013184
0.0, 0.0, 0.013112
0.0, 0.0, 0.013053
0.0, 0.0, 0.012991
0.0, 0.0, 0.012921
0.0, 0.0, 0.012852
0.0, 0.0, 0.012787
0.0, 0.0, 0.012726
0.0, 0.0, 0.012665
0.0, 0.0, 0.012603
0.0, 0.0, 0.012540
0.0, 0.0, 0.012478
0.0, 0.0, 0.012417
0.0, 0.0, 0.012360
0.0, 0.0, 0.012306
0.0, 0.0, 0.012253
0.0, 0.0, 0.012206
0.0, 0.0, 0.012171
0.0, 0.0, 0.012144
0.0, 0.0, 0.012120
0.0, 0.0, 0.012101
0.0, 0.0, 0.012090
0.0, 0.0, 0.012084
0.0, 0.0, 0.012082
0.0, 0.0, 0.012086
0.0, 0.0, 0.012098
0.0, 0.0, 0.012113
0.0, 0.0, 0.012128
0.0, 0.0, 0.012140
0.0, 0.0, 0.013970
0.0, 0.0, 0.014155
0.0, 0.0, 0.014245
0.0, 0.0, 0.014273
0.0, 0.0, 0.014276
0.0, 0.0, 0.014262
0.0, 0.0, 0.014224
0.0, 0.0, 0.014170
0.0, 0.0, 0.014105
0.0, 0.0, 0.014027
0.0, 0.0, 0.013945
0.0, 0.0, 0.013881
0.0, 0.0, 0.013840
0.0, 0.0, 0.013806
0.0, 0.0, 0.013764
0.0, 0.0, 0.013716
0.0, 0.0, 0.013677
0.0, 0.0, 0.013654
0.0, 0.0, 0.013637
0.0, 0.0, 0.013616
0.0, 0.0, 0.013582
0.0, 0.0, 0.013528
0.0, 0.0, 0.013449
0.0, 0.0, 0.013354
0.0, 0.0, 0.013255
0.0, 0.0, 0.013161
0.0, 0.0, 0.013078
0.0, 0.0, 0.013010
0.0, 0.0, 0.012950
0.0, 0.0, 0.012888
0.0, 0.0, 0.012822
0.0, 0.0, 0.012754
0.0, 0.0, 0.012689
0.0, 0.0, 0.012624
0.0, 0.0, 0.012558
0.0, 0.0, 0.012491
0.0, 0.0, 0.012422
0.0, 0.0, 0.012355
0.0, 0.0, 0.012294
0.0, 0.0, 0.012238
0.0, 0.0, 0.012182
0.0, 0.0, 0.012119
0.0, 0.0, 0.012060
0.0, 0.0, 0.012013
0.0, 0.0, 0.011978
0.0, 0.0, 0.011949
0.0, 0.0, 0.011930
0.0, 0.0, 0.011919
0.0, 0.0, 0.011910
0.0, 0.0, 0.011902
0.0, 0.0, 0.011899
0.0, 0.0, 0.011905
0.0, 0.0, 0.011916
0.0, 0.0, 0.011924
0.0, 0.0, 0.011927
0.0, 0.0, 0.014000
0.0, 0.0, 0.014151
0.0, 0.0, 0.014205
0.0, 0.0, 0.014206
0.0, 0.0, 0.014183
0.0, 0.0, 0.014149
0.0, 0.0, 0.014102
0.0, 0.0, 0.014050
0.0, 0.0, 0.013993
0.0, 0.0, 0.013925
0.0, 0.0, 0.013851
0.0, 0.0, 0.013786
0.0, 0.0, 0.013742
0.0, 0.0, 0.013711
0.0, 0.0, 0.013676
0.0, 0.0, 0.013635
0.0, 0.0, 0.013598
0.0, 0.0, 0.013572
0.0, 0.0, 0.013549
0.0, 0.0, 0.013515
0.0, 0.0, 0.013465
0.0, 0.0, 0.013396
0.0, 0.0, 0.013309
0.0, 0.0, 0.013210
0.0, 0.0, 0.013111
0.0, 0.0, 0.013027
0.0, 0.0, 0.012958
0.0, 0.0, 0.012897
0.0, 0.0, 0.012835
0.0, 0.0, 0.012771
0.0, 0.0, 0.012704
0.0, 0.0, 0.012635
0.0, 0.0, 0.012565
0.0, 0.0, 0.012495
0.0, 0.0, 0.012424
0.0, 0.0, 0.012351
0.0, 0.0, 0.012276
0.0, 0.0, 0.012203
0.0, 0.0, 0.012139
0.0, 0.0, 0.012081
0.0, 0.0, 0.012017
0.0, 0.0, 0.011944
0.0, 0.0, 0.011874
0.0, 0.0, 0.011818
0.0, 0.0, 0.011772
0.0, 0.0, 0.011735
0.0, 0.0, 0.011713
0.0, 0.0, 0.011704
0.0, 0.0, 0.011694
0.0, 0.0, 0.011682
0.0, 0.0, 0.011674
0.0, 0.0, 0.011674
0.0, 0.0, 0.011678
0.0, 0.0, 0.011678
0.0, 0.0, 0.011671
0.0, 0.0, 0.014006
0.0, 0.0, 0.014125
0.0, 0.0, 0.014153
0.0, 0.0, 0.014133
0.0, 0.0, 0.014091
0.0, 0.0, 0.014043
0.0, 0.0, 0.013991
0.0, 0.0, 0.013939
0.0, 0.0, 0.013885
0.0, 0.0, 0.013821
0.0, 0.0, 0.013748
0.0, 0.0, 0.013681
0.0, 0.0, 0.013635
0.0, 0.0, 0.013607
0.0, 0.0, 0.013577
0.0, 0.0, 0.013542
0.0, 0.0, 0.013506
0.0, 0.0, 0.013474
0.0, 0.0, 0.013443
0.0, 0.0, 0.013399
0.0, 0.0, 0.013335
0.0, 0.0, 0.013251
0.0, 0.0, 0.013155
0.0, 0.0, 0.013052
0.0, 0.0, 0.012954
0.0, 0.0, 0.012877
0.0, 0.0, 0.012820
0.0, 0.0, 0.012765
0.0, 0.0, 0.012703
0.0, 0.0, 0.012636
0.0, 0.0, 0.012566
0.0, 0.0, 0.012493
0.0, 0.0, 0.012417
0.0, 0.0, 0.012341
0.0, 0.0, 0.012264
0.0, 0.0, 0.012183
0.0, 0.0, 0.012098
0.0, 0.0, 0.012013
0.0, 0.0, 0.011935
0.0, 0.0, 0.011863
0.0, 0.0, 0.011787
0.0, 0.0, 0.011709
0.0, 0.0, 0.011641
0.0, 0.0, 0.011582
0.0, 0.0, 0.011525
0.0, 0.0, 0.011474
0.0, 0.0, 0.011441
0.0, 0.0, 0.011425
0.0, 0.0, 0.011411
0.0, 0.0, 0.011400
0.0, 0.0, 0.011399
0.0, 0.0, 0.011402
0.0, 0.0, 0.011400
0.0, 0.0, 0.011391
0.0, 0.0, 0.011379
0.0, 0.0, 0.013979
0.0, 0.0, 0.014071
0.0, 0.0, 0.014082
0.0, 0.0, 0.014048
0.0, 0.0, 0.013994
0.0, 0.0, 0.013939
0.0, 0.0, 0.013886
0.0, 0.0, 0.013831
0.0, 0.0, 0.013773
0.0, 0.0, 0.013708
0.0, 0.0, 0.013637
0.0, 0.0, 0.013573
0.0, 0.0, 0.013529
0.0, 0.0, 0.013501
0.0, 0.0, 0.013473
0.0, 0.0, 0.013438
0.0, 0.0, 0.013399
0.0, 0.0, 0.013359
0.0, 0.0, 0.013317
0.0, 0.0, 0.013263
0.0, 0.0, 0.013188
0.0, 0.0, 0.013094
0.0, 0.0, 0.012992
0.0, 0.0, 0.012890
0.0, 0.0, 0.012795
0.0, 0.0, 0.012721
0.0, 0.0, 0.012666
0.0, 0.0, 0.012613
0.0, 0.0, 0.012551
0.0, 0.0, 0.012482
0.0, 0.0, 0.012409
0.0, 0.0, 0.012329
0.0, 0.0, 0.012244
0.0, 0.0, 0.012158
0.0, 0.0, 0.012071
0.0, 0.0, 0.011979
0.0, 0.0, 0.011881
0.0, 0.0, 0.011783
0.0, 0.0, 0.011688
0.0, 0.0, 0.011594
0.0, 0.0, 0.011502
0.0, 0.0, 0.011422
0.0, 0.0, 0.011356
0.0, 0.0, 0.011290
0.0, 0.0, 0.011214
0.0, 0.0, 0.011140
0.0, 0.0, 0.011086
0.0, 0.0, 0.011057
0.0, 0.0, 0.011041
0.0, 0.0, 0.011045
0.0, 0.0, 0.011070
0.0, 0.0, 0.011093
0.0, 0.0, 0.011094
0.0, 0.0, 0.011082
0.0, 0.0, 0.011069
0.0, 0.0, 0.013922
0.0, 0.0, 0.013988
0.0, 0.0, 0.013988
0.0, 0.0, 0.013942
0.0, 0.0, 0.013878
0.0, 0.0, 0.013818
0.0, 0.0, 0.013764
0.0, 0.0, 0.013707
0.0, 0.0, 0.013641
0.0, 0.0, 0.013572
0.0, 0.0, 0.013509
0.0, 0.0, 0.013460
0.0, 0.0, 0.013424
0.0, 0.0, 0.013393
0.0, 0.0, 0.013358
0.0, 0.0, 0.013317
0.0, 0.0, 0.013269
0.0, 0.0, 0.013217
0.0, 0.0, 0.013161
0.0, 0.0, 0.013096
0.0, 0.0, 0.013014
0.0, 0.0, 0.012917
0.0, 0.0, 0.012819
0.0, 0.0, 0.012723
0.0, 0.0, 0.012634
0.0, 0.0, 0.012559
0.0, 0.0, 0.012500
0.0, 0.0, 0.012444
0.0, 0.0, 0.012380
0.0, 0.0, 0.012309
0.0, 0.0, 0.012230
0.0, 0.0, 0.012143
0.0, 0.0, 0.012047
0.0, 0.0, 0.011949
0.0, 0.0, 0.011848
0.0, 0.0, 0.011743
0.0, 0.0, 0.011634
0.0, 0.0, 0.011524
0.0, 0.0, 0.011415
0.0, 0.0, 0.011304
0.0, 0.0, 0.011194
0.0, 0.0, 0.011099
0.0, 0.0, 0.011015
0.0, 0.0, 0.010927
0.0, 0.0, 0.010830
0.0, 0.0, 0.010736
0.0, 0.0, 0.010668
0.0, 0.0, 0.010636
0.0, 0.0, 0.010633
0.0, 0.0, 0.010660
0.0, 0.0, 0.010712
0.0, 0.0, 0.010754
0.0, 0.0, 0.010765
0.0, 0.0, 0.010759
0.0, 0.0, 0.010750
0.0, 0.0, 0.013837
0.0, 0.0, 0.013872
0.0, 0.0, 0.013853
0.0, 0.0, 0.013794
0.0, 0.0, 0.013722
0.0, 0.0, 0.013661
0.0, 0.0, 0.013613
0.0, 0.0, 0.013561
0.0, 0.0, 0.013491
0.0, 0.0, 0.013417
0.0, 0.0, 0.013362
0.0, 0.0, 0.013329
0.0, 0.0, 0.013300
0.0, 0.0, 0.013264
0.0, 0.0, 0.013219
0.0, 0.0, 0.013167
0.0, 0.0, 0.013106
0.0, 0.0, 0.013038
0.0, 0.0, 0.012969
0.0, 0.0, 0.012895
0.0, 0.0, 0.012813
0.0, 0.0, 0.012722
0.0, 0.0, 0.012631
0.0, 0.0, 0.012543
0.0, 0.0, 0.012459
0.0, 0.0, 0.012383
0.0, 0.0, 0.012319
0.0, 0.0, 0.012259
0.0, 0.0, 0.012193
0.0, 0.0, 0.012117
0.0, 0.0, 0.012032
0.0, 0.0, 0.011936
0.0, 0.0, 0.011830
0.0, 0.0, 0.011720
0.0, 0.0, 0.011606
0.0, 0.0, 0.011488
0.0, 0.0, 0.011368
0.0, 0.0, 0.011248
0.0, 0.0, 0.011126
0.0, 0.0, 0.011000
0.0, 0.0, 0.010874
0.0, 0.0, 0.010755
0.0, 0.0, 0.010642
0.0, 0.0, 0.010531
0.0, 0.0, 0.010425
0.0, 0.0, 0.010330
0.0, 0.0, 0.010264
0.0, 0.0, 0.010239
0.0, 0.0, 0.010250
0.0, 0.0, 0.010288
0.0, 0.0, 0.010345
0.0, 0.0, 0.010393
0.0, 0.0, 0.010415
0.0, 0.0, 0.010424
0.0, 0.0, 0.010426
0.0, 0.0, 0.013729
0.0, 0.0, 0.013719
0.0, 0.0, 0.013671
0.0, 0.0, 0.013598
0.0, 0.0, 0.013523
0.0, 0.0, 0.013468
0.0, 0.0, 0.013437
0.0, 0.0, 0.013401
0.0, 0.0, 0.013337
0.0, 0.0, 0.013261
0.0, 0.0, 0.013206
0.0, 0.0, 0.013177
0.0, 0.0, 0.013148
0.0, 0.0, 0.013106
0.0, 0.0, 0.013052
0.0, 0.0, 0.012989
0.0, 0.0, 0.012916
0.0, 0.0, 0.012836
0.0, 0.0, 0.012757
0.0, 0.0, 0.012680
0.0, 0.0, 0.012600
0.0, 0.0, 0.012517
0.0, 0.0, 0.012435
0.0, 0.0, 0.012354
0.0, 0.0, 0.012272
0.0, 0.0, 0.012192
0.0, 0.0, 0.012122
0.0, 0.0, 0.012058
0.0, 0.0, 0.011988
0.0, 0.0, 0.011907
0.0, 0.0, 0.011815
0.0, 0.0, 0.011711
0.0, 0.0, 0.011596
0.0, 0.0, 0.011475
0.0, 0.0, 0.011349
0.0, 0.0, 0.011219
0.0, 0.0, 0.011087
0.0, 0.0, 0.010955
0.0, 0.0, 0.010822
0.0, 0.0, 0.010685
0.0, 0.0, 0.010546
0.0, 0.0, 0.010409
0.0, 0.0, 0.010280
0.0, 0.0, 0.010163
0.0, 0.0, 0.010060
0.0, 0.0, 0.009969
0.0, 0.0, 0.009904
0.0, 0.0, 0.009884
0.0, 0.0, 0.009905
0.0, 0.0, 0.009946
0.0, 0.0, 0.009994
0.0, 0.0, 0.010039
0.0, 0.0, 0.010070
0.0, 0.0, 0.010094
0.0, 0.0, 0.010109
0.0, 0.0, 0.013609
0.0, 0.0, 0.013543
0.0, 0.0, 0.013463
0.0, 0.0, 0.013376
0.0, 0.0, 0.013300
0.0, 0.0, 0.013255
0.0, 0.0, 0.013247
0.0, 0.0, 0.013238
0.0, 0.0, 0.013190
0.0, 0.0, 0.013114
0.0, 0.0, 0.013051
0.0, 0.0, 0.013011
0.0, 0.0, 0.012973
0.0, 0.0, 0.012923
0.0, 0.0, 0.012863
0.0, 0.0, 0.012796
0.0, 0.0, 0.012717
0.0, 0.0, 0.012629
0.0, 0.0, 0.012544
0.0, 0.0, 0.012464
0.0, 0.0, 0.012385
0.0, 0.0, 0.012307
0.0, 0.0, 0.012232
0.0, 0.0, 0.012154
0.0, 0.0, 0.012069
0.0, 0.0, 0.011983
0.0, 0.0, 0.011907
0.0, 0.0, 0.011837
0.0, 0.0, 0.011761
0.0, 0.0, 0.011673
0.0, 0.0, 0.011576
0.0, 0.0, 0.011467
0.0, 0.0, 0.011346
0.0, 0.0, 0.011215
0.0, 0.0, 0.011080
0.0, 0.0, 0.010941
0.0, 0.0, 0.010800
0.0, 0.0, 0.010659
0.0, 0.0, 0.010517
0.0, 0.0, 0.010370
0.0, 0.0, 0.010215
0.0, 0.0, 0.010062
0.0, 0.0, 0.009930
0.0, 0.0, 0.009825
0.0, 0.0, 0.009739
0.0, 0.0, 0.009656
0.0, 0.0, 0.009593
0.0, 0.0, 0.009577
0.0, 0.0, 0.009606
0.0, 0.0, 0.009650
0.0, 0.0, 0.009690
0.0, 0.0, 0.009724
0.0, 0.0, 0.009752
0.0, 0.0, 0.009781
0.0, 0.0, 0.009803
0.0, 0.0, 0.013477
0.0, 0.0, 0.013354
0.0, 0.0, 0.013245
0.0, 0.0, 0.013144
0.0, 0.0, 0.013067
0.0, 0.0, 0.013029
0.0, 0.0, 0.013041
0.0, 0.0, 0.013062
0.0, 0.0, 0.013031
0.0, 0.0, 0.012954
0.0, 0.0, 0.012878
0.0, 0.0, 0.012823
0.0, 0.0, 0.012774
0.0, 0.0, 0.012719
0.0, 0.0, 0.012659
0.0, 0.0, 0.012592
0.0, 0.0, 0.012511
0.0, 0.0, 0.012420
0.0, 0.0, 0.012329
0.0, 0.0, 0.012244
0.0, 0.0, 0.012162
0.0, 0.0, 0.012082
0.0, 0.0, 0.012005
0.0, 0.0, 0.011925
0.0, 0.0, 0.011840
0.0, 0.0, 0.011757
0.0, 0.0, 0.011679
0.0, 0.0, 0.011600
0.0, 0.0, 0.011512
0.0, 0.0, 0.011417
0.0, 0.0, 0.011318
0.0, 0.0, 0.011209
0.0, 0.0, 0.011084
0.0, 0.0, 0.010949
0.0, 0.0, 0.010807
0.0, 0.0, 0.010662
0.0, 0.0, 0.010514
0.0, 0.0, 0.010366
0.0, 0.0, 0.010216
0.0, 0.0, 0.010059
0.0, 0.0, 0.009889
0.0, 0.0, 0.009723
0.0, 0.0, 0.009596
0.0, 0.0, 0.009520
0.0, 0.0, 0.009467
0.0, 0.0, 0.009411
0.0, 0.0, 0.009362
0.0, 0.0, 0.009351
0.0, 0.0, 0.009378
0.0, 0.0, 0.009413
0.0, 0.0, 0.009438
0.0, 0.0, 0.009452
0.0, 0.0, 0.009466
0.0, 0.0, 0.009491
0.0, 0.0, 0.009520
0.0, 0.0, 0.013325
0.0, 0.0, 0.013151
0.0, 0.0, 0.013015
0.0, 0.0, 0.012903
0.0, 0.0, 0.012821
0.0, 0.0, 0.012780
0.0, 0.0, 0.012795
0.0, 0.0, 0.012829
0.0, 0.0, 0.012813
0.0, 0.0, 0.012742
0.0, 0.0, 0.012665
0.0, 0.0, 0.012604
0.0, 0.0, 0.012549
0.0, 0.0, 0.012492
0.0, 0.0, 0.012432
0.0, 0.0, 0.012369
0.0, 0.0, 0.012292
0.0, 0.0, 0.012201
0.0, 0.0, 0.012108
0.0, 0.0, 0.012019
0.0, 0.0, 0.011927
0.0, 0.0, 0.011836
0.0, 0.0, 0.011749
0.0, 0.0, 0.011662
0.0, 0.0, 0.011578
0.0, 0.0, 0.011503
0.0, 0.0, 0.011427
0.0, 0.0, 0.011340
0.0, 0.0, 0.011245
0.0, 0.0, 0.011151
0.0, 0.0, 0.011053
0.0, 0.0, 0.010942
0.0, 0.0, 0.010814
0.0, 0.0, 0.010675
0.0, 0.0, 0.010531
0.0, 0.0, 0.010382
0.0, 0.0, 0.010231
0.0, 0.0, 0.010078
0.0, 0.0, 0.009924
0.0, 0.0, 0.009763
0.0, 0.0, 0.009590
0.0, 0.0, 0.009423
0.0, 0.0, 0.009309
0.0, 0.0, 0.009266
0.0, 0.0, 0.009259
0.0, 0.0, 0.009242
0.0, 0.0, 0.009211
0.0, 0.0, 0.009197
0.0, 0.0, 0.009205
0.0, 0.0, 0.009216
0.0, 0.0, 0.009219
0.0, 0.0, 0.009216
0.0, 0.0, 0.009218
0.0, 0.0, 0.009240
0.0, 0.0, 0.009274
0.0, 0.0, 0.013159
0.0, 0.0, 0.012942
0.0, 0.0, 0.012783
0.0, 0.0, 0.012659
0.0, 0.0, 0.012564
0.0, 0.0, 0.012503
0.0, 0.0, 0.012498
0.0, 0.0, 0.012527
0.0, 0.0, 0.012521
0.0, 0.0, 0.012469
0.0, 0.0, 0.012407
0.0, 0.0, 0.012348
0.0, 0.0, 0.012288
0.0, 0.0, 0.012226
0.0, 0.0, 0.012168
0.0, 0.0, 0.012112
0.0, 0.0, 0.012046
0.0, 0.0, 0.011967
0.0, 0.0, 0.011883
0.0, 0.0, 0.011791
0.0, 0.0, 0.011686
0.0, 0.0, 0.011577
0.0, 0.0, 0.011473
0.0, 0.0, 0.011371
0.0, 0.0, 0.011276
0.0, 0.0, 0.011193
0.0, 0.0, 0.011110
0.0, 0.0, 0.011027
0.0, 0.0, 0.010957
0.0, 0.0, 0.010888
0.0, 0.0, 0.010793
0.0, 0.0, 0.010672
0.0, 0.0, 0.010540
0.0, 0.0, 0.010403
0.0, 0.0, 0.010260
0.0, 0.0, 0.010113
0.0, 0.0, 0.009958
0.0, 0.0, 0.009798
0.0, 0.0, 0.009639
0.0, 0.0, 0.009481
0.0, 0.0, 0.009318
0.0, 0.0, 0.009166
0.0, 0.0, 0.009069
0.0, 0.0, 0.009056
0.0, 0.0, 0.009089
0.0, 0.0, 0.009102
0.0, 0.0, 0.009079
0.0, 0.0, 0.009053
0.0, 0.0, 0.009038
0.0, 0.0, 0.009028
0.0, 0.0, 0.009017
0.0, 0.0, 0.009008
0.0, 0.0, 0.009008
0.0, 0.0, 0.009025
0.0, 0.0, 0.009055
0.0, 0.0, 0.012962
0.0, 0.0, 0.012727
0.0, 0.0, 0.012557
0.0, 0.0, 0.012421
0.0, 0.0, 0.012306
0.0, 0.0, 0.012216
0.0, 0.0, 0.012180
0.0, 0.0, 0.012190
0.0, 0.0, 0.012186
0.0, 0.0, 0.012147
0.0, 0.0, 0.012093
0.0, 0.0, 0.012033
0.0, 0.0, 0.011968
0.0, 0.0, 0.011904
0.0, 0.0, 0.011852
0.0, 0.0, 0.011813
0.0, 0.0, 0.011769
0.0, 0.0, 0.011712
0.0, 0.0, 0.011643
0.0, 0.0, 0.011555
0.0, 0.0, 0.011439
0.0, 0.0, 0.011313
0.0, 0.0, 0.011186
0.0, 0.0, 0.011052
0.0, 0.0, 0.010923
0.0, 0.0, 0.010811
0.0, 0.0, 0.010713
0.0, 0.0, 0.010644
0.0, 0.0, 0.010618
0.0, 0.0, 0.010587
0.0, 0.0, 0.010503
0.0, 0.0, 0.010391
0.0, 0.0, 0.010280
0.0, 0.0, 0.010160
0.0, 0.0, 0.010024
0.0, 0.0, 0.009874
0.0, 0.0, 0.009705
0.0, 0.0, 0.009529
0.0, 0.0, 0.009367
0.0, 0.0, 0.009220
0.0, 0.0, 0.009084
0.0, 0.0, 0.008962
0.0, 0.0, 0.008889
0.0, 0.0, 0.008891
0.0, 0.0, 0.008936
0.0, 0.0, 0.008954
0.0, 0.0, 0.008928
0.0, 0.0, 0.008890
0.0, 0.0, 0.008859
0.0, 0.0, 0.008836
0.0, 0.0, 0.008819
0.0, 0.0, 0.008806
0.0, 0.0, 0.008802
0.0, 0.0, 0.008809
0.0, 0.0, 0.008829
0.0, 0.0, 0.012709
0.0, 0.0, 0.012505
0.0, 0.0, 0.012343
0.0, 0.0, 0.012196
0.0, 0.0, 0.012063
0.0, 0.0, 0.011950
0.0, 0.0, 0.011882
0.0, 0.0, 0.011858
0.0, 0.0, 0.011833
0.0, 0.0, 0.011783
0.0, 0.0, 0.011722
0.0, 0.0, 0.011657
0.0, 0.0, 0.011593
0.0, 0.0, 0.011539
0.0, 0.0, 0.011502
0.0, 0.0, 0.011482
0.0, 0.0, 0.011460
0.0, 0.0, 0.011423
0.0, 0.0, 0.011369
0.0, 0.0, 0.011289
0.0, 0.0, 0.011176
0.0, 0.0, 0.011044
0.0, 0.0, 0.010894
0.0, 0.0, 0.010722
0.0, 0.0, 0.010552
0.0, 0.0, 0.010410
0.0, 0.0, 0.010295
0.0, 0.0, 0.010220
0.0, 0.0, 0.010185
0.0, 0.0, 0.010140
0.0, 0.0, 0.010075
0.0, 0.0, 0.010042
0.0, 0.0, 0.010024
0.0, 0.0, 0.009953
0.0, 0.0, 0.009826
0.0, 0.0, 0.009670
0.0, 0.0, 0.009488
0.0, 0.0, 0.009305
0.0, 0.0, 0.009158
0.0, 0.0, 0.009048
0.0, 0.0, 0.008959
0.0, 0.0, 0.008876
0.0, 0.0, 0.008817
0.0, 0.0, 0.008805
0.0, 0.0, 0.008817
0.0, 0.0, 0.008806
0.0, 0.0, 0.008764
0.0, 0.0, 0.008712
0.0, 0.0, 0.008666
0.0, 0.0, 0.008630
0.0, 0.0, 0.008601
0.0, 0.0, 0.008580
0.0, 0.0, 0.008567
0.0, 0.0, 0.008565
0.0, 0.0, 0.008579
0.0, 0.0, 0.012466
0.0, 0.0, 0.012343
0.0, 0.0, 0.012192
0.0, 0.0, 0.012006
0.0, 0.0, 0.011841
0.0, 0.0, 0.011712
0.0, 0.0, 0.011619
0.0, 0.0, 0.011551
0.0, 0.0, 0.011485
0.0, 0.0, 0.011411
0.0, 0.0, 0.011338
0.0, 0.0, 0.011272
0.0, 0.0, 0.011217
0.0, 0.0, 0.011175
0.0, 0.0, 0.011148
0.0, 0.0, 0.011137
0.0, 0.0, 0.011126
0.0, 0.0, 0.011100
0.0, 0.0, 0.011060
0.0, 0.0, 0.010995
0.0, 0.0, 0.010897
0.0, 0.0, 0.010771
0.0, 0.0, 0.010615
0.0, 0.0, 0.010425
0.0, 0.0, 0.010233
0.0, 0.0, 0.010068
0.0, 0.0, 0.009921
0.0, 0.0, 0.009794
0.0, 0.0, 0.009676
0.0, 0.0, 0.009555
0.0, 0.0, 0.009507
0.0, 0.0, 0.009607
0.0, 0.0, 0.009742
0.0, 0.0, 0.009753
0.0, 0.0, 0.009645
0.0, 0.0, 0.009498
0.0, 0.0, 0.009334
0.0, 0.0, 0.009174
0.0, 0.0, 0.009063
0.0, 0.0, 0.009001
0.0, 0.0, 0.008954
0.0, 0.0, 0.008893
0.0, 0.0, 0.008823
0.0, 0.0, 0.008765
0.0, 0.0, 0.008714
0.0, 0.0, 0.008653
0.0, 0.0, 0.008582
0.0, 0.0, 0.008510
0.0, 0.0, 0.008447
0.0, 0.0, 0.008396
0.0, 0.0, 0.008357
0.0, 0.0, 0.008327
0.0, 0.0, 0.008305
0.0, 0.0, 0.008296
0.0, 0.0, 0.008307
0.0, 0.0, 0.012310
0.0, 0.0, 0.012280
0.0, 0.0, 0.012129
0.0, 0.0, 0.011867
0.0, 0.0, 0.011637
0.0, 0.0, 0.011491
0.0, 0.0, 0.011380
0.0, 0.0, 0.011278
0.0, 0.0, 0.011178
0.0, 0.0, 0.011084
0.0, 0.0, 0.011002
0.0, 0.0, 0.010930
0.0, 0.0, 0.010872
0.0, 0.0, 0.010831
0.0, 0.0, 0.010803
0.0, 0.0, 0.010789
0.0, 0.0, 0.010780
0.0, 0.0, 0.010763
0.0, 0.0, 0.010738
0.0, 0.0, 0.010697
0.0, 0.0, 0.010620
0.0, 0.0, 0.010504
0.0, 0.0, 0.010353
0.0, 0.0, 0.010171
0.0, 0.0, 0.009982
0.0, 0.0, 0.009801
0.0, 0.0, 0.009616
0.0, 0.0, 0.009432
0.0, 0.0, 0.009238
0.0, 0.0, 0.009058
0.0, 0.0, 0.009023
0.0, 0.0, 0.009210
0.0, 0.0, 0.009455
0.0, 0.0, 0.009538
0.0, 0.0, 0.009464
0.0, 0.0, 0.009346
0.0, 0.0, 0.009222
0.0, 0.0, 0.009104
0.0, 0.0, 0.009026
0.0, 0.0, 0.008986
0.0, 0.0, 0.008948
0.0, 0.0, 0.008877
0.0, 0.0, 0.008776
0.0, 0.0, 0.008671
0.0, 0.0, 0.008570
0.0, 0.0, 0.008471
0.0, 0.0, 0.008375
0.0, 0.0, 0.008285
0.0, 0.0, 0.008205
0.0, 0.0, 0.008142
0.0, 0.0, 0.008094
0.0, 0.0, 0.008055
0.0, 0.0, 0.008024
0.0, 0.0, 0.008006
0.0, 0.0, 0.008008
0.0, 0.0, 0.012162
0.0, 0.0, 0.012198
0.0, 0.0, 0.012053
0.0, 0.0, 0.011731
0.0, 0.0, 0.011440
0.0, 0.0, 0.011270
0.0, 0.0, 0.011152
0.0, 0.0, 0.011038
0.0, 0.0, 0.010923
0.0, 0.0, 0.010817
0.0, 0.0, 0.010719
0.0, 0.0, 0.010628
0.0, 0.0, 0.010554
0.0, 0.0, 0.010503
0.0, 0.0, 0.010468
0.0, 0.0, 0.010446
0.0, 0.0, 0.010435
0.0, 0.0, 0.010426
0.0, 0.0, 0.010421
0.0, 0.0, 0.010410
0.0, 0.0, 0.010355
0.0, 0.0, 0.010245
0.0, 0.0, 0.010101
0.0, 0.0, 0.009940
0.0, 0.0, 0.009771
0.0, 0.0, 0.009595
0.0, 0.0, 0.009404
0.0, 0.0, 0.009213
0.0, 0.0, 0.009019
0.0, 0.0, 0.008844
0.0, 0.0, 0.008804
0.0, 0.0, 0.008973
0.0, 0.0, 0.009212
0.0, 0.0, 0.009316
0.0, 0.0, 0.009274
0.0, 0.0, 0.009186
0.0, 0.0, 0.009093
0.0, 0.0, 0.009003
0.0, 0.0, 0.008933
0.0, 0.0, 0.008886
0.0, 0.0, 0.008835
0.0, 0.0, 0.008748
0.0, 0.0, 0.008626
0.0, 0.0, 0.008498
0.0, 0.0, 0.008378
0.0, 0.0, 0.008264
0.0, 0.0, 0.008156
0.0, 0.0, 0.008053
0.0, 0.0, 0.007960
0.0, 0.0, 0.007883
0.0, 0.0, 0.007818
0.0, 0.0, 0.007761
0.0, 0.0, 0.007719
0.0, 0.0, 0.007698
0.0, 0.0, 0.007691
0.0, 0.0, 0.011906
0.0, 0.0, 0.011959
0.0, 0.0, 0.011843
0.0, 0.0, 0.011527
0.0, 0.0, 0.011227
0.0, 0.0, 0.011048
0.0, 0.0, 0.010929
0.0, 0.0, 0.010813
0.0, 0.0, 0.010692
0.0, 0.0, 0.010575
0.0, 0.0, 0.010460
0.0, 0.0, 0.010348
0.0, 0.0, 0.010256
0.0, 0.0, 0.010191
0.0, 0.0, 0.010143
0.0, 0.0, 0.010111
0.0, 0.0, 0.010097
0.0, 0.0, 0.010093
0.0, 0.0, 0.010106
0.0, 0.0, 0.010122
0.0, 0.0, 0.010090
0.0, 0.0, 0.009994
0.0, 0.0, 0.009865
0.0, 0.0, 0.009730
0.0, 0.0, 0.009591
0.0, 0.0, 0.009441
0.0, 0.0, 0.009281
0.0, 0.0, 0.009126
0.0, 0.0, 0.008978
0.0, 0.0, 0.008837
0.0, 0.0, 0.008776
0.0, 0.0, 0.008863
0.0, 0.0, 0.009024
0.0, 0.0, 0.009109
0.0, 0.0, 0.009083
0.0, 0.0, 0.009007
0.0, 0.0, 0.008924
0.0, 0.0, 0.008843
0.0, 0.0, 0.008768
0.0, 0.0, 0.008704
0.0, 0.0, 0.008637
0.0, 0.0, 0.008543
0.0, 0.0, 0.008422
0.0, 0.0, 0.008294
0.0, 0.0, 0.008170
0.0, 0.0, 0.008048
0.0, 0.0, 0.007928
0.0, 0.0, 0.007816
0.0, 0.0, 0.007717
0.0, 0.0, 0.007627
0.0, 0.0, 0.007539
0.0, 0.0, 0.007461
0.0, 0.0, 0.007410
0.0, 0.0, 0.007388
0.0, 0.0, 0.007377
0.0, 0.0, 0.011594
0.0, 0.0, 0.011621
0.0, 0.0, 0.011510
0.0, 0.0, 0.011245
0.0, 0.0, 0.010994
0.0, 0.0, 0.010831
0.0, 0.0, 0.010709
0.0, 0.0, 0.010585
0.0, 0.0, 0.010457
0.0, 0.0, 0.010331
0.0, 0.0, 0.010206
0.0, 0.0, 0.010083
0.0, 0.0, 0.009977
0.0, 0.0, 0.009896
0.0, 0.0, 0.009834
0.0, 0.0, 0.009792
0.0, 0.0, 0.009775
0.0, 0.0, 0.009776
0.0, 0.0, 0.009795
0.0, 0.0, 0.009822
0.0, 0.0, 0.009809
0.0, 0.0, 0.009740
0.0, 0.0, 0.009644
0.0, 0.0, 0.009542
0.0, 0.0, 0.009430
0.0, 0.0, 0.009311
0.0, 0.0, 0.009190
0.0, 0.0, 0.009075
0.0, 0.0, 0.008966
0.0, 0.0, 0.008855
0.0, 0.0, 0.008781
0.0, 0.0, 0.008803
0.0, 0.0, 0.008890
0.0, 0.0, 0.008940
0.0, 0.0, 0.008906
0.0, 0.0, 0.008821
0.0, 0.0, 0.008728
0.0, 0.0, 0.008642
0.0, 0.0, 0.008559
0.0, 0.0, 0.008478
0.0, 0.0, 0.008398
0.0, 0.0, 0.008306
0.0, 0.0, 0.008197
0.0, 0.0, 0.008081
0.0, 0.0, 0.007962
0.0, 0.0, 0.007831
0.0, 0.0, 0.007697
0.0, 0.0, 0.007579
0.0, 0.0, 0.007480
0.0, 0.0, 0.007386
0.0, 0.0, 0.007288
0.0, 0.0, 0.007199
0.0, 0.0, 0.007139
0.0, 0.0, 0.007104
0.0, 0.0, 0.007077
0.0, 0.0, 0.011318
0.0, 0.0, 0.011289
0.0, 0.0, 0.011152
0.0, 0.0, 0.010956
0.0, 0.0, 0.010780
0.0, 0.0, 0.010638
0.0, 0.0, 0.010501
0.0, 0.0, 0.010356
0.0, 0.0, 0.010216
0.0, 0.0, 0.010086
0.0, 0.0, 0.009958
0.0, 0.0, 0.009830
0.0, 0.0, 0.009716
0.0, 0.0, 0.009624
0.0, 0.0, 0.009552
0.0, 0.0, 0.009503
0.0, 0.0, 0.009484
0.0, 0.0, 0.009487
0.0, 0.0, 0.009502
0.0, 0.0, 0.009519
0.0, 0.0, 0.009512
0.0, 0.0, 0.009471
0.0, 0.0, 0.009414
0.0, 0.0, 0.009345
0.0, 0.0, 0.009261
0.0, 0.0, 0.009173
0.0, 0.0, 0.009088
0.0, 0.0, 0.009004
0.0, 0.0, 0.008921
0.0, 0.0, 0.008839
0.0, 0.0, 0.008774
0.0, 0.0, 0.008762
0.0, 0.0, 0.008788
0.0, 0.0, 0.008789
0.0, 0.0, 0.008727
0.0, 0.0, 0.008619
0.0, 0.0, 0.008506
0.0, 0.0, 0.008401
0.0, 0.0, 0.008300
0.0, 0.0, 0.008204
0.0, 0.0, 0.008121
0.0, 0.0, 0.008041
0.0, 0.0, 0.007950
0.0, 0.0, 0.007852
0.0, 0.0, 0.007742
0.0, 0.0, 0.007613
0.0, 0.0, 0.007481
0.0, 0.0, 0.007368
0.0, 0.0, 0.007271
0.0, 0.0, 0.007174
0.0, 0.0, 0.007077
0.0, 0.0, 0.006991
0.0, 0.0, 0.006922
0.0, 0.0, 0.006860
0.0, 0.0, 0.006803
0.0, 0.0, 0.011009
0.0, 0.0, 0.010939
0.0, 0.0, 0.010807
0.0, 0.0, 0.010685
0.0, 0.0, 0.010584
0.0, 0.0, 0.010465
0.0, 0.0, 0.010310
0.0, 0.0, 0.010140
0.0, 0.0, 0.009988
0.0, 0.0, 0.009851
0.0, 0.0, 0.009717
0.0, 0.0, 0.009587
0.0, 0.0, 0.009470
0.0, 0.0, 0.009373
0.0, 0.0, 0.009297
0.0, 0.0, 0.009244
0.0, 0.0, 0.009221
0.0, 0.0, 0.009222
0.0, 0.0, 0.009227
0.0, 0.0, 0.009227
0.0, 0.0, 0.009214
0.0, 0.0, 0.009188
0.0, 0.0, 0.009155
0.0, 0.0, 0.009112
0.0, 0.0, 0.009062
0.0, 0.0, 0.009015
0.0, 0.0, 0.008968
0.0, 0.0, 0.008907
0.0, 0.0, 0.008839
0.0, 0.0, 0.008774
0.0, 0.0, 0.008719
0.0, 0.0, 0.008682
0.0, 0.0, 0.008652
0.0, 0.0, 0.008600
0.0, 0.0, 0.008509
0.0, 0.0, 0.008385
0.0, 0.0, 0.008255
0.0, 0.0, 0.008130
0.0, 0.0, 0.008006
0.0, 0.0, 0.007895
0.0, 0.0, 0.007815
0.0, 0.0, 0.007749
0.0, 0.0, 0.007675
0.0, 0.0, 0.007590
0.0, 0.0, 0.007495
0.0, 0.0, 0.007389
0.0, 0.0, 0.007287
0.0, 0.0, 0.007196
0.0, 0.0, 0.007098
0.0, 0.0, 0.006989
0.0, 0.0, 0.006888
0.0, 0.0, 0.006805
0.0, 0.0, 0.006729
0.0, 0.0, 0.006647
0.0, 0.0, 0.006567
0.0, 0.0, 0.010595
0.0, 0.0, 0.010548
0.0, 0.0, 0.010479
0.0, 0.0, 0.010420
0.0, 0.0, 0.010368
0.0, 0.0, 0.010274
0.0, 0.0, 0.010117
0.0, 0.0, 0.009946
0.0, 0.0, 0.009792
0.0, 0.0, 0.009639
0.0, 0.0, 0.009487
0.0, 0.0, 0.009350
0.0, 0.0, 0.009233
0.0, 0.0, 0.009137
0.0, 0.0, 0.009058
0.0, 0.0, 0.009000
0.0, 0.0, 0.008970
0.0, 0.0, 0.008963
0.0, 0.0, 0.008959
0.0, 0.0, 0.008946
0.0, 0.0, 0.008926
0.0, 0.0, 0.008901
0.0, 0.0, 0.008874
0.0, 0.0, 0.008846
0.0, 0.0, 0.008826
0.0, 0.0, 0.008819
0.0, 0.0, 0.008799
0.0, 0.0, 0.008746
0.0, 0.0, 0.008673
0.0, 0.0, 0.008606
0.0, 0.0, 0.008554
0.0, 0.0, 0.008505
0.0, 0.0, 0.008443
0.0, 0.0, 0.008359
0.0, 0.0, 0.008250
0.0, 0.0, 0.008121
0.0, 0.0, 0.007986
0.0, 0.0, 0.007849
0.0, 0.0, 0.007713
0.0, 0.0, 0.007594
0.0, 0.0, 0.007510
0.0, 0.0, 0.007446
0.0, 0.0, 0.007375
0.0, 0.0, 0.007295
0.0, 0.0, 0.007213
0.0, 0.0, 0.007139
0.0, 0.0, 0.007083
0.0, 0.0, 0.007023
0.0, 0.0, 0.006927
0.0, 0.0, 0.006806
0.0, 0.0, 0.006699
0.0, 0.0, 0.006614
0.0, 0.0, 0.006533
0.0, 0.0, 0.006445
0.0, 0.0, 0.006362
0.0, 0.0, 0.010181
0.0, 0.0, 0.010177
0.0, 0.0, 0.010178
0.0, 0.0, 0.010156
0.0, 0.0, 0.010113
0.0, 0.0, 0.010029
0.0, 0.0, 0.009893
0.0, 0.0, 0.009754
0.0, 0.0, 0.009613
0.0, 0.0, 0.009443
0.0, 0.0, 0.009268
0.0, 0.0, 0.009120
0.0, 0.0, 0.009003
0.0, 0.0, 0.008906
0.0, 0.0, 0.008827
0.0, 0.0, 0.008766
0.0, 0.0, 0.008728
0.0, 0.0, 0.008709
0.0, 0.0, 0.008695
0.0, 0.0, 0.008672
0.0, 0.0, 0.008643
0.0, 0.0, 0.008613
0.0, 0.0, 0.008585
0.0, 0.0, 0.008564
0.0, 0.0, 0.008558
0.0, 0.0, 0.008563
0.0, 0.0, 0.008551
0.0, 0.0, 0.008496
0.0, 0.0, 0.008413
0.0, 0.0, 0.008339
0.0, 0.0, 0.008290
0.0, 0.0, 0.008246
0.0, 0.0, 0.008178
0.0, 0.0, 0.008081
0.0, 0.0, 0.007966
0.0, 0.0, 0.007839
0.0, 0.0, 0.007704
0.0, 0.0, 0.007567
0.0, 0.0, 0.007433
0.0, 0.0, 0.007314
0.0, 0.0, 0.007222
0.0, 0.0, 0.007145
0.0, 0.0, 0.007069
0.0, 0.0, 0.006991
0.0, 0.0, 0.006918
0.0, 0.0, 0.006863
0.0, 0.0, 0.006832
0.0, 0.0, 0.006792
0.0, 0.0, 0.006711
0.0, 0.0, 0.006603
0.0, 0.0, 0.006505
0.0, 0.0, 0.006419
0.0, 0.0, 0.006332
0.0, 0.0, 0.006249
0.0, 0.0, 0.006178
0.0, 0.0, 0.009850
0.0, 0.0, 0.009849
0.0, 0.0, 0.009867
0.0, 0.0, 0.009853
0.0, 0.0, 0.009816
0.0, 0.0, 0.009750
0.0, 0.0, 0.009638
0.0, 0.0, 0.009527
0.0, 0.0, 0.009406
0.0, 0.0, 0.009237
0.0, 0.0, 0.009050
0.0, 0.0, 0.008894
0.0, 0.0, 0.008776
0.0, 0.0, 0.008679
0.0, 0.0, 0.008600
0.0, 0.0, 0.008538
0.0, 0.0, 0.008493
0.0, 0.0, 0.008461
0.0, 0.0, 0.008433
0.0, 0.0, 0.008398
0.0, 0.0, 0.008356
0.0, 0.0, 0.008315
0.0, 0.0, 0.008287
0.0, 0.0, 0.008273
0.0, 0.0, 0.008270
0.0, 0.0, 0.008266
0.0, 0.0, 0.008245
0.0, 0.0, 0.008185
0.0, 0.0, 0.008100
0.0, 0.0, 0.008021
0.0, 0.0, 0.007971
0.0, 0.0, 0.007930
0.0, 0.0, 0.007864
0.0, 0.0, 0.007769
0.0, 0.0, 0.007661
0.0, 0.0, 0.007542
0.0, 0.0, 0.007410
0.0, 0.0, 0.007279
0.0, 0.0, 0.007154
0.0, 0.0, 0.007040
0.0, 0.0, 0.006942
0.0, 0.0, 0.006856
0.0, 0.0, 0.006777
0.0, 0.0, 0.006701
0.0, 0.0, 0.006630
0.0, 0.0, 0.006575
0.0, 0.0, 0.006542
0.0, 0.0, 0.006510
0.0, 0.0, 0.006453
0.0, 0.0, 0.006379
0.0, 0.0, 0.006305
0.0, 0.0, 0.006225
0.0, 0.0, 0.006139
0.0, 0.0, 0.006064
0.0, 0.0, 0.006012
0.0, 0.0, 0.009587
0.0, 0.0, 0.009561
0.0, 0.0, 0.009560
0.0, 0.0, 0.009533
0.0, 0.0, 0.009509
0.0, 0.0, 0.009470
0.0, 0.0, 0.009375
0.0, 0.0, 0.009263
0.0, 0.0, 0.009152
0.0, 0.0, 0.009004
0.0, 0.0, 0.008828
0.0, 0.0, 0.008675
0.0, 0.0, 0.008556
0.0, 0.0, 0.008457
0.0, 0.0, 0.008374
0.0, 0.0, 0.008309
0.0, 0.0, 0.008257
0.0, 0.0, 0.008212
0.0, 0.0, 0.008169
0.0, 0.0, 0.008120
0.0, 0.0, 0.008064
0.0, 0.0, 0.008012
0.0, 0.0, 0.007982
0.0, 0.0, 0.007977
0.0, 0.0, 0.007975
0.0, 0.0, 0.007955
0.0, 0.0, 0.007911
0.0, 0.0, 0.007840
0.0, 0.0, 0.007754
0.0, 0.0, 0.007674
0.0, 0.0, 0.007616
0.0, 0.0, 0.007569
0.0, 0.0, 0.007505
0.0, 0.0, 0.007424
0.0, 0.0, 0.007333
0.0, 0.0, 0.007227
0.0, 0.0, 0.007104
0.0, 0.0, 0.006981
0.0, 0.0, 0.006865
0.0, 0.0, 0.006756
0.0, 0.0, 0.006657
0.0, 0.0, 0.006573
0.0, 0.0, 0.006499
0.0, 0.0, 0.006429
0.0, 0.0, 0.006357
0.0, 0.0, 0.006296
0.0, 0.0, 0.006257
0.0, 0.0, 0.006230
0.0, 0.0, 0.006193
0.0, 0.0, 0.006146
0.0, 0.0, 0.006094
0.0, 0.0, 0.006027
0.0, 0.0, 0.005948
0.0, 0.0, 0.005885
0.0, 0.0, 0.005856
0.0, 0.0, 0.009372
0.0, 0.0, 0.009332
0.0, 0.0, 0.009299
0.0, 0.0, 0.009258
0.0, 0.0, 0.009225
0.0, 0.0, 0.009193
0.0, 0.0, 0.009116
0.0, 0.0, 0.008999
0.0, 0.0, 0.008887
0.0, 0.0, 0.008764
0.0, 0.0, 0.008613
0.0, 0.0, 0.008471
0.0, 0.0, 0.008350
0.0, 0.0, 0.008239
0.0, 0.0, 0.008144
0.0, 0.0, 0.008074
0.0, 0.0, 0.008018
0.0, 0.0, 0.007964
0.0, 0.0, 0.007908
0.0, 0.0, 0.007849
0.0, 0.0, 0.007785
0.0, 0.0, 0.007725
0.0, 0.0, 0.007690
0.0, 0.0, 0.007683
0.0, 0.0, 0.007673
0.0, 0.0, 0.007632
0.0, 0.0, 0.007558
0.0, 0.0, 0.007469
0.0, 0.0, 0.007384
0.0, 0.0, 0.007313
0.0, 0.0, 0.007257
0.0, 0.0, 0.007204
0.0, 0.0, 0.007141
0.0, 0.0, 0.007067
0.0, 0.0, 0.006983
0.0, 0.0, 0.006885
0.0, 0.0, 0.006776
0.0, 0.0, 0.006670
0.0, 0.0, 0.006567
0.0, 0.0, 0.006465
0.0, 0.0, 0.006372
0.0, 0.0, 0.006299
0.0, 0.0, 0.006239
0.0, 0.0, 0.006178
0.0, 0.0, 0.006111
0.0, 0.0, 0.006048
0.0, 0.0, 0.006006
0.0, 0.0, 0.005980
0.0, 0.0, 0.005952
0.0, 0.0, 0.005918
0.0, 0.0, 0.005878
0.0, 0.0, 0.005827
0.0, 0.0, 0.005767
0.0, 0.0, 0.005721
0.0, 0.0, 0.005710
0.0, 0.0, 0.009160
0.0, 0.0, 0.009137
0.0, 0.0, 0.009088
0.0, 0.0, 0.009033
0.0, 0.0, 0.008972
0.0, 0.0, 0.008923
0.0, 0.0, 0.008860
0.0, 0.0, 0.008760
0.0, 0.0, 0.008653
0.0, 0.0, 0.008545
0.0, 0.0, 0.008418
0.0, 0.0, 0.008290
0.0, 0.0, 0.008163
0.0, 0.0, 0.008034
0.0, 0.0, 0.007923
0.0, 0.0, 0.007844
0.0, 0.0, 0.007785
0.0, 0.0, 0.007725
0.0, 0.0, 0.007659
0.0, 0.0, 0.007593
0.0, 0.0, 0.007526
0.0, 0.0, 0.007463
0.0, 0.0, 0.007421
0.0, 0.0, 0.007401
0.0, 0.0, 0.007377
0.0, 0.0, 0.007316
0.0, 0.0, 0.007219
0.0, 0.0, 0.007120
0.0, 0.0, 0.007045
0.0, 0.0, 0.006992
0.0, 0.0, 0.006941
0.0, 0.0, 0.006878
0.0, 0.0, 0.006801
0.0, 0.0, 0.006715
0.0, 0.0, 0.006623
0.0, 0.0, 0.006527
0.0, 0.0, 0.006437
0.0, 0.0, 0.006359
0.0, 0.0, 0.006279
0.0, 0.0, 0.006193
0.0, 0.0, 0.006113
0.0, 0.0, 0.006052
0.0, 0.0, 0.006003
0.0, 0.0, 0.005953
0.0, 0.0, 0.005892
0.0, 0.0, 0.005831
0.0, 0.0, 0.005787
0.0, 0.0, 0.005761
0.0, 0.0, 0.005738
0.0, 0.0, 0.005712
0.0, 0.0, 0.005686
0.0, 0.0, 0.005654
0.0, 0.0, 0.005617
0.0, 0.0, 0.005589
0.0, 0.0, 0.005588
0.0, 0.0, 0.008914
0.0, 0.0, 0.008940
0.0, 0.0, 0.008909
0.0, 0.0, 0.008840
0.0, 0.0, 0.008751
0.0, 0.0, 0.008670
0.0, 0.0, 0.008606
0.0, 0.0, 0.008535
0.0, 0.0, 0.008449
0.0, 0.0, 0.008352
0.0, 0.0, 0.008241
0.0, 0.0, 0.008119
0.0, 0.0, 0.007988
0.0, 0.0, 0.007851
0.0, 0.0, 0.007729
0.0, 0.0, 0.007638
0.0, 0.0, 0.007566
0.0, 0.0, 0.007494
0.0, 0.0, 0.007421
0.0, 0.0, 0.007351
0.0, 0.0, 0.007286
0.0, 0.0, 0.007227
0.0, 0.0, 0.007181
0.0, 0.0, 0.007149
0.0, 0.0, 0.007110
0.0, 0.0, 0.007041
0.0, 0.0, 0.006941
0.0, 0.0, 0.006844
0.0, 0.0, 0.006778
0.0, 0.0, 0.006732
0.0, 0.0, 0.006679
0.0, 0.0, 0.006601
0.0, 0.0, 0.006503
0.0, 0.0, 0.006403
0.0, 0.0, 0.006306
0.0, 0.0, 0.006214
0.0, 0.0, 0.006138
0.0, 0.0, 0.006077
0.0, 0.0, 0.006015
0.0, 0.0, 0.005946
0.0, 0.0, 0.005885
0.0, 0.0, 0.005836
0.0, 0.0, 0.005795
0.0, 0.0, 0.005751
0.0, 0.0, 0.005698
0.0, 0.0, 0.005644
0.0, 0.0, 0.005603
0.0, 0.0, 0.005580
0.0, 0.0, 0.005564
0.0, 0.0, 0.005549
0.0, 0.0, 0.005533
0.0, 0.0, 0.005516
0.0, 0.0, 0.005498
0.0, 0.0, 0.005486
0.0, 0.0, 0.005487
0.0, 0.0, 0.008650
0.0, 0.0, 0.008728
0.0, 0.0, 0.008727
0.0, 0.0, 0.008662
0.0, 0.0, 0.008566
0.0, 0.0, 0.008462
0.0, 0.0, 0.008388
0.0, 0.0, 0.008331
0.0, 0.0, 0.008261
0.0, 0.0, 0.008165
0.0, 0.0, 0.008049
0.0, 0.0, 0.007935
0.0, 0.0, 0.007821
0.0, 0.0, 0.007696
0.0, 0.0, 0.007568
0.0, 0.0, 0.007459
0.0, 0.0, 0.007367
0.0, 0.0, 0.007281
0.0, 0.0, 0.007203
0.0, 0.0, 0.007136
0.0, 0.0, 0.007079
0.0, 0.0, 0.007030
0.0, 0.0, 0.006987
0.0, 0.0, 0.006943
0.0, 0.0, 0.006885
0.0, 0.0, 0.006806
0.0, 0.0, 0.006714
0.0, 0.0, 0.006630
0.0, 0.0, 0.006566
0.0, 0.0, 0.006519
0.0, 0.0, 0.006465
0.0, 0.0, 0.006385
0.0, 0.0, 0.006286
0.0, 0.0, 0.006188
0.0, 0.0, 0.006090
0.0, 0.0, 0.005991
0.0, 0.0, 0.005906
0.0, 0.0, 0.005840
0.0, 0.0, 0.005779
0.0, 0.0, 0.005724
0.0, 0.0, 0.005682
0.0, 0.0, 0.005646
0.0, 0.0, 0.005610
0.0, 0.0, 0.005571
0.0, 0.0, 0.005528
0.0, 0.0, 0.005486
0.0, 0.0, 0.005455
0.0, 0.0, 0.005438
0.0, 0.0, 0.005429
0.0, 0.0, 0.005420
0.0, 0.0, 0.005409
0.0, 0.0, 0.005398
0.0, 0.0, 0.005388
0.0, 0.0, 0.005384
0.0, 0.0, 0.005384
0.0, 0.0, 0.008427
0.0, 0.0, 0.008487
0.0, 0.0, 0.008515
0.0, 0.0, 0.008476
0.0, 0.0, 0.008403
0.0, 0.0, 0.008318
0.0, 0.0, 0.008241
0.0, 0.0, 0.008165
0.0, 0.0, 0.008077
0.0, 0.0, 0.007962
0.0, 0.0, 0.007839
0.0, 0.0, 0.007742
0.0, 0.0, 0.007656
0.0, 0.0, 0.007549
0.0, 0.0, 0.007420
0.0, 0.0, 0.007298
0.0, 0.0, 0.007192
0.0, 0.0, 0.007099
0.0, 0.0, 0.007023
0.0, 0.0, 0.006964
0.0, 0.0, 0.006915
0.0, 0.0, 0.006875
0.0, 0.0, 0.006837
0.0, 0.0, 0.006782
0.0, 0.0, 0.006703
0.0, 0.0, 0.006613
0.0, 0.0, 0.006528
0.0, 0.0, 0.006451
0.0, 0.0, 0.006385
0.0, 0.0, 0.006337
0.0, 0.0, 0.006294
0.0, 0.0, 0.006231
0.0, 0.0, 0.006149
0.0, 0.0, 0.006061
0.0, 0.0, 0.005958
0.0, 0.0, 0.005840
0.0, 0.0, 0.005738
0.0, 0.0, 0.005659
0.0, 0.0, 0.005593
0.0, 0.0, 0.005543
0.0, 0.0, 0.005510
0.0, 0.0, 0.005481
0.0, 0.0, 0.005447
0.0, 0.0, 0.005411
0.0, 0.0, 0.005377
0.0, 0.0, 0.005349
0.0, 0.0, 0.005332
0.0, 0.0, 0.005321
0.0, 0.0, 0.005315
0.0, 0.0, 0.005309
0.0, 0.0, 0.005299
0.0, 0.0, 0.005288
0.0, 0.0, 0.005280
0.0, 0.0, 0.005276
0.0, 0.0, 0.005273
0.0, 0.0, 0.008210
0.0, 0.0, 0.008209
0.0, 0.0, 0.008259
0.0, 0.0, 0.008277
0.0, 0.0, 0.008251
0.0, 0.0, 0.008201
0.0, 0.0, 0.008119
0.0, 0.0, 0.008005
0.0, 0.0, 0.007887
0.0, 0.0, 0.007764
0.0, 0.0, 0.007653
0.0, 0.0, 0.007572
0.0, 0.0, 0.007491
0.0, 0.0, 0.007387
0.0, 0.0, 0.007260
0.0, 0.0, 0.007135
0.0, 0.0, 0.007030
0.0, 0.0, 0.006944
0.0, 0.0, 0.006876
0.0, 0.0, 0.006822
0.0, 0.0, 0.006777
0.0, 0.0, 0.006740
0.0, 0.0, 0.006705
0.0, 0.0, 0.006650
0.0, 0.0, 0.006571
0.0, 0.0, 0.006485
0.0, 0.0, 0.006402
0.0, 0.0, 0.006313
0.0, 0.0, 0.006230
0.0, 0.0, 0.006178
0.0, 0.0, 0.006146
0.0, 0.0, 0.006099
0.0, 0.0, 0.006031
0.0, 0.0, 0.005948
0.0, 0.0, 0.005844
0.0, 0.0, 0.005730
0.0, 0.0, 0.005632
0.0, 0.0, 0.005550
0.0, 0.0, 0.005474
0.0, 0.0, 0.005414
0.0, 0.0, 0.005375
0.0, 0.0, 0.005343
0.0, 0.0, 0.005308
0.0, 0.0, 0.005274
0.0, 0.0, 0.005247
0.0, 0.0, 0.005231
0.0, 0.0, 0.005222
0.0, 0.0, 0.005216
0.0, 0.0, 0.005212
0.0, 0.0, 0.005207
0.0, 0.0, 0.005199
0.0, 0.0, 0.005187
0.0, 0.0, 0.005176
0.0, 0.0, 0.005168
0.0, 0.0, 0.005161
0.0, 0.0, 0.007950
0.0, 0.0, 0.007913
0.0, 0.0, 0.007986
0.0, 0.0, 0.008084
0.0, 0.0, 0.008103
0.0, 0.0, 0.008061
0.0, 0.0, 0.007970
0.0, 0.0, 0.007847
0.0, 0.0, 0.007733
0.0, 0.0, 0.007623
0.0, 0.0, 0.007520
0.0, 0.0, 0.007433
0.0, 0.0, 0.007337
0.0, 0.0, 0.007221
0.0, 0.0, 0.007093
0.0, 0.0, 0.006974
0.0, 0.0, 0.006880
0.0, 0.0, 0.006804
0.0, 0.0, 0.006741
0.0, 0.0, 0.006692
0.0, 0.0, 0.006652
0.0, 0.0, 0.006616
0.0, 0.0, 0.006580
0.0, 0.0, 0.006531
0.0, 0.0, 0.006467
0.0, 0.0, 0.006400
0.0, 0.0, 0.006318
0.0, 0.0, 0.006208
0.0, 0.0, 0.006099
0.0, 0.0, 0.006033
0.0, 0.0, 0.005996
0.0, 0.0, 0.005948
0.0, 0.0, 0.005878
0.0, 0.0, 0.005796
0.0, 0.0, 0.005708
0.0, 0.0, 0.005630
0.0, 0.0, 0.005566
0.0, 0.0, 0.005492
0.0, 0.0, 0.005399
0.0, 0.0, 0.005319
0.0, 0.0, 0.005267
0.0, 0.0, 0.005229
0.0, 0.0, 0.005196
0.0, 0.0, 0.005167
0.0, 0.0, 0.005148
0.0, 0.0, 0.005136
0.0, 0.0, 0.005128
0.0, 0.0, 0.005121
0.0, 0.0, 0.005117
0.0, 0.0, 0.005114
0.0, 0.0, 0.005105
0.0, 0.0, 0.005090
0.0, 0.0, 0.005073
0.0, 0.0, 0.005058
0.0, 0.0, 0.005045
0.0, 0.0, 0.007729
0.0, 0.0, 0.007678
0.0, 0.0, 0.007744
0.0, 0.0, 0.007847
0.0, 0.0, 0.007890
0.0, 0.0, 0.007869
0.0, 0.0, 0.007798
0.0, 0.0, 0.007713
0.0, 0.0, 0.007629
0.0, 0.0, 0.007526
0.0, 0.0, 0.007409
0.0, 0.0, 0.007298
0.0, 0.0, 0.007185
0.0, 0.0, 0.007065
0.0, 0.0, 0.006950
0.0, 0.0, 0.006852
0.0, 0.0, 0.006769
0.0, 0.0, 0.006690
0.0, 0.0, 0.006617
0.0, 0.0, 0.006565
0.0, 0.0, 0.006527
0.0, 0.0, 0.006489
0.0, 0.0, 0.006444
0.0, 0.0, 0.006392
0.0, 0.0, 0.006338
0.0, 0.0, 0.006283
0.0, 0.0, 0.006207
0.0, 0.0, 0.006097
0.0, 0.0, 0.005981
0.0, 0.0, 0.005901
0.0, 0.0, 0.005845
0.0, 0.0, 0.005780
0.0, 0.0, 0.005702
0.0, 0.0, 0.005623
0.0, 0.0, 0.005557
0.0, 0.0, 0.005516
0.0, 0.0, 0.005483
0.0, 0.0, 0.005418
0.0, 0.0, 0.005321
0.0, 0.0, 0.005232
0.0, 0.0, 0.005174
0.0, 0.0, 0.005136
0.0, 0.0, 0.005107
0.0, 0.0, 0.005085
0.0, 0.0, 0.005069
0.0, 0.0, 0.005056
0.0, 0.0, 0.005045
0.0, 0.0, 0.005036
0.0, 0.0, 0.005031
0.0, 0.0, 0.005025
0.0, 0.0, 0.005012
0.0, 0.0, 0.004991
0.0, 0.0, 0.004967
0.0, 0.0, 0.004945
0.0, 0.0, 0.004928
0.0, 0.0, 0.007575
0.0, 0.0, 0.007523
0.0, 0.0, 0.007509
0.0, 0.0, 0.007539
0.0, 0.0, 0.007610
0.0, 0.0, 0.007649
0.0, 0.0, 0.007627
0.0, 0.0, 0.007578
0.0, 0.0, 0.007505
0.0, 0.0, 0.007397
0.0, 0.0, 0.007268
0.0, 0.0, 0.007146
0.0, 0.0, 0.007036
0.0, 0.0, 0.006931
0.0, 0.0, 0.006843
0.0, 0.0, 0.006772
0.0, 0.0, 0.006694
0.0, 0.0, 0.006590
0.0, 0.0, 0.006484
0.0, 0.0, 0.006408
0.0, 0.0, 0.006356
0.0, 0.0, 0.006301
0.0, 0.0, 0.006241
0.0, 0.0, 0.006184
0.0, 0.0, 0.006136
0.0, 0.0, 0.006092
0.0, 0.0, 0.006036
0.0, 0.0, 0.005953
0.0, 0.0, 0.005862
0.0, 0.0, 0.005783
0.0, 0.0, 0.005708
0.0, 0.0, 0.005626
0.0, 0.0, 0.005546
0.0, 0.0, 0.005476
0.0, 0.0, 0.005423
0.0, 0.0, 0.005392
0.0, 0.0, 0.005361
0.0, 0.0, 0.005301
0.0, 0.0, 0.005217
0.0, 0.0, 0.005141
0.0, 0.0, 0.005089
0.0, 0.0, 0.005053
0.0, 0.0, 0.005024
0.0, 0.0, 0.005002
0.0, 0.0, 0.004985
0.0, 0.0, 0.004971
0.0, 0.0, 0.004962
0.0, 0.0, 0.004958
0.0, 0.0, 0.004953
0.0, 0.0, 0.004941
0.0, 0.0, 0.004921
0.0, 0.0, 0.004896
0.0, 0.0, 0.004868
0.0, 0.0, 0.004843
0.0, 0.0, 0.004824
0.0, 0.0, 0.007336
0.0, 0.0, 0.007245
0.0, 0.0, 0.007193
0.0, 0.0, 0.007236
0.0, 0.0, 0.007342
0.0, 0.0, 0.007420
0.0, 0.0, 0.007435
0.0, 0.0, 0.007408
0.0, 0.0, 0.007336
0.0, 0.0, 0.007220
0.0, 0.0, 0.007087
0.0, 0.0, 0.006977
0.0, 0.0, 0.006886
0.0, 0.0, 0.006798
0.0, 0.0, 0.006726
0.0, 0.0, 0.006664
0.0, 0.0, 0.006573
0.0, 0.0, 0.006435
0.0, 0.0, 0.006286
0.0, 0.0, 0.006171
0.0, 0.0, 0.006087
0.0, 0.0, 0.006011
0.0, 0.0, 0.005949
0.0, 0.0, 0.005911
0.0, 0.0, 0.005885
0.0, 0.0, 0.005865
0.0, 0.0, 0.005841
0.0, 0.0, 0.005797
0.0, 0.0, 0.005736
0.0, 0.0, 0.005668
0.0, 0.0, 0.005587
0.0, 0.0, 0.005501
0.0, 0.0, 0.005425
0.0, 0.0, 0.005367
0.0, 0.0, 0.005321
0.0, 0.0, 0.005279
0.0, 0.0, 0.005231
0.0, 0.0, 0.005169
0.0, 0.0, 0.005103
0.0, 0.0, 0.005045
0.0, 0.0, 0.005000
0.0, 0.0, 0.004964
0.0, 0.0, 0.004934
0.0, 0.0, 0.004909
0.0, 0.0, 0.004888
0.0, 0.0, 0.004874
0.0, 0.0, 0.004872
0.0, 0.0, 0.004879
0.0, 0.0, 0.004877
0.0, 0.0, 0.004861
0.0, 0.0, 0.004838
0.0, 0.0, 0.004814
0.0, 0.0, 0.004789
0.0, 0.0, 0.004766
0.0, 0.0, 0.004746
0.0, 0.0, 0.007017
0.0, 0.0, 0.006912
0.0, 0.0, 0.006907
0.0, 0.0, 0.006996
0.0, 0.0, 0.007102
0.0, 0.0, 0.007172
0.0, 0.0, 0.007194
0.0, 0.0, 0.007189
0.0, 0.0, 0.007141
0.0, 0.0, 0.007027
0.0, 0.0, 0.006894
0.0, 0.0, 0.006793
0.0, 0.0, 0.006710
0.0, 0.0, 0.006621
0.0, 0.0, 0.006540
0.0, 0.0, 0.006458
0.0, 0.0, 0.006345
0.0, 0.0, 0.006187
0.0, 0.0, 0.006016
0.0, 0.0, 0.005876
0.0, 0.0, 0.005771
0.0, 0.0, 0.005691
0.0, 0.0, 0.005651
0.0, 0.0, 0.005651
0.0, 0.0, 0.005664
0.0, 0.0, 0.005674
0.0, 0.0, 0.005679
0.0, 0.0, 0.005662
0.0, 0.0, 0.005617
0.0, 0.0, 0.005552
0.0, 0.0, 0.005474
0.0, 0.0, 0.005393
0.0, 0.0, 0.005324
0.0, 0.0, 0.005274
0.0, 0.0, 0.005232
0.0, 0.0, 0.005182
0.0, 0.0, 0.005119
0.0, 0.0, 0.005053
0.0, 0.0, 0.004995
0.0, 0.0, 0.004945
0.0, 0.0, 0.004903
0.0, 0.0, 0.004868
0.0, 0.0, 0.004840
0.0, 0.0, 0.004815
0.0, 0.0, 0.004792
0.0, 0.0, 0.004777
0.0, 0.0, 0.004777
0.0, 0.0, 0.004786
0.0, 0.0, 0.004786
0.0, 0.0, 0.004773
0.0, 0.0, 0.004759
0.0, 0.0, 0.004744
0.0, 0.0, 0.004727
0.0, 0.0, 0.004707
0.0, 0.0, 0.004684
0.0, 0.0, 0.006818
0.0, 0.0, 0.006756
0.0, 0.0, 0.006750
0.0, 0.0, 0.006793
0.0, 0.0, 0.006859
0.0, 0.0, 0.006909
0.0, 0.0, 0.006933
0.0, 0.0, 0.006937
0.0, 0.0, 0.006907
0.0, 0.0, 0.006819
0.0, 0.0, 0.006697
0.0, 0.0, 0.006591
0.0, 0.0, 0.006496
0.0, 0.0, 0.006393
0.0, 0.0, 0.006291
0.0, 0.0, 0.006187
0.0, 0.0, 0.006062
0.0, 0.0, 0.005910
0.0, 0.0, 0.005754
0.0, 0.0, 0.005624
0.0, 0.0, 0.005528
0.0, 0.0, 0.005463
0.0, 0.0, 0.005444
0.0, 0.0, 0.005471
0.0, 0.0, 0.005508
0.0, 0.0, 0.005538
0.0, 0.0, 0.005559
0.0, 0.0, 0.005552
0.0, 0.0, 0.005507
0.0, 0.0, 0.005438
0.0, 0.0, 0.005362
0.0, 0.0, 0.005290
0.0, 0.0, 0.005229
0.0, 0.0, 0.005182
0.0, 0.0, 0.005141
0.0, 0.0, 0.005089
0.0, 0.0, 0.005024
0.0, 0.0, 0.004958
0.0, 0.0, 0.004902
0.0, 0.0, 0.004854
0.0, 0.0, 0.004814
0.0, 0.0, 0.004782
0.0, 0.0, 0.004756
0.0, 0.0, 0.004731
0.0, 0.0, 0.004707
0.0, 0.0, 0.004690
0.0, 0.0, 0.004684
0.0, 0.0, 0.004684
0.0, 0.0, 0.004680
0.0, 0.0, 0.004676
0.0, 0.0, 0.004676
0.0, 0.0, 0.004674
0.0, 0.0, 0.004664
0.0, 0.0, 0.004646
0.0, 0.0, 0.004618
0.0, 0.0, 0.006709
0.0, 0.0, 0.006682
0.0, 0.0, 0.006639
0.0, 0.0, 0.006616
0.0, 0.0, 0.006636
0.0, 0.0, 0.006667
0.0, 0.0, 0.006692
0.0, 0.0, 0.006687
0.0, 0.0, 0.006644
0.0, 0.0, 0.006570
0.0, 0.0, 0.006469
0.0, 0.0, 0.006359
0.0, 0.0, 0.006253
0.0, 0.0, 0.006142
0.0, 0.0, 0.006035
0.0, 0.0, 0.005935
0.0, 0.0, 0.005822
0.0, 0.0, 0.005695
0.0, 0.0, 0.005569
0.0, 0.0, 0.005464
0.0, 0.0, 0.005389
0.0, 0.0, 0.005341
0.0, 0.0, 0.005332
0.0, 0.0, 0.005361
0.0, 0.0, 0.005400
0.0, 0.0, 0.005431
0.0, 0.0, 0.005451
0.0, 0.0, 0.005444
0.0, 0.0, 0.005395
0.0, 0.0, 0.005319
0.0, 0.0, 0.005245
0.0, 0.0, 0.005184
0.0, 0.0, 0.005136
0.0, 0.0, 0.005095
0.0, 0.0, 0.005052
0.0, 0.0, 0.005002
0.0, 0.0, 0.004944
0.0, 0.0, 0.004885
0.0, 0.0, 0.004836
0.0, 0.0, 0.004793
0.0, 0.0, 0.004755
0.0, 0.0, 0.004723
0.0, 0.0, 0.004691
0.0, 0.0, 0.004659
0.0, 0.0, 0.004633
0.0, 0.0, 0.004615
0.0, 0.0, 0.004603
0.0, 0.0, 0.004593
0.0, 0.0, 0.004586
0.0, 0.0, 0.004586
0.0, 0.0, 0.004595
0.0, 0.0, 0.004598
0.0, 0.0, 0.004591
0.0, 0.0, 0.004573
0.0, 0.0, 0.004543
0.0, 0.0, 0.006589
0.0, 0.0, 0.006586
0.0, 0.0, 0.006537
0.0, 0.0, 0.006483
0.0, 0.0, 0.006464
0.0, 0.0, 0.006470
0.0, 0.0, 0.006468
0.0, 0.0, 0.006428
0.0, 0.0, 0.006362
0.0, 0.0, 0.006286
0.0, 0.0, 0.006195
0.0, 0.0, 0.006083
0.0, 0.0, 0.005970
0.0, 0.0, 0.005873
0.0, 0.0, 0.005799
0.0, 0.0, 0.005730
0.0, 0.0, 0.005637
0.0, 0.0, 0.005541
0.0, 0.0, 0.005448
0.0, 0.0, 0.005367
0.0, 0.0, 0.005311
0.0, 0.0, 0.005278
0.0, 0.0, 0.005273
0.0, 0.0, 0.005295
0.0, 0.0, 0.005323
0.0, 0.0, 0.005341
0.0, 0.0, 0.005347
0.0, 0.0, 0.005329
0.0, 0.0, 0.005276
0.0, 0.0, 0.005199
0.0, 0.0, 0.005129
0.0, 0.0, 0.005083
0.0, 0.0, 0.005052
0.0, 0.0, 0.005020
0.0, 0.0, 0.004978
0.0, 0.0, 0.004931
0.0, 0.0, 0.004883
0.0, 0.0, 0.004839
0.0, 0.0, 0.004801
0.0, 0.0, 0.004765
0.0, 0.0, 0.004728
0.0, 0.0, 0.004689
0.0, 0.0, 0.004647
0.0, 0.0, 0.004607
0.0, 0.0, 0.004580
0.0, 0.0, 0.004562
0.0, 0.0, 0.004547
0.0, 0.0, 0.004533
0.0, 0.0, 0.004522
0.0, 0.0, 0.004519
0.0, 0.0, 0.004522
0.0, 0.0, 0.004522
0.0, 0.0, 0.004514
0.0, 0.0, 0.004501
0.0, 0.0, 0.004477
0.0, 0.0, 0.006454
0.0, 0.0, 0.006449
0.0, 0.0, 0.006388
0.0, 0.0, 0.006321
0.0, 0.0, 0.006283
0.0, 0.0, 0.006267
0.0, 0.0, 0.006223
0.0, 0.0, 0.006143
0.0, 0.0, 0.006065
0.0, 0.0, 0.005988
0.0, 0.0, 0.005888
0.0, 0.0, 0.005760
0.0, 0.0, 0.005641
0.0, 0.0, 0.005584
0.0, 0.0, 0.005578
0.0, 0.0, 0.005553
0.0, 0.0, 0.005486
0.0, 0.0, 0.005422
0.0, 0.0, 0.005364
0.0, 0.0, 0.005307
0.0, 0.0, 0.005269
0.0, 0.0, 0.005255
0.0, 0.0, 0.005258
0.0, 0.0, 0.005271
0.0, 0.0, 0.005279
0.0, 0.0, 0.005273
0.0, 0.0, 0.005257
0.0, 0.0, 0.005226
0.0, 0.0, 0.005172
0.0, 0.0, 0.005102
0.0, 0.0, 0.005042
0.0, 0.0, 0.005007
0.0, 0.0, 0.004987
0.0, 0.0, 0.004961
0.0, 0.0, 0.004921
0.0, 0.0, 0.004877
0.0, 0.0, 0.004838
0.0, 0.0, 0.004810
0.0, 0.0, 0.004785
0.0, 0.0, 0.004753
0.0, 0.0, 0.004714
0.0, 0.0, 0.004671
0.0, 0.0, 0.004627
0.0, 0.0, 0.004586
0.0, 0.0, 0.004557
0.0, 0.0, 0.004536
0.0, 0.0, 0.004517
0.0, 0.0, 0.004498
0.0, 0.0, 0.004483
0.0, 0.0, 0.004471
0.0, 0.0, 0.004463
0.0, 0.0, 0.004454
0.0, 0.0, 0.004449
0.0, 0.0, 0.004450
0.0, 0.0, 0.004445
0.0, 0.0, 0.006287
0.0, 0.0, 0.006262
0.0, 0.0, 0.006176
0.0, 0.0, 0.006111
0.0, 0.0, 0.006064
0.0, 0.0, 0.006020
0.0, 0.0, 0.005949
0.0, 0.0, 0.005851
0.0, 0.0, 0.005782
0.0, 0.0, 0.005714
0.0, 0.0, 0.005599
0.0, 0.0, 0.005449
0.0, 0.0, 0.005333
0.0, 0.0, 0.005325
0.0, 0.0, 0.005392
0.0, 0.0, 0.005423
0.0, 0.0, 0.005389
0.0, 0.0, 0.005349
0.0, 0.0, 0.005316
0.0, 0.0, 0.005280
0.0, 0.0, 0.005259
0.0, 0.0, 0.005260
0.0, 0.0, 0.005272
0.0, 0.0, 0.005272
0.0, 0.0, 0.005254
0.0, 0.0, 0.005223
0.0, 0.0, 0.005189
0.0, 0.0, 0.005149
0.0, 0.0, 0.005099
0.0, 0.0, 0.005043
0.0, 0.0, 0.004996
0.0, 0.0, 0.004966
0.0, 0.0, 0.004945
0.0, 0.0, 0.004918
0.0, 0.0, 0.004879
0.0, 0.0, 0.004838
0.0, 0.0, 0.004806
0.0, 0.0, 0.004788
0.0, 0.0, 0.004771
0.0, 0.0, 0.004743
0.0, 0.0, 0.004704
0.0, 0.0, 0.004662
0.0, 0.0, 0.004623
0.0, 0.0, 0.004588
0.0, 0.0, 0.004560
0.0, 0.0, 0.004532
0.0, 0.0, 0.004504
0.0, 0.0, 0.004479
0.0, 0.0, 0.004457
0.0, 0.0, 0.004437
0.0, 0.0, 0.004417
0.0, 0.0, 0.004401
0.0, 0.0, 0.004397
0.0, 0.0, 0.004414
0.0, 0.0, 0.004433
0.0, 0.0, 0.006096
0.0, 0.0, 0.006041
0.0, 0.0, 0.005949
0.0, 0.0, 0.005895
0.0, 0.0, 0.005844
0.0, 0.0, 0.005781
0.0, 0.0, 0.005697
0.0, 0.0, 0.005603
0.0, 0.0, 0.005544
0.0, 0.0, 0.005490
0.0, 0.0, 0.005376
0.0, 0.0, 0.005221
0.0, 0.0, 0.005118
0.0, 0.0, 0.005147
0.0, 0.0, 0.005270
0.0, 0.0, 0.005353
0.0, 0.0, 0.005350
0.0, 0.0, 0.005321
0.0, 0.0, 0.005295
0.0, 0.0, 0.005269
0.0, 0.0, 0.005252
0.0, 0.0, 0.005254
0.0, 0.0, 0.005260
0.0, 0.0, 0.005249
0.0, 0.0, 0.005216
0.0, 0.0, 0.005177
0.0, 0.0, 0.005136
0.0, 0.0, 0.005094
0.0, 0.0, 0.005049
0.0, 0.0, 0.005008
0.0, 0.0, 0.004973
0.0, 0.0, 0.004944
0.0, 0.0, 0.004916
0.0, 0.0, 0.004885
0.0, 0.0, 0.004850
0.0, 0.0, 0.004816
0.0, 0.0, 0.004791
0.0, 0.0, 0.004776
0.0, 0.0, 0.004761
0.0, 0.0, 0.004735
0.0, 0.0, 0.004697
0.0, 0.0, 0.004658
0.0, 0.0, 0.004623
0.0, 0.0, 0.004595
0.0, 0.0, 0.004567
0.0, 0.0, 0.004536
0.0, 0.0, 0.004505
0.0, 0.0, 0.004476
0.0, 0.0, 0.004446
0.0, 0.0, 0.004413
0.0, 0.0, 0.004382
0.0, 0.0, 0.004354
0.0, 0.0, 0.004343
0.0, 0.0, 0.004363
0.0, 0.0, 0.004392
0.0, 0.0, 0.005914
0.0, 0.0, 0.005824
0.0, 0.0, 0.005737
0.0, 0.0, 0.005688
0.0, 0.0, 0.005648
0.0, 0.0, 0.005588
0.0, 0.0, 0.005514
0.0, 0.0, 0.005439
0.0, 0.0, 0.005369
0.0, 0.0, 0.005305
0.0, 0.0, 0.005199
0.0, 0.0, 0.005060
0.0, 0.0, 0.004983
0.0, 0.0, 0.005036
0.0, 0.0, 0.005189
0.0, 0.0, 0.005304
0.0, 0.0, 0.005321
0.0, 0.0, 0.005297
0.0, 0.0, 0.005269
0.0, 0.0, 0.005246
0.0, 0.0, 0.005228
0.0, 0.0, 0.005221
0.0, 0.0, 0.005213
0.0, 0.0, 0.005193
0.0, 0.0, 0.005163
0.0, 0.0, 0.005130
0.0, 0.0, 0.005095
0.0, 0.0, 0.005055
0.0, 0.0, 0.005016
0.0, 0.0, 0.004983
0.0, 0.0, 0.004954
0.0, 0.0, 0.004925
0.0, 0.0, 0.004893
0.0, 0.0, 0.004860
0.0, 0.0, 0.004829
0.0, 0.0, 0.004806
0.0, 0.0, 0.004788
0.0, 0.0, 0.004773
0.0, 0.0, 0.004754
0.0, 0.0, 0.004727
0.0, 0.0, 0.004692
0.0, 0.0, 0.004654
0.0, 0.0, 0.004623
0.0, 0.0, 0.004596
0.0, 0.0, 0.004571
0.0, 0.0, 0.004543
0.0, 0.0, 0.004515
0.0, 0.0, 0.004484
0.0, 0.0, 0.004443
0.0, 0.0, 0.004395
0.0, 0.0, 0.004350
0.0, 0.0, 0.004307
0.0, 0.0, 0.004277
0.0, 0.0, 0.004280
0.0, 0.0, 0.004301
0.0, 0.0, 0.005727
0.0, 0.0, 0.005651
0.0, 0.0, 0.005590
0.0, 0.0, 0.005541
0.0, 0.0, 0.005475
0.0, 0.0, 0.005419
0.0, 0.0, 0.005393
0.0, 0.0, 0.005354
0.0, 0.0, 0.005274
0.0, 0.0, 0.005180
0.0, 0.0, 0.005060
0.0, 0.0, 0.004940
0.0, 0.0, 0.004901
0.0, 0.0, 0.004975
0.0, 0.0, 0.005125
0.0, 0.0, 0.005240
0.0, 0.0, 0.005268
0.0, 0.0, 0.005252
0.0, 0.0, 0.005231
0.0, 0.0, 0.005213
0.0, 0.0, 0.005197
0.0, 0.0, 0.005182
0.0, 0.0, 0.005164
0.0, 0.0, 0.005141
0.0, 0.0, 0.005116
0.0, 0.0, 0.005091
0.0, 0.0, 0.005064
0.0, 0.0, 0.005031
0.0, 0.0, 0.004999
0.0, 0.0, 0.004970
0.0, 0.0, 0.004941
0.0, 0.0, 0.004911
0.0, 0.0, 0.004877
0.0, 0.0, 0.004843
0.0, 0.0, 0.004815
0.0, 0.0, 0.004798
0.0, 0.0, 0.004784
0.0, 0.0, 0.004767
0.0, 0.0, 0.004745
0.0, 0.0, 0.004718
0.0, 0.0, 0.004686
0.0, 0.0, 0.004652
0.0, 0.0, 0.004622
0.0, 0.0, 0.004597
0.0, 0.0, 0.004573
0.0, 0.0, 0.004547
0.0, 0.0, 0.004520
0.0, 0.0, 0.004485
0.0, 0.0, 0.004435
0.0, 0.0, 0.004376
0.0, 0.0, 0.004317
0.0, 0.0, 0.004258
0.0, 0.0, 0.004207
0.0, 0.0, 0.004185
0.0, 0.0, 0.004186
0.0, 0.0, 0.005542
0.0, 0.0, 0.005525
0.0, 0.0, 0.005505
0.0, 0.0, 0.005448
0.0, 0.0, 0.005347
0.0, 0.0, 0.005308
0.0, 0.0, 0.005327
0.0, 0.0, 0.005308
0.0, 0.0, 0.005232
0.0, 0.0, 0.005117
0.0, 0.0, 0.004987
0.0, 0.0, 0.004901
0.0, 0.0, 0.004909
0.0, 0.0, 0.004992
0.0, 0.0, 0.005103
0.0, 0.0, 0.005191
0.0, 0.0, 0.005219
0.0, 0.0, 0.005211
0.0, 0.0, 0.005199
0.0, 0.0, 0.005187
0.0, 0.0, 0.005174
0.0, 0.0, 0.005157
0.0, 0.0, 0.005136
0.0, 0.0, 0.005113
0.0, 0.0, 0.005084
0.0, 0.0, 0.005062
0.0, 0.0, 0.005043
0.0, 0.0, 0.005018
0.0, 0.0, 0.004991
0.0, 0.0, 0.004966
0.0, 0.0, 0.004939
0.0, 0.0, 0.004907
0.0, 0.0, 0.004873
0.0, 0.0, 0.004840
0.0, 0.0, 0.004811
0.0, 0.0, 0.004793
0.0, 0.0, 0.004777
0.0, 0.0, 0.004758
0.0, 0.0, 0.004735
0.0, 0.0, 0.004709
0.0, 0.0, 0.004680
0.0, 0.0, 0.004649
0.0, 0.0, 0.004621
0.0, 0.0, 0.004595
0.0, 0.0, 0.004571
0.0, 0.0, 0.004545
0.0, 0.0, 0.004514
0.0, 0.0, 0.004474
0.0, 0.0, 0.004419
0.0, 0.0, 0.004354
0.0, 0.0, 0.004286
0.0, 0.0, 0.004215
0.0, 0.0, 0.004146
0.0, 0.0, 0.004100
0.0, 0.0, 0.004082
0.0, 0.0, 0.005413
0.0, 0.0, 0.005430
0.0, 0.0, 0.005426
0.0, 0.0, 0.005370
0.0, 0.0, 0.005297
0.0, 0.0, 0.005280
0.0, 0.0, 0.005284
0.0, 0.0, 0.005264
0.0, 0.0, 0.005205
0.0, 0.0, 0.005096
0.0, 0.0, 0.004988
0.0, 0.0, 0.004951
0.0, 0.0, 0.004996
0.0, 0.0, 0.005069
0.0, 0.0, 0.005133
0.0, 0.0, 0.005179
0.0, 0.0, 0.005195
0.0, 0.0, 0.005192
0.0, 0.0, 0.005184
0.0, 0.0, 0.005175
0.0, 0.0, 0.005158
0.0, 0.0, 0.005140
0.0, 0.0, 0.005124
0.0, 0.0, 0.005097
0.0, 0.0, 0.005071
0.0, 0.0, 0.005053
0.0, 0.0, 0.005036
0.0, 0.0, 0.005015
0.0, 0.0, 0.004992
0.0, 0.0, 0.004969
0.0, 0.0, 0.004944
0.0, 0.0, 0.004913
0.0, 0.0, 0.004881
0.0, 0.0, 0.004848
0.0, 0.0, 0.004818
0.0, 0.0, 0.004795
0.0, 0.0, 0.004775
0.0, 0.0, 0.004753
0.0, 0.0, 0.004730
0.0, 0.0, 0.004704
0.0, 0.0, 0.004677
0.0, 0.0, 0.004648
0.0, 0.0, 0.004619
0.0, 0.0, 0.004592
0.0, 0.0, 0.004567
0.0, 0.0, 0.004539
0.0, 0.0, 0.004503
0.0, 0.0, 0.004457
0.0, 0.0, 0.004400
0.0, 0.0, 0.004331
0.0, 0.0, 0.004258
0.0, 0.0, 0.004179
0.0, 0.0, 0.004096
0.0, 0.0, 0.004030
0.0, 0.0, 0.003993
0.0, 0.0, 0.005347
0.0, 0.0, 0.005350
0.0, 0.0, 0.005341
0.0, 0.0, 0.005301
0.0, 0.0, 0.005272
0.0, 0.0, 0.005255
0.0, 0.0, 0.005232
0.0, 0.0, 0.005221
0.0, 0.0, 0.005185
0.0, 0.0, 0.005101
0.0, 0.0, 0.005030
0.0, 0.0, 0.005029
0.0, 0.0, 0.005080
0.0, 0.0, 0.005132
0.0, 0.0, 0.005167
0.0, 0.0, 0.005184
0.0, 0.0, 0.005188
0.0, 0.0, 0.005188
0.0, 0.0, 0.005185
0.0, 0.0, 0.005177
0.0, 0.0, 0.005154
0.0, 0.0, 0.005133
0.0, 0.0, 0.005123
0.0, 0.0, 0.005099
0.0, 0.0, 0.005080
0.0, 0.0, 0.005067
0.0, 0.0, 0.005046
0.0, 0.0, 0.005026
0.0, 0.0, 0.005005
0.0, 0.0, 0.004981
0.0, 0.0, 0.004955
0.0, 0.0, 0.004926
0.0, 0.0, 0.004896
0.0, 0.0, 0.004864
0.0, 0.0, 0.004831
0.0, 0.0, 0.004804
0.0, 0.0, 0.004781
0.0, 0.0, 0.004759
0.0, 0.0, 0.004734
0.0, 0.0, 0.004708
0.0, 0.0, 0.004679
0.0, 0.0, 0.004648
0.0, 0.0, 0.004618
0.0, 0.0, 0.004590
0.0, 0.0, 0.004564
0.0, 0.0, 0.004533
0.0, 0.0, 0.004492
0.0, 0.0, 0.004441
0.0, 0.0, 0.004379
0.0, 0.0, 0.004308
0.0, 0.0, 0.004232
0.0, 0.0, 0.004147
0.0, 0.0, 0.004052
0.0, 0.0, 0.003969
0.0, 0.0, 0.003913
0.0, 0.0, 0.005282
0.0, 0.0, 0.005265
0.0, 0.0, 0.005268
0.0, 0.0, 0.005258
0.0, 0.0, 0.005243
0.0, 0.0, 0.005221
0.0, 0.0, 0.005202
0.0, 0.0, 0.005199
0.0, 0.0, 0.005170
0.0, 0.0, 0.005111
0.0, 0.0, 0.005069
0.0, 0.0, 0.005086
0.0, 0.0, 0.005127
0.0, 0.0, 0.005159
0.0, 0.0, 0.005181
0.0, 0.0, 0.005190
0.0, 0.0, 0.005194
0.0, 0.0, 0.005197
0.0, 0.0, 0.005196
0.0, 0.0, 0.005189
0.0, 0.0, 0.005168
0.0, 0.0, 0.005147
0.0, 0.0, 0.005140
0.0, 0.0, 0.005125
0.0, 0.0, 0.005106
0.0, 0.0, 0.005090
0.0, 0.0, 0.005070
0.0, 0.0, 0.005048
0.0, 0.0, 0.005025
0.0, 0.0, 0.004999
0.0, 0.0, 0.004973
0.0, 0.0, 0.004946
0.0, 0.0, 0.004918
0.0, 0.0, 0.004885
0.0, 0.0, 0.004850
0.0, 0.0, 0.004819
0.0, 0.0, 0.004794
0.0, 0.0, 0.004770
0.0, 0.0, 0.004744
0.0, 0.0, 0.004715
0.0, 0.0, 0.004685
0.0, 0.0, 0.004655
0.0, 0.0, 0.004626
0.0, 0.0, 0.004599
0.0, 0.0, 0.004569
0.0, 0.0, 0.004532
0.0, 0.0, 0.004483
0.0, 0.0, 0.004423
0.0, 0.0, 0.004354
0.0, 0.0, 0.004278
0.0, 0.0, 0.004196
0.0, 0.0, 0.004106
0.0, 0.0, 0.004007
0.0, 0.0, 0.003915
0.0, 0.0, 0.003845
0.0, 0.0, 0.005181
0.0, 0.0, 0.005180
0.0, 0.0, 0.005204
0.0, 0.0, 0.005214
0.0, 0.0, 0.005212
0.0, 0.0, 0.005211
0.0, 0.0, 0.005219
0.0, 0.0, 0.005209
0.0, 0.0, 0.005166
0.0, 0.0, 0.005118
0.0, 0.0, 0.005092
0.0, 0.0, 0.005115
0.0, 0.0, 0.005148
0.0, 0.0, 0.005163
0.0, 0.0, 0.005177
0.0, 0.0, 0.005191
0.0, 0.0, 0.005206
0.0, 0.0, 0.005216
0.0, 0.0, 0.005216
0.0, 0.0, 0.005205
0.0, 0.0, 0.005188
0.0, 0.0, 0.005180
0.0, 0.0, 0.005176
0.0, 0.0, 0.005157
0.0, 0.0, 0.005136
0.0, 0.0, 0.005120
0.0, 0.0, 0.005099
0.0, 0.0, 0.005075
0.0, 0.0, 0.005051
0.0, 0.0, 0.005025
0.0, 0.0, 0.004999
0.0, 0.0, 0.004973
0.0, 0.0, 0.004944
0.0, 0.0, 0.004909
0.0, 0.0, 0.004870
0.0, 0.0, 0.004833
0.0, 0.0, 0.004804
0.0, 0.0, 0.004779
0.0, 0.0, 0.004752
0.0, 0.0, 0.004723
0.0, 0.0, 0.004694
0.0, 0.0, 0.004667
0.0, 0.0, 0.004643
0.0, 0.0, 0.004615
0.0, 0.0, 0.004576
0.0, 0.0, 0.004524
0.0, 0.0, 0.004461
0.0, 0.0, 0.004390
0.0, 0.0, 0.004314
0.0, 0.0, 0.004232
0.0, 0.0, 0.004142
0.0, 0.0, 0.004047
0.0, 0.0, 0.003949
0.0, 0.0, 0.003859
0.0, 0.0, 0.003780
