S
I=55,J=49
0.0, 0.0, 0.013567
0.0, 0.0, 0.013407
0.0, 0.0, 0.013312
0.0, 0.0, 0.013385
0.0, 0.0, 0.013452
0.0, 0.0, 0.013459
0.0, 0.0, 0.013491
0.0, 0.0, 0.013438
0.0, 0.0, 0.013463
0.0, 0.0, 0.013579
0.0, 0.0, 0.013664
0.0, 0.0, 0.013672
0.0, 0.0, 0.013641
0.0, 0.0, 0.013636
0.0, 0.0, 0.013643
0.0, 0.0, 0.013635
0.0, 0.0, 0.013594
0.0, 0.0, 0.013512
0.0, 0.0, 0.013463
0.0, 0.0, 0.013437
0.0, 0.0, 0.013407
0.0, 0.0, 0.013350
0.0, 0.0, 0.013300
0.0, 0.0, 0.013244
0.0, 0.0, 0.013200
0.0, 0.0, 0.013168
0.0, 0.0, 0.013137
0.0, 0.0, 0.013097
0.0, 0.0, 0.013044
0.0, 0.0, 0.012978
0.0, 0.0, 0.012915
0.0, 0.0, 0.012848
0.0, 0.0, 0.012767
0.0, 0.0, 0.012692
0.0, 0.0, 0.012620
0.0, 0.0, 0.012569
0.0, 0.0, 0.012533
0.0, 0.0, 0.012512
0.0, 0.0, 0.012492
0.0, 0.0, 0.012462
0.0, 0.0, 0.012424
0.0, 0.0, 0.012397
0.0, 0.0, 0.012379
0.0, 0.0, 0.012377
0.0, 0.0, 0.012379
0.0, 0.0, 0.012387
0.0, 0.0, 0.012405
0.0, 0.0, 0.012430
0.0, 0.0, 0.012448
0.0, 0.0, 0.012454
0.0, 0.0, 0.012448
0.0, 0.0, 0.012436
0.0, 0.0, 0.012433
0.0, 0.0, 0.012454
0.0, 0.0, 0.012503
0.0, 0.0, 0.013444
0.0, 0.0, 0.013268
0.0, 0.0, 0.013289
0.0, 0.0, 0.013339
0.0, 0.0, 0.013373
0.0, 0.0, 0.013408
0.0, 0.0, 0.013470
0.0, 0.0, 0.013463
0.0, 0.0, 0.013489
0.0, 0.0, 0.013573
0.0, 0.0, 0.013635
0.0, 0.0, 0.013659
0.0, 0.0, 0.013621
0.0, 0.0, 0.013591
0.0, 0.0, 0.013597
0.0, 0.0, 0.013595
0.0, 0.0, 0.013546
0.0, 0.0, 0.013455
0.0, 0.0, 0.013370
0.0, 0.0, 0.013315
0.0, 0.0, 0.013253
0.0, 0.0, 0.013187
0.0, 0.0, 0.013134
0.0, 0.0, 0.013083
0.0, 0.0, 0.013045
0.0, 0.0, 0.013003
0.0, 0.0, 0.012950
0.0, 0.0, 0.012901
0.0, 0.0, 0.012851
0.0, 0.0, 0.012805
0.0, 0.0, 0.012749
0.0, 0.0, 0.012672
0.0, 0.0, 0.012576
0.0, 0.0, 0.012482
0.0, 0.0, 0.012407
0.0, 0.0, 0.012344
0.0, 0.0, 0.012305
0.0, 0.0, 0.012286
0.0, 0.0, 0.012281
0.0, 0.0, 0.012266
0.0, 0.0, 0.012247
0.0, 0.0, 0.012240
0.0, 0.0, 0.012251
0.0, 0.0, 0.012270
0.0, 0.0, 0.012289
0.0, 0.0, 0.012311
0.0, 0.0, 0.012334
0.0, 0.0, 0.012357
0.0, 0.0, 0.012376
0.0, 0.0, 0.012388
0.0, 0.0, 0.012388
0.0, 0.0, 0.012379
0.0, 0.0, 0.012370
0.0, 0.0, 0.012373
0.0, 0.0, 0.012394
0.0, 0.0, 0.013296
0.0, 0.0, 0.013126
0.0, 0.0, 0.013256
0.0, 0.0, 0.013275
0.0, 0.0, 0.013323
0.0, 0.0, 0.013400
0.0, 0.0, 0.013477
0.0, 0.0, 0.013486
0.0, 0.0, 0.013499
0.0, 0.0, 0.013519
0.0, 0.0, 0.013571
0.0, 0.0, 0.013605
0.0, 0.0, 0.013574
0.0, 0.0, 0.013531
0.0, 0.0, 0.013522
0.0, 0.0, 0.013485
0.0, 0.0, 0.013399
0.0, 0.0, 0.013304
0.0, 0.0, 0.013215
0.0, 0.0, 0.013148
0.0, 0.0, 0.013073
0.0, 0.0, 0.013015
0.0, 0.0, 0.012965
0.0, 0.0, 0.012918
0.0, 0.0, 0.012877
0.0, 0.0, 0.012827
0.0, 0.0, 0.012768
0.0, 0.0, 0.012706
0.0, 0.0, 0.012640
0.0, 0.0, 0.012563
0.0, 0.0, 0.012477
0.0, 0.0, 0.012396
0.0, 0.0, 0.012315
0.0, 0.0, 0.012252
0.0, 0.0, 0.012183
0.0, 0.0, 0.012127
0.0, 0.0, 0.012097
0.0, 0.0, 0.012092
0.0, 0.0, 0.012082
0.0, 0.0, 0.012073
0.0, 0.0, 0.012062
0.0, 0.0, 0.012059
0.0, 0.0, 0.012076
0.0, 0.0, 0.012104
0.0, 0.0, 0.012141
0.0, 0.0, 0.012182
0.0, 0.0, 0.012215
0.0, 0.0, 0.012241
0.0, 0.0, 0.012259
0.0, 0.0, 0.012272
0.0, 0.0, 0.012281
0.0, 0.0, 0.012284
0.0, 0.0, 0.012282
0.0, 0.0, 0.012276
0.0, 0.0, 0.012272
0.0, 0.0, 0.013160
0.0, 0.0, 0.013101
0.0, 0.0, 0.013246
0.0, 0.0, 0.013260
0.0, 0.0, 0.013334
0.0, 0.0, 0.013444
0.0, 0.0, 0.013481
0.0, 0.0, 0.013475
0.0, 0.0, 0.013482
0.0, 0.0, 0.013500
0.0, 0.0, 0.013525
0.0, 0.0, 0.013530
0.0, 0.0, 0.013503
0.0, 0.0, 0.013449
0.0, 0.0, 0.013393
0.0, 0.0, 0.013315
0.0, 0.0, 0.013202
0.0, 0.0, 0.013097
0.0, 0.0, 0.013006
0.0, 0.0, 0.012926
0.0, 0.0, 0.012858
0.0, 0.0, 0.012805
0.0, 0.0, 0.012755
0.0, 0.0, 0.012691
0.0, 0.0, 0.012609
0.0, 0.0, 0.012532
0.0, 0.0, 0.012461
0.0, 0.0, 0.012378
0.0, 0.0, 0.012302
0.0, 0.0, 0.012243
0.0, 0.0, 0.012164
0.0, 0.0, 0.012079
0.0, 0.0, 0.012021
0.0, 0.0, 0.011998
0.0, 0.0, 0.011981
0.0, 0.0, 0.011946
0.0, 0.0, 0.011914
0.0, 0.0, 0.011904
0.0, 0.0, 0.011883
0.0, 0.0, 0.011877
0.0, 0.0, 0.011878
0.0, 0.0, 0.011883
0.0, 0.0, 0.011883
0.0, 0.0, 0.011915
0.0, 0.0, 0.011958
0.0, 0.0, 0.012002
0.0, 0.0, 0.012032
0.0, 0.0, 0.012060
0.0, 0.0, 0.012081
0.0, 0.0, 0.012098
0.0, 0.0, 0.012107
0.0, 0.0, 0.012112
0.0, 0.0, 0.012112
0.0, 0.0, 0.012103
0.0, 0.0, 0.012092
0.0, 0.0, 0.013009
0.0, 0.0, 0.013137
0.0, 0.0, 0.013287
0.0, 0.0, 0.013352
0.0, 0.0, 0.013422
0.0, 0.0, 0.013455
0.0, 0.0, 0.013458
0.0, 0.0, 0.013434
0.0, 0.0, 0.013450
0.0, 0.0, 0.013467
0.0, 0.0, 0.013457
0.0, 0.0, 0.013426
0.0, 0.0, 0.013398
0.0, 0.0, 0.013332
0.0, 0.0, 0.013228
0.0, 0.0, 0.013120
0.0, 0.0, 0.012998
0.0, 0.0, 0.012880
0.0, 0.0, 0.012779
0.0, 0.0, 0.012696
0.0, 0.0, 0.012634
0.0, 0.0, 0.012574
0.0, 0.0, 0.012493
0.0, 0.0, 0.012376
0.0, 0.0, 0.012258
0.0, 0.0, 0.012150
0.0, 0.0, 0.012056
0.0, 0.0, 0.011969
0.0, 0.0, 0.011886
0.0, 0.0, 0.011805
0.0, 0.0, 0.011732
0.0, 0.0, 0.011692
0.0, 0.0, 0.011685
0.0, 0.0, 0.011701
0.0, 0.0, 0.011709
0.0, 0.0, 0.011707
0.0, 0.0, 0.011701
0.0, 0.0, 0.011701
0.0, 0.0, 0.011716
0.0, 0.0, 0.011724
0.0, 0.0, 0.011723
0.0, 0.0, 0.011715
0.0, 0.0, 0.011720
0.0, 0.0, 0.011753
0.0, 0.0, 0.011790
0.0, 0.0, 0.011818
0.0, 0.0, 0.011839
0.0, 0.0, 0.011847
0.0, 0.0, 0.011851
0.0, 0.0, 0.011869
0.0, 0.0, 0.011882
0.0, 0.0, 0.011882
0.0, 0.0, 0.011875
0.0, 0.0, 0.011865
0.0, 0.0, 0.011859
0.0, 0.0, 0.012826
0.0, 0.0, 0.013027
0.0, 0.0, 0.013178
0.0, 0.0, 0.013217
0.0, 0.0, 0.013319
0.0, 0.0, 0.013505
0.0, 0.0, 0.013399
0.0, 0.0, 0.013388
0.0, 0.0, 0.013386
0.0, 0.0, 0.013406
0.0, 0.0, 0.013380
0.0, 0.0, 0.013328
0.0, 0.0, 0.013190
0.0, 0.0, 0.013106
0.0, 0.0, 0.013029
0.0, 0.0, 0.012912
0.0, 0.0, 0.012794
0.0, 0.0, 0.012676
0.0, 0.0, 0.012573
0.0, 0.0, 0.012486
0.0, 0.0, 0.012398
0.0, 0.0, 0.012286
0.0, 0.0, 0.012152
0.0, 0.0, 0.012008
0.0, 0.0, 0.011877
0.0, 0.0, 0.011773
0.0, 0.0, 0.011677
0.0, 0.0, 0.011588
0.0, 0.0, 0.011506
0.0, 0.0, 0.011431
0.0, 0.0, 0.011381
0.0, 0.0, 0.011365
0.0, 0.0, 0.011371
0.0, 0.0, 0.011404
0.0, 0.0, 0.011446
0.0, 0.0, 0.011482
0.0, 0.0, 0.011507
0.0, 0.0, 0.011516
0.0, 0.0, 0.011540
0.0, 0.0, 0.011570
0.0, 0.0, 0.011581
0.0, 0.0, 0.011591
0.0, 0.0, 0.011610
0.0, 0.0, 0.011625
0.0, 0.0, 0.011630
0.0, 0.0, 0.011612
0.0, 0.0, 0.011602
0.0, 0.0, 0.011585
0.0, 0.0, 0.011578
0.0, 0.0, 0.011589
0.0, 0.0, 0.011590
0.0, 0.0, 0.011580
0.0, 0.0, 0.011578
0.0, 0.0, 0.011588
0.0, 0.0, 0.011601
0.0, 0.0, 0.012699
0.0, 0.0, 0.012862
0.0, 0.0, 0.013067
0.0, 0.0, 0.013250
0.0, 0.0, 0.013270
0.0, 0.0, 0.013301
0.0, 0.0, 0.013378
0.0, 0.0, 0.013340
0.0, 0.0, 0.013350
0.0, 0.0, 0.013237
0.0, 0.0, 0.013180
0.0, 0.0, 0.013046
0.0, 0.0, 0.012939
0.0, 0.0, 0.012860
0.0, 0.0, 0.012795
0.0, 0.0, 0.012649
0.0, 0.0, 0.012586
0.0, 0.0, 0.012472
0.0, 0.0, 0.012376
0.0, 0.0, 0.012264
0.0, 0.0, 0.012119
0.0, 0.0, 0.011951
0.0, 0.0, 0.011771
0.0, 0.0, 0.011611
0.0, 0.0, 0.011472
0.0, 0.0, 0.011362
0.0, 0.0, 0.011276
0.0, 0.0, 0.011205
0.0, 0.0, 0.011152
0.0, 0.0, 0.011125
0.0, 0.0, 0.011116
0.0, 0.0, 0.011105
0.0, 0.0, 0.011116
0.0, 0.0, 0.011146
0.0, 0.0, 0.011180
0.0, 0.0, 0.011218
0.0, 0.0, 0.011266
0.0, 0.0, 0.011324
0.0, 0.0, 0.011386
0.0, 0.0, 0.011432
0.0, 0.0, 0.011456
0.0, 0.0, 0.011460
0.0, 0.0, 0.011439
0.0, 0.0, 0.011393
0.0, 0.0, 0.011327
0.0, 0.0, 0.011319
0.0, 0.0, 0.011316
0.0, 0.0, 0.011313
0.0, 0.0, 0.011323
0.0, 0.0, 0.011319
0.0, 0.0, 0.011299
0.0, 0.0, 0.011271
0.0, 0.0, 0.011254
0.0, 0.0, 0.011246
0.0, 0.0, 0.011227
0.0, 0.0, 0.012711
0.0, 0.0, 0.012870
0.0, 0.0, 0.012935
0.0, 0.0, 0.013103
0.0, 0.0, 0.013342
0.0, 0.0, 0.013344
0.0, 0.0, 0.013373
0.0, 0.0, 0.013249
0.0, 0.0, 0.013097
0.0, 0.0, 0.013077
0.0, 0.0, 0.012998
0.0, 0.0, 0.012858
0.0, 0.0, 0.012725
0.0, 0.0, 0.012643
0.0, 0.0, 0.012528
0.0, 0.0, 0.012432
0.0, 0.0, 0.012353
0.0, 0.0, 0.012243
0.0, 0.0, 0.012141
0.0, 0.0, 0.012011
0.0, 0.0, 0.011832
0.0, 0.0, 0.011624
0.0, 0.0, 0.011414
0.0, 0.0, 0.011231
0.0, 0.0, 0.011091
0.0, 0.0, 0.010988
0.0, 0.0, 0.010923
0.0, 0.0, 0.010893
0.0, 0.0, 0.010910
0.0, 0.0, 0.010929
0.0, 0.0, 0.010925
0.0, 0.0, 0.010906
0.0, 0.0, 0.010896
0.0, 0.0, 0.010908
0.0, 0.0, 0.010942
0.0, 0.0, 0.011009
0.0, 0.0, 0.011106
0.0, 0.0, 0.011210
0.0, 0.0, 0.011274
0.0, 0.0, 0.011269
0.0, 0.0, 0.011238
0.0, 0.0, 0.011226
0.0, 0.0, 0.011205
0.0, 0.0, 0.011154
0.0, 0.0, 0.011123
0.0, 0.0, 0.011101
0.0, 0.0, 0.011089
0.0, 0.0, 0.011076
0.0, 0.0, 0.011059
0.0, 0.0, 0.011016
0.0, 0.0, 0.010958
0.0, 0.0, 0.010902
0.0, 0.0, 0.010859
0.0, 0.0, 0.010837
0.0, 0.0, 0.010856
0.0, 0.0, 0.012762
0.0, 0.0, 0.012875
0.0, 0.0, 0.012933
0.0, 0.0, 0.013027
0.0, 0.0, 0.013245
0.0, 0.0, 0.013185
0.0, 0.0, 0.013147
0.0, 0.0, 0.013028
0.0, 0.0, 0.012942
0.0, 0.0, 0.012912
0.0, 0.0, 0.012849
0.0, 0.0, 0.012754
0.0, 0.0, 0.012618
0.0, 0.0, 0.012472
0.0, 0.0, 0.012346
0.0, 0.0, 0.012234
0.0, 0.0, 0.012121
0.0, 0.0, 0.012003
0.0, 0.0, 0.011884
0.0, 0.0, 0.011733
0.0, 0.0, 0.011567
0.0, 0.0, 0.011342
0.0, 0.0, 0.011110
0.0, 0.0, 0.010921
0.0, 0.0, 0.010811
0.0, 0.0, 0.010756
0.0, 0.0, 0.010739
0.0, 0.0, 0.010757
0.0, 0.0, 0.010799
0.0, 0.0, 0.010864
0.0, 0.0, 0.010912
0.0, 0.0, 0.010882
0.0, 0.0, 0.010884
0.0, 0.0, 0.010910
0.0, 0.0, 0.010985
0.0, 0.0, 0.011068
0.0, 0.0, 0.011107
0.0, 0.0, 0.011077
0.0, 0.0, 0.011037
0.0, 0.0, 0.011046
0.0, 0.0, 0.011081
0.0, 0.0, 0.011089
0.0, 0.0, 0.011047
0.0, 0.0, 0.010992
0.0, 0.0, 0.010947
0.0, 0.0, 0.010923
0.0, 0.0, 0.010903
0.0, 0.0, 0.010881
0.0, 0.0, 0.010844
0.0, 0.0, 0.010806
0.0, 0.0, 0.010782
0.0, 0.0, 0.010773
0.0, 0.0, 0.010784
0.0, 0.0, 0.010802
0.0, 0.0, 0.010827
0.0, 0.0, 0.012622
0.0, 0.0, 0.012704
0.0, 0.0, 0.012743
0.0, 0.0, 0.012783
0.0, 0.0, 0.012892
0.0, 0.0, 0.012969
0.0, 0.0, 0.012919
0.0, 0.0, 0.012897
0.0, 0.0, 0.012856
0.0, 0.0, 0.012815
0.0, 0.0, 0.012727
0.0, 0.0, 0.012625
0.0, 0.0, 0.012494
0.0, 0.0, 0.012306
0.0, 0.0, 0.012161
0.0, 0.0, 0.012020
0.0, 0.0, 0.011896
0.0, 0.0, 0.011778
0.0, 0.0, 0.011647
0.0, 0.0, 0.011496
0.0, 0.0, 0.011306
0.0, 0.0, 0.011097
0.0, 0.0, 0.010904
0.0, 0.0, 0.010772
0.0, 0.0, 0.010732
0.0, 0.0, 0.010745
0.0, 0.0, 0.010775
0.0, 0.0, 0.010775
0.0, 0.0, 0.010775
0.0, 0.0, 0.010804
0.0, 0.0, 0.010838
0.0, 0.0, 0.010871
0.0, 0.0, 0.010895
0.0, 0.0, 0.010898
0.0, 0.0, 0.010893
0.0, 0.0, 0.010891
0.0, 0.0, 0.010925
0.0, 0.0, 0.010950
0.0, 0.0, 0.010965
0.0, 0.0, 0.010992
0.0, 0.0, 0.011013
0.0, 0.0, 0.011010
0.0, 0.0, 0.010976
0.0, 0.0, 0.010928
0.0, 0.0, 0.010889
0.0, 0.0, 0.010855
0.0, 0.0, 0.010836
0.0, 0.0, 0.010828
0.0, 0.0, 0.010816
0.0, 0.0, 0.010772
0.0, 0.0, 0.010714
0.0, 0.0, 0.010625
0.0, 0.0, 0.010544
0.0, 0.0, 0.010509
0.0, 0.0, 0.010531
0.0, 0.0, 0.012595
0.0, 0.0, 0.012529
0.0, 0.0, 0.012532
0.0, 0.0, 0.012563
0.0, 0.0, 0.012650
0.0, 0.0, 0.012822
0.0, 0.0, 0.012906
0.0, 0.0, 0.012770
0.0, 0.0, 0.012714
0.0, 0.0, 0.012697
0.0, 0.0, 0.012595
0.0, 0.0, 0.012465
0.0, 0.0, 0.012296
0.0, 0.0, 0.012119
0.0, 0.0, 0.011959
0.0, 0.0, 0.011812
0.0, 0.0, 0.011676
0.0, 0.0, 0.011539
0.0, 0.0, 0.011391
0.0, 0.0, 0.011225
0.0, 0.0, 0.011044
0.0, 0.0, 0.010900
0.0, 0.0, 0.010801
0.0, 0.0, 0.010765
0.0, 0.0, 0.010789
0.0, 0.0, 0.010823
0.0, 0.0, 0.010837
0.0, 0.0, 0.010809
0.0, 0.0, 0.010800
0.0, 0.0, 0.010823
0.0, 0.0, 0.010861
0.0, 0.0, 0.010909
0.0, 0.0, 0.010958
0.0, 0.0, 0.011000
0.0, 0.0, 0.011040
0.0, 0.0, 0.011084
0.0, 0.0, 0.011133
0.0, 0.0, 0.011168
0.0, 0.0, 0.011167
0.0, 0.0, 0.011137
0.0, 0.0, 0.011091
0.0, 0.0, 0.011010
0.0, 0.0, 0.010884
0.0, 0.0, 0.010740
0.0, 0.0, 0.010631
0.0, 0.0, 0.010595
0.0, 0.0, 0.010595
0.0, 0.0, 0.010574
0.0, 0.0, 0.010507
0.0, 0.0, 0.010438
0.0, 0.0, 0.010398
0.0, 0.0, 0.010387
0.0, 0.0, 0.010384
0.0, 0.0, 0.010388
0.0, 0.0, 0.010412
0.0, 0.0, 0.012334
0.0, 0.0, 0.012461
0.0, 0.0, 0.012479
0.0, 0.0, 0.012679
0.0, 0.0, 0.012809
0.0, 0.0, 0.012829
0.0, 0.0, 0.012705
0.0, 0.0, 0.012653
0.0, 0.0, 0.012576
0.0, 0.0, 0.012497
0.0, 0.0, 0.012370
0.0, 0.0, 0.012203
0.0, 0.0, 0.012040
0.0, 0.0, 0.011895
0.0, 0.0, 0.011749
0.0, 0.0, 0.011586
0.0, 0.0, 0.011421
0.0, 0.0, 0.011261
0.0, 0.0, 0.011106
0.0, 0.0, 0.010967
0.0, 0.0, 0.010856
0.0, 0.0, 0.010796
0.0, 0.0, 0.010797
0.0, 0.0, 0.010824
0.0, 0.0, 0.010860
0.0, 0.0, 0.010905
0.0, 0.0, 0.010950
0.0, 0.0, 0.011015
0.0, 0.0, 0.011088
0.0, 0.0, 0.011137
0.0, 0.0, 0.011157
0.0, 0.0, 0.011178
0.0, 0.0, 0.011214
0.0, 0.0, 0.011253
0.0, 0.0, 0.011249
0.0, 0.0, 0.011189
0.0, 0.0, 0.011146
0.0, 0.0, 0.011107
0.0, 0.0, 0.011045
0.0, 0.0, 0.010891
0.0, 0.0, 0.010680
0.0, 0.0, 0.010616
0.0, 0.0, 0.010553
0.0, 0.0, 0.010505
0.0, 0.0, 0.010474
0.0, 0.0, 0.010458
0.0, 0.0, 0.010427
0.0, 0.0, 0.010378
0.0, 0.0, 0.010322
0.0, 0.0, 0.010279
0.0, 0.0, 0.010261
0.0, 0.0, 0.010265
0.0, 0.0, 0.010277
0.0, 0.0, 0.010284
0.0, 0.0, 0.010283
0.0, 0.0, 0.012369
0.0, 0.0, 0.012445
0.0, 0.0, 0.012590
0.0, 0.0, 0.012690
0.0, 0.0, 0.012732
0.0, 0.0, 0.012586
0.0, 0.0, 0.012485
0.0, 0.0, 0.012530
0.0, 0.0, 0.012419
0.0, 0.0, 0.012291
0.0, 0.0, 0.012132
0.0, 0.0, 0.011956
0.0, 0.0, 0.011799
0.0, 0.0, 0.011638
0.0, 0.0, 0.011462
0.0, 0.0, 0.011304
0.0, 0.0, 0.011163
0.0, 0.0, 0.011025
0.0, 0.0, 0.010919
0.0, 0.0, 0.010855
0.0, 0.0, 0.010827
0.0, 0.0, 0.010847
0.0, 0.0, 0.010917
0.0, 0.0, 0.011008
0.0, 0.0, 0.011093
0.0, 0.0, 0.011164
0.0, 0.0, 0.011231
0.0, 0.0, 0.011290
0.0, 0.0, 0.011312
0.0, 0.0, 0.011283
0.0, 0.0, 0.011241
0.0, 0.0, 0.011192
0.0, 0.0, 0.011136
0.0, 0.0, 0.011041
0.0, 0.0, 0.010929
0.0, 0.0, 0.010834
0.0, 0.0, 0.010780
0.0, 0.0, 0.010715
0.0, 0.0, 0.010563
0.0, 0.0, 0.010326
0.0, 0.0, 0.010263
0.0, 0.0, 0.010252
0.0, 0.0, 0.010220
0.0, 0.0, 0.010209
0.0, 0.0, 0.010202
0.0, 0.0, 0.010194
0.0, 0.0, 0.010168
0.0, 0.0, 0.010124
0.0, 0.0, 0.010094
0.0, 0.0, 0.010080
0.0, 0.0, 0.010075
0.0, 0.0, 0.010070
0.0, 0.0, 0.010060
0.0, 0.0, 0.010054
0.0, 0.0, 0.010065
0.0, 0.0, 0.012330
0.0, 0.0, 0.012440
0.0, 0.0, 0.012501
0.0, 0.0, 0.012523
0.0, 0.0, 0.012457
0.0, 0.0, 0.012463
0.0, 0.0, 0.012398
0.0, 0.0, 0.012390
0.0, 0.0, 0.012309
0.0, 0.0, 0.012135
0.0, 0.0, 0.011906
0.0, 0.0, 0.011698
0.0, 0.0, 0.011551
0.0, 0.0, 0.011366
0.0, 0.0, 0.011231
0.0, 0.0, 0.011121
0.0, 0.0, 0.011039
0.0, 0.0, 0.010980
0.0, 0.0, 0.010941
0.0, 0.0, 0.010944
0.0, 0.0, 0.010976
0.0, 0.0, 0.011046
0.0, 0.0, 0.011129
0.0, 0.0, 0.011213
0.0, 0.0, 0.011302
0.0, 0.0, 0.011367
0.0, 0.0, 0.011298
0.0, 0.0, 0.011109
0.0, 0.0, 0.010982
0.0, 0.0, 0.010922
0.0, 0.0, 0.010872
0.0, 0.0, 0.010799
0.0, 0.0, 0.010643
0.0, 0.0, 0.010501
0.0, 0.0, 0.010389
0.0, 0.0, 0.010308
0.0, 0.0, 0.010224
0.0, 0.0, 0.010150
0.0, 0.0, 0.010108
0.0, 0.0, 0.010052
0.0, 0.0, 0.009987
0.0, 0.0, 0.009946
0.0, 0.0, 0.009919
0.0, 0.0, 0.009890
0.0, 0.0, 0.009868
0.0, 0.0, 0.009858
0.0, 0.0, 0.009839
0.0, 0.0, 0.009825
0.0, 0.0, 0.009821
0.0, 0.0, 0.009820
0.0, 0.0, 0.009817
0.0, 0.0, 0.009816
0.0, 0.0, 0.009830
0.0, 0.0, 0.009850
0.0, 0.0, 0.009871
0.0, 0.0, 0.012144
0.0, 0.0, 0.012050
0.0, 0.0, 0.012044
0.0, 0.0, 0.012147
0.0, 0.0, 0.012145
0.0, 0.0, 0.012180
0.0, 0.0, 0.012238
0.0, 0.0, 0.012116
0.0, 0.0, 0.011970
0.0, 0.0, 0.011813
0.0, 0.0, 0.011672
0.0, 0.0, 0.011544
0.0, 0.0, 0.011429
0.0, 0.0, 0.011313
0.0, 0.0, 0.011257
0.0, 0.0, 0.011228
0.0, 0.0, 0.011197
0.0, 0.0, 0.011198
0.0, 0.0, 0.011221
0.0, 0.0, 0.011239
0.0, 0.0, 0.011245
0.0, 0.0, 0.011247
0.0, 0.0, 0.011244
0.0, 0.0, 0.011223
0.0, 0.0, 0.011194
0.0, 0.0, 0.011112
0.0, 0.0, 0.010925
0.0, 0.0, 0.010739
0.0, 0.0, 0.010683
0.0, 0.0, 0.010695
0.0, 0.0, 0.010625
0.0, 0.0, 0.010423
0.0, 0.0, 0.010260
0.0, 0.0, 0.010192
0.0, 0.0, 0.010157
0.0, 0.0, 0.010074
0.0, 0.0, 0.009968
0.0, 0.0, 0.009876
0.0, 0.0, 0.009836
0.0, 0.0, 0.009801
0.0, 0.0, 0.009735
0.0, 0.0, 0.009691
0.0, 0.0, 0.009663
0.0, 0.0, 0.009635
0.0, 0.0, 0.009608
0.0, 0.0, 0.009577
0.0, 0.0, 0.009563
0.0, 0.0, 0.009566
0.0, 0.0, 0.009577
0.0, 0.0, 0.009579
0.0, 0.0, 0.009575
0.0, 0.0, 0.009583
0.0, 0.0, 0.009629
0.0, 0.0, 0.009672
0.0, 0.0, 0.009690
0.0, 0.0, 0.011130
0.0, 0.0, 0.011148
0.0, 0.0, 0.011201
0.0, 0.0, 0.011180
0.0, 0.0, 0.011168
0.0, 0.0, 0.011272
0.0, 0.0, 0.011414
0.0, 0.0, 0.011502
0.0, 0.0, 0.011467
0.0, 0.0, 0.011424
0.0, 0.0, 0.011430
0.0, 0.0, 0.011468
0.0, 0.0, 0.011412
0.0, 0.0, 0.011341
0.0, 0.0, 0.011266
0.0, 0.0, 0.011350
0.0, 0.0, 0.011213
0.0, 0.0, 0.011108
0.0, 0.0, 0.011124
0.0, 0.0, 0.011156
0.0, 0.0, 0.011141
0.0, 0.0, 0.010973
0.0, 0.0, 0.010918
0.0, 0.0, 0.010859
0.0, 0.0, 0.010767
0.0, 0.0, 0.010671
0.0, 0.0, 0.010589
0.0, 0.0, 0.010480
0.0, 0.0, 0.010350
0.0, 0.0, 0.010235
0.0, 0.0, 0.010175
0.0, 0.0, 0.010142
0.0, 0.0, 0.010053
0.0, 0.0, 0.010024
0.0, 0.0, 0.010006
0.0, 0.0, 0.009914
0.0, 0.0, 0.009779
0.0, 0.0, 0.009640
0.0, 0.0, 0.009556
0.0, 0.0, 0.009566
0.0, 0.0, 0.009563
0.0, 0.0, 0.009482
0.0, 0.0, 0.009436
0.0, 0.0, 0.009378
0.0, 0.0, 0.009354
0.0, 0.0, 0.009355
0.0, 0.0, 0.009361
0.0, 0.0, 0.009410
0.0, 0.0, 0.009492
0.0, 0.0, 0.009531
0.0, 0.0, 0.009530
0.0, 0.0, 0.009494
0.0, 0.0, 0.009476
0.0, 0.0, 0.009454
0.0, 0.0, 0.009412
0.0, 0.0, 0.010061
0.0, 0.0, 0.009963
0.0, 0.0, 0.009897
0.0, 0.0, 0.009860
0.0, 0.0, 0.009869
0.0, 0.0, 0.009914
0.0, 0.0, 0.009960
0.0, 0.0, 0.010006
0.0, 0.0, 0.010057
0.0, 0.0, 0.010058
0.0, 0.0, 0.010050
0.0, 0.0, 0.010107
0.0, 0.0, 0.010179
0.0, 0.0, 0.010276
0.0, 0.0, 0.010476
0.0, 0.0, 0.010648
0.0, 0.0, 0.010619
0.0, 0.0, 0.010549
0.0, 0.0, 0.010569
0.0, 0.0, 0.010675
0.0, 0.0, 0.010671
0.0, 0.0, 0.010543
0.0, 0.0, 0.010477
0.0, 0.0, 0.010372
0.0, 0.0, 0.010267
0.0, 0.0, 0.010194
0.0, 0.0, 0.010082
0.0, 0.0, 0.009980
0.0, 0.0, 0.009941
0.0, 0.0, 0.009943
0.0, 0.0, 0.009885
0.0, 0.0, 0.009851
0.0, 0.0, 0.009871
0.0, 0.0, 0.009856
0.0, 0.0, 0.009798
0.0, 0.0, 0.009687
0.0, 0.0, 0.009568
0.0, 0.0, 0.009471
0.0, 0.0, 0.009397
0.0, 0.0, 0.009331
0.0, 0.0, 0.009263
0.0, 0.0, 0.009188
0.0, 0.0, 0.009110
0.0, 0.0, 0.009047
0.0, 0.0, 0.009017
0.0, 0.0, 0.009014
0.0, 0.0, 0.009028
0.0, 0.0, 0.009044
0.0, 0.0, 0.009048
0.0, 0.0, 0.009066
0.0, 0.0, 0.009173
0.0, 0.0, 0.009277
0.0, 0.0, 0.009289
0.0, 0.0, 0.009270
0.0, 0.0, 0.009215
0.0, 0.0, 0.009647
0.0, 0.0, 0.009530
0.0, 0.0, 0.009428
0.0, 0.0, 0.009340
0.0, 0.0, 0.009274
0.0, 0.0, 0.009331
0.0, 0.0, 0.009417
0.0, 0.0, 0.009309
0.0, 0.0, 0.009275
0.0, 0.0, 0.009314
0.0, 0.0, 0.009365
0.0, 0.0, 0.009438
0.0, 0.0, 0.009497
0.0, 0.0, 0.009555
0.0, 0.0, 0.009614
0.0, 0.0, 0.009773
0.0, 0.0, 0.009909
0.0, 0.0, 0.009927
0.0, 0.0, 0.009825
0.0, 0.0, 0.009917
0.0, 0.0, 0.010127
0.0, 0.0, 0.010192
0.0, 0.0, 0.009989
0.0, 0.0, 0.009824
0.0, 0.0, 0.009774
0.0, 0.0, 0.009777
0.0, 0.0, 0.009768
0.0, 0.0, 0.009766
0.0, 0.0, 0.009743
0.0, 0.0, 0.009674
0.0, 0.0, 0.009607
0.0, 0.0, 0.009617
0.0, 0.0, 0.009600
0.0, 0.0, 0.009580
0.0, 0.0, 0.009513
0.0, 0.0, 0.009391
0.0, 0.0, 0.009228
0.0, 0.0, 0.009096
0.0, 0.0, 0.009017
0.0, 0.0, 0.008955
0.0, 0.0, 0.008879
0.0, 0.0, 0.008742
0.0, 0.0, 0.008631
0.0, 0.0, 0.008549
0.0, 0.0, 0.008488
0.0, 0.0, 0.008445
0.0, 0.0, 0.008411
0.0, 0.0, 0.008384
0.0, 0.0, 0.008370
0.0, 0.0, 0.008398
0.0, 0.0, 0.008533
0.0, 0.0, 0.008714
0.0, 0.0, 0.008912
0.0, 0.0, 0.009047
0.0, 0.0, 0.009055
0.0, 0.0, 0.009380
0.0, 0.0, 0.009282
0.0, 0.0, 0.009209
0.0, 0.0, 0.009093
0.0, 0.0, 0.009007
0.0, 0.0, 0.009039
0.0, 0.0, 0.009118
0.0, 0.0, 0.009153
0.0, 0.0, 0.009136
0.0, 0.0, 0.009099
0.0, 0.0, 0.009085
0.0, 0.0, 0.009070
0.0, 0.0, 0.009046
0.0, 0.0, 0.008996
0.0, 0.0, 0.008876
0.0, 0.0, 0.008815
0.0, 0.0, 0.008708
0.0, 0.0, 0.008684
0.0, 0.0, 0.008632
0.0, 0.0, 0.008822
0.0, 0.0, 0.009246
0.0, 0.0, 0.009582
0.0, 0.0, 0.009740
0.0, 0.0, 0.009606
0.0, 0.0, 0.009518
0.0, 0.0, 0.009451
0.0, 0.0, 0.009409
0.0, 0.0, 0.009380
0.0, 0.0, 0.009397
0.0, 0.0, 0.009372
0.0, 0.0, 0.009351
0.0, 0.0, 0.009363
0.0, 0.0, 0.009332
0.0, 0.0, 0.009271
0.0, 0.0, 0.009170
0.0, 0.0, 0.009038
0.0, 0.0, 0.008873
0.0, 0.0, 0.008719
0.0, 0.0, 0.008631
0.0, 0.0, 0.008588
0.0, 0.0, 0.008554
0.0, 0.0, 0.008480
0.0, 0.0, 0.008380
0.0, 0.0, 0.008292
0.0, 0.0, 0.008207
0.0, 0.0, 0.008122
0.0, 0.0, 0.008039
0.0, 0.0, 0.007958
0.0, 0.0, 0.007903
0.0, 0.0, 0.007887
0.0, 0.0, 0.007882
0.0, 0.0, 0.007909
0.0, 0.0, 0.008005
0.0, 0.0, 0.008194
0.0, 0.0, 0.008408
0.0, 0.0, 0.009084
0.0, 0.0, 0.009005
0.0, 0.0, 0.008934
0.0, 0.0, 0.008859
0.0, 0.0, 0.008796
0.0, 0.0, 0.008778
0.0, 0.0, 0.008814
0.0, 0.0, 0.008838
0.0, 0.0, 0.008824
0.0, 0.0, 0.008763
0.0, 0.0, 0.008664
0.0, 0.0, 0.008506
0.0, 0.0, 0.008359
0.0, 0.0, 0.008221
0.0, 0.0, 0.008084
0.0, 0.0, 0.007902
0.0, 0.0, 0.007689
0.0, 0.0, 0.007482
0.0, 0.0, 0.007429
0.0, 0.0, 0.007617
0.0, 0.0, 0.008118
0.0, 0.0, 0.008716
0.0, 0.0, 0.009172
0.0, 0.0, 0.009394
0.0, 0.0, 0.009275
0.0, 0.0, 0.009176
0.0, 0.0, 0.009049
0.0, 0.0, 0.008940
0.0, 0.0, 0.008885
0.0, 0.0, 0.008864
0.0, 0.0, 0.008830
0.0, 0.0, 0.008760
0.0, 0.0, 0.008730
0.0, 0.0, 0.008707
0.0, 0.0, 0.008683
0.0, 0.0, 0.008638
0.0, 0.0, 0.008536
0.0, 0.0, 0.008425
0.0, 0.0, 0.008303
0.0, 0.0, 0.008215
0.0, 0.0, 0.008169
0.0, 0.0, 0.008166
0.0, 0.0, 0.008146
0.0, 0.0, 0.008091
0.0, 0.0, 0.008014
0.0, 0.0, 0.007910
0.0, 0.0, 0.007798
0.0, 0.0, 0.007694
0.0, 0.0, 0.007609
0.0, 0.0, 0.007531
0.0, 0.0, 0.007433
0.0, 0.0, 0.007295
0.0, 0.0, 0.007174
0.0, 0.0, 0.007107
0.0, 0.0, 0.007069
0.0, 0.0, 0.008801
0.0, 0.0, 0.008761
0.0, 0.0, 0.008720
0.0, 0.0, 0.008655
0.0, 0.0, 0.008608
0.0, 0.0, 0.008573
0.0, 0.0, 0.008607
0.0, 0.0, 0.008640
0.0, 0.0, 0.008569
0.0, 0.0, 0.008474
0.0, 0.0, 0.008247
0.0, 0.0, 0.007984
0.0, 0.0, 0.007757
0.0, 0.0, 0.007582
0.0, 0.0, 0.007439
0.0, 0.0, 0.007289
0.0, 0.0, 0.007107
0.0, 0.0, 0.006960
0.0, 0.0, 0.006835
0.0, 0.0, 0.006955
0.0, 0.0, 0.007240
0.0, 0.0, 0.007710
0.0, 0.0, 0.008214
0.0, 0.0, 0.008616
0.0, 0.0, 0.008865
0.0, 0.0, 0.008743
0.0, 0.0, 0.008644
0.0, 0.0, 0.008520
0.0, 0.0, 0.008388
0.0, 0.0, 0.008313
0.0, 0.0, 0.008281
0.0, 0.0, 0.008225
0.0, 0.0, 0.008159
0.0, 0.0, 0.008122
0.0, 0.0, 0.008143
0.0, 0.0, 0.008185
0.0, 0.0, 0.008204
0.0, 0.0, 0.008181
0.0, 0.0, 0.008076
0.0, 0.0, 0.007959
0.0, 0.0, 0.007859
0.0, 0.0, 0.007800
0.0, 0.0, 0.007766
0.0, 0.0, 0.007747
0.0, 0.0, 0.007769
0.0, 0.0, 0.007682
0.0, 0.0, 0.007567
0.0, 0.0, 0.007453
0.0, 0.0, 0.007361
0.0, 0.0, 0.007281
0.0, 0.0, 0.007197
0.0, 0.0, 0.007089
0.0, 0.0, 0.006965
0.0, 0.0, 0.006744
0.0, 0.0, 0.006371
0.0, 0.0, 0.008479
0.0, 0.0, 0.008507
0.0, 0.0, 0.008491
0.0, 0.0, 0.008387
0.0, 0.0, 0.008318
0.0, 0.0, 0.008281
0.0, 0.0, 0.008285
0.0, 0.0, 0.008264
0.0, 0.0, 0.008201
0.0, 0.0, 0.008073
0.0, 0.0, 0.007859
0.0, 0.0, 0.007602
0.0, 0.0, 0.007430
0.0, 0.0, 0.007301
0.0, 0.0, 0.007147
0.0, 0.0, 0.007000
0.0, 0.0, 0.006826
0.0, 0.0, 0.006663
0.0, 0.0, 0.006628
0.0, 0.0, 0.006679
0.0, 0.0, 0.006789
0.0, 0.0, 0.006947
0.0, 0.0, 0.007211
0.0, 0.0, 0.007606
0.0, 0.0, 0.008048
0.0, 0.0, 0.008321
0.0, 0.0, 0.008148
0.0, 0.0, 0.008055
0.0, 0.0, 0.007983
0.0, 0.0, 0.007964
0.0, 0.0, 0.007942
0.0, 0.0, 0.007915
0.0, 0.0, 0.007849
0.0, 0.0, 0.007770
0.0, 0.0, 0.007697
0.0, 0.0, 0.007701
0.0, 0.0, 0.007714
0.0, 0.0, 0.007724
0.0, 0.0, 0.007704
0.0, 0.0, 0.007662
0.0, 0.0, 0.007596
0.0, 0.0, 0.007523
0.0, 0.0, 0.007461
0.0, 0.0, 0.007432
0.0, 0.0, 0.007426
0.0, 0.0, 0.007367
0.0, 0.0, 0.007255
0.0, 0.0, 0.007107
0.0, 0.0, 0.007007
0.0, 0.0, 0.006956
0.0, 0.0, 0.006813
0.0, 0.0, 0.006671
0.0, 0.0, 0.006628
0.0, 0.0, 0.006563
0.0, 0.0, 0.006082
0.0, 0.0, 0.008166
0.0, 0.0, 0.008187
0.0, 0.0, 0.008202
0.0, 0.0, 0.008149
0.0, 0.0, 0.008029
0.0, 0.0, 0.007941
0.0, 0.0, 0.007869
0.0, 0.0, 0.007806
0.0, 0.0, 0.007734
0.0, 0.0, 0.007648
0.0, 0.0, 0.007569
0.0, 0.0, 0.007436
0.0, 0.0, 0.007289
0.0, 0.0, 0.007128
0.0, 0.0, 0.006956
0.0, 0.0, 0.006738
0.0, 0.0, 0.006566
0.0, 0.0, 0.006376
0.0, 0.0, 0.006364
0.0, 0.0, 0.006401
0.0, 0.0, 0.006483
0.0, 0.0, 0.006536
0.0, 0.0, 0.006577
0.0, 0.0, 0.006709
0.0, 0.0, 0.006994
0.0, 0.0, 0.007359
0.0, 0.0, 0.007401
0.0, 0.0, 0.007442
0.0, 0.0, 0.007465
0.0, 0.0, 0.007516
0.0, 0.0, 0.007562
0.0, 0.0, 0.007579
0.0, 0.0, 0.007567
0.0, 0.0, 0.007503
0.0, 0.0, 0.007373
0.0, 0.0, 0.007269
0.0, 0.0, 0.007203
0.0, 0.0, 0.007194
0.0, 0.0, 0.007235
0.0, 0.0, 0.007220
0.0, 0.0, 0.007144
0.0, 0.0, 0.007084
0.0, 0.0, 0.007029
0.0, 0.0, 0.006981
0.0, 0.0, 0.006824
0.0, 0.0, 0.006431
0.0, 0.0, 0.006827
0.0, 0.0, 0.006826
0.0, 0.0, 0.006660
0.0, 0.0, 0.006629
0.0, 0.0, 0.006390
0.0, 0.0, 0.006013
0.0, 0.0, 0.005446
0.0, 0.0, 0.005939
0.0, 0.0, 0.005985
0.0, 0.0, 0.007909
0.0, 0.0, 0.007962
0.0, 0.0, 0.007906
0.0, 0.0, 0.007888
0.0, 0.0, 0.007820
0.0, 0.0, 0.007709
0.0, 0.0, 0.007585
0.0, 0.0, 0.007455
0.0, 0.0, 0.007331
0.0, 0.0, 0.007276
0.0, 0.0, 0.007234
0.0, 0.0, 0.007193
0.0, 0.0, 0.007122
0.0, 0.0, 0.006965
0.0, 0.0, 0.006799
0.0, 0.0, 0.006576
0.0, 0.0, 0.006375
0.0, 0.0, 0.006189
0.0, 0.0, 0.006093
0.0, 0.0, 0.006081
0.0, 0.0, 0.006115
0.0, 0.0, 0.006157
0.0, 0.0, 0.006239
0.0, 0.0, 0.006377
0.0, 0.0, 0.006504
0.0, 0.0, 0.006237
0.0, 0.0, 0.006038
0.0, 0.0, 0.005626
0.0, 0.0, 0.006139
0.0, 0.0, 0.006363
0.0, 0.0, 0.006747
0.0, 0.0, 0.007076
0.0, 0.0, 0.007084
0.0, 0.0, 0.007082
0.0, 0.0, 0.007014
0.0, 0.0, 0.006926
0.0, 0.0, 0.006834
0.0, 0.0, 0.006803
0.0, 0.0, 0.006763
0.0, 0.0, 0.006646
0.0, 0.0, 0.006531
0.0, 0.0, 0.006461
0.0, 0.0, 0.006385
0.0, 0.0, 0.006205
0.0, 0.0, 0.006344
0.0, 0.0, 0.005782
0.0, 0.0, 0.006176
0.0, 0.0, 0.006332
0.0, 0.0, 0.006213
0.0, 0.0, 0.006194
0.0, 0.0, 0.006053
0.0, 0.0, 0.005868
0.0, 0.0, 0.005347
0.0, 0.0, 0.005623
0.0, 0.0, 0.005704
0.0, 0.0, 0.007617
0.0, 0.0, 0.007695
0.0, 0.0, 0.007733
0.0, 0.0, 0.007696
0.0, 0.0, 0.007630
0.0, 0.0, 0.007539
0.0, 0.0, 0.007413
0.0, 0.0, 0.007291
0.0, 0.0, 0.007171
0.0, 0.0, 0.007061
0.0, 0.0, 0.006966
0.0, 0.0, 0.006854
0.0, 0.0, 0.006817
0.0, 0.0, 0.006681
0.0, 0.0, 0.006528
0.0, 0.0, 0.006420
0.0, 0.0, 0.006255
0.0, 0.0, 0.006092
0.0, 0.0, 0.005946
0.0, 0.0, 0.005870
0.0, 0.0, 0.005847
0.0, 0.0, 0.005744
0.0, 0.0, 0.005718
0.0, 0.0, 0.005706
0.0, 0.0, 0.005888
0.0, 0.0, 0.006033
0.0, 0.0, 0.005720
0.0, 0.0, 0.005327
0.0, 0.0, 0.005492
0.0, 0.0, 0.005580
0.0, 0.0, 0.005766
0.0, 0.0, 0.005917
0.0, 0.0, 0.006076
0.0, 0.0, 0.006189
0.0, 0.0, 0.006328
0.0, 0.0, 0.006555
0.0, 0.0, 0.006508
0.0, 0.0, 0.006385
0.0, 0.0, 0.006219
0.0, 0.0, 0.006086
0.0, 0.0, 0.005597
0.0, 0.0, 0.005904
0.0, 0.0, 0.005940
0.0, 0.0, 0.006013
0.0, 0.0, 0.005839
0.0, 0.0, 0.005581
0.0, 0.0, 0.005014
0.0, 0.0, 0.005339
0.0, 0.0, 0.005436
0.0, 0.0, 0.005481
0.0, 0.0, 0.004806
0.0, 0.0, 0.005152
0.0, 0.0, 0.005147
0.0, 0.0, 0.005276
0.0, 0.0, 0.005449
0.0, 0.0, 0.007231
0.0, 0.0, 0.007277
0.0, 0.0, 0.007361
0.0, 0.0, 0.007454
0.0, 0.0, 0.007489
0.0, 0.0, 0.007415
0.0, 0.0, 0.007349
0.0, 0.0, 0.007243
0.0, 0.0, 0.007137
0.0, 0.0, 0.006944
0.0, 0.0, 0.006804
0.0, 0.0, 0.006643
0.0, 0.0, 0.006433
0.0, 0.0, 0.006368
0.0, 0.0, 0.006261
0.0, 0.0, 0.006168
0.0, 0.0, 0.006080
0.0, 0.0, 0.005981
0.0, 0.0, 0.005867
0.0, 0.0, 0.005770
0.0, 0.0, 0.005695
0.0, 0.0, 0.005536
0.0, 0.0, 0.005403
0.0, 0.0, 0.005235
0.0, 0.0, 0.005155
0.0, 0.0, 0.005093
0.0, 0.0, 0.005099
0.0, 0.0, 0.005103
0.0, 0.0, 0.005164
0.0, 0.0, 0.005287
0.0, 0.0, 0.005458
0.0, 0.0, 0.005672
0.0, 0.0, 0.005931
0.0, 0.0, 0.006153
0.0, 0.0, 0.005938
0.0, 0.0, 0.005548
0.0, 0.0, 0.005968
0.0, 0.0, 0.006057
0.0, 0.0, 0.005887
0.0, 0.0, 0.005727
0.0, 0.0, 0.005358
0.0, 0.0, 0.005672
0.0, 0.0, 0.005787
0.0, 0.0, 0.005449
0.0, 0.0, 0.004939
0.0, 0.0, 0.005106
0.0, 0.0, 0.005073
0.0, 0.0, 0.005053
0.0, 0.0, 0.005050
0.0, 0.0, 0.005060
0.0, 0.0, 0.005065
0.0, 0.0, 0.005005
0.0, 0.0, 0.005022
0.0, 0.0, 0.005055
0.0, 0.0, 0.005153
0.0, 0.0, 0.006874
0.0, 0.0, 0.006838
0.0, 0.0, 0.006824
0.0, 0.0, 0.006876
0.0, 0.0, 0.007014
0.0, 0.0, 0.007071
0.0, 0.0, 0.007102
0.0, 0.0, 0.007114
0.0, 0.0, 0.007019
0.0, 0.0, 0.006926
0.0, 0.0, 0.006785
0.0, 0.0, 0.006610
0.0, 0.0, 0.006430
0.0, 0.0, 0.006210
0.0, 0.0, 0.006080
0.0, 0.0, 0.005967
0.0, 0.0, 0.005866
0.0, 0.0, 0.005783
0.0, 0.0, 0.005730
0.0, 0.0, 0.005685
0.0, 0.0, 0.005647
0.0, 0.0, 0.005510
0.0, 0.0, 0.005367
0.0, 0.0, 0.005267
0.0, 0.0, 0.005139
0.0, 0.0, 0.005012
0.0, 0.0, 0.004902
0.0, 0.0, 0.004824
0.0, 0.0, 0.004774
0.0, 0.0, 0.004770
0.0, 0.0, 0.004804
0.0, 0.0, 0.004875
0.0, 0.0, 0.005017
0.0, 0.0, 0.005272
0.0, 0.0, 0.005509
0.0, 0.0, 0.005038
0.0, 0.0, 0.005404
0.0, 0.0, 0.005564
0.0, 0.0, 0.005305
0.0, 0.0, 0.004786
0.0, 0.0, 0.004971
0.0, 0.0, 0.004904
0.0, 0.0, 0.004961
0.0, 0.0, 0.005019
0.0, 0.0, 0.005013
0.0, 0.0, 0.004984
0.0, 0.0, 0.004979
0.0, 0.0, 0.004976
0.0, 0.0, 0.004973
0.0, 0.0, 0.004979
0.0, 0.0, 0.004984
0.0, 0.0, 0.004989
0.0, 0.0, 0.004967
0.0, 0.0, 0.004946
0.0, 0.0, 0.004940
0.0, 0.0, 0.006486
0.0, 0.0, 0.006394
0.0, 0.0, 0.006305
0.0, 0.0, 0.006224
0.0, 0.0, 0.006296
0.0, 0.0, 0.006402
0.0, 0.0, 0.006495
0.0, 0.0, 0.006661
0.0, 0.0, 0.006725
0.0, 0.0, 0.006720
0.0, 0.0, 0.006662
0.0, 0.0, 0.006469
0.0, 0.0, 0.006231
0.0, 0.0, 0.006090
0.0, 0.0, 0.005921
0.0, 0.0, 0.005801
0.0, 0.0, 0.005677
0.0, 0.0, 0.005622
0.0, 0.0, 0.005608
0.0, 0.0, 0.005571
0.0, 0.0, 0.005458
0.0, 0.0, 0.005334
0.0, 0.0, 0.005270
0.0, 0.0, 0.005202
0.0, 0.0, 0.005143
0.0, 0.0, 0.005091
0.0, 0.0, 0.005012
0.0, 0.0, 0.004915
0.0, 0.0, 0.004817
0.0, 0.0, 0.004760
0.0, 0.0, 0.004716
0.0, 0.0, 0.004679
0.0, 0.0, 0.004668
0.0, 0.0, 0.004672
0.0, 0.0, 0.004708
0.0, 0.0, 0.004765
0.0, 0.0, 0.004736
0.0, 0.0, 0.004799
0.0, 0.0, 0.004892
0.0, 0.0, 0.004933
0.0, 0.0, 0.004936
0.0, 0.0, 0.004962
0.0, 0.0, 0.004947
0.0, 0.0, 0.004936
0.0, 0.0, 0.004932
0.0, 0.0, 0.004928
0.0, 0.0, 0.004915
0.0, 0.0, 0.004902
0.0, 0.0, 0.004903
0.0, 0.0, 0.004915
0.0, 0.0, 0.004934
0.0, 0.0, 0.004929
0.0, 0.0, 0.004913
0.0, 0.0, 0.004888
0.0, 0.0, 0.004852
0.0, 0.0, 0.006138
0.0, 0.0, 0.006080
0.0, 0.0, 0.005996
0.0, 0.0, 0.005876
0.0, 0.0, 0.005817
0.0, 0.0, 0.005880
0.0, 0.0, 0.005960
0.0, 0.0, 0.006086
0.0, 0.0, 0.006243
0.0, 0.0, 0.006325
0.0, 0.0, 0.006338
0.0, 0.0, 0.006247
0.0, 0.0, 0.006180
0.0, 0.0, 0.006067
0.0, 0.0, 0.005998
0.0, 0.0, 0.005809
0.0, 0.0, 0.005686
0.0, 0.0, 0.005634
0.0, 0.0, 0.005554
0.0, 0.0, 0.005462
0.0, 0.0, 0.005350
0.0, 0.0, 0.005307
0.0, 0.0, 0.005247
0.0, 0.0, 0.005118
0.0, 0.0, 0.005016
0.0, 0.0, 0.005003
0.0, 0.0, 0.004928
0.0, 0.0, 0.004876
0.0, 0.0, 0.004801
0.0, 0.0, 0.004761
0.0, 0.0, 0.004729
0.0, 0.0, 0.004707
0.0, 0.0, 0.004697
0.0, 0.0, 0.004692
0.0, 0.0, 0.004710
0.0, 0.0, 0.004718
0.0, 0.0, 0.004726
0.0, 0.0, 0.004721
0.0, 0.0, 0.004738
0.0, 0.0, 0.004771
0.0, 0.0, 0.004801
0.0, 0.0, 0.004819
0.0, 0.0, 0.004838
0.0, 0.0, 0.004841
0.0, 0.0, 0.004840
0.0, 0.0, 0.004834
0.0, 0.0, 0.004827
0.0, 0.0, 0.004819
0.0, 0.0, 0.004822
0.0, 0.0, 0.004841
0.0, 0.0, 0.004869
0.0, 0.0, 0.004860
0.0, 0.0, 0.004828
0.0, 0.0, 0.004842
0.0, 0.0, 0.004852
0.0, 0.0, 0.005870
0.0, 0.0, 0.005879
0.0, 0.0, 0.005869
0.0, 0.0, 0.005820
0.0, 0.0, 0.005752
0.0, 0.0, 0.005688
0.0, 0.0, 0.005767
0.0, 0.0, 0.005860
0.0, 0.0, 0.005934
0.0, 0.0, 0.006021
0.0, 0.0, 0.006082
0.0, 0.0, 0.006099
0.0, 0.0, 0.006086
0.0, 0.0, 0.006008
0.0, 0.0, 0.005952
0.0, 0.0, 0.005773
0.0, 0.0, 0.005627
0.0, 0.0, 0.005486
0.0, 0.0, 0.005369
0.0, 0.0, 0.005311
0.0, 0.0, 0.005272
0.0, 0.0, 0.005164
0.0, 0.0, 0.005079
0.0, 0.0, 0.005011
0.0, 0.0, 0.004998
0.0, 0.0, 0.004989
0.0, 0.0, 0.004864
0.0, 0.0, 0.004817
0.0, 0.0, 0.004784
0.0, 0.0, 0.004744
0.0, 0.0, 0.004674
0.0, 0.0, 0.004595
0.0, 0.0, 0.004607
0.0, 0.0, 0.004606
0.0, 0.0, 0.004605
0.0, 0.0, 0.004602
0.0, 0.0, 0.004600
0.0, 0.0, 0.004610
0.0, 0.0, 0.004634
0.0, 0.0, 0.004671
0.0, 0.0, 0.004699
0.0, 0.0, 0.004723
0.0, 0.0, 0.004737
0.0, 0.0, 0.004749
0.0, 0.0, 0.004758
0.0, 0.0, 0.004760
0.0, 0.0, 0.004761
0.0, 0.0, 0.004758
0.0, 0.0, 0.004752
0.0, 0.0, 0.004747
0.0, 0.0, 0.004762
0.0, 0.0, 0.004789
0.0, 0.0, 0.004771
0.0, 0.0, 0.004716
0.0, 0.0, 0.004750
0.0, 0.0, 0.005707
0.0, 0.0, 0.005736
0.0, 0.0, 0.005738
0.0, 0.0, 0.005735
0.0, 0.0, 0.005694
0.0, 0.0, 0.005646
0.0, 0.0, 0.005679
0.0, 0.0, 0.005738
0.0, 0.0, 0.005753
0.0, 0.0, 0.005836
0.0, 0.0, 0.005939
0.0, 0.0, 0.005975
0.0, 0.0, 0.005922
0.0, 0.0, 0.005890
0.0, 0.0, 0.005835
0.0, 0.0, 0.005676
0.0, 0.0, 0.005567
0.0, 0.0, 0.005421
0.0, 0.0, 0.005313
0.0, 0.0, 0.005264
0.0, 0.0, 0.005175
0.0, 0.0, 0.005131
0.0, 0.0, 0.005035
0.0, 0.0, 0.004960
0.0, 0.0, 0.004922
0.0, 0.0, 0.004912
0.0, 0.0, 0.004818
0.0, 0.0, 0.004767
0.0, 0.0, 0.004726
0.0, 0.0, 0.004691
0.0, 0.0, 0.004628
0.0, 0.0, 0.004549
0.0, 0.0, 0.004558
0.0, 0.0, 0.004550
0.0, 0.0, 0.004551
0.0, 0.0, 0.004544
0.0, 0.0, 0.004526
0.0, 0.0, 0.004523
0.0, 0.0, 0.004534
0.0, 0.0, 0.004546
0.0, 0.0, 0.004576
0.0, 0.0, 0.004622
0.0, 0.0, 0.004643
0.0, 0.0, 0.004666
0.0, 0.0, 0.004686
0.0, 0.0, 0.004693
0.0, 0.0, 0.004696
0.0, 0.0, 0.004702
0.0, 0.0, 0.004710
0.0, 0.0, 0.004696
0.0, 0.0, 0.004666
0.0, 0.0, 0.004671
0.0, 0.0, 0.004716
0.0, 0.0, 0.004668
0.0, 0.0, 0.004616
0.0, 0.0, 0.005527
0.0, 0.0, 0.005586
0.0, 0.0, 0.005638
0.0, 0.0, 0.005636
0.0, 0.0, 0.005585
0.0, 0.0, 0.005573
0.0, 0.0, 0.005578
0.0, 0.0, 0.005659
0.0, 0.0, 0.005711
0.0, 0.0, 0.005738
0.0, 0.0, 0.005843
0.0, 0.0, 0.005924
0.0, 0.0, 0.005901
0.0, 0.0, 0.005783
0.0, 0.0, 0.005684
0.0, 0.0, 0.005640
0.0, 0.0, 0.005556
0.0, 0.0, 0.005433
0.0, 0.0, 0.005354
0.0, 0.0, 0.005269
0.0, 0.0, 0.005132
0.0, 0.0, 0.005080
0.0, 0.0, 0.005020
0.0, 0.0, 0.004968
0.0, 0.0, 0.004915
0.0, 0.0, 0.004862
0.0, 0.0, 0.004818
0.0, 0.0, 0.004747
0.0, 0.0, 0.004698
0.0, 0.0, 0.004672
0.0, 0.0, 0.004654
0.0, 0.0, 0.004628
0.0, 0.0, 0.004531
0.0, 0.0, 0.004465
0.0, 0.0, 0.004478
0.0, 0.0, 0.004480
0.0, 0.0, 0.004473
0.0, 0.0, 0.004466
0.0, 0.0, 0.004463
0.0, 0.0, 0.004471
0.0, 0.0, 0.004493
0.0, 0.0, 0.004526
0.0, 0.0, 0.004547
0.0, 0.0, 0.004572
0.0, 0.0, 0.004607
0.0, 0.0, 0.004637
0.0, 0.0, 0.004652
0.0, 0.0, 0.004663
0.0, 0.0, 0.004674
0.0, 0.0, 0.004683
0.0, 0.0, 0.004654
0.0, 0.0, 0.004601
0.0, 0.0, 0.004563
0.0, 0.0, 0.004558
0.0, 0.0, 0.004513
0.0, 0.0, 0.005405
0.0, 0.0, 0.005465
0.0, 0.0, 0.005510
0.0, 0.0, 0.005529
0.0, 0.0, 0.005525
0.0, 0.0, 0.005529
0.0, 0.0, 0.005557
0.0, 0.0, 0.005589
0.0, 0.0, 0.005673
0.0, 0.0, 0.005730
0.0, 0.0, 0.005726
0.0, 0.0, 0.005777
0.0, 0.0, 0.005839
0.0, 0.0, 0.005811
0.0, 0.0, 0.005754
0.0, 0.0, 0.005755
0.0, 0.0, 0.005719
0.0, 0.0, 0.005617
0.0, 0.0, 0.005533
0.0, 0.0, 0.005401
0.0, 0.0, 0.005287
0.0, 0.0, 0.005153
0.0, 0.0, 0.005078
0.0, 0.0, 0.005010
0.0, 0.0, 0.004924
0.0, 0.0, 0.004840
0.0, 0.0, 0.004792
0.0, 0.0, 0.004726
0.0, 0.0, 0.004685
0.0, 0.0, 0.004656
0.0, 0.0, 0.004630
0.0, 0.0, 0.004596
0.0, 0.0, 0.004493
0.0, 0.0, 0.004402
0.0, 0.0, 0.004419
0.0, 0.0, 0.004408
0.0, 0.0, 0.004403
0.0, 0.0, 0.004397
0.0, 0.0, 0.004398
0.0, 0.0, 0.004409
0.0, 0.0, 0.004422
0.0, 0.0, 0.004440
0.0, 0.0, 0.004459
0.0, 0.0, 0.004475
0.0, 0.0, 0.004502
0.0, 0.0, 0.004544
0.0, 0.0, 0.004589
0.0, 0.0, 0.004636
0.0, 0.0, 0.004643
0.0, 0.0, 0.004648
0.0, 0.0, 0.004609
0.0, 0.0, 0.004543
0.0, 0.0, 0.004476
0.0, 0.0, 0.004431
0.0, 0.0, 0.004403
0.0, 0.0, 0.005276
0.0, 0.0, 0.005350
0.0, 0.0, 0.005427
0.0, 0.0, 0.005470
0.0, 0.0, 0.005488
0.0, 0.0, 0.005518
0.0, 0.0, 0.005584
0.0, 0.0, 0.005616
0.0, 0.0, 0.005636
0.0, 0.0, 0.005671
0.0, 0.0, 0.005649
0.0, 0.0, 0.005580
0.0, 0.0, 0.005583
0.0, 0.0, 0.005615
0.0, 0.0, 0.005623
0.0, 0.0, 0.005651
0.0, 0.0, 0.005682
0.0, 0.0, 0.005640
0.0, 0.0, 0.005592
0.0, 0.0, 0.005496
0.0, 0.0, 0.005404
0.0, 0.0, 0.005313
0.0, 0.0, 0.005216
0.0, 0.0, 0.005195
0.0, 0.0, 0.005176
0.0, 0.0, 0.004842
0.0, 0.0, 0.004810
0.0, 0.0, 0.004703
0.0, 0.0, 0.004680
0.0, 0.0, 0.004632
0.0, 0.0, 0.004587
0.0, 0.0, 0.004489
0.0, 0.0, 0.004385
0.0, 0.0, 0.004390
0.0, 0.0, 0.004372
0.0, 0.0, 0.004363
0.0, 0.0, 0.004340
0.0, 0.0, 0.004335
0.0, 0.0, 0.004330
0.0, 0.0, 0.004336
0.0, 0.0, 0.004359
0.0, 0.0, 0.004381
0.0, 0.0, 0.004401
0.0, 0.0, 0.004414
0.0, 0.0, 0.004423
0.0, 0.0, 0.004433
0.0, 0.0, 0.004483
0.0, 0.0, 0.004575
0.0, 0.0, 0.004609
0.0, 0.0, 0.004626
0.0, 0.0, 0.004597
0.0, 0.0, 0.004515
0.0, 0.0, 0.004397
0.0, 0.0, 0.004327
0.0, 0.0, 0.004269
0.0, 0.0, 0.005181
0.0, 0.0, 0.005252
0.0, 0.0, 0.005368
0.0, 0.0, 0.005450
0.0, 0.0, 0.005515
0.0, 0.0, 0.005561
0.0, 0.0, 0.005630
0.0, 0.0, 0.005669
0.0, 0.0, 0.005641
0.0, 0.0, 0.005610
0.0, 0.0, 0.005582
0.0, 0.0, 0.005497
0.0, 0.0, 0.005394
0.0, 0.0, 0.005380
0.0, 0.0, 0.005379
0.0, 0.0, 0.005386
0.0, 0.0, 0.005388
0.0, 0.0, 0.005365
0.0, 0.0, 0.005386
0.0, 0.0, 0.005397
0.0, 0.0, 0.005389
0.0, 0.0, 0.005333
0.0, 0.0, 0.005249
0.0, 0.0, 0.005197
0.0, 0.0, 0.005160
0.0, 0.0, 0.004827
0.0, 0.0, 0.004839
0.0, 0.0, 0.004730
0.0, 0.0, 0.004681
0.0, 0.0, 0.004649
0.0, 0.0, 0.004627
0.0, 0.0, 0.004566
0.0, 0.0, 0.004446
0.0, 0.0, 0.004383
0.0, 0.0, 0.004339
0.0, 0.0, 0.004328
0.0, 0.0, 0.004307
0.0, 0.0, 0.004301
0.0, 0.0, 0.004295
0.0, 0.0, 0.004281
0.0, 0.0, 0.004297
0.0, 0.0, 0.004311
0.0, 0.0, 0.004326
0.0, 0.0, 0.004341
0.0, 0.0, 0.004360
0.0, 0.0, 0.004378
0.0, 0.0, 0.004422
0.0, 0.0, 0.004495
0.0, 0.0, 0.004557
0.0, 0.0, 0.004584
0.0, 0.0, 0.004574
0.0, 0.0, 0.004507
0.0, 0.0, 0.004368
0.0, 0.0, 0.004280
0.0, 0.0, 0.004198
0.0, 0.0, 0.005138
0.0, 0.0, 0.005218
0.0, 0.0, 0.005333
0.0, 0.0, 0.005446
0.0, 0.0, 0.005527
0.0, 0.0, 0.005579
0.0, 0.0, 0.005639
0.0, 0.0, 0.005688
0.0, 0.0, 0.005658
0.0, 0.0, 0.005607
0.0, 0.0, 0.005531
0.0, 0.0, 0.005458
0.0, 0.0, 0.005370
0.0, 0.0, 0.005290
0.0, 0.0, 0.005234
0.0, 0.0, 0.005211
0.0, 0.0, 0.005215
0.0, 0.0, 0.005216
0.0, 0.0, 0.005198
0.0, 0.0, 0.005217
0.0, 0.0, 0.005221
0.0, 0.0, 0.005229
0.0, 0.0, 0.005173
0.0, 0.0, 0.005096
0.0, 0.0, 0.005077
0.0, 0.0, 0.005007
0.0, 0.0, 0.004946
0.0, 0.0, 0.004834
0.0, 0.0, 0.004750
0.0, 0.0, 0.004680
0.0, 0.0, 0.004624
0.0, 0.0, 0.004574
0.0, 0.0, 0.004460
0.0, 0.0, 0.004273
0.0, 0.0, 0.004293
0.0, 0.0, 0.004278
0.0, 0.0, 0.004276
0.0, 0.0, 0.004256
0.0, 0.0, 0.004250
0.0, 0.0, 0.004258
0.0, 0.0, 0.004272
0.0, 0.0, 0.004282
0.0, 0.0, 0.004285
0.0, 0.0, 0.004299
0.0, 0.0, 0.004306
0.0, 0.0, 0.004343
0.0, 0.0, 0.004382
0.0, 0.0, 0.004410
0.0, 0.0, 0.004474
0.0, 0.0, 0.004540
0.0, 0.0, 0.004560
0.0, 0.0, 0.004511
0.0, 0.0, 0.004414
0.0, 0.0, 0.004273
0.0, 0.0, 0.004173
0.0, 0.0, 0.005133
0.0, 0.0, 0.005215
0.0, 0.0, 0.005315
0.0, 0.0, 0.005400
0.0, 0.0, 0.005486
0.0, 0.0, 0.005546
0.0, 0.0, 0.005586
0.0, 0.0, 0.005638
0.0, 0.0, 0.005647
0.0, 0.0, 0.005596
0.0, 0.0, 0.005519
0.0, 0.0, 0.005443
0.0, 0.0, 0.005421
0.0, 0.0, 0.005354
0.0, 0.0, 0.005286
0.0, 0.0, 0.005248
0.0, 0.0, 0.005221
0.0, 0.0, 0.005188
0.0, 0.0, 0.005157
0.0, 0.0, 0.005131
0.0, 0.0, 0.005096
0.0, 0.0, 0.005060
0.0, 0.0, 0.005053
0.0, 0.0, 0.005049
0.0, 0.0, 0.005043
0.0, 0.0, 0.005037
0.0, 0.0, 0.005024
0.0, 0.0, 0.004987
0.0, 0.0, 0.004919
0.0, 0.0, 0.004832
0.0, 0.0, 0.004735
0.0, 0.0, 0.004616
0.0, 0.0, 0.004410
0.0, 0.0, 0.004345
0.0, 0.0, 0.004308
0.0, 0.0, 0.004290
0.0, 0.0, 0.004293
0.0, 0.0, 0.004282
0.0, 0.0, 0.004259
0.0, 0.0, 0.004238
0.0, 0.0, 0.004262
0.0, 0.0, 0.004251
0.0, 0.0, 0.004250
0.0, 0.0, 0.004255
0.0, 0.0, 0.004264
0.0, 0.0, 0.004293
0.0, 0.0, 0.004261
0.0, 0.0, 0.004298
0.0, 0.0, 0.004363
0.0, 0.0, 0.004430
0.0, 0.0, 0.004484
0.0, 0.0, 0.004458
0.0, 0.0, 0.004498
0.0, 0.0, 0.004394
0.0, 0.0, 0.004287
0.0, 0.0, 0.005141
0.0, 0.0, 0.005238
0.0, 0.0, 0.005315
0.0, 0.0, 0.005378
0.0, 0.0, 0.005445
0.0, 0.0, 0.005478
0.0, 0.0, 0.005493
0.0, 0.0, 0.005529
0.0, 0.0, 0.005568
0.0, 0.0, 0.005564
0.0, 0.0, 0.005529
0.0, 0.0, 0.005457
0.0, 0.0, 0.005376
0.0, 0.0, 0.005341
0.0, 0.0, 0.005304
0.0, 0.0, 0.005268
0.0, 0.0, 0.005217
0.0, 0.0, 0.005154
0.0, 0.0, 0.005109
0.0, 0.0, 0.005094
0.0, 0.0, 0.005048
0.0, 0.0, 0.005018
0.0, 0.0, 0.004988
0.0, 0.0, 0.004971
0.0, 0.0, 0.004937
0.0, 0.0, 0.004934
0.0, 0.0, 0.004936
0.0, 0.0, 0.004936
0.0, 0.0, 0.004921
0.0, 0.0, 0.004930
0.0, 0.0, 0.004990
0.0, 0.0, 0.005048
0.0, 0.0, 0.004851
0.0, 0.0, 0.004465
0.0, 0.0, 0.004513
0.0, 0.0, 0.004463
0.0, 0.0, 0.004418
0.0, 0.0, 0.004289
0.0, 0.0, 0.004300
0.0, 0.0, 0.004240
0.0, 0.0, 0.004261
0.0, 0.0, 0.004262
0.0, 0.0, 0.004274
0.0, 0.0, 0.004276
0.0, 0.0, 0.004261
0.0, 0.0, 0.004233
0.0, 0.0, 0.004180
0.0, 0.0, 0.004178
0.0, 0.0, 0.004269
0.0, 0.0, 0.004308
0.0, 0.0, 0.004377
0.0, 0.0, 0.004413
0.0, 0.0, 0.004486
0.0, 0.0, 0.004493
0.0, 0.0, 0.004438
0.0, 0.0, 0.005210
0.0, 0.0, 0.005273
0.0, 0.0, 0.005311
0.0, 0.0, 0.005346
0.0, 0.0, 0.005387
0.0, 0.0, 0.005406
0.0, 0.0, 0.005417
0.0, 0.0, 0.005436
0.0, 0.0, 0.005468
0.0, 0.0, 0.005498
0.0, 0.0, 0.005491
0.0, 0.0, 0.005454
0.0, 0.0, 0.005405
0.0, 0.0, 0.005360
0.0, 0.0, 0.005344
0.0, 0.0, 0.005290
0.0, 0.0, 0.005233
0.0, 0.0, 0.005160
0.0, 0.0, 0.005144
0.0, 0.0, 0.005140
0.0, 0.0, 0.005133
0.0, 0.0, 0.005112
0.0, 0.0, 0.005094
0.0, 0.0, 0.005053
0.0, 0.0, 0.005002
0.0, 0.0, 0.004985
0.0, 0.0, 0.004954
0.0, 0.0, 0.004910
0.0, 0.0, 0.004864
0.0, 0.0, 0.004814
0.0, 0.0, 0.004752
0.0, 0.0, 0.004709
0.0, 0.0, 0.004693
0.0, 0.0, 0.004672
0.0, 0.0, 0.004655
0.0, 0.0, 0.004716
0.0, 0.0, 0.004814
0.0, 0.0, 0.004327
0.0, 0.0, 0.004389
0.0, 0.0, 0.004316
0.0, 0.0, 0.004306
0.0, 0.0, 0.004291
0.0, 0.0, 0.004297
0.0, 0.0, 0.004287
0.0, 0.0, 0.004272
0.0, 0.0, 0.004182
0.0, 0.0, 0.004116
0.0, 0.0, 0.004106
0.0, 0.0, 0.004157
0.0, 0.0, 0.004237
0.0, 0.0, 0.004315
0.0, 0.0, 0.004344
0.0, 0.0, 0.004395
0.0, 0.0, 0.004380
0.0, 0.0, 0.004331
0.0, 0.0, 0.005231
0.0, 0.0, 0.005291
0.0, 0.0, 0.005306
0.0, 0.0, 0.005324
0.0, 0.0, 0.005346
0.0, 0.0, 0.005376
0.0, 0.0, 0.005398
0.0, 0.0, 0.005402
0.0, 0.0, 0.005417
0.0, 0.0, 0.005446
0.0, 0.0, 0.005455
0.0, 0.0, 0.005446
0.0, 0.0, 0.005423
0.0, 0.0, 0.005379
0.0, 0.0, 0.005372
0.0, 0.0, 0.005317
0.0, 0.0, 0.005252
0.0, 0.0, 0.005201
0.0, 0.0, 0.005218
0.0, 0.0, 0.005201
0.0, 0.0, 0.005217
0.0, 0.0, 0.005157
0.0, 0.0, 0.005099
0.0, 0.0, 0.005056
0.0, 0.0, 0.005031
0.0, 0.0, 0.005028
0.0, 0.0, 0.005013
0.0, 0.0, 0.004984
0.0, 0.0, 0.004958
0.0, 0.0, 0.004933
0.0, 0.0, 0.004884
0.0, 0.0, 0.004840
0.0, 0.0, 0.004826
0.0, 0.0, 0.004798
0.0, 0.0, 0.004742
0.0, 0.0, 0.004655
0.0, 0.0, 0.004514
0.0, 0.0, 0.004526
0.0, 0.0, 0.004431
0.0, 0.0, 0.004410
0.0, 0.0, 0.004347
0.0, 0.0, 0.004332
0.0, 0.0, 0.004316
0.0, 0.0, 0.004276
0.0, 0.0, 0.004207
0.0, 0.0, 0.004129
0.0, 0.0, 0.004069
0.0, 0.0, 0.004042
0.0, 0.0, 0.004040
0.0, 0.0, 0.004137
0.0, 0.0, 0.004250
0.0, 0.0, 0.004234
0.0, 0.0, 0.004285
0.0, 0.0, 0.004268
0.0, 0.0, 0.004064
0.0, 0.0, 0.005182
0.0, 0.0, 0.005249
0.0, 0.0, 0.005272
0.0, 0.0, 0.005292
0.0, 0.0, 0.005301
0.0, 0.0, 0.005329
0.0, 0.0, 0.005368
0.0, 0.0, 0.005387
0.0, 0.0, 0.005402
0.0, 0.0, 0.005413
0.0, 0.0, 0.005407
0.0, 0.0, 0.005401
0.0, 0.0, 0.005383
0.0, 0.0, 0.005368
0.0, 0.0, 0.005357
0.0, 0.0, 0.005344
0.0, 0.0, 0.005304
0.0, 0.0, 0.005270
0.0, 0.0, 0.005266
0.0, 0.0, 0.005237
0.0, 0.0, 0.005219
0.0, 0.0, 0.005150
0.0, 0.0, 0.005058
0.0, 0.0, 0.004981
0.0, 0.0, 0.004958
0.0, 0.0, 0.004926
0.0, 0.0, 0.004903
0.0, 0.0, 0.004879
0.0, 0.0, 0.004866
0.0, 0.0, 0.004867
0.0, 0.0, 0.004869
0.0, 0.0, 0.004861
0.0, 0.0, 0.004854
0.0, 0.0, 0.004894
0.0, 0.0, 0.004957
0.0, 0.0, 0.005031
0.0, 0.0, 0.004538
0.0, 0.0, 0.004596
0.0, 0.0, 0.004509
0.0, 0.0, 0.004484
0.0, 0.0, 0.004408
0.0, 0.0, 0.004364
0.0, 0.0, 0.004322
0.0, 0.0, 0.004293
0.0, 0.0, 0.004182
0.0, 0.0, 0.004085
0.0, 0.0, 0.004014
0.0, 0.0, 0.004002
0.0, 0.0, 0.003966
0.0, 0.0, 0.004020
0.0, 0.0, 0.004138
0.0, 0.0, 0.004168
0.0, 0.0, 0.004165
0.0, 0.0, 0.004128
0.0, 0.0, 0.003975
0.0, 0.0, 0.005116
0.0, 0.0, 0.005170
0.0, 0.0, 0.005210
0.0, 0.0, 0.005236
0.0, 0.0, 0.005246
0.0, 0.0, 0.005280
0.0, 0.0, 0.005330
0.0, 0.0, 0.005361
0.0, 0.0, 0.005390
0.0, 0.0, 0.005409
0.0, 0.0, 0.005394
0.0, 0.0, 0.005372
0.0, 0.0, 0.005362
0.0, 0.0, 0.005347
0.0, 0.0, 0.005345
0.0, 0.0, 0.005336
0.0, 0.0, 0.005329
0.0, 0.0, 0.005307
0.0, 0.0, 0.005267
0.0, 0.0, 0.005226
0.0, 0.0, 0.005197
0.0, 0.0, 0.005149
0.0, 0.0, 0.005067
0.0, 0.0, 0.005026
0.0, 0.0, 0.005014
0.0, 0.0, 0.004985
0.0, 0.0, 0.004979
0.0, 0.0, 0.004951
0.0, 0.0, 0.004887
0.0, 0.0, 0.004858
0.0, 0.0, 0.004836
0.0, 0.0, 0.004814
0.0, 0.0, 0.004772
0.0, 0.0, 0.004750
0.0, 0.0, 0.004853
0.0, 0.0, 0.004981
0.0, 0.0, 0.004617
0.0, 0.0, 0.004629
0.0, 0.0, 0.004568
0.0, 0.0, 0.004536
0.0, 0.0, 0.004474
0.0, 0.0, 0.004406
0.0, 0.0, 0.004298
0.0, 0.0, 0.004243
0.0, 0.0, 0.004182
0.0, 0.0, 0.004080
0.0, 0.0, 0.003970
0.0, 0.0, 0.003904
0.0, 0.0, 0.003886
0.0, 0.0, 0.003911
0.0, 0.0, 0.004007
0.0, 0.0, 0.004044
0.0, 0.0, 0.004043
0.0, 0.0, 0.003991
0.0, 0.0, 0.003927
0.0, 0.0, 0.005041
0.0, 0.0, 0.005114
0.0, 0.0, 0.005158
0.0, 0.0, 0.005181
0.0, 0.0, 0.005201
0.0, 0.0, 0.005263
0.0, 0.0, 0.005321
0.0, 0.0, 0.005369
0.0, 0.0, 0.005387
0.0, 0.0, 0.005399
0.0, 0.0, 0.005365
0.0, 0.0, 0.005336
0.0, 0.0, 0.005328
0.0, 0.0, 0.005329
0.0, 0.0, 0.005327
0.0, 0.0, 0.005322
0.0, 0.0, 0.005300
0.0, 0.0, 0.005301
0.0, 0.0, 0.005261
0.0, 0.0, 0.005194
0.0, 0.0, 0.005159
0.0, 0.0, 0.005077
0.0, 0.0, 0.005006
0.0, 0.0, 0.004955
0.0, 0.0, 0.004942
0.0, 0.0, 0.004941
0.0, 0.0, 0.004924
0.0, 0.0, 0.004904
0.0, 0.0, 0.004904
0.0, 0.0, 0.004839
0.0, 0.0, 0.004878
0.0, 0.0, 0.004827
0.0, 0.0, 0.004781
0.0, 0.0, 0.004712
0.0, 0.0, 0.004677
0.0, 0.0, 0.004668
0.0, 0.0, 0.004695
0.0, 0.0, 0.004693
0.0, 0.0, 0.004678
0.0, 0.0, 0.004633
0.0, 0.0, 0.004543
0.0, 0.0, 0.004464
0.0, 0.0, 0.004337
0.0, 0.0, 0.004287
0.0, 0.0, 0.004207
0.0, 0.0, 0.004137
0.0, 0.0, 0.004008
0.0, 0.0, 0.003952
0.0, 0.0, 0.003952
0.0, 0.0, 0.003951
0.0, 0.0, 0.003987
0.0, 0.0, 0.004003
0.0, 0.0, 0.003945
0.0, 0.0, 0.003894
0.0, 0.0, 0.003837
0.0, 0.0, 0.005032
0.0, 0.0, 0.005100
0.0, 0.0, 0.005156
0.0, 0.0, 0.005164
0.0, 0.0, 0.005193
0.0, 0.0, 0.005254
0.0, 0.0, 0.005329
0.0, 0.0, 0.005393
0.0, 0.0, 0.005419
0.0, 0.0, 0.005414
0.0, 0.0, 0.005355
0.0, 0.0, 0.005325
0.0, 0.0, 0.005329
0.0, 0.0, 0.005339
0.0, 0.0, 0.005339
0.0, 0.0, 0.005332
0.0, 0.0, 0.005315
0.0, 0.0, 0.005292
0.0, 0.0, 0.005263
0.0, 0.0, 0.005189
0.0, 0.0, 0.005136
0.0, 0.0, 0.005047
0.0, 0.0, 0.005007
0.0, 0.0, 0.004931
0.0, 0.0, 0.004893
0.0, 0.0, 0.004871
0.0, 0.0, 0.004885
0.0, 0.0, 0.004863
0.0, 0.0, 0.004826
0.0, 0.0, 0.004781
0.0, 0.0, 0.004783
0.0, 0.0, 0.004774
0.0, 0.0, 0.004762
0.0, 0.0, 0.004731
0.0, 0.0, 0.004724
0.0, 0.0, 0.004716
0.0, 0.0, 0.004712
0.0, 0.0, 0.004702
0.0, 0.0, 0.004699
0.0, 0.0, 0.004674
0.0, 0.0, 0.004610
0.0, 0.0, 0.004521
0.0, 0.0, 0.004427
0.0, 0.0, 0.004359
0.0, 0.0, 0.004281
0.0, 0.0, 0.004208
0.0, 0.0, 0.004083
0.0, 0.0, 0.004011
0.0, 0.0, 0.004019
0.0, 0.0, 0.004049
0.0, 0.0, 0.004086
0.0, 0.0, 0.004094
0.0, 0.0, 0.004015
0.0, 0.0, 0.003917
0.0, 0.0, 0.003841
0.0, 0.0, 0.004996
0.0, 0.0, 0.005095
0.0, 0.0, 0.005129
0.0, 0.0, 0.005154
0.0, 0.0, 0.005207
0.0, 0.0, 0.005279
0.0, 0.0, 0.005330
0.0, 0.0, 0.005382
0.0, 0.0, 0.005406
0.0, 0.0, 0.005382
0.0, 0.0, 0.005361
0.0, 0.0, 0.005329
0.0, 0.0, 0.005338
0.0, 0.0, 0.005358
0.0, 0.0, 0.005365
0.0, 0.0, 0.005362
0.0, 0.0, 0.005340
0.0, 0.0, 0.005318
0.0, 0.0, 0.005262
0.0, 0.0, 0.005195
0.0, 0.0, 0.005109
0.0, 0.0, 0.005014
0.0, 0.0, 0.005002
0.0, 0.0, 0.004969
0.0, 0.0, 0.004873
0.0, 0.0, 0.004851
0.0, 0.0, 0.004847
0.0, 0.0, 0.004810
0.0, 0.0, 0.004782
0.0, 0.0, 0.004781
0.0, 0.0, 0.004769
0.0, 0.0, 0.004791
0.0, 0.0, 0.004785
0.0, 0.0, 0.004776
0.0, 0.0, 0.004771
0.0, 0.0, 0.004765
0.0, 0.0, 0.004767
0.0, 0.0, 0.004774
0.0, 0.0, 0.004739
0.0, 0.0, 0.004617
0.0, 0.0, 0.004583
0.0, 0.0, 0.004516
0.0, 0.0, 0.004444
0.0, 0.0, 0.004366
0.0, 0.0, 0.004286
0.0, 0.0, 0.004227
0.0, 0.0, 0.004160
0.0, 0.0, 0.004115
0.0, 0.0, 0.004109
0.0, 0.0, 0.004134
0.0, 0.0, 0.004144
0.0, 0.0, 0.004128
0.0, 0.0, 0.004085
0.0, 0.0, 0.004006
0.0, 0.0, 0.003948
0.0, 0.0, 0.004992
0.0, 0.0, 0.005049
0.0, 0.0, 0.005110
0.0, 0.0, 0.005152
0.0, 0.0, 0.005231
0.0, 0.0, 0.005292
0.0, 0.0, 0.005321
0.0, 0.0, 0.005339
0.0, 0.0, 0.005337
0.0, 0.0, 0.005334
0.0, 0.0, 0.005343
0.0, 0.0, 0.005331
0.0, 0.0, 0.005339
0.0, 0.0, 0.005362
0.0, 0.0, 0.005363
0.0, 0.0, 0.005349
0.0, 0.0, 0.005339
0.0, 0.0, 0.005308
0.0, 0.0, 0.005262
0.0, 0.0, 0.005202
0.0, 0.0, 0.005117
0.0, 0.0, 0.005026
0.0, 0.0, 0.004988
0.0, 0.0, 0.004934
0.0, 0.0, 0.004877
0.0, 0.0, 0.004835
0.0, 0.0, 0.004792
0.0, 0.0, 0.004768
0.0, 0.0, 0.004751
0.0, 0.0, 0.004745
0.0, 0.0, 0.004762
0.0, 0.0, 0.004785
0.0, 0.0, 0.004807
0.0, 0.0, 0.004818
0.0, 0.0, 0.004790
0.0, 0.0, 0.004765
0.0, 0.0, 0.004782
0.0, 0.0, 0.004818
0.0, 0.0, 0.004805
0.0, 0.0, 0.004707
0.0, 0.0, 0.004636
0.0, 0.0, 0.004577
0.0, 0.0, 0.004506
0.0, 0.0, 0.004424
0.0, 0.0, 0.004342
0.0, 0.0, 0.004261
0.0, 0.0, 0.004201
0.0, 0.0, 0.004132
0.0, 0.0, 0.004124
0.0, 0.0, 0.004168
0.0, 0.0, 0.004111
0.0, 0.0, 0.004124
0.0, 0.0, 0.004091
0.0, 0.0, 0.004061
0.0, 0.0, 0.004058
0.0, 0.0, 0.004992
0.0, 0.0, 0.005041
0.0, 0.0, 0.005102
0.0, 0.0, 0.005157
0.0, 0.0, 0.005234
0.0, 0.0, 0.005285
0.0, 0.0, 0.005308
0.0, 0.0, 0.005319
0.0, 0.0, 0.005309
0.0, 0.0, 0.005317
0.0, 0.0, 0.005312
0.0, 0.0, 0.005317
0.0, 0.0, 0.005327
0.0, 0.0, 0.005343
0.0, 0.0, 0.005338
0.0, 0.0, 0.005293
0.0, 0.0, 0.005276
0.0, 0.0, 0.005245
0.0, 0.0, 0.005213
0.0, 0.0, 0.005165
0.0, 0.0, 0.005112
0.0, 0.0, 0.005070
0.0, 0.0, 0.005013
0.0, 0.0, 0.004912
0.0, 0.0, 0.004871
0.0, 0.0, 0.004840
0.0, 0.0, 0.004812
0.0, 0.0, 0.004786
0.0, 0.0, 0.004745
0.0, 0.0, 0.004758
0.0, 0.0, 0.004770
0.0, 0.0, 0.004787
0.0, 0.0, 0.004819
0.0, 0.0, 0.004834
0.0, 0.0, 0.004806
0.0, 0.0, 0.004753
0.0, 0.0, 0.004746
0.0, 0.0, 0.004792
0.0, 0.0, 0.004765
0.0, 0.0, 0.004736
0.0, 0.0, 0.004591
0.0, 0.0, 0.004524
0.0, 0.0, 0.004458
0.0, 0.0, 0.004405
0.0, 0.0, 0.004324
0.0, 0.0, 0.004256
0.0, 0.0, 0.004193
0.0, 0.0, 0.004150
0.0, 0.0, 0.004092
0.0, 0.0, 0.004103
0.0, 0.0, 0.004082
0.0, 0.0, 0.004048
0.0, 0.0, 0.004011
0.0, 0.0, 0.003983
0.0, 0.0, 0.003953
0.0, 0.0, 0.004969
0.0, 0.0, 0.005027
0.0, 0.0, 0.005098
0.0, 0.0, 0.005154
0.0, 0.0, 0.005222
0.0, 0.0, 0.005256
0.0, 0.0, 0.005293
0.0, 0.0, 0.005309
0.0, 0.0, 0.005312
0.0, 0.0, 0.005293
0.0, 0.0, 0.005275
0.0, 0.0, 0.005304
0.0, 0.0, 0.005339
0.0, 0.0, 0.005323
0.0, 0.0, 0.005302
0.0, 0.0, 0.005264
0.0, 0.0, 0.005244
0.0, 0.0, 0.005214
0.0, 0.0, 0.005200
0.0, 0.0, 0.005164
0.0, 0.0, 0.005116
0.0, 0.0, 0.005087
0.0, 0.0, 0.005039
0.0, 0.0, 0.004932
0.0, 0.0, 0.004850
0.0, 0.0, 0.004796
0.0, 0.0, 0.004771
0.0, 0.0, 0.004779
0.0, 0.0, 0.004795
0.0, 0.0, 0.004799
0.0, 0.0, 0.004777
0.0, 0.0, 0.004772
0.0, 0.0, 0.004780
0.0, 0.0, 0.004781
0.0, 0.0, 0.004759
0.0, 0.0, 0.004707
0.0, 0.0, 0.004639
0.0, 0.0, 0.004663
0.0, 0.0, 0.004591
0.0, 0.0, 0.004548
0.0, 0.0, 0.004430
0.0, 0.0, 0.004322
0.0, 0.0, 0.004264
0.0, 0.0, 0.004245
0.0, 0.0, 0.004199
0.0, 0.0, 0.004174
0.0, 0.0, 0.004124
0.0, 0.0, 0.004125
0.0, 0.0, 0.004113
0.0, 0.0, 0.004080
0.0, 0.0, 0.004033
0.0, 0.0, 0.004049
0.0, 0.0, 0.003994
0.0, 0.0, 0.003956
0.0, 0.0, 0.003925
0.0, 0.0, 0.004978
0.0, 0.0, 0.005005
0.0, 0.0, 0.005084
0.0, 0.0, 0.005133
0.0, 0.0, 0.005190
0.0, 0.0, 0.005227
0.0, 0.0, 0.005258
0.0, 0.0, 0.005299
0.0, 0.0, 0.005305
0.0, 0.0, 0.005265
0.0, 0.0, 0.005267
0.0, 0.0, 0.005310
0.0, 0.0, 0.005320
0.0, 0.0, 0.005292
0.0, 0.0, 0.005263
0.0, 0.0, 0.005241
0.0, 0.0, 0.005211
0.0, 0.0, 0.005181
0.0, 0.0, 0.005125
0.0, 0.0, 0.005091
0.0, 0.0, 0.005050
0.0, 0.0, 0.005025
0.0, 0.0, 0.005002
0.0, 0.0, 0.004955
0.0, 0.0, 0.004901
0.0, 0.0, 0.004857
0.0, 0.0, 0.004798
0.0, 0.0, 0.004776
0.0, 0.0, 0.004769
0.0, 0.0, 0.004782
0.0, 0.0, 0.004753
0.0, 0.0, 0.004726
0.0, 0.0, 0.004675
0.0, 0.0, 0.004627
0.0, 0.0, 0.004585
0.0, 0.0, 0.004579
0.0, 0.0, 0.004587
0.0, 0.0, 0.004541
0.0, 0.0, 0.004484
0.0, 0.0, 0.004405
0.0, 0.0, 0.004359
0.0, 0.0, 0.004380
0.0, 0.0, 0.004357
0.0, 0.0, 0.004324
0.0, 0.0, 0.004265
0.0, 0.0, 0.004192
0.0, 0.0, 0.004105
0.0, 0.0, 0.004108
0.0, 0.0, 0.004134
0.0, 0.0, 0.004031
0.0, 0.0, 0.003948
0.0, 0.0, 0.003980
0.0, 0.0, 0.003957
0.0, 0.0, 0.003907
0.0, 0.0, 0.003901
