S3D
I=24,J=27,K=3
0.0, 0.0, 0.0, 0.00474374
0.0, 10.0, 0.0, 0.00435648
0.0, 20.0, 0.0, 0.00428378
0.0, 30.0, 0.0, 0.01212665
0.0, 40.0, 0.0, 0.01528828
0.0, 50.0, 0.0, 0.01533114
0.0, 60.0, 0.0, 0.01571931
0.0, 70.0, 0.0, 0.01584035
0.0, 80.0, 0.0, 0.01586829
0.0, 90.0, 0.0, 0.01538015
0.0, 100.0, 0.0, 0.01536779
0.0, 110.0, 0.0, 0.01563765
0.0, 120.0, 0.0, 0.01571238
0.0, 130.0, 0.0, 0.01571465
0.0, 140.0, 0.0, 0.01617341
0.0, 150.0, 0.0, 0.01597160
0.0, 160.0, 0.0, 0.01568722
0.0, 170.0, 0.0, 0.01490551
0.0, 180.0, 0.0, 0.01559628
0.0, 190.0, 0.0, 0.01509192
0.0, 200.0, 0.0, 0.01497793
0.0, 210.0, 0.0, 0.01398411
0.0, 220.0, 0.0, 0.01511590
0.0, 230.0, 0.0, 0.01558066
0.0, 240.0, 0.0, 0.01560289
0.0, 250.0, 0.0, 0.01534512
0.0, 260.0, 0.0, 0.01582356
10.0, 0.0, 0.0, 0.00486494
10.0, 10.0, 0.0, 0.00439291
10.0, 20.0, 0.0, 0.00378065
10.0, 30.0, 0.0, 0.01292107
10.0, 40.0, 0.0, 0.01540756
10.0, 50.0, 0.0, 0.01603815
10.0, 60.0, 0.0, 0.01564639
10.0, 70.0, 0.0, 0.01545765
10.0, 80.0, 0.0, 0.01546362
10.0, 90.0, 0.0, 0.01481356
10.0, 100.0, 0.0, 0.01513856
10.0, 110.0, 0.0, 0.01520785
10.0, 120.0, 0.0, 0.01537803
10.0, 130.0, 0.0, 0.01571596
10.0, 140.0, 0.0, 0.01473678
10.0, 150.0, 0.0, 0.01439124
10.0, 160.0, 0.0, 0.01476170
10.0, 170.0, 0.0, 0.01539025
10.0, 180.0, 0.0, 0.01584253
10.0, 190.0, 0.0, 0.01467396
10.0, 200.0, 0.0, 0.01500974
10.0, 210.0, 0.0, 0.01469869
10.0, 220.0, 0.0, 0.01536542
10.0, 230.0, 0.0, 0.01455968
10.0, 240.0, 0.0, 0.01381248
10.0, 250.0, 0.0, 0.01379706
10.0, 260.0, 0.0, 0.01410581
20.0, 0.0, 0.0, 0.00368727
20.0, 10.0, 0.0, 0.00400442
20.0, 20.0, 0.0, 0.00416797
20.0, 30.0, 0.0, 0.01079856
20.0, 40.0, 0.0, 0.01398041
20.0, 50.0, 0.0, 0.01587880
20.0, 60.0, 0.0, 0.01537231
20.0, 70.0, 0.0, 0.01538723
20.0, 80.0, 0.0, 0.01491889
20.0, 90.0, 0.0, 0.01433862
20.0, 100.0, 0.0, 0.01466659
20.0, 110.0, 0.0, 0.01458829
20.0, 120.0, 0.0, 0.01458171
20.0, 130.0, 0.0, 0.01489813
20.0, 140.0, 0.0, 0.01369214
20.0, 150.0, 0.0, 0.01197111
20.0, 160.0, 0.0, 0.01320298
20.0, 170.0, 0.0, 0.01371126
20.0, 180.0, 0.0, 0.01476434
20.0, 190.0, 0.0, 0.01512941
20.0, 200.0, 0.0, 0.01552162
20.0, 210.0, 0.0, 0.01400628
20.0, 220.0, 0.0, 0.01427447
20.0, 230.0, 0.0, 0.01438193
20.0, 240.0, 0.0, 0.01382886
20.0, 250.0, 0.0, 0.01296461
20.0, 260.0, 0.0, 0.01282797
30.0, 0.0, 0.0, 0.00340168
30.0, 10.0, 0.0, 0.00341178
30.0, 20.0, 0.0, 0.00337016
30.0, 30.0, 0.0, 0.00857189
30.0, 40.0, 0.0, 0.01301090
30.0, 50.0, 0.0, 0.01542348
30.0, 60.0, 0.0, 0.01532379
30.0, 70.0, 0.0, 0.01526592
30.0, 80.0, 0.0, 0.01459789
30.0, 90.0, 0.0, 0.01426078
30.0, 100.0, 0.0, 0.01417048
30.0, 110.0, 0.0, 0.01429286
30.0, 120.0, 0.0, 0.01341572
30.0, 130.0, 0.0, 0.01356422
30.0, 140.0, 0.0, 0.01294603
30.0, 150.0, 0.0, 0.01195668
30.0, 160.0, 0.0, 0.01136482
30.0, 170.0, 0.0, 0.01294854
30.0, 180.0, 0.0, 0.01281981
30.0, 190.0, 0.0, 0.01394854
30.0, 200.0, 0.0, 0.01354134
30.0, 210.0, 0.0, 0.01398749
30.0, 220.0, 0.0, 0.01417606
30.0, 230.0, 0.0, 0.01339444
30.0, 240.0, 0.0, 0.01351278
30.0, 250.0, 0.0, 0.01283129
30.0, 260.0, 0.0, 0.01243982
40.0, 0.0, 0.0, 0.00309707
40.0, 10.0, 0.0, 0.00340008
40.0, 20.0, 0.0, 0.00920019
40.0, 30.0, 0.0, 0.01189449
40.0, 40.0, 0.0, 0.01355859
40.0, 50.0, 0.0, 0.01466446
40.0, 60.0, 0.0, 0.01453832
40.0, 70.0, 0.0, 0.01383947
40.0, 80.0, 0.0, 0.01380802
40.0, 90.0, 0.0, 0.01357963
40.0, 100.0, 0.0, 0.01325709
40.0, 110.0, 0.0, 0.01338992
40.0, 120.0, 0.0, 0.01328397
40.0, 130.0, 0.0, 0.01328732
40.0, 140.0, 0.0, 0.01305517
40.0, 150.0, 0.0, 0.01158214
40.0, 160.0, 0.0, 0.01082919
40.0, 170.0, 0.0, 0.01163871
40.0, 180.0, 0.0, 0.01115241
40.0, 190.0, 0.0, 0.00930995
40.0, 200.0, 0.0, 0.01294369
40.0, 210.0, 0.0, 0.01223027
40.0, 220.0, 0.0, 0.01264743
40.0, 230.0, 0.0, 0.01443796
40.0, 240.0, 0.0, 0.01406055
40.0, 250.0, 0.0, 0.01279497
40.0, 260.0, 0.0, 0.01232571
50.0, 0.0, 0.0, 0.00286329
50.0, 10.0, 0.0, 0.00874844
50.0, 20.0, 0.0, 0.00997905
50.0, 30.0, 0.0, 0.01203281
50.0, 40.0, 0.0, 0.01298916
50.0, 50.0, 0.0, 0.01347154
50.0, 60.0, 0.0, 0.01348172
50.0, 70.0, 0.0, 0.01316322
50.0, 80.0, 0.0, 0.01235856
50.0, 90.0, 0.0, 0.01192709
50.0, 100.0, 0.0, 0.01208878
50.0, 110.0, 0.0, 0.01219714
50.0, 120.0, 0.0, 0.01225308
50.0, 130.0, 0.0, 0.01242181
50.0, 140.0, 0.0, 0.01158789
50.0, 150.0, 0.0, 0.01127933
50.0, 160.0, 0.0, 0.01168117
50.0, 170.0, 0.0, 0.01072463
50.0, 180.0, 0.0, 0.00964704
50.0, 190.0, 0.0, 0.00906332
50.0, 200.0, 0.0, 0.01259363
50.0, 210.0, 0.0, 0.01147198
50.0, 220.0, 0.0, 0.01165702
50.0, 230.0, 0.0, 0.01230386
50.0, 240.0, 0.0, 0.01441271
50.0, 250.0, 0.0, 0.01335770
50.0, 260.0, 0.0, 0.01193935
60.0, 0.0, 0.0, 0.00281140
60.0, 10.0, 0.0, 0.00744956
60.0, 20.0, 0.0, 0.01010287
60.0, 30.0, 0.0, 0.01187071
60.0, 40.0, 0.0, 0.01257843
60.0, 50.0, 0.0, 0.01267118
60.0, 60.0, 0.0, 0.01237417
60.0, 70.0, 0.0, 0.01102818
60.0, 80.0, 0.0, 0.01116965
60.0, 90.0, 0.0, 0.01037830
60.0, 100.0, 0.0, 0.00983644
60.0, 110.0, 0.0, 0.00969511
60.0, 120.0, 0.0, 0.00923926
60.0, 130.0, 0.0, 0.00891120
60.0, 140.0, 0.0, 0.00842645
60.0, 150.0, 0.0, 0.00850901
60.0, 160.0, 0.0, 0.00835387
60.0, 170.0, 0.0, 0.00865627
60.0, 180.0, 0.0, 0.00881584
60.0, 190.0, 0.0, 0.01193458
60.0, 200.0, 0.0, 0.01205718
60.0, 210.0, 0.0, 0.01335047
60.0, 220.0, 0.0, 0.01221841
60.0, 230.0, 0.0, 0.01273764
60.0, 240.0, 0.0, 0.01242457
60.0, 250.0, 0.0, 0.01292250
60.0, 260.0, 0.0, 0.01297766
70.0, 0.0, 0.0, 0.00259248
70.0, 10.0, 0.0, 0.00454326
70.0, 20.0, 0.0, 0.00943938
70.0, 30.0, 0.0, 0.00923688
70.0, 40.0, 0.0, 0.00811961
70.0, 50.0, 0.0, 0.00784894
70.0, 60.0, 0.0, 0.00760105
70.0, 70.0, 0.0, 0.00616880
70.0, 80.0, 0.0, 0.00558633
70.0, 90.0, 0.0, 0.00691530
70.0, 100.0, 0.0, 0.00637077
70.0, 110.0, 0.0, 0.00543040
70.0, 120.0, 0.0, 0.00653751
70.0, 130.0, 0.0, 0.00622200
70.0, 140.0, 0.0, 0.00602798
70.0, 150.0, 0.0, 0.00505102
70.0, 160.0, 0.0, 0.00522606
70.0, 170.0, 0.0, 0.00564942
70.0, 180.0, 0.0, 0.00525591
70.0, 190.0, 0.0, 0.00786055
70.0, 200.0, 0.0, 0.00878062
70.0, 210.0, 0.0, 0.00980329
70.0, 220.0, 0.0, 0.01063213
70.0, 230.0, 0.0, 0.01111508
70.0, 240.0, 0.0, 0.01142046
70.0, 250.0, 0.0, 0.01220299
70.0, 260.0, 0.0, 0.01258160
80.0, 0.0, 0.0, 0.00293558
80.0, 10.0, 0.0, 0.00732747
80.0, 20.0, 0.0, 0.00795355
80.0, 30.0, 0.0, 0.00768167
80.0, 40.0, 0.0, 0.00619395
80.0, 50.0, 0.0, 0.00529647
80.0, 60.0, 0.0, 0.00574454
80.0, 70.0, 0.0, 0.00565698
80.0, 80.0, 0.0, 0.00468474
80.0, 90.0, 0.0, 0.00435927
80.0, 100.0, 0.0, 0.00463222
80.0, 110.0, 0.0, 0.00432854
80.0, 120.0, 0.0, 0.00412419
80.0, 130.0, 0.0, 0.00373604
80.0, 140.0, 0.0, 0.00420570
80.0, 150.0, 0.0, 0.00365348
80.0, 160.0, 0.0, 0.00459397
80.0, 170.0, 0.0, 0.00451987
80.0, 180.0, 0.0, 0.00388919
80.0, 190.0, 0.0, 0.00589160
80.0, 200.0, 0.0, 0.00602367
80.0, 210.0, 0.0, 0.00688372
80.0, 220.0, 0.0, 0.00840161
80.0, 230.0, 0.0, 0.00920698
80.0, 240.0, 0.0, 0.00987890
80.0, 250.0, 0.0, 0.01071243
80.0, 260.0, 0.0, 0.01183760
90.0, 0.0, 0.0, 0.00299779
90.0, 10.0, 0.0, 0.00520712
90.0, 20.0, 0.0, 0.00531875
90.0, 30.0, 0.0, 0.00533338
90.0, 40.0, 0.0, 0.00521313
90.0, 50.0, 0.0, 0.00495562
90.0, 60.0, 0.0, 0.00536981
90.0, 70.0, 0.0, 0.00528104
90.0, 80.0, 0.0, 0.00479648
90.0, 90.0, 0.0, 0.00412187
90.0, 100.0, 0.0, 0.00371098
90.0, 110.0, 0.0, 0.00369283
90.0, 120.0, 0.0, 0.00346761
90.0, 130.0, 0.0, 0.00336391
90.0, 140.0, 0.0, 0.00368469
90.0, 150.0, 0.0, 0.00361402
90.0, 160.0, 0.0, 0.00317814
90.0, 170.0, 0.0, 0.00390428
90.0, 180.0, 0.0, 0.00380337
90.0, 190.0, 0.0, 0.00517195
90.0, 200.0, 0.0, 0.00564511
90.0, 210.0, 0.0, 0.00636637
90.0, 220.0, 0.0, 0.00705685
90.0, 230.0, 0.0, 0.00771643
90.0, 240.0, 0.0, 0.00868357
90.0, 250.0, 0.0, 0.00950335
90.0, 260.0, 0.0, 0.01035413
100.0, 0.0, 0.0, 0.00403829
100.0, 10.0, 0.0, 0.00405856
100.0, 20.0, 0.0, 0.00399347
100.0, 30.0, 0.0, 0.00423974
100.0, 40.0, 0.0, 0.00489369
100.0, 50.0, 0.0, 0.00499959
100.0, 60.0, 0.0, 0.00530692
100.0, 70.0, 0.0, 0.00533598
100.0, 80.0, 0.0, 0.00428197
100.0, 90.0, 0.0, 0.00402533
100.0, 100.0, 0.0, 0.00315225
100.0, 110.0, 0.0, 0.00296883
100.0, 120.0, 0.0, 0.00296008
100.0, 130.0, 0.0, 0.00334953
100.0, 140.0, 0.0, 0.00322701
100.0, 150.0, 0.0, 0.00312441
100.0, 160.0, 0.0, 0.00309568
100.0, 170.0, 0.0, 0.00334835
100.0, 180.0, 0.0, 0.00428085
100.0, 190.0, 0.0, 0.00431706
100.0, 200.0, 0.0, 0.00564077
100.0, 210.0, 0.0, 0.00588917
100.0, 220.0, 0.0, 0.00602735
100.0, 230.0, 0.0, 0.00712648
100.0, 240.0, 0.0, 0.00821950
100.0, 250.0, 0.0, 0.00888066
100.0, 260.0, 0.0, 0.00932876
110.0, 0.0, 0.0, 0.00403138
110.0, 10.0, 0.0, 0.00353633
110.0, 20.0, 0.0, 0.00352057
110.0, 30.0, 0.0, 0.00338775
110.0, 40.0, 0.0, 0.00382212
110.0, 50.0, 0.0, 0.00392996
110.0, 60.0, 0.0, 0.00363976
110.0, 70.0, 0.0, 0.00359032
110.0, 80.0, 0.0, 0.00290709
110.0, 90.0, 0.0, 0.00253592
110.0, 100.0, 0.0, 0.00239057
110.0, 110.0, 0.0, 0.00272521
110.0, 120.0, 0.0, 0.00272694
110.0, 130.0, 0.0, 0.00279818
110.0, 140.0, 0.0, 0.00259024
110.0, 150.0, 0.0, 0.00280520
110.0, 160.0, 0.0, 0.00314909
110.0, 170.0, 0.0, 0.00320133
110.0, 180.0, 0.0, 0.00326200
110.0, 190.0, 0.0, 0.00363109
110.0, 200.0, 0.0, 0.00365579
110.0, 210.0, 0.0, 0.00403709
110.0, 220.0, 0.0, 0.00444661
110.0, 230.0, 0.0, 0.00482329
110.0, 240.0, 0.0, 0.00579490
110.0, 250.0, 0.0, 0.00699700
110.0, 260.0, 0.0, 0.00832114
120.0, 0.0, 0.0, 0.00376458
120.0, 10.0, 0.0, 0.00325598
120.0, 20.0, 0.0, 0.00295313
120.0, 30.0, 0.0, 0.00254943
120.0, 40.0, 0.0, 0.00253534
120.0, 50.0, 0.0, 0.00249655
120.0, 60.0, 0.0, 0.00280182
120.0, 70.0, 0.0, 0.00297198
120.0, 80.0, 0.0, 0.00280830
120.0, 90.0, 0.0, 0.00233196
120.0, 100.0, 0.0, 0.00248680
120.0, 110.0, 0.0, 0.00267737
120.0, 120.0, 0.0, 0.00253420
120.0, 130.0, 0.0, 0.00243820
120.0, 140.0, 0.0, 0.00228559
120.0, 150.0, 0.0, 0.00252060
120.0, 160.0, 0.0, 0.00278883
120.0, 170.0, 0.0, 0.00282564
120.0, 180.0, 0.0, 0.00321723
120.0, 190.0, 0.0, 0.00302178
120.0, 200.0, 0.0, 0.00337873
120.0, 210.0, 0.0, 0.00320384
120.0, 220.0, 0.0, 0.00375005
120.0, 230.0, 0.0, 0.00496296
120.0, 240.0, 0.0, 0.00524748
120.0, 250.0, 0.0, 0.00549582
120.0, 260.0, 0.0, 0.00598743
130.0, 0.0, 0.0, 0.00372117
130.0, 10.0, 0.0, 0.00419812
130.0, 20.0, 0.0, 0.00376688
130.0, 30.0, 0.0, 0.00275645
130.0, 40.0, 0.0, 0.00264606
130.0, 50.0, 0.0, 0.00248451
130.0, 60.0, 0.0, 0.00268769
130.0, 70.0, 0.0, 0.00263215
130.0, 80.0, 0.0, 0.00238776
130.0, 90.0, 0.0, 0.00206168
130.0, 100.0, 0.0, 0.00212488
130.0, 110.0, 0.0, 0.00239748
130.0, 120.0, 0.0, 0.00262572
130.0, 130.0, 0.0, 0.00240867
130.0, 140.0, 0.0, 0.00243247
130.0, 150.0, 0.0, 0.00275803
130.0, 160.0, 0.0, 0.00292771
130.0, 170.0, 0.0, 0.00305026
130.0, 180.0, 0.0, 0.00279953
130.0, 190.0, 0.0, 0.00328969
130.0, 200.0, 0.0, 0.00254857
130.0, 210.0, 0.0, 0.00326959
130.0, 220.0, 0.0, 0.00298338
130.0, 230.0, 0.0, 0.00349872
130.0, 240.0, 0.0, 0.00379499
130.0, 250.0, 0.0, 0.00422528
130.0, 260.0, 0.0, 0.00463398
140.0, 0.0, 0.0, 0.00344806
140.0, 10.0, 0.0, 0.00432798
140.0, 20.0, 0.0, 0.00347103
140.0, 30.0, 0.0, 0.00289696
140.0, 40.0, 0.0, 0.00289689
140.0, 50.0, 0.0, 0.00290673
140.0, 60.0, 0.0, 0.00288603
140.0, 70.0, 0.0, 0.00257553
140.0, 80.0, 0.0, 0.00243350
140.0, 90.0, 0.0, 0.00220695
140.0, 100.0, 0.0, 0.00198533
140.0, 110.0, 0.0, 0.00214424
140.0, 120.0, 0.0, 0.00237883
140.0, 130.0, 0.0, 0.00249545
140.0, 140.0, 0.0, 0.00275701
140.0, 150.0, 0.0, 0.00289095
140.0, 160.0, 0.0, 0.00298718
140.0, 170.0, 0.0, 0.00309128
140.0, 180.0, 0.0, 0.00274415
140.0, 190.0, 0.0, 0.00244617
140.0, 200.0, 0.0, 0.00267045
140.0, 210.0, 0.0, 0.00245640
140.0, 220.0, 0.0, 0.00248242
140.0, 230.0, 0.0, 0.00269178
140.0, 240.0, 0.0, 0.00319078
140.0, 250.0, 0.0, 0.00374598
140.0, 260.0, 0.0, 0.00405488
150.0, 0.0, 0.0, 0.00238914
150.0, 10.0, 0.0, 0.00336636
150.0, 20.0, 0.0, 0.00389101
150.0, 30.0, 0.0, 0.00318190
150.0, 40.0, 0.0, 0.00317222
150.0, 50.0, 0.0, 0.00319398
150.0, 60.0, 0.0, 0.00278938
150.0, 70.0, 0.0, 0.00216453
150.0, 80.0, 0.0, 0.00191629
150.0, 90.0, 0.0, 0.00186574
150.0, 100.0, 0.0, 0.00187235
150.0, 110.0, 0.0, 0.00207289
150.0, 120.0, 0.0, 0.00227092
150.0, 130.0, 0.0, 0.00246848
150.0, 140.0, 0.0, 0.00272175
150.0, 150.0, 0.0, 0.00273453
150.0, 160.0, 0.0, 0.00277109
150.0, 170.0, 0.0, 0.00288034
150.0, 180.0, 0.0, 0.00278491
150.0, 190.0, 0.0, 0.00222453
150.0, 200.0, 0.0, 0.00217879
150.0, 210.0, 0.0, 0.00235871
150.0, 220.0, 0.0, 0.00264203
150.0, 230.0, 0.0, 0.00223110
150.0, 240.0, 0.0, 0.00252057
150.0, 250.0, 0.0, 0.00305339
150.0, 260.0, 0.0, 0.00360904
160.0, 0.0, 0.0, 0.00210751
160.0, 10.0, 0.0, 0.00360053
160.0, 20.0, 0.0, 0.00350339
160.0, 30.0, 0.0, 0.00316071
160.0, 40.0, 0.0, 0.00328043
160.0, 50.0, 0.0, 0.00337501
160.0, 60.0, 0.0, 0.00271435
160.0, 70.0, 0.0, 0.00182118
160.0, 80.0, 0.0, 0.00143902
160.0, 90.0, 0.0, 0.00138730
160.0, 100.0, 0.0, 0.00154158
160.0, 110.0, 0.0, 0.00179940
160.0, 120.0, 0.0, 0.00207518
160.0, 130.0, 0.0, 0.00232066
160.0, 140.0, 0.0, 0.00266555
160.0, 150.0, 0.0, 0.00289262
160.0, 160.0, 0.0, 0.00281084
160.0, 170.0, 0.0, 0.00278344
160.0, 180.0, 0.0, 0.00259718
160.0, 190.0, 0.0, 0.00235669
160.0, 200.0, 0.0, 0.00221166
160.0, 210.0, 0.0, 0.00225711
160.0, 220.0, 0.0, 0.00219345
160.0, 230.0, 0.0, 0.00204961
160.0, 240.0, 0.0, 0.00212366
160.0, 250.0, 0.0, 0.00257863
160.0, 260.0, 0.0, 0.00308682
170.0, 0.0, 0.0, 0.00165618
170.0, 10.0, 0.0, 0.00212353
170.0, 20.0, 0.0, 0.00261251
170.0, 30.0, 0.0, 0.00291838
170.0, 40.0, 0.0, 0.00318034
170.0, 50.0, 0.0, 0.00306427
170.0, 60.0, 0.0, 0.00251091
170.0, 70.0, 0.0, 0.00192585
170.0, 80.0, 0.0, 0.00139398
170.0, 90.0, 0.0, 0.00137195
170.0, 100.0, 0.0, 0.00156757
170.0, 110.0, 0.0, 0.00168833
170.0, 120.0, 0.0, 0.00193055
170.0, 130.0, 0.0, 0.00240206
170.0, 140.0, 0.0, 0.00288466
170.0, 150.0, 0.0, 0.00300912
170.0, 160.0, 0.0, 0.00292155
170.0, 170.0, 0.0, 0.00286765
170.0, 180.0, 0.0, 0.00282031
170.0, 190.0, 0.0, 0.00275499
170.0, 200.0, 0.0, 0.00239084
170.0, 210.0, 0.0, 0.00211067
170.0, 220.0, 0.0, 0.00203526
170.0, 230.0, 0.0, 0.00181581
170.0, 240.0, 0.0, 0.00190364
170.0, 250.0, 0.0, 0.00219655
170.0, 260.0, 0.0, 0.00262720
180.0, 0.0, 0.0, 0.00186375
180.0, 10.0, 0.0, 0.00140672
180.0, 20.0, 0.0, 0.00191901
180.0, 30.0, 0.0, 0.00273987
180.0, 40.0, 0.0, 0.00262701
180.0, 50.0, 0.0, 0.00264757
180.0, 60.0, 0.0, 0.00234490
180.0, 70.0, 0.0, 0.00202323
180.0, 80.0, 0.0, 0.00154238
180.0, 90.0, 0.0, 0.00167446
180.0, 100.0, 0.0, 0.00151892
180.0, 110.0, 0.0, 0.00160349
180.0, 120.0, 0.0, 0.00186449
180.0, 130.0, 0.0, 0.00226934
180.0, 140.0, 0.0, 0.00223997
180.0, 150.0, 0.0, 0.00226391
180.0, 160.0, 0.0, 0.00258537
180.0, 170.0, 0.0, 0.00191145
180.0, 180.0, 0.0, 0.00263479
180.0, 190.0, 0.0, 0.00269234
180.0, 200.0, 0.0, 0.00246916
180.0, 210.0, 0.0, 0.00215986
180.0, 220.0, 0.0, 0.00191983
180.0, 230.0, 0.0, 0.00170380
180.0, 240.0, 0.0, 0.00151984
180.0, 250.0, 0.0, 0.00190146
180.0, 260.0, 0.0, 0.00228699
190.0, 0.0, 0.0, 0.00139294
190.0, 10.0, 0.0, 0.00141119
190.0, 20.0, 0.0, 0.00151832
190.0, 30.0, 0.0, 0.00169180
190.0, 40.0, 0.0, 0.00193998
190.0, 50.0, 0.0, 0.00212269
190.0, 60.0, 0.0, 0.00236310
190.0, 70.0, 0.0, 0.00235116
190.0, 80.0, 0.0, 0.00164694
190.0, 90.0, 0.0, 0.00178842
190.0, 100.0, 0.0, 0.00154773
190.0, 110.0, 0.0, 0.00170168
190.0, 120.0, 0.0, 0.00180470
190.0, 130.0, 0.0, 0.00186781
190.0, 140.0, 0.0, 0.00168053
190.0, 150.0, 0.0, 0.00192434
190.0, 160.0, 0.0, 0.00207400
190.0, 170.0, 0.0, 0.00217439
190.0, 180.0, 0.0, 0.00192922
190.0, 190.0, 0.0, 0.00194409
190.0, 200.0, 0.0, 0.00202736
190.0, 210.0, 0.0, 0.00190170
190.0, 220.0, 0.0, 0.00173056
190.0, 230.0, 0.0, 0.00157081
190.0, 240.0, 0.0, 0.00139176
190.0, 250.0, 0.0, 0.00145158
190.0, 260.0, 0.0, 0.00207501
200.0, 0.0, 0.0, 0.00129299
200.0, 10.0, 0.0, 0.00134729
200.0, 20.0, 0.0, 0.00169565
200.0, 30.0, 0.0, 0.00182500
200.0, 40.0, 0.0, 0.00195574
200.0, 50.0, 0.0, 0.00225466
200.0, 60.0, 0.0, 0.00245381
200.0, 70.0, 0.0, 0.00223064
200.0, 80.0, 0.0, 0.00214088
200.0, 90.0, 0.0, 0.00159988
200.0, 100.0, 0.0, 0.00157549
200.0, 110.0, 0.0, 0.00152077
200.0, 120.0, 0.0, 0.00167797
200.0, 130.0, 0.0, 0.00180152
200.0, 140.0, 0.0, 0.00142281
200.0, 150.0, 0.0, 0.00143422
200.0, 160.0, 0.0, 0.00155750
200.0, 170.0, 0.0, 0.00162147
200.0, 180.0, 0.0, 0.00108411
200.0, 190.0, 0.0, 0.00156507
200.0, 200.0, 0.0, 0.00129863
200.0, 210.0, 0.0, 0.00136459
200.0, 220.0, 0.0, 0.00132598
200.0, 230.0, 0.0, 0.00137078
200.0, 240.0, 0.0, 0.00125123
200.0, 250.0, 0.0, 0.00135232
200.0, 260.0, 0.0, 0.00205790
210.0, 0.0, 0.0, 0.00122065
210.0, 10.0, 0.0, 0.00145891
210.0, 20.0, 0.0, 0.00189297
210.0, 30.0, 0.0, 0.00145292
210.0, 40.0, 0.0, 0.00219116
210.0, 50.0, 0.0, 0.00244283
210.0, 60.0, 0.0, 0.00255939
210.0, 70.0, 0.0, 0.00243275
210.0, 80.0, 0.0, 0.00197924
210.0, 90.0, 0.0, 0.00187883
210.0, 100.0, 0.0, 0.00124307
210.0, 110.0, 0.0, 0.00153540
210.0, 120.0, 0.0, 0.00158228
210.0, 130.0, 0.0, 0.00167423
210.0, 140.0, 0.0, 0.00082963
210.0, 150.0, 0.0, 0.00125548
210.0, 160.0, 0.0, 0.00114349
210.0, 170.0, 0.0, 0.00179404
210.0, 180.0, 0.0, 0.00108161
210.0, 190.0, 0.0, 0.00119482
210.0, 200.0, 0.0, 0.00103986
210.0, 210.0, 0.0, 0.00095772
210.0, 220.0, 0.0, 0.00093365
210.0, 230.0, 0.0, 0.00088101
210.0, 240.0, 0.0, 0.00106531
210.0, 250.0, 0.0, 0.00137447
210.0, 260.0, 0.0, 0.00195078
220.0, 0.0, 0.0, 0.00120756
220.0, 10.0, 0.0, 0.00170400
220.0, 20.0, 0.0, 0.00192250
220.0, 30.0, 0.0, 0.00169806
220.0, 40.0, 0.0, 0.00179611
220.0, 50.0, 0.0, 0.00191703
220.0, 60.0, 0.0, 0.00232591
220.0, 70.0, 0.0, 0.00253685
220.0, 80.0, 0.0, 0.00203246
220.0, 90.0, 0.0, 0.00145226
220.0, 100.0, 0.0, 0.00140935
220.0, 110.0, 0.0, 0.00150959
220.0, 120.0, 0.0, 0.00130964
220.0, 130.0, 0.0, 0.00115103
220.0, 140.0, 0.0, 0.00112923
220.0, 150.0, 0.0, 0.00078592
220.0, 160.0, 0.0, 0.00091399
220.0, 170.0, 0.0, 0.00110558
220.0, 180.0, 0.0, 0.00087702
220.0, 190.0, 0.0, 0.00084585
220.0, 200.0, 0.0, 0.00074020
220.0, 210.0, 0.0, 0.00081006
220.0, 220.0, 0.0, 0.00070234
220.0, 230.0, 0.0, 0.00110777
220.0, 240.0, 0.0, 0.00119664
220.0, 250.0, 0.0, 0.00119438
220.0, 260.0, 0.0, 0.00183220
230.0, 0.0, 0.0, 0.00159182
230.0, 10.0, 0.0, 0.00189524
230.0, 20.0, 0.0, 0.00177039
230.0, 30.0, 0.0, 0.00153955
230.0, 40.0, 0.0, 0.00160522
230.0, 50.0, 0.0, 0.00179719
230.0, 60.0, 0.0, 0.00212948
230.0, 70.0, 0.0, 0.00220752
230.0, 80.0, 0.0, 0.00154607
230.0, 90.0, 0.0, 0.00136278
230.0, 100.0, 0.0, 0.00135667
230.0, 110.0, 0.0, 0.00099392
230.0, 120.0, 0.0, 0.00067379
230.0, 130.0, 0.0, 0.00062264
230.0, 140.0, 0.0, 0.00065211
230.0, 150.0, 0.0, 0.00055015
230.0, 160.0, 0.0, 0.00094392
230.0, 170.0, 0.0, 0.00085572
230.0, 180.0, 0.0, 0.00079648
230.0, 190.0, 0.0, 0.00066121
230.0, 200.0, 0.0, 0.00058970
230.0, 210.0, 0.0, 0.00057914
230.0, 220.0, 0.0, 0.00061022
230.0, 230.0, 0.0, 0.00068803
230.0, 240.0, 0.0, 0.00093094
230.0, 250.0, 0.0, 0.00114890
230.0, 260.0, 0.0, 0.00178946
0.0, 0.0, 10.0, 0.00188148
0.0, 10.0, 10.0, 0.00245797
0.0, 20.0, 10.0, 0.00299241
0.0, 30.0, 10.0, 0.00459036
0.0, 40.0, 10.0, 0.00887255
0.0, 50.0, 10.0, 0.00645334
0.0, 60.0, 10.0, 0.00606898
0.0, 70.0, 10.0, 0.00626812
0.0, 80.0, 10.0, 0.00752062
0.0, 90.0, 10.0, 0.00819593
0.0, 100.0, 10.0, 0.00968245
0.0, 110.0, 10.0, 0.00959072
0.0, 120.0, 10.0, 0.00856330
0.0, 130.0, 10.0, 0.00778603
0.0, 140.0, 10.0, 0.00745184
0.0, 150.0, 10.0, 0.00695264
0.0, 160.0, 10.0, 0.00755735
0.0, 170.0, 10.0, 0.00769386
0.0, 180.0, 10.0, 0.00811575
0.0, 190.0, 10.0, 0.00915208
0.0, 200.0, 10.0, 0.00951783
0.0, 210.0, 10.0, 0.00928788
0.0, 220.0, 10.0, 0.00916868
0.0, 230.0, 10.0, 0.00937842
0.0, 240.0, 10.0, 0.00867077
0.0, 250.0, 10.0, 0.00817815
0.0, 260.0, 10.0, 0.00833752
10.0, 0.0, 10.0, 0.00109354
10.0, 10.0, 10.0, 0.00109381
10.0, 20.0, 10.0, 0.00182003
10.0, 30.0, 10.0, 0.00420720
10.0, 40.0, 10.0, 0.00943711
10.0, 50.0, 10.0, 0.00546581
10.0, 60.0, 10.0, 0.00609501
10.0, 70.0, 10.0, 0.00640803
10.0, 80.0, 10.0, 0.00802859
10.0, 90.0, 10.0, 0.00828981
10.0, 100.0, 10.0, 0.00892133
10.0, 110.0, 10.0, 0.00947779
10.0, 120.0, 10.0, 0.00946674
10.0, 130.0, 10.0, 0.00910397
10.0, 140.0, 10.0, 0.00874577
10.0, 150.0, 10.0, 0.00772476
10.0, 160.0, 10.0, 0.00821478
10.0, 170.0, 10.0, 0.00909400
10.0, 180.0, 10.0, 0.00932730
10.0, 190.0, 10.0, 0.00981549
10.0, 200.0, 10.0, 0.00989407
10.0, 210.0, 10.0, 0.00953060
10.0, 220.0, 10.0, 0.00791913
10.0, 230.0, 10.0, 0.00564187
10.0, 240.0, 10.0, 0.00698659
10.0, 250.0, 10.0, 0.00758927
10.0, 260.0, 10.0, 0.00784849
20.0, 0.0, 10.0, 0.00039169
20.0, 10.0, 10.0, 0.00113520
20.0, 20.0, 10.0, 0.00221863
20.0, 30.0, 10.0, 0.00283140
20.0, 40.0, 10.0, 0.00922025
20.0, 50.0, 10.0, 0.00593849
20.0, 60.0, 10.0, 0.00590424
20.0, 70.0, 10.0, 0.00777271
20.0, 80.0, 10.0, 0.00844895
20.0, 90.0, 10.0, 0.00820599
20.0, 100.0, 10.0, 0.00825480
20.0, 110.0, 10.0, 0.00822352
20.0, 120.0, 10.0, 0.00795505
20.0, 130.0, 10.0, 0.00802005
20.0, 140.0, 10.0, 0.00792307
20.0, 150.0, 10.0, 0.00754094
20.0, 160.0, 10.0, 0.00703425
20.0, 170.0, 10.0, 0.00779155
20.0, 180.0, 10.0, 0.00612414
20.0, 190.0, 10.0, 0.00472267
20.0, 200.0, 10.0, 0.00428762
20.0, 210.0, 10.0, 0.00395778
20.0, 220.0, 10.0, 0.00260775
20.0, 230.0, 10.0, 0.00420243
20.0, 240.0, 10.0, 0.00694415
20.0, 250.0, 10.0, 0.00773718
20.0, 260.0, 10.0, 0.00815917
30.0, 0.0, 10.0, 0.00075072
30.0, 10.0, 10.0, 0.00236385
30.0, 20.0, 10.0, 0.00243127
30.0, 30.0, 10.0, 0.00246006
30.0, 40.0, 10.0, 0.00668252
30.0, 50.0, 10.0, 0.00707702
30.0, 60.0, 10.0, 0.00705299
30.0, 70.0, 10.0, 0.00828963
30.0, 80.0, 10.0, 0.00813052
30.0, 90.0, 10.0, 0.00805305
30.0, 100.0, 10.0, 0.00783891
30.0, 110.0, 10.0, 0.00719623
30.0, 120.0, 10.0, 0.00672475
30.0, 130.0, 10.0, 0.00654994
30.0, 140.0, 10.0, 0.00679626
30.0, 150.0, 10.0, 0.00660300
30.0, 160.0, 10.0, 0.00689193
30.0, 170.0, 10.0, 0.00591048
30.0, 180.0, 10.0, 0.00363109
30.0, 190.0, 10.0, 0.00302974
30.0, 200.0, 10.0, 0.00267885
30.0, 210.0, 10.0, 0.00295362
30.0, 220.0, 10.0, 0.00337961
30.0, 230.0, 10.0, 0.00417200
30.0, 240.0, 10.0, 0.00583541
30.0, 250.0, 10.0, 0.00785130
30.0, 260.0, 10.0, 0.00827804
40.0, 0.0, 10.0, 0.00203079
40.0, 10.0, 10.0, 0.00294713
40.0, 20.0, 10.0, 0.00268122
40.0, 30.0, 10.0, 0.00349508
40.0, 40.0, 10.0, 0.01104971
40.0, 50.0, 10.0, 0.00635949
40.0, 60.0, 10.0, 0.00800039
40.0, 70.0, 10.0, 0.00769699
40.0, 80.0, 10.0, 0.00757558
40.0, 90.0, 10.0, 0.00844330
40.0, 100.0, 10.0, 0.00777623
40.0, 110.0, 10.0, 0.00678633
40.0, 120.0, 10.0, 0.00665585
40.0, 130.0, 10.0, 0.00634434
40.0, 140.0, 10.0, 0.00662042
40.0, 150.0, 10.0, 0.00679503
40.0, 160.0, 10.0, 0.00529447
40.0, 170.0, 10.0, 0.00400950
40.0, 180.0, 10.0, 0.00221772
40.0, 190.0, 10.0, 0.00603410
40.0, 200.0, 10.0, 0.00599376
40.0, 210.0, 10.0, 0.00240024
40.0, 220.0, 10.0, 0.00297685
40.0, 230.0, 10.0, 0.00189804
40.0, 240.0, 10.0, 0.00415503
40.0, 250.0, 10.0, 0.00718997
40.0, 260.0, 10.0, 0.00791374
50.0, 0.0, 10.0, 0.00258064
50.0, 10.0, 10.0, 0.00270196
50.0, 20.0, 10.0, 0.00309159
50.0, 30.0, 10.0, 0.00775052
50.0, 40.0, 10.0, 0.00958561
50.0, 50.0, 10.0, 0.00626685
50.0, 60.0, 10.0, 0.00845817
50.0, 70.0, 10.0, 0.00854324
50.0, 80.0, 10.0, 0.00853551
50.0, 90.0, 10.0, 0.00735352
50.0, 100.0, 10.0, 0.00666250
50.0, 110.0, 10.0, 0.00562654
50.0, 120.0, 10.0, 0.00525559
50.0, 130.0, 10.0, 0.00544677
50.0, 140.0, 10.0, 0.00560616
50.0, 150.0, 10.0, 0.00477428
50.0, 160.0, 10.0, 0.00448049
50.0, 170.0, 10.0, 0.00319851
50.0, 180.0, 10.0, 0.00177622
50.0, 190.0, 10.0, 0.00402553
50.0, 200.0, 10.0, 0.00548280
50.0, 210.0, 10.0, 0.00165841
50.0, 220.0, 10.0, 0.00187829
50.0, 230.0, 10.0, 0.00236476
50.0, 240.0, 10.0, 0.00252672
50.0, 250.0, 10.0, 0.00562956
50.0, 260.0, 10.0, 0.00716535
60.0, 0.0, 10.0, 0.00235849
60.0, 10.0, 10.0, 0.00244176
60.0, 20.0, 10.0, 0.00404574
60.0, 30.0, 10.0, 0.00900771
60.0, 40.0, 10.0, 0.00947678
60.0, 50.0, 10.0, 0.00766179
60.0, 60.0, 10.0, 0.00922818
60.0, 70.0, 10.0, 0.00842052
60.0, 80.0, 10.0, 0.00791986
60.0, 90.0, 10.0, 0.00634558
60.0, 100.0, 10.0, 0.00456030
60.0, 110.0, 10.0, 0.00351415
60.0, 120.0, 10.0, 0.00382277
60.0, 130.0, 10.0, 0.00385292
60.0, 140.0, 10.0, 0.00370613
60.0, 150.0, 10.0, 0.00401510
60.0, 160.0, 10.0, 0.00414547
60.0, 170.0, 10.0, 0.00371973
60.0, 180.0, 10.0, 0.00242514
60.0, 190.0, 10.0, 0.00463126
60.0, 200.0, 10.0, 0.00604399
60.0, 210.0, 10.0, 0.00294694
60.0, 220.0, 10.0, 0.00171967
60.0, 230.0, 10.0, 0.00394081
60.0, 240.0, 10.0, 0.00442597
60.0, 250.0, 10.0, 0.00395584
60.0, 260.0, 10.0, 0.00461651
70.0, 0.0, 10.0, 0.00220301
70.0, 10.0, 10.0, 0.00270983
70.0, 20.0, 10.0, 0.00227772
70.0, 30.0, 10.0, 0.00767790
70.0, 40.0, 10.0, 0.00857894
70.0, 50.0, 10.0, 0.00837835
70.0, 60.0, 10.0, 0.00852757
70.0, 70.0, 10.0, 0.00793770
70.0, 80.0, 10.0, 0.00712664
70.0, 90.0, 10.0, 0.00538169
70.0, 100.0, 10.0, 0.00502848
70.0, 110.0, 10.0, 0.00502158
70.0, 120.0, 10.0, 0.00555200
70.0, 130.0, 10.0, 0.00566943
70.0, 140.0, 10.0, 0.00581117
70.0, 150.0, 10.0, 0.00618611
70.0, 160.0, 10.0, 0.00620181
70.0, 170.0, 10.0, 0.00537808
70.0, 180.0, 10.0, 0.00419886
70.0, 190.0, 10.0, 0.00614729
70.0, 200.0, 10.0, 0.00595116
70.0, 210.0, 10.0, 0.00361001
70.0, 220.0, 10.0, 0.00356947
70.0, 230.0, 10.0, 0.00315923
70.0, 240.0, 10.0, 0.00531733
70.0, 250.0, 10.0, 0.00649580
70.0, 260.0, 10.0, 0.00684739
80.0, 0.0, 10.0, 0.00235862
80.0, 10.0, 10.0, 0.00262277
80.0, 20.0, 10.0, 0.00691197
80.0, 30.0, 10.0, 0.00483875
80.0, 40.0, 10.0, 0.00429867
80.0, 50.0, 10.0, 0.00714392
80.0, 60.0, 10.0, 0.00798658
80.0, 70.0, 10.0, 0.00809491
80.0, 80.0, 10.0, 0.00762346
80.0, 90.0, 10.0, 0.00677883
80.0, 100.0, 10.0, 0.00618857
80.0, 110.0, 10.0, 0.00610338
80.0, 120.0, 10.0, 0.00597167
80.0, 130.0, 10.0, 0.00585013
80.0, 140.0, 10.0, 0.00587478
80.0, 150.0, 10.0, 0.00566001
80.0, 160.0, 10.0, 0.00591023
80.0, 170.0, 10.0, 0.00610590
80.0, 180.0, 10.0, 0.00516627
80.0, 190.0, 10.0, 0.00401388
80.0, 200.0, 10.0, 0.00340833
80.0, 210.0, 10.0, 0.00330109
80.0, 220.0, 10.0, 0.00401904
80.0, 230.0, 10.0, 0.00449162
80.0, 240.0, 10.0, 0.00456868
80.0, 250.0, 10.0, 0.00524700
80.0, 260.0, 10.0, 0.00646942
90.0, 0.0, 10.0, 0.00250548
90.0, 10.0, 10.0, 0.00310571
90.0, 20.0, 10.0, 0.00442484
90.0, 30.0, 10.0, 0.00453289
90.0, 40.0, 10.0, 0.00505201
90.0, 50.0, 10.0, 0.00606504
90.0, 60.0, 10.0, 0.00650972
90.0, 70.0, 10.0, 0.00731266
90.0, 80.0, 10.0, 0.00733226
90.0, 90.0, 10.0, 0.00685427
90.0, 100.0, 10.0, 0.00604530
90.0, 110.0, 10.0, 0.00565749
90.0, 120.0, 10.0, 0.00529741
90.0, 130.0, 10.0, 0.00474758
90.0, 140.0, 10.0, 0.00394938
90.0, 150.0, 10.0, 0.00339318
90.0, 160.0, 10.0, 0.00309867
90.0, 170.0, 10.0, 0.00335848
90.0, 180.0, 10.0, 0.00214996
90.0, 190.0, 10.0, 0.00270068
90.0, 200.0, 10.0, 0.00327253
90.0, 210.0, 10.0, 0.00327299
90.0, 220.0, 10.0, 0.00352025
90.0, 230.0, 10.0, 0.00348918
90.0, 240.0, 10.0, 0.00398670
90.0, 250.0, 10.0, 0.00433123
90.0, 260.0, 10.0, 0.00500249
100.0, 0.0, 10.0, 0.00278984
100.0, 10.0, 10.0, 0.00413706
100.0, 20.0, 10.0, 0.00445642
100.0, 30.0, 10.0, 0.00493560
100.0, 40.0, 10.0, 0.00490863
100.0, 50.0, 10.0, 0.00485571
100.0, 60.0, 10.0, 0.00478774
100.0, 70.0, 10.0, 0.00457528
100.0, 80.0, 10.0, 0.00534617
100.0, 90.0, 10.0, 0.00507691
100.0, 100.0, 10.0, 0.00439757
100.0, 110.0, 10.0, 0.00354635
100.0, 120.0, 10.0, 0.00126801
100.0, 130.0, 10.0, 0.00131453
100.0, 140.0, 10.0, 0.00115632
100.0, 150.0, 10.0, 0.00117315
100.0, 160.0, 10.0, 0.00094165
100.0, 170.0, 10.0, 0.00057919
100.0, 180.0, 10.0, 0.00088078
100.0, 190.0, 10.0, 0.00151990
100.0, 200.0, 10.0, 0.00163794
100.0, 210.0, 10.0, 0.00187666
100.0, 220.0, 10.0, 0.00221476
100.0, 230.0, 10.0, 0.00247937
100.0, 240.0, 10.0, 0.00249619
100.0, 250.0, 10.0, 0.00221085
100.0, 260.0, 10.0, 0.00329040
110.0, 0.0, 10.0, 0.00259843
110.0, 10.0, 10.0, 0.00378889
110.0, 20.0, 10.0, 0.00382329
110.0, 30.0, 10.0, 0.00389702
110.0, 40.0, 10.0, 0.00454019
110.0, 50.0, 10.0, 0.00415872
110.0, 60.0, 10.0, 0.00392460
110.0, 70.0, 10.0, 0.00359647
110.0, 80.0, 10.0, 0.00342305
110.0, 90.0, 10.0, 0.00121242
110.0, 100.0, 10.0, 0.00062929
110.0, 110.0, 10.0, 0.00100365
110.0, 120.0, 10.0, 0.00109686
110.0, 130.0, 10.0, 0.00113768
110.0, 140.0, 10.0, 0.00094876
110.0, 150.0, 10.0, 0.00057692
110.0, 160.0, 10.0, 0.00037719
110.0, 170.0, 10.0, 0.00001071
110.0, 180.0, 10.0, 0.00108321
110.0, 190.0, 10.0, 0.00158208
110.0, 200.0, 10.0, 0.00176147
110.0, 210.0, 10.0, 0.00204897
110.0, 220.0, 10.0, 0.00252440
110.0, 230.0, 10.0, 0.00251811
110.0, 240.0, 10.0, 0.00193522
110.0, 250.0, 10.0, 0.00193052
110.0, 260.0, 10.0, 0.00380488
120.0, 0.0, 10.0, 0.00271020
120.0, 10.0, 10.0, 0.00393491
120.0, 20.0, 10.0, 0.00372007
120.0, 30.0, 10.0, 0.00345131
120.0, 40.0, 10.0, 0.00308731
120.0, 50.0, 10.0, 0.00307312
120.0, 60.0, 10.0, 0.00227384
120.0, 70.0, 10.0, 0.00136374
120.0, 80.0, 10.0, 0.00123020
120.0, 90.0, 10.0, 0.00182952
120.0, 100.0, 10.0, 0.00155294
120.0, 110.0, 10.0, 0.00134036
120.0, 120.0, 10.0, 0.00108702
120.0, 130.0, 10.0, 0.00082557
120.0, 140.0, 10.0, 0.00068087
120.0, 150.0, 10.0, 0.00053549
120.0, 160.0, 10.0, 0.00022780
120.0, 170.0, 10.0, 0.00029493
120.0, 180.0, 10.0, 0.00148991
120.0, 190.0, 10.0, 0.00205631
120.0, 200.0, 10.0, 0.00178237
120.0, 210.0, 10.0, 0.00146934
120.0, 220.0, 10.0, 0.00147290
120.0, 230.0, 10.0, 0.00233359
120.0, 240.0, 10.0, 0.00321649
120.0, 250.0, 10.0, 0.00244503
120.0, 260.0, 10.0, 0.00201311
130.0, 0.0, 10.0, 0.00243218
130.0, 10.0, 10.0, 0.00350274
130.0, 20.0, 10.0, 0.00335026
130.0, 30.0, 10.0, 0.00312337
130.0, 40.0, 10.0, 0.00278422
130.0, 50.0, 10.0, 0.00172150
130.0, 60.0, 10.0, 0.00103152
130.0, 70.0, 10.0, 0.00160203
130.0, 80.0, 10.0, 0.00156403
130.0, 90.0, 10.0, 0.00189566
130.0, 100.0, 10.0, 0.00136181
130.0, 110.0, 10.0, 0.00092895
130.0, 120.0, 10.0, 0.00070961
130.0, 130.0, 10.0, 0.00056481
130.0, 140.0, 10.0, 0.00040237
130.0, 150.0, 10.0, 0.00034317
130.0, 160.0, 10.0, 0.00032942
130.0, 170.0, 10.0, 0.00060169
130.0, 180.0, 10.0, 0.00027671
130.0, 190.0, 10.0, 0.00194287
130.0, 200.0, 10.0, 0.00208361
130.0, 210.0, 10.0, 0.00170140
130.0, 220.0, 10.0, 0.00222327
130.0, 230.0, 10.0, 0.00219890
130.0, 240.0, 10.0, 0.00255411
130.0, 250.0, 10.0, 0.00250413
130.0, 260.0, 10.0, 0.00187416
140.0, 0.0, 10.0, 0.00201045
140.0, 10.0, 10.0, 0.00277645
140.0, 20.0, 10.0, 0.00279612
140.0, 30.0, 10.0, 0.00274524
140.0, 40.0, 10.0, 0.00249904
140.0, 50.0, 10.0, 0.00167688
140.0, 60.0, 10.0, 0.00182349
140.0, 70.0, 10.0, 0.00144304
140.0, 80.0, 10.0, 0.00092966
140.0, 90.0, 10.0, 0.00087191
140.0, 100.0, 10.0, 0.00081747
140.0, 110.0, 10.0, 0.00057879
140.0, 120.0, 10.0, 0.00045479
140.0, 130.0, 10.0, 0.00046965
140.0, 140.0, 10.0, 0.00056422
140.0, 150.0, 10.0, 0.00068230
140.0, 160.0, 10.0, 0.00078974
140.0, 170.0, 10.0, 0.00093489
140.0, 180.0, 10.0, 0.00060190
140.0, 190.0, 10.0, 0.00083088
140.0, 200.0, 10.0, 0.00126722
140.0, 210.0, 10.0, 0.00192520
140.0, 220.0, 10.0, 0.00190615
140.0, 230.0, 10.0, 0.00156874
140.0, 240.0, 10.0, 0.00148885
140.0, 250.0, 10.0, 0.00148394
140.0, 260.0, 10.0, 0.00157479
150.0, 0.0, 10.0, 0.00068996
150.0, 10.0, 10.0, 0.00166281
150.0, 20.0, 10.0, 0.00221996
150.0, 30.0, 10.0, 0.00217664
150.0, 40.0, 10.0, 0.00206340
150.0, 50.0, 10.0, 0.00214020
150.0, 60.0, 10.0, 0.00160070
150.0, 70.0, 10.0, 0.00091873
150.0, 80.0, 10.0, 0.00061511
150.0, 90.0, 10.0, 0.00031099
150.0, 100.0, 10.0, 0.00018406
150.0, 110.0, 10.0, 0.00015308
150.0, 120.0, 10.0, 0.00019375
150.0, 130.0, 10.0, 0.00035232
150.0, 140.0, 10.0, 0.00064819
150.0, 150.0, 10.0, 0.00103880
150.0, 160.0, 10.0, 0.00125393
150.0, 170.0, 10.0, 0.00141155
150.0, 180.0, 10.0, 0.00146611
150.0, 190.0, 10.0, 0.00080545
150.0, 200.0, 10.0, 0.00095026
150.0, 210.0, 10.0, 0.00114881
150.0, 220.0, 10.0, 0.00097485
150.0, 230.0, 10.0, 0.00082307
150.0, 240.0, 10.0, 0.00079824
150.0, 250.0, 10.0, 0.00090102
150.0, 260.0, 10.0, 0.00128720
160.0, 0.0, 10.0, 0.00092750
160.0, 10.0, 10.0, 0.00201855
160.0, 20.0, 10.0, 0.00198719
160.0, 30.0, 10.0, 0.00154101
160.0, 40.0, 10.0, 0.00191366
160.0, 50.0, 10.0, 0.00195988
160.0, 60.0, 10.0, 0.00152267
160.0, 70.0, 10.0, 0.00091266
160.0, 80.0, 10.0, 0.00036858
160.0, 90.0, 10.0, 0.00013222
160.0, 100.0, 10.0, 0.00004884
160.0, 110.0, 10.0, 0.00002702
160.0, 120.0, 10.0, 0.00004886
160.0, 130.0, 10.0, 0.00026042
160.0, 140.0, 10.0, 0.00078143
160.0, 150.0, 10.0, 0.00108771
160.0, 160.0, 10.0, 0.00141035
160.0, 170.0, 10.0, 0.00145510
160.0, 180.0, 10.0, 0.00151435
160.0, 190.0, 10.0, 0.00120418
160.0, 200.0, 10.0, 0.00094143
160.0, 210.0, 10.0, 0.00115108
160.0, 220.0, 10.0, 0.00092704
160.0, 230.0, 10.0, 0.00074624
160.0, 240.0, 10.0, 0.00064670
160.0, 250.0, 10.0, 0.00068467
160.0, 260.0, 10.0, 0.00112468
170.0, 0.0, 10.0, 0.00073123
170.0, 10.0, 10.0, 0.00118572
170.0, 20.0, 10.0, 0.00130328
170.0, 30.0, 10.0, 0.00149895
170.0, 40.0, 10.0, 0.00159633
170.0, 50.0, 10.0, 0.00111791
170.0, 60.0, 10.0, 0.00121815
170.0, 70.0, 10.0, 0.00092557
170.0, 80.0, 10.0, 0.00035817
170.0, 90.0, 10.0, 0.00016035
170.0, 100.0, 10.0, 0.00007007
170.0, 110.0, 10.0, 0.00000820
170.0, 120.0, 10.0, 0.00022753
170.0, 130.0, 10.0, 0.00072422
170.0, 140.0, 10.0, 0.00119686
170.0, 150.0, 10.0, 0.00158715
170.0, 160.0, 10.0, 0.00132632
170.0, 170.0, 10.0, 0.00152102
170.0, 180.0, 10.0, 0.00125469
170.0, 190.0, 10.0, 0.00127114
170.0, 200.0, 10.0, 0.00102634
170.0, 210.0, 10.0, 0.00112919
170.0, 220.0, 10.0, 0.00094398
170.0, 230.0, 10.0, 0.00078920
170.0, 240.0, 10.0, 0.00065460
170.0, 250.0, 10.0, 0.00075121
170.0, 260.0, 10.0, 0.00098246
180.0, 0.0, 10.0, 0.00087886
180.0, 10.0, 10.0, 0.00077900
180.0, 20.0, 10.0, 0.00103468
180.0, 30.0, 10.0, 0.00075419
180.0, 40.0, 10.0, 0.00115565
180.0, 50.0, 10.0, 0.00078977
180.0, 60.0, 10.0, 0.00123060
180.0, 70.0, 10.0, 0.00107030
180.0, 80.0, 10.0, 0.00048333
180.0, 90.0, 10.0, 0.00017544
180.0, 100.0, 10.0, 0.00000986
180.0, 110.0, 10.0, 0.00015786
180.0, 120.0, 10.0, 0.00062233
180.0, 130.0, 10.0, 0.00122401
180.0, 140.0, 10.0, 0.00146653
180.0, 150.0, 10.0, 0.00151782
180.0, 160.0, 10.0, 0.00161162
180.0, 170.0, 10.0, 0.00147479
180.0, 180.0, 10.0, 0.00132219
180.0, 190.0, 10.0, 0.00130305
180.0, 200.0, 10.0, 0.00120771
180.0, 210.0, 10.0, 0.00130087
180.0, 220.0, 10.0, 0.00110612
180.0, 230.0, 10.0, 0.00083905
180.0, 240.0, 10.0, 0.00060406
180.0, 250.0, 10.0, 0.00080969
180.0, 260.0, 10.0, 0.00119552
190.0, 0.0, 10.0, 0.00067082
190.0, 10.0, 10.0, 0.00085050
190.0, 20.0, 10.0, 0.00041817
190.0, 30.0, 10.0, 0.00062777
190.0, 40.0, 10.0, 0.00089703
190.0, 50.0, 10.0, 0.00090424
190.0, 60.0, 10.0, 0.00099957
190.0, 70.0, 10.0, 0.00098149
190.0, 80.0, 10.0, 0.00066085
190.0, 90.0, 10.0, 0.00029496
190.0, 100.0, 10.0, 0.00001543
190.0, 110.0, 10.0, 0.00023004
190.0, 120.0, 10.0, 0.00061380
190.0, 130.0, 10.0, 0.00088170
190.0, 140.0, 10.0, 0.00102441
190.0, 150.0, 10.0, 0.00099587
190.0, 160.0, 10.0, 0.00114205
190.0, 170.0, 10.0, 0.00119281
190.0, 180.0, 10.0, 0.00125109
190.0, 190.0, 10.0, 0.00137092
190.0, 200.0, 10.0, 0.00115717
190.0, 210.0, 10.0, 0.00118512
190.0, 220.0, 10.0, 0.00106877
190.0, 230.0, 10.0, 0.00072477
190.0, 240.0, 10.0, 0.00054648
190.0, 250.0, 10.0, 0.00077885
190.0, 260.0, 10.0, 0.00125878
200.0, 0.0, 10.0, 0.00057185
200.0, 10.0, 10.0, 0.00068819
200.0, 20.0, 10.0, 0.00050662
200.0, 30.0, 10.0, 0.00080168
200.0, 40.0, 10.0, 0.00077977
200.0, 50.0, 10.0, 0.00095428
200.0, 60.0, 10.0, 0.00112965
200.0, 70.0, 10.0, 0.00124321
200.0, 80.0, 10.0, 0.00079778
200.0, 90.0, 10.0, 0.00064278
200.0, 100.0, 10.0, 0.00006182
200.0, 110.0, 10.0, 0.00020232
200.0, 120.0, 10.0, 0.00032893
200.0, 130.0, 10.0, 0.00056447
200.0, 140.0, 10.0, 0.00052266
200.0, 150.0, 10.0, 0.00053859
200.0, 160.0, 10.0, 0.00069093
200.0, 170.0, 10.0, 0.00086625
200.0, 180.0, 10.0, 0.00071980
200.0, 190.0, 10.0, 0.00070408
200.0, 200.0, 10.0, 0.00069895
200.0, 210.0, 10.0, 0.00070957
200.0, 220.0, 10.0, 0.00070211
200.0, 230.0, 10.0, 0.00068012
200.0, 240.0, 10.0, 0.00041693
200.0, 250.0, 10.0, 0.00067885
200.0, 260.0, 10.0, 0.00131314
210.0, 0.0, 10.0, 0.00067422
210.0, 10.0, 10.0, 0.00058799
210.0, 20.0, 10.0, 0.00060580
210.0, 30.0, 10.0, 0.00054880
210.0, 40.0, 10.0, 0.00085128
210.0, 50.0, 10.0, 0.00090890
210.0, 60.0, 10.0, 0.00111014
210.0, 70.0, 10.0, 0.00128600
210.0, 80.0, 10.0, 0.00127339
210.0, 90.0, 10.0, 0.00113230
210.0, 100.0, 10.0, 0.00010706
210.0, 110.0, 10.0, 0.00019688
210.0, 120.0, 10.0, 0.00028583
210.0, 130.0, 10.0, 0.00038312
210.0, 140.0, 10.0, 0.00040442
210.0, 150.0, 10.0, 0.00045519
210.0, 160.0, 10.0, 0.00048033
210.0, 170.0, 10.0, 0.00048757
210.0, 180.0, 10.0, 0.00042069
210.0, 190.0, 10.0, 0.00035112
210.0, 200.0, 10.0, 0.00032933
210.0, 210.0, 10.0, 0.00034603
210.0, 220.0, 10.0, 0.00036430
210.0, 230.0, 10.0, 0.00029368
210.0, 240.0, 10.0, 0.00033393
210.0, 250.0, 10.0, 0.00064314
210.0, 260.0, 10.0, 0.00131132
220.0, 0.0, 10.0, 0.00082714
220.0, 10.0, 10.0, 0.00093906
220.0, 20.0, 10.0, 0.00066968
220.0, 30.0, 10.0, 0.00074058
220.0, 40.0, 10.0, 0.00081379
220.0, 50.0, 10.0, 0.00087912
220.0, 60.0, 10.0, 0.00110779
220.0, 70.0, 10.0, 0.00114862
220.0, 80.0, 10.0, 0.00153389
220.0, 90.0, 10.0, 0.00135141
220.0, 100.0, 10.0, 0.00045775
220.0, 110.0, 10.0, 0.00013970
220.0, 120.0, 10.0, 0.00024846
220.0, 130.0, 10.0, 0.00032439
220.0, 140.0, 10.0, 0.00038351
220.0, 150.0, 10.0, 0.00041393
220.0, 160.0, 10.0, 0.00041804
220.0, 170.0, 10.0, 0.00038333
220.0, 180.0, 10.0, 0.00034971
220.0, 190.0, 10.0, 0.00033994
220.0, 200.0, 10.0, 0.00032103
220.0, 210.0, 10.0, 0.00029840
220.0, 220.0, 10.0, 0.00030431
220.0, 230.0, 10.0, 0.00031585
220.0, 240.0, 10.0, 0.00031472
220.0, 250.0, 10.0, 0.00047028
220.0, 260.0, 10.0, 0.00151121
230.0, 0.0, 10.0, 0.00078780
230.0, 10.0, 10.0, 0.00080052
230.0, 20.0, 10.0, 0.00077027
230.0, 30.0, 10.0, 0.00078852
230.0, 40.0, 10.0, 0.00075472
230.0, 50.0, 10.0, 0.00085320
230.0, 60.0, 10.0, 0.00096269
230.0, 70.0, 10.0, 0.00100255
230.0, 80.0, 10.0, 0.00121086
230.0, 90.0, 10.0, 0.00110730
230.0, 100.0, 10.0, 0.00087863
230.0, 110.0, 10.0, 0.00022769
230.0, 120.0, 10.0, 0.00018760
230.0, 130.0, 10.0, 0.00030920
230.0, 140.0, 10.0, 0.00034110
230.0, 150.0, 10.0, 0.00034086
230.0, 160.0, 10.0, 0.00033490
230.0, 170.0, 10.0, 0.00033861
230.0, 180.0, 10.0, 0.00032902
230.0, 190.0, 10.0, 0.00034513
230.0, 200.0, 10.0, 0.00035505
230.0, 210.0, 10.0, 0.00032663
230.0, 220.0, 10.0, 0.00029664
230.0, 230.0, 10.0, 0.00029329
230.0, 240.0, 10.0, 0.00034472
230.0, 250.0, 10.0, 0.00060833
230.0, 260.0, 10.0, 0.00114384
0.0, 0.0, 20.0, 0.00011336
0.0, 10.0, 20.0, 0.00009249
0.0, 20.0, 20.0, 0.00008032
0.0, 30.0, 20.0, 0.00008564
0.0, 40.0, 20.0, 0.00012704
0.0, 50.0, 20.0, 0.00024230
0.0, 60.0, 20.0, 0.00048426
0.0, 70.0, 20.0, 0.00079294
0.0, 80.0, 20.0, 0.00111500
0.0, 90.0, 20.0, 0.00130259
0.0, 100.0, 20.0, 0.00126680
0.0, 110.0, 20.0, 0.00114316
0.0, 120.0, 20.0, 0.00124306
0.0, 130.0, 20.0, 0.00128970
0.0, 140.0, 20.0, 0.00111787
0.0, 150.0, 20.0, 0.00091682
0.0, 160.0, 20.0, 0.00072749
0.0, 170.0, 20.0, 0.00061437
0.0, 180.0, 20.0, 0.00053745
0.0, 190.0, 20.0, 0.00048700
0.0, 200.0, 20.0, 0.00046348
0.0, 210.0, 20.0, 0.00042966
0.0, 220.0, 20.0, 0.00036561
0.0, 230.0, 20.0, 0.00029046
0.0, 240.0, 20.0, 0.00019580
0.0, 250.0, 20.0, 0.00011852
0.0, 260.0, 20.0, 0.00009404
10.0, 0.0, 20.0, 0.00013486
10.0, 10.0, 20.0, 0.00011159
10.0, 20.0, 20.0, 0.00011893
10.0, 30.0, 20.0, 0.00013330
10.0, 40.0, 20.0, 0.00009855
10.0, 50.0, 20.0, 0.00005240
10.0, 60.0, 20.0, 0.00048846
10.0, 70.0, 20.0, 0.00024596
10.0, 80.0, 20.0, 0.00031369
10.0, 90.0, 20.0, 0.00062852
10.0, 100.0, 20.0, 0.00092217
10.0, 110.0, 20.0, 0.00098196
10.0, 120.0, 20.0, 0.00102814
10.0, 130.0, 20.0, 0.00113219
10.0, 140.0, 20.0, 0.00141059
10.0, 150.0, 20.0, 0.00112312
10.0, 160.0, 20.0, 0.00088369
10.0, 170.0, 20.0, 0.00070461
10.0, 180.0, 20.0, 0.00058207
10.0, 190.0, 20.0, 0.00069909
10.0, 200.0, 20.0, 0.00059582
10.0, 210.0, 20.0, 0.00081967
10.0, 220.0, 20.0, 0.00066873
10.0, 230.0, 20.0, 0.00030468
10.0, 240.0, 20.0, 0.00019802
10.0, 250.0, 20.0, 0.00010081
10.0, 260.0, 20.0, 0.00000792
20.0, 0.0, 20.0, 0.00010424
20.0, 10.0, 20.0, 0.00010640
20.0, 20.0, 20.0, 0.00013227
20.0, 30.0, 20.0, 0.00012607
20.0, 40.0, 20.0, 0.00013715
20.0, 50.0, 20.0, 0.00014788
20.0, 60.0, 20.0, 0.00011162
20.0, 70.0, 20.0, 0.00015064
20.0, 80.0, 20.0, 0.00012599
20.0, 90.0, 20.0, 0.00012868
20.0, 100.0, 20.0, 0.00032140
20.0, 110.0, 20.0, 0.00058053
20.0, 120.0, 20.0, 0.00061241
20.0, 130.0, 20.0, 0.00088681
20.0, 140.0, 20.0, 0.00153571
20.0, 150.0, 20.0, 0.00116681
20.0, 160.0, 20.0, 0.00084988
20.0, 170.0, 20.0, 0.00069965
20.0, 180.0, 20.0, 0.00062888
20.0, 190.0, 20.0, 0.00057124
20.0, 200.0, 20.0, 0.00058252
20.0, 210.0, 20.0, 0.00057684
20.0, 220.0, 20.0, 0.00051837
20.0, 230.0, 20.0, 0.00034946
20.0, 240.0, 20.0, 0.00020427
20.0, 250.0, 20.0, 0.00009522
20.0, 260.0, 20.0, 0.00000249
30.0, 0.0, 20.0, 0.00008409
30.0, 10.0, 20.0, 0.00011853
30.0, 20.0, 20.0, 0.00012690
30.0, 30.0, 20.0, 0.00009545
30.0, 40.0, 20.0, 0.00023761
30.0, 50.0, 20.0, 0.00028814
30.0, 60.0, 20.0, 0.00021592
30.0, 70.0, 20.0, 0.00025071
30.0, 80.0, 20.0, 0.00013399
30.0, 90.0, 20.0, 0.00006246
30.0, 100.0, 20.0, 0.00033692
30.0, 110.0, 20.0, 0.00068373
30.0, 120.0, 20.0, 0.00082710
30.0, 130.0, 20.0, 0.00113362
30.0, 140.0, 20.0, 0.00149282
30.0, 150.0, 20.0, 0.00145067
30.0, 160.0, 20.0, 0.00113571
30.0, 170.0, 20.0, 0.00091422
30.0, 180.0, 20.0, 0.00076761
30.0, 190.0, 20.0, 0.00072235
30.0, 200.0, 20.0, 0.00073586
30.0, 210.0, 20.0, 0.00075559
30.0, 220.0, 20.0, 0.00069921
30.0, 230.0, 20.0, 0.00048359
30.0, 240.0, 20.0, 0.00022434
30.0, 250.0, 20.0, 0.00010453
30.0, 260.0, 20.0, 0.00001100
40.0, 0.0, 20.0, 0.00005434
40.0, 10.0, 20.0, 0.00014201
40.0, 20.0, 20.0, 0.00017909
40.0, 30.0, 20.0, 0.00028566
40.0, 40.0, 20.0, 0.00024639
40.0, 50.0, 20.0, 0.00029035
40.0, 60.0, 20.0, 0.00025279
40.0, 70.0, 20.0, 0.00071706
40.0, 80.0, 20.0, 0.00069000
40.0, 90.0, 20.0, 0.00101198
40.0, 100.0, 20.0, 0.00139132
40.0, 110.0, 20.0, 0.00136077
40.0, 120.0, 20.0, 0.00116149
40.0, 130.0, 20.0, 0.00138997
40.0, 140.0, 20.0, 0.00165423
40.0, 150.0, 20.0, 0.00156215
40.0, 160.0, 20.0, 0.00146040
40.0, 170.0, 20.0, 0.00111843
40.0, 180.0, 20.0, 0.00087309
40.0, 190.0, 20.0, 0.00089804
40.0, 200.0, 20.0, 0.00083379
40.0, 210.0, 20.0, 0.00082676
40.0, 220.0, 20.0, 0.00080914
40.0, 230.0, 20.0, 0.00064114
40.0, 240.0, 20.0, 0.00034260
40.0, 250.0, 20.0, 0.00017989
40.0, 260.0, 20.0, 0.00009946
50.0, 0.0, 20.0, 0.00002261
50.0, 10.0, 20.0, 0.00018330
50.0, 20.0, 20.0, 0.00021289
50.0, 30.0, 20.0, 0.00035290
50.0, 40.0, 20.0, 0.00027291
50.0, 50.0, 20.0, 0.00051349
50.0, 60.0, 20.0, 0.00067157
50.0, 70.0, 20.0, 0.00063129
50.0, 80.0, 20.0, 0.00078747
50.0, 90.0, 20.0, 0.00129788
50.0, 100.0, 20.0, 0.00137382
50.0, 110.0, 20.0, 0.00128747
50.0, 120.0, 20.0, 0.00129823
50.0, 130.0, 20.0, 0.00133537
50.0, 140.0, 20.0, 0.00154450
50.0, 150.0, 20.0, 0.00158393
50.0, 160.0, 20.0, 0.00157836
50.0, 170.0, 20.0, 0.00156932
50.0, 180.0, 20.0, 0.00131634
50.0, 190.0, 20.0, 0.00111432
50.0, 200.0, 20.0, 0.00101173
50.0, 210.0, 20.0, 0.00089929
50.0, 220.0, 20.0, 0.00085518
50.0, 230.0, 20.0, 0.00081865
50.0, 240.0, 20.0, 0.00051598
50.0, 250.0, 20.0, 0.00024225
50.0, 260.0, 20.0, 0.00014257
60.0, 0.0, 20.0, 0.00003196
60.0, 10.0, 20.0, 0.00025570
60.0, 20.0, 20.0, 0.00036480
60.0, 30.0, 20.0, 0.00019223
60.0, 40.0, 20.0, 0.00029201
60.0, 50.0, 20.0, 0.00033775
60.0, 60.0, 20.0, 0.00086452
60.0, 70.0, 20.0, 0.00109413
60.0, 80.0, 20.0, 0.00060057
60.0, 90.0, 20.0, 0.00074158
60.0, 100.0, 20.0, 0.00116502
60.0, 110.0, 20.0, 0.00113285
60.0, 120.0, 20.0, 0.00121168
60.0, 130.0, 20.0, 0.00126092
60.0, 140.0, 20.0, 0.00137188
60.0, 150.0, 20.0, 0.00147853
60.0, 160.0, 20.0, 0.00147749
60.0, 170.0, 20.0, 0.00141946
60.0, 180.0, 20.0, 0.00136033
60.0, 190.0, 20.0, 0.00123427
60.0, 200.0, 20.0, 0.00117351
60.0, 210.0, 20.0, 0.00102658
60.0, 220.0, 20.0, 0.00087792
60.0, 230.0, 20.0, 0.00084851
60.0, 240.0, 20.0, 0.00063825
60.0, 250.0, 20.0, 0.00036140
60.0, 260.0, 20.0, 0.00015065
70.0, 0.0, 20.0, 0.00006808
70.0, 10.0, 20.0, 0.00040010
70.0, 20.0, 20.0, 0.00024516
70.0, 30.0, 20.0, 0.00044203
70.0, 40.0, 20.0, 0.00037635
70.0, 50.0, 20.0, 0.00038339
70.0, 60.0, 20.0, 0.00044664
70.0, 70.0, 20.0, 0.00048171
70.0, 80.0, 20.0, 0.00028523
70.0, 90.0, 20.0, 0.00056047
70.0, 100.0, 20.0, 0.00100459
70.0, 110.0, 20.0, 0.00118202
70.0, 120.0, 20.0, 0.00123519
70.0, 130.0, 20.0, 0.00122867
70.0, 140.0, 20.0, 0.00122846
70.0, 150.0, 20.0, 0.00102539
70.0, 160.0, 20.0, 0.00085359
70.0, 170.0, 20.0, 0.00082434
70.0, 180.0, 20.0, 0.00080674
70.0, 190.0, 20.0, 0.00075645
70.0, 200.0, 20.0, 0.00080587
70.0, 210.0, 20.0, 0.00089270
70.0, 220.0, 20.0, 0.00089274
70.0, 230.0, 20.0, 0.00084297
70.0, 240.0, 20.0, 0.00074234
70.0, 250.0, 20.0, 0.00042909
70.0, 260.0, 20.0, 0.00029823
80.0, 0.0, 20.0, 0.00017736
80.0, 10.0, 20.0, 0.00026736
80.0, 20.0, 20.0, 0.00028864
80.0, 30.0, 20.0, 0.00035778
80.0, 40.0, 20.0, 0.00036397
80.0, 50.0, 20.0, 0.00032435
80.0, 60.0, 20.0, 0.00031927
80.0, 70.0, 20.0, 0.00035151
80.0, 80.0, 20.0, 0.00028276
80.0, 90.0, 20.0, 0.00035695
80.0, 100.0, 20.0, 0.00068032
80.0, 110.0, 20.0, 0.00090486
80.0, 120.0, 20.0, 0.00105504
80.0, 130.0, 20.0, 0.00108812
80.0, 140.0, 20.0, 0.00109283
80.0, 150.0, 20.0, 0.00091595
80.0, 160.0, 20.0, 0.00064410
80.0, 170.0, 20.0, 0.00053842
80.0, 180.0, 20.0, 0.00060931
80.0, 190.0, 20.0, 0.00066606
80.0, 200.0, 20.0, 0.00067698
80.0, 210.0, 20.0, 0.00072502
80.0, 220.0, 20.0, 0.00075614
80.0, 230.0, 20.0, 0.00074704
80.0, 240.0, 20.0, 0.00074068
80.0, 250.0, 20.0, 0.00054884
80.0, 260.0, 20.0, 0.00026829
90.0, 0.0, 20.0, 0.00025541
90.0, 10.0, 20.0, 0.00032152
90.0, 20.0, 20.0, 0.00035583
90.0, 30.0, 20.0, 0.00035216
90.0, 40.0, 20.0, 0.00030318
90.0, 50.0, 20.0, 0.00036521
90.0, 60.0, 20.0, 0.00040727
90.0, 70.0, 20.0, 0.00040120
90.0, 80.0, 20.0, 0.00043611
90.0, 90.0, 20.0, 0.00020394
90.0, 100.0, 20.0, 0.00088972
90.0, 110.0, 20.0, 0.00104129
90.0, 120.0, 20.0, 0.00100917
90.0, 130.0, 20.0, 0.00100414
90.0, 140.0, 20.0, 0.00104227
90.0, 150.0, 20.0, 0.00083682
90.0, 160.0, 20.0, 0.00048585
90.0, 170.0, 20.0, 0.00038534
90.0, 180.0, 20.0, 0.00052595
90.0, 190.0, 20.0, 0.00066251
90.0, 200.0, 20.0, 0.00067544
90.0, 210.0, 20.0, 0.00073628
90.0, 220.0, 20.0, 0.00073945
90.0, 230.0, 20.0, 0.00077554
90.0, 240.0, 20.0, 0.00079880
90.0, 250.0, 20.0, 0.00069710
90.0, 260.0, 20.0, 0.00041640
100.0, 0.0, 20.0, 0.00029596
100.0, 10.0, 20.0, 0.00041532
100.0, 20.0, 20.0, 0.00042723
100.0, 30.0, 20.0, 0.00028897
100.0, 40.0, 20.0, 0.00025088
100.0, 50.0, 20.0, 0.00038018
100.0, 60.0, 20.0, 0.00039886
100.0, 70.0, 20.0, 0.00051599
100.0, 80.0, 20.0, 0.00061347
100.0, 90.0, 20.0, 0.00034519
100.0, 100.0, 20.0, 0.00083383
100.0, 110.0, 20.0, 0.00100263
100.0, 120.0, 20.0, 0.00092637
100.0, 130.0, 20.0, 0.00092536
100.0, 140.0, 20.0, 0.00071199
100.0, 150.0, 20.0, 0.00058036
100.0, 160.0, 20.0, 0.00040560
100.0, 170.0, 20.0, 0.00042297
100.0, 180.0, 20.0, 0.00056560
100.0, 190.0, 20.0, 0.00073102
100.0, 200.0, 20.0, 0.00075318
100.0, 210.0, 20.0, 0.00073734
100.0, 220.0, 20.0, 0.00072188
100.0, 230.0, 20.0, 0.00073117
100.0, 240.0, 20.0, 0.00077569
100.0, 250.0, 20.0, 0.00084860
100.0, 260.0, 20.0, 0.00075767
110.0, 0.0, 20.0, 0.00013756
110.0, 10.0, 20.0, 0.00039024
110.0, 20.0, 20.0, 0.00044768
110.0, 30.0, 20.0, 0.00046698
110.0, 40.0, 20.0, 0.00040215
110.0, 50.0, 20.0, 0.00035763
110.0, 60.0, 20.0, 0.00054544
110.0, 70.0, 20.0, 0.00075327
110.0, 80.0, 20.0, 0.00069234
110.0, 90.0, 20.0, 0.00068688
110.0, 100.0, 20.0, 0.00062245
110.0, 110.0, 20.0, 0.00091333
110.0, 120.0, 20.0, 0.00084688
110.0, 130.0, 20.0, 0.00060079
110.0, 140.0, 20.0, 0.00052526
110.0, 150.0, 20.0, 0.00044005
110.0, 160.0, 20.0, 0.00036457
110.0, 170.0, 20.0, 0.00036552
110.0, 180.0, 20.0, 0.00045713
110.0, 190.0, 20.0, 0.00062779
110.0, 200.0, 20.0, 0.00075410
110.0, 210.0, 20.0, 0.00080073
110.0, 220.0, 20.0, 0.00077967
110.0, 230.0, 20.0, 0.00075372
110.0, 240.0, 20.0, 0.00077279
110.0, 250.0, 20.0, 0.00079291
110.0, 260.0, 20.0, 0.00073512
120.0, 0.0, 20.0, 0.00008486
120.0, 10.0, 20.0, 0.00027528
120.0, 20.0, 20.0, 0.00043264
120.0, 30.0, 20.0, 0.00050518
120.0, 40.0, 20.0, 0.00052628
120.0, 50.0, 20.0, 0.00049889
120.0, 60.0, 20.0, 0.00045707
120.0, 70.0, 20.0, 0.00032057
120.0, 80.0, 20.0, 0.00031273
120.0, 90.0, 20.0, 0.00037660
120.0, 100.0, 20.0, 0.00047256
120.0, 110.0, 20.0, 0.00055190
120.0, 120.0, 20.0, 0.00058682
120.0, 130.0, 20.0, 0.00059908
120.0, 140.0, 20.0, 0.00054702
120.0, 150.0, 20.0, 0.00043323
120.0, 160.0, 20.0, 0.00036651
120.0, 170.0, 20.0, 0.00029002
120.0, 180.0, 20.0, 0.00039923
120.0, 190.0, 20.0, 0.00043026
120.0, 200.0, 20.0, 0.00051723
120.0, 210.0, 20.0, 0.00059981
120.0, 220.0, 20.0, 0.00064758
120.0, 230.0, 20.0, 0.00063437
120.0, 240.0, 20.0, 0.00063355
120.0, 250.0, 20.0, 0.00065950
120.0, 260.0, 20.0, 0.00066566
130.0, 0.0, 20.0, 0.00007307
130.0, 10.0, 20.0, 0.00019257
130.0, 20.0, 20.0, 0.00041023
130.0, 30.0, 20.0, 0.00047684
130.0, 40.0, 20.0, 0.00050565
130.0, 50.0, 20.0, 0.00054921
130.0, 60.0, 20.0, 0.00061176
130.0, 70.0, 20.0, 0.00056865
130.0, 80.0, 20.0, 0.00060657
130.0, 90.0, 20.0, 0.00041585
130.0, 100.0, 20.0, 0.00049061
130.0, 110.0, 20.0, 0.00050790
130.0, 120.0, 20.0, 0.00058150
130.0, 130.0, 20.0, 0.00063089
130.0, 140.0, 20.0, 0.00058109
130.0, 150.0, 20.0, 0.00054076
130.0, 160.0, 20.0, 0.00040790
130.0, 170.0, 20.0, 0.00040579
130.0, 180.0, 20.0, 0.00030610
130.0, 190.0, 20.0, 0.00032054
130.0, 200.0, 20.0, 0.00032844
130.0, 210.0, 20.0, 0.00037170
130.0, 220.0, 20.0, 0.00035913
130.0, 230.0, 20.0, 0.00033653
130.0, 240.0, 20.0, 0.00029445
130.0, 250.0, 20.0, 0.00027740
130.0, 260.0, 20.0, 0.00034109
140.0, 0.0, 20.0, 0.00006933
140.0, 10.0, 20.0, 0.00007474
140.0, 20.0, 20.0, 0.00008951
140.0, 30.0, 20.0, 0.00034195
140.0, 40.0, 20.0, 0.00046856
140.0, 50.0, 20.0, 0.00054380
140.0, 60.0, 20.0, 0.00058682
140.0, 70.0, 20.0, 0.00058263
140.0, 80.0, 20.0, 0.00061804
140.0, 90.0, 20.0, 0.00059983
140.0, 100.0, 20.0, 0.00058447
140.0, 110.0, 20.0, 0.00059333
140.0, 120.0, 20.0, 0.00061219
140.0, 130.0, 20.0, 0.00062907
140.0, 140.0, 20.0, 0.00061537
140.0, 150.0, 20.0, 0.00060525
140.0, 160.0, 20.0, 0.00052086
140.0, 170.0, 20.0, 0.00042562
140.0, 180.0, 20.0, 0.00028597
140.0, 190.0, 20.0, 0.00029885
140.0, 200.0, 20.0, 0.00032087
140.0, 210.0, 20.0, 0.00028425
140.0, 220.0, 20.0, 0.00029609
140.0, 230.0, 20.0, 0.00027022
140.0, 240.0, 20.0, 0.00023365
140.0, 250.0, 20.0, 0.00019775
140.0, 260.0, 20.0, 0.00017867
150.0, 0.0, 20.0, 0.00009654
150.0, 10.0, 20.0, 0.00005385
150.0, 20.0, 20.0, 0.00005559
150.0, 30.0, 20.0, 0.00009874
150.0, 40.0, 20.0, 0.00021027
150.0, 50.0, 20.0, 0.00034457
150.0, 60.0, 20.0, 0.00033597
150.0, 70.0, 20.0, 0.00046216
150.0, 80.0, 20.0, 0.00052841
150.0, 90.0, 20.0, 0.00056762
150.0, 100.0, 20.0, 0.00060150
150.0, 110.0, 20.0, 0.00060616
150.0, 120.0, 20.0, 0.00062529
150.0, 130.0, 20.0, 0.00063401
150.0, 140.0, 20.0, 0.00058258
150.0, 150.0, 20.0, 0.00050236
150.0, 160.0, 20.0, 0.00043532
150.0, 170.0, 20.0, 0.00038852
150.0, 180.0, 20.0, 0.00031945
150.0, 190.0, 20.0, 0.00018346
150.0, 200.0, 20.0, 0.00022073
150.0, 210.0, 20.0, 0.00024355
150.0, 220.0, 20.0, 0.00024985
150.0, 230.0, 20.0, 0.00025999
150.0, 240.0, 20.0, 0.00024089
150.0, 250.0, 20.0, 0.00020900
150.0, 260.0, 20.0, 0.00016866
160.0, 0.0, 20.0, 0.00007645
160.0, 10.0, 20.0, 0.00004241
160.0, 20.0, 20.0, 0.00006089
160.0, 30.0, 20.0, 0.00008669
160.0, 40.0, 20.0, 0.00011022
160.0, 50.0, 20.0, 0.00013258
160.0, 60.0, 20.0, 0.00017753
160.0, 70.0, 20.0, 0.00014583
160.0, 80.0, 20.0, 0.00015845
160.0, 90.0, 20.0, 0.00029168
160.0, 100.0, 20.0, 0.00039014
160.0, 110.0, 20.0, 0.00047558
160.0, 120.0, 20.0, 0.00045993
160.0, 130.0, 20.0, 0.00040544
160.0, 140.0, 20.0, 0.00035053
160.0, 150.0, 20.0, 0.00029983
160.0, 160.0, 20.0, 0.00026183
160.0, 170.0, 20.0, 0.00023540
160.0, 180.0, 20.0, 0.00022160
160.0, 190.0, 20.0, 0.00019864
160.0, 200.0, 20.0, 0.00019670
160.0, 210.0, 20.0, 0.00019922
160.0, 220.0, 20.0, 0.00018685
160.0, 230.0, 20.0, 0.00018132
160.0, 240.0, 20.0, 0.00017283
160.0, 250.0, 20.0, 0.00016540
160.0, 260.0, 20.0, 0.00015483
170.0, 0.0, 20.0, 0.00003300
170.0, 10.0, 20.0, 0.00002701
170.0, 20.0, 20.0, 0.00006514
170.0, 30.0, 20.0, 0.00013258
170.0, 40.0, 20.0, 0.00014341
170.0, 50.0, 20.0, 0.00013718
170.0, 60.0, 20.0, 0.00012326
170.0, 70.0, 20.0, 0.00010048
170.0, 80.0, 20.0, 0.00009144
170.0, 90.0, 20.0, 0.00010531
170.0, 100.0, 20.0, 0.00010599
170.0, 110.0, 20.0, 0.00011853
170.0, 120.0, 20.0, 0.00013639
170.0, 130.0, 20.0, 0.00015384
170.0, 140.0, 20.0, 0.00014771
170.0, 150.0, 20.0, 0.00014481
170.0, 160.0, 20.0, 0.00014136
170.0, 170.0, 20.0, 0.00012798
170.0, 180.0, 20.0, 0.00012298
170.0, 190.0, 20.0, 0.00012134
170.0, 200.0, 20.0, 0.00011730
170.0, 210.0, 20.0, 0.00011338
170.0, 220.0, 20.0, 0.00009570
170.0, 230.0, 20.0, 0.00008532
170.0, 240.0, 20.0, 0.00007853
170.0, 250.0, 20.0, 0.00007648
170.0, 260.0, 20.0, 0.00008371
180.0, 0.0, 20.0, 0.00002386
180.0, 10.0, 20.0, 0.00002491
180.0, 20.0, 20.0, 0.00008418
180.0, 30.0, 20.0, 0.00011020
180.0, 40.0, 20.0, 0.00012020
180.0, 50.0, 20.0, 0.00012203
180.0, 60.0, 20.0, 0.00008558
180.0, 70.0, 20.0, 0.00006320
180.0, 80.0, 20.0, 0.00006524
180.0, 90.0, 20.0, 0.00007567
180.0, 100.0, 20.0, 0.00010402
180.0, 110.0, 20.0, 0.00010760
180.0, 120.0, 20.0, 0.00009570
180.0, 130.0, 20.0, 0.00009110
180.0, 140.0, 20.0, 0.00007272
180.0, 150.0, 20.0, 0.00005968
180.0, 160.0, 20.0, 0.00005980
180.0, 170.0, 20.0, 0.00006363
180.0, 180.0, 20.0, 0.00006547
180.0, 190.0, 20.0, 0.00006289
180.0, 200.0, 20.0, 0.00005519
180.0, 210.0, 20.0, 0.00004144
180.0, 220.0, 20.0, 0.00003581
180.0, 230.0, 20.0, 0.00004084
180.0, 240.0, 20.0, 0.00005096
180.0, 250.0, 20.0, 0.00005634
180.0, 260.0, 20.0, 0.00005332
190.0, 0.0, 20.0, 0.00002107
190.0, 10.0, 20.0, 0.00002427
190.0, 20.0, 20.0, 0.00004453
190.0, 30.0, 20.0, 0.00005533
190.0, 40.0, 20.0, 0.00005687
190.0, 50.0, 20.0, 0.00004792
190.0, 60.0, 20.0, 0.00004429
190.0, 70.0, 20.0, 0.00005107
190.0, 80.0, 20.0, 0.00006130
190.0, 90.0, 20.0, 0.00006958
190.0, 100.0, 20.0, 0.00005899
190.0, 110.0, 20.0, 0.00004481
190.0, 120.0, 20.0, 0.00003770
190.0, 130.0, 20.0, 0.00004012
190.0, 140.0, 20.0, 0.00004316
190.0, 150.0, 20.0, 0.00004346
190.0, 160.0, 20.0, 0.00004448
190.0, 170.0, 20.0, 0.00004293
190.0, 180.0, 20.0, 0.00003696
190.0, 190.0, 20.0, 0.00003414
190.0, 200.0, 20.0, 0.00003048
190.0, 210.0, 20.0, 0.00003939
190.0, 220.0, 20.0, 0.00004561
190.0, 230.0, 20.0, 0.00009432
190.0, 240.0, 20.0, 0.00010476
190.0, 250.0, 20.0, 0.00011940
190.0, 260.0, 20.0, 0.00012192
200.0, 0.0, 20.0, 0.00002139
200.0, 10.0, 20.0, 0.00001678
200.0, 20.0, 20.0, 0.00002704
200.0, 30.0, 20.0, 0.00003677
200.0, 40.0, 20.0, 0.00003441
200.0, 50.0, 20.0, 0.00003849
200.0, 60.0, 20.0, 0.00004234
200.0, 70.0, 20.0, 0.00003925
200.0, 80.0, 20.0, 0.00003902
200.0, 90.0, 20.0, 0.00004053
200.0, 100.0, 20.0, 0.00004105
200.0, 110.0, 20.0, 0.00005045
200.0, 120.0, 20.0, 0.00005620
200.0, 130.0, 20.0, 0.00006013
200.0, 140.0, 20.0, 0.00006370
200.0, 150.0, 20.0, 0.00005528
200.0, 160.0, 20.0, 0.00005434
200.0, 170.0, 20.0, 0.00004998
200.0, 180.0, 20.0, 0.00005015
200.0, 190.0, 20.0, 0.00006023
200.0, 200.0, 20.0, 0.00006655
200.0, 210.0, 20.0, 0.00006951
200.0, 220.0, 20.0, 0.00007387
200.0, 230.0, 20.0, 0.00009836
200.0, 240.0, 20.0, 0.00012082
200.0, 250.0, 20.0, 0.00013102
200.0, 260.0, 20.0, 0.00012360
210.0, 0.0, 20.0, 0.00002418
210.0, 10.0, 20.0, 0.00002488
210.0, 20.0, 20.0, 0.00002943
210.0, 30.0, 20.0, 0.00002831
210.0, 40.0, 20.0, 0.00004096
210.0, 50.0, 20.0, 0.00005080
210.0, 60.0, 20.0, 0.00005291
210.0, 70.0, 20.0, 0.00005297
210.0, 80.0, 20.0, 0.00005715
210.0, 90.0, 20.0, 0.00005988
210.0, 100.0, 20.0, 0.00006715
210.0, 110.0, 20.0, 0.00007986
210.0, 120.0, 20.0, 0.00007928
210.0, 130.0, 20.0, 0.00008118
210.0, 140.0, 20.0, 0.00007443
210.0, 150.0, 20.0, 0.00006553
210.0, 160.0, 20.0, 0.00005928
210.0, 170.0, 20.0, 0.00005669
210.0, 180.0, 20.0, 0.00005042
210.0, 190.0, 20.0, 0.00004826
210.0, 200.0, 20.0, 0.00005258
210.0, 210.0, 20.0, 0.00006708
210.0, 220.0, 20.0, 0.00006622
210.0, 230.0, 20.0, 0.00007781
210.0, 240.0, 20.0, 0.00008750
210.0, 250.0, 20.0, 0.00011904
210.0, 260.0, 20.0, 0.00010955
220.0, 0.0, 20.0, 0.00002857
220.0, 10.0, 20.0, 0.00002691
220.0, 20.0, 20.0, 0.00003190
220.0, 30.0, 20.0, 0.00003797
220.0, 40.0, 20.0, 0.00004404
220.0, 50.0, 20.0, 0.00005218
220.0, 60.0, 20.0, 0.00005822
220.0, 70.0, 20.0, 0.00005897
220.0, 80.0, 20.0, 0.00006526
220.0, 90.0, 20.0, 0.00006572
220.0, 100.0, 20.0, 0.00007485
220.0, 110.0, 20.0, 0.00007950
220.0, 120.0, 20.0, 0.00007813
220.0, 130.0, 20.0, 0.00007699
220.0, 140.0, 20.0, 0.00008132
220.0, 150.0, 20.0, 0.00007471
220.0, 160.0, 20.0, 0.00006606
220.0, 170.0, 20.0, 0.00005867
220.0, 180.0, 20.0, 0.00005687
220.0, 190.0, 20.0, 0.00005443
220.0, 200.0, 20.0, 0.00005067
220.0, 210.0, 20.0, 0.00005476
220.0, 220.0, 20.0, 0.00005810
220.0, 230.0, 20.0, 0.00007030
220.0, 240.0, 20.0, 0.00007484
220.0, 250.0, 20.0, 0.00008972
220.0, 260.0, 20.0, 0.00009036
230.0, 0.0, 20.0, 0.00003062
230.0, 10.0, 20.0, 0.00003585
230.0, 20.0, 20.0, 0.00004164
230.0, 30.0, 20.0, 0.00004079
230.0, 40.0, 20.0, 0.00004369
230.0, 50.0, 20.0, 0.00005142
230.0, 60.0, 20.0, 0.00005420
230.0, 70.0, 20.0, 0.00006071
230.0, 80.0, 20.0, 0.00006277
230.0, 90.0, 20.0, 0.00006409
230.0, 100.0, 20.0, 0.00007070
230.0, 110.0, 20.0, 0.00008325
230.0, 120.0, 20.0, 0.00008194
230.0, 130.0, 20.0, 0.00007925
230.0, 140.0, 20.0, 0.00008042
230.0, 150.0, 20.0, 0.00007449
230.0, 160.0, 20.0, 0.00006121
230.0, 170.0, 20.0, 0.00005434
230.0, 180.0, 20.0, 0.00005534
230.0, 190.0, 20.0, 0.00005662
230.0, 200.0, 20.0, 0.00005988
230.0, 210.0, 20.0, 0.00006188
230.0, 220.0, 20.0, 0.00005617
230.0, 230.0, 20.0, 0.00005058
230.0, 240.0, 20.0, 0.00005567
230.0, 250.0, 20.0, 0.00006881
230.0, 260.0, 20.0, 0.00007754
