S3D
I=24,J=27,K=3
0.0, 0.0, 0.0, 1316.60205078
0.0, 10.0, 0.0, 1339.80505371
0.0, 20.0, 0.0, 1368.93798828
0.0, 30.0, 0.0, 1093.16394043
0.0, 40.0, 0.0, 818.42187500
0.0, 50.0, 0.0, 744.66412354
0.0, 60.0, 0.0, 805.27337646
0.0, 70.0, 0.0, 874.03118896
0.0, 80.0, 0.0, 941.19531250
0.0, 90.0, 0.0, 995.64062500
0.0, 100.0, 0.0, 1057.82800293
0.0, 110.0, 0.0, 1077.25000000
0.0, 120.0, 0.0, 1103.85900879
0.0, 130.0, 0.0, 1160.82800293
0.0, 140.0, 0.0, 1215.16394043
0.0, 150.0, 0.0, 1268.69494629
0.0, 160.0, 0.0, 1310.60900879
0.0, 170.0, 0.0, 1416.08605957
0.0, 180.0, 0.0, 1370.67199707
0.0, 190.0, 0.0, 1367.88305664
0.0, 200.0, 0.0, 1354.76599121
0.0, 210.0, 0.0, 1458.25805664
0.0, 220.0, 0.0, 1447.41394043
0.0, 230.0, 0.0, 1347.09399414
0.0, 240.0, 0.0, 1355.85205078
0.0, 250.0, 0.0, 1360.16394043
0.0, 260.0, 0.0, 1352.71899414
10.0, 0.0, 0.0, 1389.50805664
10.0, 10.0, 0.0, 1339.51599121
10.0, 20.0, 0.0, 1229.60900879
10.0, 30.0, 0.0, 1090.19494629
10.0, 40.0, 0.0, 845.17187500
10.0, 50.0, 0.0, 803.61718750
10.0, 60.0, 0.0, 850.65618896
10.0, 70.0, 0.0, 903.74218750
10.0, 80.0, 0.0, 1000.02301025
10.0, 90.0, 0.0, 1110.39794922
10.0, 100.0, 0.0, 1185.81994629
10.0, 110.0, 0.0, 1257.82800293
10.0, 120.0, 0.0, 1319.56201172
10.0, 130.0, 0.0, 1349.25805664
10.0, 140.0, 0.0, 1395.27294922
10.0, 150.0, 0.0, 1412.06201172
10.0, 160.0, 0.0, 1428.65600586
10.0, 170.0, 0.0, 1433.74194336
10.0, 180.0, 0.0, 1450.78894043
10.0, 190.0, 0.0, 1521.93798828
10.0, 200.0, 0.0, 1470.14794922
10.0, 210.0, 0.0, 1494.45300293
10.0, 220.0, 0.0, 1474.34399414
10.0, 230.0, 0.0, 1442.25805664
10.0, 240.0, 0.0, 1437.75000000
10.0, 250.0, 0.0, 1435.68798828
10.0, 260.0, 0.0, 1449.76599121
20.0, 0.0, 0.0, 1372.87500000
20.0, 10.0, 0.0, 1236.00000000
20.0, 20.0, 0.0, 1228.00805664
20.0, 30.0, 0.0, 1205.44494629
20.0, 40.0, 0.0, 786.03118896
20.0, 50.0, 0.0, 856.20312500
20.0, 60.0, 0.0, 892.25781250
20.0, 70.0, 0.0, 996.07812500
20.0, 80.0, 0.0, 1073.60205078
20.0, 90.0, 0.0, 1173.96105957
20.0, 100.0, 0.0, 1239.35205078
20.0, 110.0, 0.0, 1293.74194336
20.0, 120.0, 0.0, 1343.42199707
20.0, 130.0, 0.0, 1388.95300293
20.0, 140.0, 0.0, 1413.79699707
20.0, 150.0, 0.0, 1437.63305664
20.0, 160.0, 0.0, 1469.53100586
20.0, 170.0, 0.0, 1480.68798828
20.0, 180.0, 0.0, 1505.21105957
20.0, 190.0, 0.0, 1547.53894043
20.0, 200.0, 0.0, 1589.45300293
20.0, 210.0, 0.0, 1626.78894043
20.0, 220.0, 0.0, 1587.78894043
20.0, 230.0, 0.0, 1534.81994629
20.0, 240.0, 0.0, 1500.65600586
20.0, 250.0, 0.0, 1495.89794922
20.0, 260.0, 0.0, 1513.43798828
30.0, 0.0, 0.0, 1252.00805664
30.0, 10.0, 0.0, 1082.03100586
30.0, 20.0, 0.0, 1081.03894043
30.0, 30.0, 0.0, 1132.43005371
30.0, 40.0, 0.0, 654.40618896
30.0, 50.0, 0.0, 858.80468750
30.0, 60.0, 0.0, 945.27337646
30.0, 70.0, 0.0, 1029.44494629
30.0, 80.0, 0.0, 1144.55505371
30.0, 90.0, 0.0, 1251.54699707
30.0, 100.0, 0.0, 1308.97705078
30.0, 110.0, 0.0, 1332.90600586
30.0, 120.0, 0.0, 1387.46899414
30.0, 130.0, 0.0, 1427.62500000
30.0, 140.0, 0.0, 1468.80505371
30.0, 150.0, 0.0, 1500.04699707
30.0, 160.0, 0.0, 1530.33605957
30.0, 170.0, 0.0, 1539.28894043
30.0, 180.0, 0.0, 1557.37500000
30.0, 190.0, 0.0, 1625.26599121
30.0, 200.0, 0.0, 1668.47705078
30.0, 210.0, 0.0, 1711.81201172
30.0, 220.0, 0.0, 1705.28894043
30.0, 230.0, 0.0, 1673.55505371
30.0, 240.0, 0.0, 1577.39099121
30.0, 250.0, 0.0, 1580.11694336
30.0, 260.0, 0.0, 1585.96105957
40.0, 0.0, 0.0, 1056.11694336
40.0, 10.0, 0.0, 905.45312500
40.0, 20.0, 0.0, 891.32812500
40.0, 30.0, 0.0, 701.91412354
40.0, 40.0, 0.0, 690.33587646
40.0, 50.0, 0.0, 839.15618896
40.0, 60.0, 0.0, 1019.03900146
40.0, 70.0, 0.0, 1140.02294922
40.0, 80.0, 0.0, 1182.32800293
40.0, 90.0, 0.0, 1316.67199707
40.0, 100.0, 0.0, 1396.15600586
40.0, 110.0, 0.0, 1421.99194336
40.0, 120.0, 0.0, 1450.55505371
40.0, 130.0, 0.0, 1483.94494629
40.0, 140.0, 0.0, 1527.22705078
40.0, 150.0, 0.0, 1567.89099121
40.0, 160.0, 0.0, 1613.15600586
40.0, 170.0, 0.0, 1638.05505371
40.0, 180.0, 0.0, 1642.96899414
40.0, 190.0, 0.0, 1684.78894043
40.0, 200.0, 0.0, 1703.50805664
40.0, 210.0, 0.0, 1761.90600586
40.0, 220.0, 0.0, 1772.61694336
40.0, 230.0, 0.0, 1730.56201172
40.0, 240.0, 0.0, 1693.93005371
40.0, 250.0, 0.0, 1684.58605957
40.0, 260.0, 0.0, 1657.84399414
50.0, 0.0, 0.0, 922.93750000
50.0, 10.0, 0.0, 1053.58605957
50.0, 20.0, 0.0, 1007.71099854
50.0, 30.0, 0.0, 833.23437500
50.0, 40.0, 0.0, 804.91412354
50.0, 50.0, 0.0, 918.46881104
50.0, 60.0, 0.0, 976.99218750
50.0, 70.0, 0.0, 1088.67199707
50.0, 80.0, 0.0, 1234.62500000
50.0, 90.0, 0.0, 1247.18005371
50.0, 100.0, 0.0, 1447.89099121
50.0, 110.0, 0.0, 1481.70300293
50.0, 120.0, 0.0, 1526.31994629
50.0, 130.0, 0.0, 1511.25000000
50.0, 140.0, 0.0, 1560.35900879
50.0, 150.0, 0.0, 1633.54699707
50.0, 160.0, 0.0, 1692.15600586
50.0, 170.0, 0.0, 1721.92199707
50.0, 180.0, 0.0, 1712.60900879
50.0, 190.0, 0.0, 1705.35900879
50.0, 200.0, 0.0, 1735.89099121
50.0, 210.0, 0.0, 1798.21105957
50.0, 220.0, 0.0, 1812.39099121
50.0, 230.0, 0.0, 1788.31994629
50.0, 240.0, 0.0, 1771.70300293
50.0, 250.0, 0.0, 1743.46105957
50.0, 260.0, 0.0, 1701.50805664
60.0, 0.0, 0.0, 1076.71899414
60.0, 10.0, 0.0, 980.10937500
60.0, 20.0, 0.0, 1106.47705078
60.0, 30.0, 0.0, 1035.39794922
60.0, 40.0, 0.0, 1005.10198975
60.0, 50.0, 0.0, 1132.03100586
60.0, 60.0, 0.0, 1204.41394043
60.0, 70.0, 0.0, 1244.02294922
60.0, 80.0, 0.0, 1352.15600586
60.0, 90.0, 0.0, 1477.17199707
60.0, 100.0, 0.0, 1537.26599121
60.0, 110.0, 0.0, 1586.20300293
60.0, 120.0, 0.0, 1631.14099121
60.0, 130.0, 0.0, 1616.71899414
60.0, 140.0, 0.0, 1690.95300293
60.0, 150.0, 0.0, 1747.88305664
60.0, 160.0, 0.0, 1761.05505371
60.0, 170.0, 0.0, 1755.85900879
60.0, 180.0, 0.0, 1729.69494629
60.0, 190.0, 0.0, 1720.83605957
60.0, 200.0, 0.0, 1770.25000000
60.0, 210.0, 0.0, 1776.21105957
60.0, 220.0, 0.0, 1850.98400879
60.0, 230.0, 0.0, 1834.71899414
60.0, 240.0, 0.0, 1821.89794922
60.0, 250.0, 0.0, 1793.60205078
60.0, 260.0, 0.0, 1712.75000000
70.0, 0.0, 0.0, 1091.82800293
70.0, 10.0, 0.0, 993.46881104
70.0, 20.0, 0.0, 1118.57800293
70.0, 30.0, 0.0, 1153.95300293
70.0, 40.0, 0.0, 1224.38305664
70.0, 50.0, 0.0, 1437.29699707
70.0, 60.0, 0.0, 1461.16394043
70.0, 70.0, 0.0, 1477.84399414
70.0, 80.0, 0.0, 1550.45300293
70.0, 90.0, 0.0, 1604.11694336
70.0, 100.0, 0.0, 1682.31994629
70.0, 110.0, 0.0, 1746.40600586
70.0, 120.0, 0.0, 1747.92199707
70.0, 130.0, 0.0, 1734.86694336
70.0, 140.0, 0.0, 1876.89099121
70.0, 150.0, 0.0, 1884.04699707
70.0, 160.0, 0.0, 1880.51599121
70.0, 170.0, 0.0, 1859.39794922
70.0, 180.0, 0.0, 1824.55505371
70.0, 190.0, 0.0, 1796.72705078
70.0, 200.0, 0.0, 1802.17199707
70.0, 210.0, 0.0, 1798.45300293
70.0, 220.0, 0.0, 1811.55505371
70.0, 230.0, 0.0, 1815.77294922
70.0, 240.0, 0.0, 1799.29699707
70.0, 250.0, 0.0, 1773.56201172
70.0, 260.0, 0.0, 1740.63305664
80.0, 0.0, 0.0, 1048.95300293
80.0, 10.0, 0.0, 1077.99194336
80.0, 20.0, 0.0, 1156.83605957
80.0, 30.0, 0.0, 1222.26599121
80.0, 40.0, 0.0, 1373.44494629
80.0, 50.0, 0.0, 1562.53894043
80.0, 60.0, 0.0, 1727.21899414
80.0, 70.0, 0.0, 1647.61694336
80.0, 80.0, 0.0, 1693.16394043
80.0, 90.0, 0.0, 1789.74194336
80.0, 100.0, 0.0, 1875.67199707
80.0, 110.0, 0.0, 1833.71105957
80.0, 120.0, 0.0, 1887.12500000
80.0, 130.0, 0.0, 1969.76599121
80.0, 140.0, 0.0, 2009.51599121
80.0, 150.0, 0.0, 2032.52294922
80.0, 160.0, 0.0, 1982.21105957
80.0, 170.0, 0.0, 1932.89099121
80.0, 180.0, 0.0, 1908.02294922
80.0, 190.0, 0.0, 1838.14794922
80.0, 200.0, 0.0, 1804.39794922
80.0, 210.0, 0.0, 1783.39794922
80.0, 220.0, 0.0, 1773.18005371
80.0, 230.0, 0.0, 1761.78100586
80.0, 240.0, 0.0, 1729.11694336
80.0, 250.0, 0.0, 1710.72705078
80.0, 260.0, 0.0, 1688.08605957
90.0, 0.0, 0.0, 1091.78894043
90.0, 10.0, 0.0, 1217.86694336
90.0, 20.0, 0.0, 1328.47705078
90.0, 30.0, 0.0, 1420.88305664
90.0, 40.0, 0.0, 1584.11694336
90.0, 50.0, 0.0, 1726.20300293
90.0, 60.0, 0.0, 1893.58605957
90.0, 70.0, 0.0, 1858.68005371
90.0, 80.0, 0.0, 1738.36694336
90.0, 90.0, 0.0, 1882.96105957
90.0, 100.0, 0.0, 1941.93005371
90.0, 110.0, 0.0, 1963.57800293
90.0, 120.0, 0.0, 1999.47705078
90.0, 130.0, 0.0, 2046.37500000
90.0, 140.0, 0.0, 2080.17993164
90.0, 150.0, 0.0, 2024.19494629
90.0, 160.0, 0.0, 2003.56994629
90.0, 170.0, 0.0, 1991.16394043
90.0, 180.0, 0.0, 1949.42199707
90.0, 190.0, 0.0, 1874.54699707
90.0, 200.0, 0.0, 1802.99194336
90.0, 210.0, 0.0, 1782.27294922
90.0, 220.0, 0.0, 1732.41394043
90.0, 230.0, 0.0, 1710.77294922
90.0, 240.0, 0.0, 1688.49194336
90.0, 250.0, 0.0, 1661.64794922
90.0, 260.0, 0.0, 1626.14794922
100.0, 0.0, 0.0, 1165.86694336
100.0, 10.0, 0.0, 1407.06201172
100.0, 20.0, 0.0, 1479.72705078
100.0, 30.0, 0.0, 1645.94494629
100.0, 40.0, 0.0, 1757.33605957
100.0, 50.0, 0.0, 1908.14794922
100.0, 60.0, 0.0, 2003.99194336
100.0, 70.0, 0.0, 2058.89111328
100.0, 80.0, 0.0, 1993.64794922
100.0, 90.0, 0.0, 2098.42993164
100.0, 100.0, 0.0, 2153.00000000
100.0, 110.0, 0.0, 2145.60888672
100.0, 120.0, 0.0, 2170.14794922
100.0, 130.0, 0.0, 2174.88305664
100.0, 140.0, 0.0, 2127.16406250
100.0, 150.0, 0.0, 2021.34399414
100.0, 160.0, 0.0, 1985.28894043
100.0, 170.0, 0.0, 2062.43798828
100.0, 180.0, 0.0, 1999.00805664
100.0, 190.0, 0.0, 1971.93798828
100.0, 200.0, 0.0, 1895.03894043
100.0, 210.0, 0.0, 1817.29699707
100.0, 220.0, 0.0, 1740.35900879
100.0, 230.0, 0.0, 1702.21105957
100.0, 240.0, 0.0, 1686.54699707
100.0, 250.0, 0.0, 1653.50805664
100.0, 260.0, 0.0, 1595.25805664
110.0, 0.0, 0.0, 1269.21899414
110.0, 10.0, 0.0, 1399.63305664
110.0, 20.0, 0.0, 1593.80505371
110.0, 30.0, 0.0, 1787.92199707
110.0, 40.0, 0.0, 2063.14111328
110.0, 50.0, 0.0, 2188.10888672
110.0, 60.0, 0.0, 2155.93798828
110.0, 70.0, 0.0, 2244.73388672
110.0, 80.0, 0.0, 2170.85888672
110.0, 90.0, 0.0, 2207.10205078
110.0, 100.0, 0.0, 2371.75805664
110.0, 110.0, 0.0, 2330.03100586
110.0, 120.0, 0.0, 2244.51611328
110.0, 130.0, 0.0, 2248.57006836
110.0, 140.0, 0.0, 2141.02294922
110.0, 150.0, 0.0, 2093.94506836
110.0, 160.0, 0.0, 2020.64794922
110.0, 170.0, 0.0, 2078.78906250
110.0, 180.0, 0.0, 2048.20288086
110.0, 190.0, 0.0, 2024.81201172
110.0, 200.0, 0.0, 2012.75805664
110.0, 210.0, 0.0, 1923.67199707
110.0, 220.0, 0.0, 1821.87500000
110.0, 230.0, 0.0, 1749.10900879
110.0, 240.0, 0.0, 1756.26599121
110.0, 250.0, 0.0, 1714.60900879
110.0, 260.0, 0.0, 1641.02294922
120.0, 0.0, 0.0, 1327.89794922
120.0, 10.0, 0.0, 1706.94494629
120.0, 20.0, 0.0, 1775.53894043
120.0, 30.0, 0.0, 1892.18005371
120.0, 40.0, 0.0, 2257.85205078
120.0, 50.0, 0.0, 2333.12500000
120.0, 60.0, 0.0, 2315.36694336
120.0, 70.0, 0.0, 2303.57788086
120.0, 80.0, 0.0, 2292.17211914
120.0, 90.0, 0.0, 2278.90600586
120.0, 100.0, 0.0, 2453.03906250
120.0, 110.0, 0.0, 2368.96093750
120.0, 120.0, 0.0, 2363.20288086
120.0, 130.0, 0.0, 2285.37500000
120.0, 140.0, 0.0, 2163.03906250
120.0, 150.0, 0.0, 2009.80505371
120.0, 160.0, 0.0, 2023.31994629
120.0, 170.0, 0.0, 1679.85205078
120.0, 180.0, 0.0, 2067.55493164
120.0, 190.0, 0.0, 2035.63305664
120.0, 200.0, 0.0, 2066.55493164
120.0, 210.0, 0.0, 2026.56994629
120.0, 220.0, 0.0, 1904.79699707
120.0, 230.0, 0.0, 1829.85205078
120.0, 240.0, 0.0, 1839.81994629
120.0, 250.0, 0.0, 1822.00000000
120.0, 260.0, 0.0, 1734.93798828
130.0, 0.0, 0.0, 1349.12500000
130.0, 10.0, 0.0, 1647.60205078
130.0, 20.0, 0.0, 1884.50000000
130.0, 30.0, 0.0, 2051.61694336
130.0, 40.0, 0.0, 2166.37500000
130.0, 50.0, 0.0, 2369.27294922
130.0, 60.0, 0.0, 2451.25805664
130.0, 70.0, 0.0, 2484.42211914
130.0, 80.0, 0.0, 2552.07788086
130.0, 90.0, 0.0, 2297.50000000
130.0, 100.0, 0.0, 2460.13305664
130.0, 110.0, 0.0, 2508.03100586
130.0, 120.0, 0.0, 2513.62500000
130.0, 130.0, 0.0, 2412.06201172
130.0, 140.0, 0.0, 2336.65600586
130.0, 150.0, 0.0, 2284.56201172
130.0, 160.0, 0.0, 1989.41394043
130.0, 170.0, 0.0, 2083.48388672
130.0, 180.0, 0.0, 1606.78100586
130.0, 190.0, 0.0, 2097.11694336
130.0, 200.0, 0.0, 2113.01611328
130.0, 210.0, 0.0, 2144.46899414
130.0, 220.0, 0.0, 2085.67211914
130.0, 230.0, 0.0, 2015.02294922
130.0, 240.0, 0.0, 1973.63305664
130.0, 250.0, 0.0, 1902.20300293
130.0, 260.0, 0.0, 1832.53100586
140.0, 0.0, 0.0, 1376.21899414
140.0, 10.0, 0.0, 1461.16394043
140.0, 20.0, 0.0, 1714.72705078
140.0, 30.0, 0.0, 2008.81994629
140.0, 40.0, 0.0, 2207.08593750
140.0, 50.0, 0.0, 2481.00805664
140.0, 60.0, 0.0, 2590.97705078
140.0, 70.0, 0.0, 2528.88305664
140.0, 80.0, 0.0, 2588.78906250
140.0, 90.0, 0.0, 2503.20288086
140.0, 100.0, 0.0, 2425.85888672
140.0, 110.0, 0.0, 2547.61694336
140.0, 120.0, 0.0, 2622.35205078
140.0, 130.0, 0.0, 2566.69506836
140.0, 140.0, 0.0, 2469.04711914
140.0, 150.0, 0.0, 2306.85888672
140.0, 160.0, 0.0, 2123.75805664
140.0, 170.0, 0.0, 1996.96105957
140.0, 180.0, 0.0, 1732.12500000
140.0, 190.0, 0.0, 1794.35900879
140.0, 200.0, 0.0, 2151.53906250
140.0, 210.0, 0.0, 2178.11694336
140.0, 220.0, 0.0, 2166.13305664
140.0, 230.0, 0.0, 2098.97705078
140.0, 240.0, 0.0, 2003.96899414
140.0, 250.0, 0.0, 1903.99194336
140.0, 260.0, 0.0, 1794.42199707
150.0, 0.0, 0.0, 1201.39099121
150.0, 10.0, 0.0, 1305.77294922
150.0, 20.0, 0.0, 1667.81201172
150.0, 30.0, 0.0, 2009.66394043
150.0, 40.0, 0.0, 2185.42211914
150.0, 50.0, 0.0, 2365.00805664
150.0, 60.0, 0.0, 2486.30493164
150.0, 70.0, 0.0, 2516.25000000
150.0, 80.0, 0.0, 2615.46093750
150.0, 90.0, 0.0, 2682.96899414
150.0, 100.0, 0.0, 2688.32788086
150.0, 110.0, 0.0, 2653.08593750
150.0, 120.0, 0.0, 2704.14111328
150.0, 130.0, 0.0, 2624.38305664
150.0, 140.0, 0.0, 2479.29711914
150.0, 150.0, 0.0, 2333.14794922
150.0, 160.0, 0.0, 2131.46899414
150.0, 170.0, 0.0, 2055.24194336
150.0, 180.0, 0.0, 1959.27294922
150.0, 190.0, 0.0, 1463.20300293
150.0, 200.0, 0.0, 1805.27294922
150.0, 210.0, 0.0, 2151.11694336
150.0, 220.0, 0.0, 2186.10888672
150.0, 230.0, 0.0, 2138.54711914
150.0, 240.0, 0.0, 2017.14099121
150.0, 250.0, 0.0, 1873.33605957
150.0, 260.0, 0.0, 1736.54699707
160.0, 0.0, 0.0, 1127.22705078
160.0, 10.0, 0.0, 1531.22705078
160.0, 20.0, 0.0, 1917.47705078
160.0, 30.0, 0.0, 2021.16394043
160.0, 40.0, 0.0, 2286.30493164
160.0, 50.0, 0.0, 2427.24194336
160.0, 60.0, 0.0, 2571.88305664
160.0, 70.0, 0.0, 2645.68798828
160.0, 80.0, 0.0, 2705.25805664
160.0, 90.0, 0.0, 2754.88305664
160.0, 100.0, 0.0, 2744.02294922
160.0, 110.0, 0.0, 2691.96093750
160.0, 120.0, 0.0, 2644.09399414
160.0, 130.0, 0.0, 2515.99194336
160.0, 140.0, 0.0, 2383.27294922
160.0, 150.0, 0.0, 2200.52294922
160.0, 160.0, 0.0, 2072.29711914
160.0, 170.0, 0.0, 1965.44494629
160.0, 180.0, 0.0, 1936.21105957
160.0, 190.0, 0.0, 1757.53100586
160.0, 200.0, 0.0, 1618.85900879
160.0, 210.0, 0.0, 1993.28100586
160.0, 220.0, 0.0, 2076.42993164
160.0, 230.0, 0.0, 2075.37500000
160.0, 240.0, 0.0, 1970.05505371
160.0, 250.0, 0.0, 1804.06994629
160.0, 260.0, 0.0, 1649.45300293
170.0, 0.0, 0.0, 900.49218750
170.0, 10.0, 0.0, 1345.88305664
170.0, 20.0, 0.0, 1908.50000000
170.0, 30.0, 0.0, 2168.64794922
170.0, 40.0, 0.0, 2344.18798828
170.0, 50.0, 0.0, 2449.12500000
170.0, 60.0, 0.0, 2518.54711914
170.0, 70.0, 0.0, 2600.07788086
170.0, 80.0, 0.0, 2706.46899414
170.0, 90.0, 0.0, 2684.53100586
170.0, 100.0, 0.0, 2646.25805664
170.0, 110.0, 0.0, 2701.60888672
170.0, 120.0, 0.0, 2626.08593750
170.0, 130.0, 0.0, 2388.00805664
170.0, 140.0, 0.0, 2193.75000000
170.0, 150.0, 0.0, 2041.14099121
170.0, 160.0, 0.0, 1928.03100586
170.0, 170.0, 0.0, 1838.52294922
170.0, 180.0, 0.0, 1795.26599121
170.0, 190.0, 0.0, 1725.80505371
170.0, 200.0, 0.0, 1409.25805664
170.0, 210.0, 0.0, 1717.85900879
170.0, 220.0, 0.0, 1818.19494629
170.0, 230.0, 0.0, 1967.03100586
170.0, 240.0, 0.0, 1904.58605957
170.0, 250.0, 0.0, 1712.87500000
170.0, 260.0, 0.0, 1542.53100586
180.0, 0.0, 0.0, 1341.81201172
180.0, 10.0, 0.0, 1096.12500000
180.0, 20.0, 0.0, 2233.23388672
180.0, 30.0, 0.0, 2343.77294922
180.0, 40.0, 0.0, 2383.23388672
180.0, 50.0, 0.0, 2393.28906250
180.0, 60.0, 0.0, 2463.76611328
180.0, 70.0, 0.0, 2515.42211914
180.0, 80.0, 0.0, 2627.75000000
180.0, 90.0, 0.0, 2584.41406250
180.0, 100.0, 0.0, 2653.20288086
180.0, 110.0, 0.0, 2606.76611328
180.0, 120.0, 0.0, 2519.05493164
180.0, 130.0, 0.0, 2385.00000000
180.0, 140.0, 0.0, 2212.65600586
180.0, 150.0, 0.0, 2025.51599121
180.0, 160.0, 0.0, 1948.17199707
180.0, 170.0, 0.0, 1939.05505371
180.0, 180.0, 0.0, 1756.78100586
180.0, 190.0, 0.0, 1618.60205078
180.0, 200.0, 0.0, 1448.15600586
180.0, 210.0, 0.0, 1564.81201172
180.0, 220.0, 0.0, 1477.74194336
180.0, 230.0, 0.0, 1855.18798828
180.0, 240.0, 0.0, 1852.94494629
180.0, 250.0, 0.0, 1650.84399414
180.0, 260.0, 0.0, 1419.79699707
190.0, 0.0, 0.0, 1565.42199707
190.0, 10.0, 0.0, 1752.81201172
190.0, 20.0, 0.0, 2226.73388672
190.0, 30.0, 0.0, 2310.45288086
190.0, 40.0, 0.0, 2309.88305664
190.0, 50.0, 0.0, 2382.67211914
190.0, 60.0, 0.0, 2349.66406250
190.0, 70.0, 0.0, 2380.95288086
190.0, 80.0, 0.0, 2525.40600586
190.0, 90.0, 0.0, 2564.09399414
190.0, 100.0, 0.0, 2566.82006836
190.0, 110.0, 0.0, 2442.57788086
190.0, 120.0, 0.0, 2374.05493164
190.0, 130.0, 0.0, 2252.14794922
190.0, 140.0, 0.0, 2279.42993164
190.0, 150.0, 0.0, 2121.89794922
190.0, 160.0, 0.0, 1956.95300293
190.0, 170.0, 0.0, 2017.39099121
190.0, 180.0, 0.0, 1973.06201172
190.0, 190.0, 0.0, 1973.06994629
190.0, 200.0, 0.0, 1471.71899414
190.0, 210.0, 0.0, 1576.10900879
190.0, 220.0, 0.0, 1458.90600586
190.0, 230.0, 0.0, 1698.69494629
190.0, 240.0, 0.0, 1729.98400879
190.0, 250.0, 0.0, 1538.49194336
190.0, 260.0, 0.0, 1287.22705078
200.0, 0.0, 0.0, 1998.53100586
200.0, 10.0, 0.0, 1656.32800293
200.0, 20.0, 0.0, 2116.02294922
200.0, 30.0, 0.0, 2506.06201172
200.0, 40.0, 0.0, 2374.50805664
200.0, 50.0, 0.0, 2422.94506836
200.0, 60.0, 0.0, 2444.51611328
200.0, 70.0, 0.0, 2328.06201172
200.0, 80.0, 0.0, 2352.19506836
200.0, 90.0, 0.0, 2482.65600586
200.0, 100.0, 0.0, 2457.90600586
200.0, 110.0, 0.0, 2421.26611328
200.0, 120.0, 0.0, 2301.59399414
200.0, 130.0, 0.0, 2230.14111328
200.0, 140.0, 0.0, 2319.34399414
200.0, 150.0, 0.0, 2086.24194336
200.0, 160.0, 0.0, 2159.10888672
200.0, 170.0, 0.0, 2028.00805664
200.0, 180.0, 0.0, 1824.88305664
200.0, 190.0, 0.0, 2063.43798828
200.0, 200.0, 0.0, 2097.55493164
200.0, 210.0, 0.0, 2008.87500000
200.0, 220.0, 0.0, 1828.63305664
200.0, 230.0, 0.0, 1734.81201172
200.0, 240.0, 0.0, 1492.09399414
200.0, 250.0, 0.0, 1444.10900879
200.0, 260.0, 0.0, 1159.49194336
210.0, 0.0, 0.0, 2380.24194336
210.0, 10.0, 0.0, 2450.71093750
210.0, 20.0, 0.0, 2384.32006836
210.0, 30.0, 0.0, 2057.70288086
210.0, 40.0, 0.0, 2549.61694336
210.0, 50.0, 0.0, 2603.18798828
210.0, 60.0, 0.0, 2351.90600586
210.0, 70.0, 0.0, 2177.39794922
210.0, 80.0, 0.0, 2250.21899414
210.0, 90.0, 0.0, 2420.95288086
210.0, 100.0, 0.0, 2483.97705078
210.0, 110.0, 0.0, 2418.58593750
210.0, 120.0, 0.0, 2187.79711914
210.0, 130.0, 0.0, 2308.37500000
210.0, 140.0, 0.0, 2405.78906250
210.0, 150.0, 0.0, 2287.33593750
210.0, 160.0, 0.0, 2052.38305664
210.0, 170.0, 0.0, 2151.06201172
210.0, 180.0, 0.0, 2064.39111328
210.0, 190.0, 0.0, 1947.93798828
210.0, 200.0, 0.0, 1966.81201172
210.0, 210.0, 0.0, 2094.34399414
210.0, 220.0, 0.0, 1682.24194336
210.0, 230.0, 0.0, 1101.23400879
210.0, 240.0, 0.0, 1268.12500000
210.0, 250.0, 0.0, 1155.00805664
210.0, 260.0, 0.0, 1011.42199707
220.0, 0.0, 0.0, 2844.89794922
220.0, 10.0, 0.0, 2578.83593750
220.0, 20.0, 0.0, 2547.03906250
220.0, 30.0, 0.0, 2605.02294922
220.0, 40.0, 0.0, 2612.00000000
220.0, 50.0, 0.0, 2599.74194336
220.0, 60.0, 0.0, 2416.90600586
220.0, 70.0, 0.0, 2195.82788086
220.0, 80.0, 0.0, 2233.28906250
220.0, 90.0, 0.0, 2238.11694336
220.0, 100.0, 0.0, 2371.32788086
220.0, 110.0, 0.0, 2200.46093750
220.0, 120.0, 0.0, 2048.61694336
220.0, 130.0, 0.0, 2062.23388672
220.0, 140.0, 0.0, 2412.93798828
220.0, 150.0, 0.0, 2422.83593750
220.0, 160.0, 0.0, 2353.10888672
220.0, 170.0, 0.0, 2262.38305664
220.0, 180.0, 0.0, 2236.60888672
220.0, 190.0, 0.0, 1973.38305664
220.0, 200.0, 0.0, 1786.99194336
220.0, 210.0, 0.0, 2131.67993164
220.0, 220.0, 0.0, 2078.64794922
220.0, 230.0, 0.0, 1839.15600586
220.0, 240.0, 0.0, 1080.71899414
220.0, 250.0, 0.0, 592.21881104
220.0, 260.0, 0.0, 768.99218750
230.0, 0.0, 0.0, 2819.24194336
230.0, 10.0, 0.0, 2791.78100586
230.0, 20.0, 0.0, 2779.37500000
230.0, 30.0, 0.0, 2612.22705078
230.0, 40.0, 0.0, 2565.45288086
230.0, 50.0, 0.0, 2579.74194336
230.0, 60.0, 0.0, 2316.03100586
230.0, 70.0, 0.0, 2369.14794922
230.0, 80.0, 0.0, 2293.16406250
230.0, 90.0, 0.0, 2181.33593750
230.0, 100.0, 0.0, 2203.02294922
230.0, 110.0, 0.0, 2449.63305664
230.0, 120.0, 0.0, 2423.64794922
230.0, 130.0, 0.0, 2331.25805664
230.0, 140.0, 0.0, 2411.75805664
230.0, 150.0, 0.0, 2392.89111328
230.0, 160.0, 0.0, 2000.88305664
230.0, 170.0, 0.0, 1812.31994629
230.0, 180.0, 0.0, 2032.13305664
230.0, 190.0, 0.0, 1968.29699707
230.0, 200.0, 0.0, 1874.72705078
230.0, 210.0, 0.0, 1873.04699707
230.0, 220.0, 0.0, 1595.44494629
230.0, 230.0, 0.0, 1745.41394043
230.0, 240.0, 0.0, 1133.48400879
230.0, 250.0, 0.0, 567.01562500
230.0, 260.0, 0.0, 677.13281250
0.0, 0.0, 10.0, 1020.92999268
0.0, 10.0, 10.0, 1040.05102539
0.0, 20.0, 10.0, 1063.02697754
0.0, 30.0, 10.0, 781.16412354
0.0, 40.0, 10.0, 512.10162354
0.0, 50.0, 10.0, 477.03909302
0.0, 60.0, 10.0, 534.12500000
0.0, 70.0, 10.0, 585.60937500
0.0, 80.0, 10.0, 630.43750000
0.0, 90.0, 10.0, 664.56250000
0.0, 100.0, 10.0, 704.21087646
0.0, 110.0, 10.0, 720.00781250
0.0, 120.0, 10.0, 746.72662354
0.0, 130.0, 10.0, 796.72662354
0.0, 140.0, 10.0, 839.64062500
0.0, 150.0, 10.0, 890.81250000
0.0, 160.0, 10.0, 926.11718750
0.0, 170.0, 10.0, 1011.83599854
0.0, 180.0, 10.0, 971.67968750
0.0, 190.0, 10.0, 966.33587646
0.0, 200.0, 10.0, 953.53912354
0.0, 210.0, 10.0, 1035.05505371
0.0, 220.0, 10.0, 1026.26599121
0.0, 230.0, 10.0, 940.42968750
0.0, 240.0, 10.0, 952.17968750
0.0, 250.0, 10.0, 959.31250000
0.0, 260.0, 10.0, 953.64837646
10.0, 0.0, 10.0, 1087.03894043
10.0, 10.0, 10.0, 1049.21899414
10.0, 20.0, 10.0, 957.69531250
10.0, 30.0, 10.0, 755.57031250
10.0, 40.0, 10.0, 529.82031250
10.0, 50.0, 10.0, 519.74218750
10.0, 60.0, 10.0, 553.63281250
10.0, 70.0, 10.0, 592.02337646
10.0, 80.0, 10.0, 665.08587646
10.0, 90.0, 10.0, 754.37500000
10.0, 100.0, 10.0, 810.64062500
10.0, 110.0, 10.0, 869.04687500
10.0, 120.0, 10.0, 916.06250000
10.0, 130.0, 10.0, 934.50781250
10.0, 140.0, 10.0, 979.76562500
10.0, 150.0, 10.0, 1013.65600586
10.0, 160.0, 10.0, 1022.45300293
10.0, 170.0, 10.0, 1011.51599121
10.0, 180.0, 10.0, 1021.96899414
10.0, 190.0, 10.0, 1088.81994629
10.0, 200.0, 10.0, 1059.16394043
10.0, 210.0, 10.0, 1084.07800293
10.0, 220.0, 10.0, 1067.72705078
10.0, 230.0, 10.0, 1043.25805664
10.0, 240.0, 10.0, 1025.46899414
10.0, 250.0, 10.0, 1020.32000732
10.0, 260.0, 10.0, 1033.00000000
20.0, 0.0, 10.0, 1088.42602539
20.0, 10.0, 10.0, 967.06640625
20.0, 20.0, 10.0, 957.45697021
20.0, 30.0, 10.0, 897.88281250
20.0, 40.0, 10.0, 478.62500000
20.0, 50.0, 10.0, 562.02337646
20.0, 60.0, 10.0, 584.42968750
20.0, 70.0, 10.0, 660.72662354
20.0, 80.0, 10.0, 720.12500000
20.0, 90.0, 10.0, 808.75000000
20.0, 100.0, 10.0, 863.39062500
20.0, 110.0, 10.0, 906.60162354
20.0, 120.0, 10.0, 945.16412354
20.0, 130.0, 10.0, 979.42968750
20.0, 140.0, 10.0, 1008.92199707
20.0, 150.0, 10.0, 1044.38305664
20.0, 160.0, 10.0, 1079.72705078
20.0, 170.0, 10.0, 1095.48400879
20.0, 180.0, 10.0, 1109.56994629
20.0, 190.0, 10.0, 1145.51599121
20.0, 200.0, 10.0, 1190.56201172
20.0, 210.0, 10.0, 1197.10900879
20.0, 220.0, 10.0, 1169.73400879
20.0, 230.0, 10.0, 1108.56201172
20.0, 240.0, 10.0, 1066.68798828
20.0, 250.0, 10.0, 1063.88305664
20.0, 260.0, 10.0, 1082.54699707
30.0, 0.0, 10.0, 984.41021729
30.0, 10.0, 10.0, 843.46881104
30.0, 20.0, 10.0, 844.38281250
30.0, 30.0, 10.0, 867.00390625
30.0, 40.0, 10.0, 405.21881104
30.0, 50.0, 10.0, 556.90618896
30.0, 60.0, 10.0, 613.50781250
30.0, 70.0, 10.0, 681.69531250
30.0, 80.0, 10.0, 778.09381104
30.0, 90.0, 10.0, 867.26562500
30.0, 100.0, 10.0, 917.50000000
30.0, 110.0, 10.0, 942.96881104
30.0, 120.0, 10.0, 998.98437500
30.0, 130.0, 10.0, 1022.57800293
30.0, 140.0, 10.0, 1060.18005371
30.0, 150.0, 10.0, 1109.71899414
30.0, 160.0, 10.0, 1152.41394043
30.0, 170.0, 10.0, 1164.14794922
30.0, 180.0, 10.0, 1172.50805664
30.0, 190.0, 10.0, 1194.06994629
30.0, 200.0, 10.0, 1239.36694336
30.0, 210.0, 10.0, 1250.89099121
30.0, 220.0, 10.0, 1253.93798828
30.0, 230.0, 10.0, 1228.32800293
30.0, 240.0, 10.0, 1128.14794922
30.0, 250.0, 10.0, 1128.46899414
30.0, 260.0, 10.0, 1138.52294922
40.0, 0.0, 10.0, 820.39062500
40.0, 10.0, 10.0, 696.94531250
40.0, 20.0, 10.0, 660.54687500
40.0, 30.0, 10.0, 459.44531250
40.0, 40.0, 10.0, 388.88281250
40.0, 50.0, 10.0, 545.77337646
40.0, 60.0, 10.0, 679.05468750
40.0, 70.0, 10.0, 779.91412354
40.0, 80.0, 10.0, 811.77337646
40.0, 90.0, 10.0, 924.09381104
40.0, 100.0, 10.0, 998.48437500
40.0, 110.0, 10.0, 1023.97698975
40.0, 120.0, 10.0, 1042.85205078
40.0, 130.0, 10.0, 1067.10205078
40.0, 140.0, 10.0, 1108.24194336
40.0, 150.0, 10.0, 1170.03894043
40.0, 160.0, 10.0, 1231.33605957
40.0, 170.0, 10.0, 1260.84399414
40.0, 180.0, 10.0, 1256.01599121
40.0, 190.0, 10.0, 1241.23400879
40.0, 200.0, 10.0, 1242.88305664
40.0, 210.0, 10.0, 1308.71899414
40.0, 220.0, 10.0, 1309.68005371
40.0, 230.0, 10.0, 1279.28100586
40.0, 240.0, 10.0, 1234.37500000
40.0, 250.0, 10.0, 1216.46105957
40.0, 260.0, 10.0, 1196.96105957
50.0, 0.0, 10.0, 715.50000000
50.0, 10.0, 10.0, 792.05468750
50.0, 20.0, 10.0, 718.44531250
50.0, 30.0, 10.0, 537.02337646
50.0, 40.0, 10.0, 508.21090698
50.0, 50.0, 10.0, 612.10937500
50.0, 60.0, 10.0, 648.08587646
50.0, 70.0, 10.0, 739.72662354
50.0, 80.0, 10.0, 870.17968750
50.0, 90.0, 10.0, 896.72662354
50.0, 100.0, 10.0, 1074.67199707
50.0, 110.0, 10.0, 1108.13305664
50.0, 120.0, 10.0, 1141.12500000
50.0, 130.0, 10.0, 1131.08605957
50.0, 140.0, 10.0, 1178.64794922
50.0, 150.0, 10.0, 1251.56201172
50.0, 160.0, 10.0, 1302.14099121
50.0, 170.0, 10.0, 1325.31994629
50.0, 180.0, 10.0, 1316.66394043
50.0, 190.0, 10.0, 1273.17199707
50.0, 200.0, 10.0, 1274.31994629
50.0, 210.0, 10.0, 1366.53100586
50.0, 220.0, 10.0, 1369.30505371
50.0, 230.0, 10.0, 1337.69494629
50.0, 240.0, 10.0, 1306.35900879
50.0, 250.0, 10.0, 1267.41394043
50.0, 260.0, 10.0, 1235.48400879
60.0, 0.0, 10.0, 843.13281250
60.0, 10.0, 10.0, 732.86718750
60.0, 20.0, 10.0, 791.55468750
60.0, 30.0, 10.0, 705.15618896
60.0, 40.0, 10.0, 682.47662354
60.0, 50.0, 10.0, 782.36718750
60.0, 60.0, 10.0, 849.39837646
60.0, 70.0, 10.0, 892.55468750
60.0, 80.0, 10.0, 984.62500000
60.0, 90.0, 10.0, 1092.71105957
60.0, 100.0, 10.0, 1152.50000000
60.0, 110.0, 10.0, 1191.78894043
60.0, 120.0, 10.0, 1228.49194336
60.0, 130.0, 10.0, 1220.01599121
60.0, 140.0, 10.0, 1280.53894043
60.0, 150.0, 10.0, 1332.14794922
60.0, 160.0, 10.0, 1349.03894043
60.0, 170.0, 10.0, 1350.50805664
60.0, 180.0, 10.0, 1312.52294922
60.0, 190.0, 10.0, 1255.26599121
60.0, 200.0, 10.0, 1297.57800293
60.0, 210.0, 10.0, 1324.83605957
60.0, 220.0, 10.0, 1387.46899414
60.0, 230.0, 10.0, 1361.47705078
60.0, 240.0, 10.0, 1357.05505371
60.0, 250.0, 10.0, 1331.30505371
60.0, 260.0, 10.0, 1244.20300293
70.0, 0.0, 10.0, 858.78118896
70.0, 10.0, 10.0, 741.89062500
70.0, 20.0, 10.0, 826.83587646
70.0, 30.0, 10.0, 816.60162354
70.0, 40.0, 10.0, 878.89062500
70.0, 50.0, 10.0, 1052.83605957
70.0, 60.0, 10.0, 1087.48400879
70.0, 70.0, 10.0, 1098.71105957
70.0, 80.0, 10.0, 1167.22705078
70.0, 90.0, 10.0, 1219.09399414
70.0, 100.0, 10.0, 1282.13305664
70.0, 110.0, 10.0, 1341.36694336
70.0, 120.0, 10.0, 1337.96899414
70.0, 130.0, 10.0, 1331.59399414
70.0, 140.0, 10.0, 1448.30505371
70.0, 150.0, 10.0, 1460.12500000
70.0, 160.0, 10.0, 1460.34399414
70.0, 170.0, 10.0, 1442.18005371
70.0, 180.0, 10.0, 1406.46899414
70.0, 190.0, 10.0, 1354.92199707
70.0, 200.0, 10.0, 1354.59399414
70.0, 210.0, 10.0, 1346.13305664
70.0, 220.0, 10.0, 1351.39794922
70.0, 230.0, 10.0, 1355.99194336
70.0, 240.0, 10.0, 1336.07800293
70.0, 250.0, 10.0, 1309.31201172
70.0, 260.0, 10.0, 1284.50805664
80.0, 0.0, 10.0, 821.48437500
80.0, 10.0, 10.0, 811.71881104
80.0, 20.0, 10.0, 831.55468750
80.0, 30.0, 10.0, 889.48437500
80.0, 40.0, 10.0, 1020.83599854
80.0, 50.0, 10.0, 1173.43798828
80.0, 60.0, 10.0, 1301.31994629
80.0, 70.0, 10.0, 1248.51599121
80.0, 80.0, 10.0, 1297.09399414
80.0, 90.0, 10.0, 1379.43798828
80.0, 100.0, 10.0, 1454.06201172
80.0, 110.0, 10.0, 1422.96899414
80.0, 120.0, 10.0, 1474.51599121
80.0, 130.0, 10.0, 1544.50805664
80.0, 140.0, 10.0, 1579.21105957
80.0, 150.0, 10.0, 1601.25000000
80.0, 160.0, 10.0, 1565.31994629
80.0, 170.0, 10.0, 1531.73400879
80.0, 180.0, 10.0, 1501.84399414
80.0, 190.0, 10.0, 1432.57800293
80.0, 200.0, 10.0, 1398.17199707
80.0, 210.0, 10.0, 1370.10205078
80.0, 220.0, 10.0, 1342.63305664
80.0, 230.0, 10.0, 1322.40600586
80.0, 240.0, 10.0, 1295.71899414
80.0, 250.0, 10.0, 1274.58605957
80.0, 260.0, 10.0, 1245.79699707
90.0, 0.0, 10.0, 853.09381104
90.0, 10.0, 10.0, 922.64837646
90.0, 20.0, 10.0, 1000.53900146
90.0, 30.0, 10.0, 1073.32800293
90.0, 40.0, 10.0, 1202.33605957
90.0, 50.0, 10.0, 1316.50805664
90.0, 60.0, 10.0, 1469.67199707
90.0, 70.0, 10.0, 1439.94494629
90.0, 80.0, 10.0, 1339.28100586
90.0, 90.0, 10.0, 1471.53100586
90.0, 100.0, 10.0, 1533.75805664
90.0, 110.0, 10.0, 1556.73400879
90.0, 120.0, 10.0, 1588.56201172
90.0, 130.0, 10.0, 1636.79699707
90.0, 140.0, 10.0, 1661.10900879
90.0, 150.0, 10.0, 1614.31201172
90.0, 160.0, 10.0, 1593.40600586
90.0, 170.0, 10.0, 1588.08605957
90.0, 180.0, 10.0, 1559.50805664
90.0, 190.0, 10.0, 1476.20300293
90.0, 200.0, 10.0, 1397.51599121
90.0, 210.0, 10.0, 1369.21105957
90.0, 220.0, 10.0, 1318.18798828
90.0, 230.0, 10.0, 1291.31201172
90.0, 240.0, 10.0, 1260.45300293
90.0, 250.0, 10.0, 1241.64794922
90.0, 260.0, 10.0, 1213.10205078
100.0, 0.0, 10.0, 904.95312500
100.0, 10.0, 10.0, 1084.38305664
100.0, 20.0, 10.0, 1142.55505371
100.0, 30.0, 10.0, 1271.55505371
100.0, 40.0, 10.0, 1355.43005371
100.0, 50.0, 10.0, 1484.09399414
100.0, 60.0, 10.0, 1566.53100586
100.0, 70.0, 10.0, 1610.00805664
100.0, 80.0, 10.0, 1564.17199707
100.0, 90.0, 10.0, 1643.11694336
100.0, 100.0, 10.0, 1701.75805664
100.0, 110.0, 10.0, 1704.50000000
100.0, 120.0, 10.0, 1746.43005371
100.0, 130.0, 10.0, 1741.11694336
100.0, 140.0, 10.0, 1701.82800293
100.0, 150.0, 10.0, 1613.63305664
100.0, 160.0, 10.0, 1585.03894043
100.0, 170.0, 10.0, 1644.15600586
100.0, 180.0, 10.0, 1587.60205078
100.0, 190.0, 10.0, 1557.71899414
100.0, 200.0, 10.0, 1474.70300293
100.0, 210.0, 10.0, 1404.37500000
100.0, 220.0, 10.0, 1338.71105957
100.0, 230.0, 10.0, 1296.24194336
100.0, 240.0, 10.0, 1275.95300293
100.0, 250.0, 10.0, 1239.08605957
100.0, 260.0, 10.0, 1185.42199707
110.0, 0.0, 10.0, 990.12500000
110.0, 10.0, 10.0, 1085.92199707
110.0, 20.0, 10.0, 1244.97705078
110.0, 30.0, 10.0, 1399.68798828
110.0, 40.0, 10.0, 1619.78894043
110.0, 50.0, 10.0, 1722.61694336
110.0, 60.0, 10.0, 1699.86694336
110.0, 70.0, 10.0, 1774.11694336
110.0, 80.0, 10.0, 1727.39099121
110.0, 90.0, 10.0, 1762.68798828
110.0, 100.0, 10.0, 1896.99194336
110.0, 110.0, 10.0, 1865.27294922
110.0, 120.0, 10.0, 1797.37500000
110.0, 130.0, 10.0, 1799.27294922
110.0, 140.0, 10.0, 1712.42199707
110.0, 150.0, 10.0, 1671.81201172
110.0, 160.0, 10.0, 1611.28100586
110.0, 170.0, 10.0, 1650.72705078
110.0, 180.0, 10.0, 1615.79699707
110.0, 190.0, 10.0, 1595.18005371
110.0, 200.0, 10.0, 1589.32800293
110.0, 210.0, 10.0, 1511.79699707
110.0, 220.0, 10.0, 1418.06994629
110.0, 230.0, 10.0, 1353.22705078
110.0, 240.0, 10.0, 1353.80505371
110.0, 250.0, 10.0, 1308.37500000
110.0, 260.0, 10.0, 1233.09399414
120.0, 0.0, 10.0, 1037.91394043
120.0, 10.0, 10.0, 1335.86694336
120.0, 20.0, 10.0, 1407.59399414
120.0, 30.0, 10.0, 1496.19494629
120.0, 40.0, 10.0, 1792.66394043
120.0, 50.0, 10.0, 1854.14794922
120.0, 60.0, 10.0, 1840.20300293
120.0, 70.0, 10.0, 1834.79699707
120.0, 80.0, 10.0, 1829.78894043
120.0, 90.0, 10.0, 1818.74194336
120.0, 100.0, 10.0, 1960.65600586
120.0, 110.0, 10.0, 1892.93798828
120.0, 120.0, 10.0, 1890.08605957
120.0, 130.0, 10.0, 1828.83605957
120.0, 140.0, 10.0, 1730.34399414
120.0, 150.0, 10.0, 1607.21105957
120.0, 160.0, 10.0, 1610.58605957
120.0, 170.0, 10.0, 1342.00805664
120.0, 180.0, 10.0, 1631.66394043
120.0, 190.0, 10.0, 1603.64099121
120.0, 200.0, 10.0, 1628.89099121
120.0, 210.0, 10.0, 1600.53894043
120.0, 220.0, 10.0, 1502.93798828
120.0, 230.0, 10.0, 1416.84399414
120.0, 240.0, 10.0, 1419.40600586
120.0, 250.0, 10.0, 1403.67199707
120.0, 260.0, 10.0, 1325.61694336
130.0, 0.0, 10.0, 1055.39099121
130.0, 10.0, 10.0, 1286.81994629
130.0, 20.0, 10.0, 1478.22705078
130.0, 30.0, 10.0, 1618.70300293
130.0, 40.0, 10.0, 1712.66394043
130.0, 50.0, 10.0, 1877.10900879
130.0, 60.0, 10.0, 1945.57800293
130.0, 70.0, 10.0, 1963.19494629
130.0, 80.0, 10.0, 2019.11694336
130.0, 90.0, 10.0, 1826.55505371
130.0, 100.0, 10.0, 1965.72705078
130.0, 110.0, 10.0, 2003.69494629
130.0, 120.0, 10.0, 2005.84399414
130.0, 130.0, 10.0, 1925.79699707
130.0, 140.0, 10.0, 1864.08605957
130.0, 150.0, 10.0, 1819.11694336
130.0, 160.0, 10.0, 1582.42199707
130.0, 170.0, 10.0, 1644.74194336
130.0, 180.0, 10.0, 1274.89099121
130.0, 190.0, 10.0, 1655.29699707
130.0, 200.0, 10.0, 1670.80505371
130.0, 210.0, 10.0, 1689.72705078
130.0, 220.0, 10.0, 1642.34399414
130.0, 230.0, 10.0, 1578.73400879
130.0, 240.0, 10.0, 1541.10900879
130.0, 250.0, 10.0, 1479.85900879
130.0, 260.0, 10.0, 1420.89099121
140.0, 0.0, 10.0, 1078.75805664
140.0, 10.0, 10.0, 1139.63305664
140.0, 20.0, 10.0, 1345.34399414
140.0, 30.0, 10.0, 1586.53894043
140.0, 40.0, 10.0, 1746.61694336
140.0, 50.0, 10.0, 1962.72705078
140.0, 60.0, 10.0, 2051.89111328
140.0, 70.0, 10.0, 2006.46899414
140.0, 80.0, 10.0, 2064.96093750
140.0, 90.0, 10.0, 2001.36694336
140.0, 100.0, 10.0, 1939.97705078
140.0, 110.0, 10.0, 2034.34399414
140.0, 120.0, 10.0, 2091.32006836
140.0, 130.0, 10.0, 2044.35900879
140.0, 140.0, 10.0, 1961.47705078
140.0, 150.0, 10.0, 1829.28894043
140.0, 160.0, 10.0, 1680.04699707
140.0, 170.0, 10.0, 1576.88305664
140.0, 180.0, 10.0, 1366.52294922
140.0, 190.0, 10.0, 1419.18005371
140.0, 200.0, 10.0, 1705.12500000
140.0, 210.0, 10.0, 1725.08605957
140.0, 220.0, 10.0, 1715.62500000
140.0, 230.0, 10.0, 1660.88305664
140.0, 240.0, 10.0, 1578.26599121
140.0, 250.0, 10.0, 1492.10900879
140.0, 260.0, 10.0, 1399.03100586
150.0, 0.0, 10.0, 951.60162354
150.0, 10.0, 10.0, 1024.80102539
150.0, 20.0, 10.0, 1310.10900879
150.0, 30.0, 10.0, 1585.46105957
150.0, 40.0, 10.0, 1726.10900879
150.0, 50.0, 10.0, 1869.93798828
150.0, 60.0, 10.0, 1973.76599121
150.0, 70.0, 10.0, 2005.81201172
150.0, 80.0, 10.0, 2092.92993164
150.0, 90.0, 10.0, 2147.35205078
150.0, 100.0, 10.0, 2149.85888672
150.0, 110.0, 10.0, 2118.40600586
150.0, 120.0, 10.0, 2155.72705078
150.0, 130.0, 10.0, 2088.09399414
150.0, 140.0, 10.0, 1968.08605957
150.0, 150.0, 10.0, 1847.89794922
150.0, 160.0, 10.0, 1683.42199707
150.0, 170.0, 10.0, 1621.34399414
150.0, 180.0, 10.0, 1545.77294922
150.0, 190.0, 10.0, 1155.71899414
150.0, 200.0, 10.0, 1427.65600586
150.0, 210.0, 10.0, 1704.56201172
150.0, 220.0, 10.0, 1734.71899414
150.0, 230.0, 10.0, 1694.79699707
150.0, 240.0, 10.0, 1593.02294922
150.0, 250.0, 10.0, 1470.93798828
150.0, 260.0, 10.0, 1354.20300293
160.0, 0.0, 10.0, 892.79302979
160.0, 10.0, 10.0, 1201.25402832
160.0, 20.0, 10.0, 1509.14794922
160.0, 30.0, 10.0, 1597.28894043
160.0, 40.0, 10.0, 1805.80505371
160.0, 50.0, 10.0, 1917.02294922
160.0, 60.0, 10.0, 2041.69494629
160.0, 70.0, 10.0, 2110.04711914
160.0, 80.0, 10.0, 2165.58593750
160.0, 90.0, 10.0, 2208.57006836
160.0, 100.0, 10.0, 2196.70288086
160.0, 110.0, 10.0, 2150.69506836
160.0, 120.0, 10.0, 2107.76611328
160.0, 130.0, 10.0, 1999.60205078
160.0, 140.0, 10.0, 1888.48400879
160.0, 150.0, 10.0, 1738.39794922
160.0, 160.0, 10.0, 1633.60205078
160.0, 170.0, 10.0, 1547.56994629
160.0, 180.0, 10.0, 1525.81201172
160.0, 190.0, 10.0, 1385.16394043
160.0, 200.0, 10.0, 1276.95300293
160.0, 210.0, 10.0, 1577.07800293
160.0, 220.0, 10.0, 1646.52294922
160.0, 230.0, 10.0, 1647.05505371
160.0, 240.0, 10.0, 1560.18005371
160.0, 250.0, 10.0, 1419.63305664
160.0, 260.0, 10.0, 1288.89099121
170.0, 0.0, 10.0, 714.28912354
170.0, 10.0, 10.0, 1064.94104004
170.0, 20.0, 10.0, 1511.14099121
170.0, 30.0, 10.0, 1716.67199707
170.0, 40.0, 10.0, 1860.19494629
170.0, 50.0, 10.0, 1946.39099121
170.0, 60.0, 10.0, 2000.34399414
170.0, 70.0, 10.0, 2073.82006836
170.0, 80.0, 10.0, 2164.71899414
170.0, 90.0, 10.0, 2150.89111328
170.0, 100.0, 10.0, 2116.24194336
170.0, 110.0, 10.0, 2156.35205078
170.0, 120.0, 10.0, 2089.84399414
170.0, 130.0, 10.0, 1892.55505371
170.0, 140.0, 10.0, 1731.33605957
170.0, 150.0, 10.0, 1608.25000000
170.0, 160.0, 10.0, 1518.81201172
170.0, 170.0, 10.0, 1443.38305664
170.0, 180.0, 10.0, 1414.58605957
170.0, 190.0, 10.0, 1359.46105957
170.0, 200.0, 10.0, 1108.32800293
170.0, 210.0, 10.0, 1356.25000000
170.0, 220.0, 10.0, 1439.58605957
170.0, 230.0, 10.0, 1561.13305664
170.0, 240.0, 10.0, 1510.21105957
170.0, 250.0, 10.0, 1351.63305664
170.0, 260.0, 10.0, 1208.11694336
180.0, 0.0, 10.0, 1065.75402832
180.0, 10.0, 10.0, 871.41021729
180.0, 20.0, 10.0, 1777.14794922
180.0, 30.0, 10.0, 1867.11694336
180.0, 40.0, 10.0, 1894.03894043
180.0, 50.0, 10.0, 1902.39794922
180.0, 60.0, 10.0, 1956.64794922
180.0, 70.0, 10.0, 2004.95300293
180.0, 80.0, 10.0, 2098.71093750
180.0, 90.0, 10.0, 2067.35205078
180.0, 100.0, 10.0, 2119.66406250
180.0, 110.0, 10.0, 2078.85888672
180.0, 120.0, 10.0, 2003.92199707
180.0, 130.0, 10.0, 1890.70300293
180.0, 140.0, 10.0, 1751.97705078
180.0, 150.0, 10.0, 1602.29699707
180.0, 160.0, 10.0, 1535.81994629
180.0, 170.0, 10.0, 1529.31201172
180.0, 180.0, 10.0, 1384.81994629
180.0, 190.0, 10.0, 1274.13305664
180.0, 200.0, 10.0, 1138.25805664
180.0, 210.0, 10.0, 1233.65600586
180.0, 220.0, 10.0, 1166.88305664
180.0, 230.0, 10.0, 1472.76599121
180.0, 240.0, 10.0, 1471.58605957
180.0, 250.0, 10.0, 1306.39099121
180.0, 260.0, 10.0, 1115.00000000
190.0, 0.0, 10.0, 1249.68395996
190.0, 10.0, 10.0, 1396.36694336
190.0, 20.0, 10.0, 1777.49194336
190.0, 30.0, 10.0, 1843.60205078
190.0, 40.0, 10.0, 1841.71899414
190.0, 50.0, 10.0, 1897.11694336
190.0, 60.0, 10.0, 1867.90600586
190.0, 70.0, 10.0, 1894.33605957
190.0, 80.0, 10.0, 2015.64099121
190.0, 90.0, 10.0, 2051.00805664
190.0, 100.0, 10.0, 2054.50000000
190.0, 110.0, 10.0, 1949.28100586
190.0, 120.0, 10.0, 1890.64794922
190.0, 130.0, 10.0, 1792.43798828
190.0, 140.0, 10.0, 1812.53894043
190.0, 150.0, 10.0, 1689.31994629
190.0, 160.0, 10.0, 1553.07800293
190.0, 170.0, 10.0, 1598.09399414
190.0, 180.0, 10.0, 1564.06994629
190.0, 190.0, 10.0, 1562.67199707
190.0, 200.0, 10.0, 1163.68005371
190.0, 210.0, 10.0, 1247.11694336
190.0, 220.0, 10.0, 1155.46899414
190.0, 230.0, 10.0, 1348.56201172
190.0, 240.0, 10.0, 1375.71899414
190.0, 250.0, 10.0, 1220.25000000
190.0, 260.0, 10.0, 1013.71099854
200.0, 0.0, 10.0, 1597.30505371
200.0, 10.0, 10.0, 1321.39099121
200.0, 20.0, 10.0, 1688.30505371
200.0, 30.0, 10.0, 1999.26599121
200.0, 40.0, 10.0, 1892.53100586
200.0, 50.0, 10.0, 1928.03100586
200.0, 60.0, 10.0, 1942.59399414
200.0, 70.0, 10.0, 1850.15600586
200.0, 80.0, 10.0, 1876.12500000
200.0, 90.0, 10.0, 1985.53894043
200.0, 100.0, 10.0, 1968.19494629
200.0, 110.0, 10.0, 1935.82800293
200.0, 120.0, 10.0, 1837.33605957
200.0, 130.0, 10.0, 1776.85900879
200.0, 140.0, 10.0, 1848.68798828
200.0, 150.0, 10.0, 1665.02294922
200.0, 160.0, 10.0, 1719.52294922
200.0, 170.0, 10.0, 1612.32800293
200.0, 180.0, 10.0, 1450.71899414
200.0, 190.0, 10.0, 1644.43798828
200.0, 200.0, 10.0, 1672.33605957
200.0, 210.0, 10.0, 1600.02294922
200.0, 220.0, 10.0, 1456.35900879
200.0, 230.0, 10.0, 1381.56201172
200.0, 240.0, 10.0, 1187.77294922
200.0, 250.0, 10.0, 1146.81201172
200.0, 260.0, 10.0, 912.08587646
210.0, 0.0, 10.0, 1903.37500000
210.0, 10.0, 10.0, 1958.83605957
210.0, 20.0, 10.0, 1901.57800293
210.0, 30.0, 10.0, 1642.53894043
210.0, 40.0, 10.0, 2029.97705078
210.0, 50.0, 10.0, 2070.00000000
210.0, 60.0, 10.0, 1867.13305664
210.0, 70.0, 10.0, 1725.37500000
210.0, 80.0, 10.0, 1790.65600586
210.0, 90.0, 10.0, 1934.51599121
210.0, 100.0, 10.0, 1992.39099121
210.0, 110.0, 10.0, 1936.46899414
210.0, 120.0, 10.0, 1749.22705078
210.0, 130.0, 10.0, 1841.64794922
210.0, 140.0, 10.0, 1924.21899414
210.0, 150.0, 10.0, 1829.78894043
210.0, 160.0, 10.0, 1641.01599121
210.0, 170.0, 10.0, 1712.94494629
210.0, 180.0, 10.0, 1648.75000000
210.0, 190.0, 10.0, 1555.73400879
210.0, 200.0, 10.0, 1571.67199707
210.0, 210.0, 10.0, 1674.48400879
210.0, 220.0, 10.0, 1343.53894043
210.0, 230.0, 10.0, 878.43750000
210.0, 240.0, 10.0, 1010.39099121
210.0, 250.0, 10.0, 915.85162354
210.0, 260.0, 10.0, 795.78912354
220.0, 0.0, 10.0, 2276.22705078
220.0, 10.0, 10.0, 2056.98388672
220.0, 20.0, 10.0, 2031.74194336
220.0, 30.0, 10.0, 2077.07006836
220.0, 40.0, 10.0, 2082.10205078
220.0, 50.0, 10.0, 2071.35888672
220.0, 60.0, 10.0, 1920.55505371
220.0, 70.0, 10.0, 1744.10900879
220.0, 80.0, 10.0, 1772.68798828
220.0, 90.0, 10.0, 1784.66394043
220.0, 100.0, 10.0, 1903.80505371
220.0, 110.0, 10.0, 1764.28894043
220.0, 120.0, 10.0, 1642.22705078
220.0, 130.0, 10.0, 1651.99194336
220.0, 140.0, 10.0, 1932.90600586
220.0, 150.0, 10.0, 1940.71899414
220.0, 160.0, 10.0, 1882.53100586
220.0, 170.0, 10.0, 1810.08605957
220.0, 180.0, 10.0, 1790.71105957
220.0, 190.0, 10.0, 1579.16394043
220.0, 200.0, 10.0, 1429.85205078
220.0, 210.0, 10.0, 1706.48400879
220.0, 220.0, 10.0, 1664.10900879
220.0, 230.0, 10.0, 1468.96105957
220.0, 240.0, 10.0, 858.04687500
220.0, 250.0, 10.0, 466.14840698
220.0, 260.0, 10.0, 597.84381104
230.0, 0.0, 10.0, 2253.82006836
230.0, 10.0, 10.0, 2228.10205078
230.0, 20.0, 10.0, 2218.02294922
230.0, 30.0, 10.0, 2084.92211914
230.0, 40.0, 10.0, 2047.53100586
230.0, 50.0, 10.0, 2057.92211914
230.0, 60.0, 10.0, 1842.96105957
230.0, 70.0, 10.0, 1884.79699707
230.0, 80.0, 10.0, 1822.83605957
230.0, 90.0, 10.0, 1740.27294922
230.0, 100.0, 10.0, 1763.00805664
230.0, 110.0, 10.0, 1965.18798828
230.0, 120.0, 10.0, 1942.39794922
230.0, 130.0, 10.0, 1869.62500000
230.0, 140.0, 10.0, 1933.65600586
230.0, 150.0, 10.0, 1917.72705078
230.0, 160.0, 10.0, 1602.65600586
230.0, 170.0, 10.0, 1451.26599121
230.0, 180.0, 10.0, 1627.94494629
230.0, 190.0, 10.0, 1576.94494629
230.0, 200.0, 10.0, 1502.10900879
230.0, 210.0, 10.0, 1500.75805664
230.0, 220.0, 10.0, 1277.14099121
230.0, 230.0, 10.0, 1396.22705078
230.0, 240.0, 10.0, 903.00000000
230.0, 250.0, 10.0, 445.31250000
230.0, 260.0, 10.0, 527.11718750
0.0, 0.0, 20.0, 467.27340698
0.0, 10.0, 20.0, 476.07809448
0.0, 20.0, 20.0, 485.27731323
0.0, 30.0, 20.0, 333.92968750
0.0, 40.0, 20.0, 177.44529724
0.0, 50.0, 20.0, 161.17579651
0.0, 60.0, 20.0, 189.68750000
0.0, 70.0, 20.0, 218.04299927
0.0, 80.0, 20.0, 238.72270203
0.0, 90.0, 20.0, 253.57029724
0.0, 100.0, 20.0, 267.88281250
0.0, 110.0, 20.0, 272.77731323
0.0, 120.0, 20.0, 290.78909302
0.0, 130.0, 20.0, 320.85159302
0.0, 140.0, 20.0, 341.17968750
0.0, 150.0, 20.0, 362.50000000
0.0, 160.0, 20.0, 373.07418823
0.0, 170.0, 20.0, 411.07809448
0.0, 180.0, 20.0, 389.51559448
0.0, 190.0, 20.0, 382.62500000
0.0, 200.0, 20.0, 376.14059448
0.0, 210.0, 20.0, 416.22659302
0.0, 220.0, 20.0, 409.26168823
0.0, 230.0, 20.0, 367.45309448
0.0, 240.0, 20.0, 374.95309448
0.0, 250.0, 20.0, 377.89059448
0.0, 260.0, 20.0, 373.51559448
10.0, 0.0, 20.0, 500.37500000
10.0, 10.0, 20.0, 481.47268677
10.0, 20.0, 20.0, 434.50000000
10.0, 30.0, 20.0, 327.32418823
10.0, 40.0, 20.0, 187.92970276
10.0, 50.0, 20.0, 183.10940552
10.0, 60.0, 20.0, 191.78120422
10.0, 70.0, 20.0, 226.60549927
10.0, 80.0, 20.0, 255.28120422
10.0, 90.0, 20.0, 290.12890625
10.0, 100.0, 20.0, 313.61718750
10.0, 110.0, 20.0, 337.05859375
10.0, 120.0, 20.0, 357.81250000
10.0, 130.0, 20.0, 369.55468750
10.0, 140.0, 20.0, 393.41799927
10.0, 150.0, 20.0, 413.85549927
10.0, 160.0, 20.0, 418.96481323
10.0, 170.0, 20.0, 403.39450073
10.0, 180.0, 20.0, 408.98440552
10.0, 190.0, 20.0, 415.04690552
10.0, 200.0, 20.0, 411.35549927
10.0, 210.0, 20.0, 430.23049927
10.0, 220.0, 20.0, 430.08981323
10.0, 230.0, 20.0, 423.23831177
10.0, 240.0, 20.0, 413.21481323
10.0, 250.0, 20.0, 406.40618896
10.0, 260.0, 20.0, 406.79299927
20.0, 0.0, 20.0, 501.18359375
20.0, 10.0, 20.0, 440.80081177
20.0, 20.0, 20.0, 431.97659302
20.0, 30.0, 20.0, 399.53118896
20.0, 40.0, 20.0, 174.35159302
20.0, 50.0, 20.0, 197.92970276
20.0, 60.0, 20.0, 214.07420349
20.0, 70.0, 20.0, 256.51950073
20.0, 80.0, 20.0, 282.08200073
20.0, 90.0, 20.0, 317.10549927
20.0, 100.0, 20.0, 338.60159302
20.0, 110.0, 20.0, 358.82418823
20.0, 120.0, 20.0, 377.02340698
20.0, 130.0, 20.0, 391.69918823
20.0, 140.0, 20.0, 407.72268677
20.0, 150.0, 20.0, 428.90618896
20.0, 160.0, 20.0, 452.58590698
20.0, 170.0, 20.0, 451.94918823
20.0, 180.0, 20.0, 461.21090698
20.0, 190.0, 20.0, 482.11331177
20.0, 200.0, 20.0, 502.43750000
20.0, 210.0, 20.0, 512.78912354
20.0, 220.0, 20.0, 505.92190552
20.0, 230.0, 20.0, 474.11331177
20.0, 240.0, 20.0, 448.54299927
20.0, 250.0, 20.0, 438.40618896
20.0, 260.0, 20.0, 437.03518677
30.0, 0.0, 20.0, 451.76559448
30.0, 10.0, 20.0, 374.58590698
30.0, 20.0, 20.0, 373.99609375
30.0, 30.0, 20.0, 385.62890625
30.0, 40.0, 20.0, 151.25779724
30.0, 50.0, 20.0, 193.93359375
30.0, 60.0, 20.0, 229.79299927
30.0, 70.0, 20.0, 266.42581177
30.0, 80.0, 20.0, 308.74218750
30.0, 90.0, 20.0, 345.84768677
30.0, 100.0, 20.0, 363.52340698
30.0, 110.0, 20.0, 379.96481323
30.0, 120.0, 20.0, 407.26559448
30.0, 130.0, 20.0, 418.80081177
30.0, 140.0, 20.0, 431.71090698
30.0, 150.0, 20.0, 460.10940552
30.0, 160.0, 20.0, 483.62890625
30.0, 170.0, 20.0, 497.96481323
30.0, 180.0, 20.0, 505.28909302
30.0, 190.0, 20.0, 522.65228271
30.0, 200.0, 20.0, 550.82812500
30.0, 210.0, 20.0, 555.98437500
30.0, 220.0, 20.0, 550.87500000
30.0, 230.0, 20.0, 533.35552979
30.0, 240.0, 20.0, 489.74609375
30.0, 250.0, 20.0, 478.45309448
30.0, 260.0, 20.0, 472.96481323
40.0, 0.0, 20.0, 371.35940552
40.0, 10.0, 20.0, 293.46881104
40.0, 20.0, 20.0, 279.93359375
40.0, 30.0, 20.0, 183.26950073
40.0, 40.0, 20.0, 133.35940552
40.0, 50.0, 20.0, 180.05470276
40.0, 60.0, 20.0, 250.93359375
40.0, 70.0, 20.0, 299.21881104
40.0, 80.0, 20.0, 319.85940552
40.0, 90.0, 20.0, 369.48049927
40.0, 100.0, 20.0, 408.06250000
40.0, 110.0, 20.0, 420.78518677
40.0, 120.0, 20.0, 434.83981323
40.0, 130.0, 20.0, 450.61718750
40.0, 140.0, 20.0, 468.05081177
40.0, 150.0, 20.0, 488.51950073
40.0, 160.0, 20.0, 526.90228271
40.0, 170.0, 20.0, 547.90618896
40.0, 180.0, 20.0, 554.81640625
40.0, 190.0, 20.0, 556.82421875
40.0, 200.0, 20.0, 553.75000000
40.0, 210.0, 20.0, 590.34771729
40.0, 220.0, 20.0, 580.42968750
40.0, 230.0, 20.0, 577.40618896
40.0, 240.0, 20.0, 550.53521729
40.0, 250.0, 20.0, 530.67578125
40.0, 260.0, 20.0, 511.42581177
50.0, 0.0, 20.0, 317.17581177
50.0, 10.0, 20.0, 337.23831177
50.0, 20.0, 20.0, 304.66018677
50.0, 30.0, 20.0, 208.44920349
50.0, 40.0, 20.0, 170.96479797
50.0, 50.0, 20.0, 223.25390625
50.0, 60.0, 20.0, 243.46479797
50.0, 70.0, 20.0, 278.68750000
50.0, 80.0, 20.0, 333.85940552
50.0, 90.0, 20.0, 351.95309448
50.0, 100.0, 20.0, 433.90231323
50.0, 110.0, 20.0, 467.64059448
50.0, 120.0, 20.0, 488.25000000
50.0, 130.0, 20.0, 477.29299927
50.0, 140.0, 20.0, 496.08590698
50.0, 150.0, 20.0, 526.32812500
50.0, 160.0, 20.0, 551.82812500
50.0, 170.0, 20.0, 576.47662354
50.0, 180.0, 20.0, 586.75390625
50.0, 190.0, 20.0, 574.39447021
50.0, 200.0, 20.0, 572.68750000
50.0, 210.0, 20.0, 623.59771729
50.0, 220.0, 20.0, 620.72662354
50.0, 230.0, 20.0, 605.23828125
50.0, 240.0, 20.0, 591.13671875
50.0, 250.0, 20.0, 564.99218750
50.0, 260.0, 20.0, 541.07812500
60.0, 0.0, 20.0, 375.37500000
60.0, 10.0, 20.0, 309.08981323
60.0, 20.0, 20.0, 339.48049927
60.0, 30.0, 20.0, 272.98049927
60.0, 40.0, 20.0, 260.80081177
60.0, 50.0, 20.0, 300.40618896
60.0, 60.0, 20.0, 318.70309448
60.0, 70.0, 20.0, 342.00781250
60.0, 80.0, 20.0, 394.30859375
60.0, 90.0, 20.0, 454.08590698
60.0, 100.0, 20.0, 483.82031250
60.0, 110.0, 20.0, 517.33587646
60.0, 120.0, 20.0, 536.43750000
60.0, 130.0, 20.0, 531.41021729
60.0, 140.0, 20.0, 559.58587646
60.0, 150.0, 20.0, 585.58587646
60.0, 160.0, 20.0, 594.57421875
60.0, 170.0, 20.0, 594.38671875
60.0, 180.0, 20.0, 585.82421875
60.0, 190.0, 20.0, 563.81250000
60.0, 200.0, 20.0, 571.00390625
60.0, 210.0, 20.0, 597.51947021
60.0, 220.0, 20.0, 628.10162354
60.0, 230.0, 20.0, 609.47662354
60.0, 240.0, 20.0, 596.55859375
60.0, 250.0, 20.0, 587.82421875
60.0, 260.0, 20.0, 558.08197021
70.0, 0.0, 20.0, 378.58200073
70.0, 10.0, 20.0, 311.23831177
70.0, 20.0, 20.0, 359.32418823
70.0, 30.0, 20.0, 333.48049927
70.0, 40.0, 20.0, 365.38668823
70.0, 50.0, 20.0, 429.39840698
70.0, 60.0, 20.0, 437.28909302
70.0, 70.0, 20.0, 447.12890625
70.0, 80.0, 20.0, 479.40231323
70.0, 90.0, 20.0, 505.88281250
70.0, 100.0, 20.0, 539.38281250
70.0, 110.0, 20.0, 563.28521729
70.0, 120.0, 20.0, 567.01171875
70.0, 130.0, 20.0, 563.59381104
70.0, 140.0, 20.0, 620.86328125
70.0, 150.0, 20.0, 628.49218750
70.0, 160.0, 20.0, 630.22662354
70.0, 170.0, 20.0, 626.57812500
70.0, 180.0, 20.0, 619.98052979
70.0, 190.0, 20.0, 597.44921875
70.0, 200.0, 20.0, 596.34771729
70.0, 210.0, 20.0, 597.96478271
70.0, 220.0, 20.0, 600.00390625
70.0, 230.0, 20.0, 606.63671875
70.0, 240.0, 20.0, 586.66412354
70.0, 250.0, 20.0, 558.69531250
70.0, 260.0, 20.0, 535.24218750
80.0, 0.0, 20.0, 356.82418823
80.0, 10.0, 20.0, 351.32031250
80.0, 20.0, 20.0, 351.30859375
80.0, 30.0, 20.0, 381.48440552
80.0, 40.0, 20.0, 442.67968750
80.0, 50.0, 20.0, 510.14450073
80.0, 60.0, 20.0, 557.15228271
80.0, 70.0, 20.0, 516.70697021
80.0, 80.0, 20.0, 536.25781250
80.0, 90.0, 20.0, 576.89837646
80.0, 100.0, 20.0, 615.05078125
80.0, 110.0, 20.0, 603.83587646
80.0, 120.0, 20.0, 630.27728271
80.0, 130.0, 20.0, 662.21478271
80.0, 140.0, 20.0, 678.62890625
80.0, 150.0, 20.0, 688.34771729
80.0, 160.0, 20.0, 671.62500000
80.0, 170.0, 20.0, 654.76562500
80.0, 180.0, 20.0, 650.76947021
80.0, 190.0, 20.0, 619.41412354
80.0, 200.0, 20.0, 611.46881104
80.0, 210.0, 20.0, 601.07812500
80.0, 220.0, 20.0, 588.69140625
80.0, 230.0, 20.0, 579.42578125
80.0, 240.0, 20.0, 568.12109375
80.0, 250.0, 20.0, 554.35552979
80.0, 260.0, 20.0, 524.99609375
90.0, 0.0, 20.0, 373.82809448
90.0, 10.0, 20.0, 405.50390625
90.0, 20.0, 20.0, 435.41799927
90.0, 30.0, 20.0, 466.88668823
90.0, 40.0, 20.0, 529.58978271
90.0, 50.0, 20.0, 578.57812500
90.0, 60.0, 20.0, 624.21087646
90.0, 70.0, 20.0, 601.74218750
90.0, 80.0, 20.0, 554.51171875
90.0, 90.0, 20.0, 619.33978271
90.0, 100.0, 20.0, 645.47662354
90.0, 110.0, 20.0, 659.75390625
90.0, 120.0, 20.0, 674.60937500
90.0, 130.0, 20.0, 696.48828125
90.0, 140.0, 20.0, 713.78521729
90.0, 150.0, 20.0, 700.92578125
90.0, 160.0, 20.0, 696.27337646
90.0, 170.0, 20.0, 689.12500000
90.0, 180.0, 20.0, 671.73052979
90.0, 190.0, 20.0, 636.16021729
90.0, 200.0, 20.0, 597.48052979
90.0, 210.0, 20.0, 588.32031250
90.0, 220.0, 20.0, 569.51562500
90.0, 230.0, 20.0, 561.60937500
90.0, 240.0, 20.0, 550.10552979
90.0, 250.0, 20.0, 538.74609375
90.0, 260.0, 20.0, 519.67968750
100.0, 0.0, 20.0, 397.04299927
100.0, 10.0, 20.0, 473.62109375
100.0, 20.0, 20.0, 498.93359375
100.0, 30.0, 20.0, 559.21087646
100.0, 40.0, 20.0, 599.08587646
100.0, 50.0, 20.0, 646.20697021
100.0, 60.0, 20.0, 675.28118896
100.0, 70.0, 20.0, 691.30078125
100.0, 80.0, 20.0, 665.70312500
100.0, 90.0, 20.0, 703.79687500
100.0, 100.0, 20.0, 720.27728271
100.0, 110.0, 20.0, 725.20697021
100.0, 120.0, 20.0, 754.01562500
100.0, 130.0, 20.0, 758.47662354
100.0, 140.0, 20.0, 746.73828125
100.0, 150.0, 20.0, 715.46478271
100.0, 160.0, 20.0, 704.23437500
100.0, 170.0, 20.0, 729.58587646
100.0, 180.0, 20.0, 697.89837646
100.0, 190.0, 20.0, 678.25000000
100.0, 200.0, 20.0, 640.66021729
100.0, 210.0, 20.0, 609.07421875
100.0, 220.0, 20.0, 580.30468750
100.0, 230.0, 20.0, 562.67578125
100.0, 240.0, 20.0, 554.90228271
100.0, 250.0, 20.0, 542.60162354
100.0, 260.0, 20.0, 518.81640625
110.0, 0.0, 20.0, 443.75000000
110.0, 10.0, 20.0, 474.64840698
110.0, 20.0, 20.0, 545.66412354
110.0, 30.0, 20.0, 617.54302979
110.0, 40.0, 20.0, 712.84381104
110.0, 50.0, 20.0, 751.82031250
110.0, 60.0, 20.0, 731.11718750
110.0, 70.0, 20.0, 766.80078125
110.0, 80.0, 20.0, 755.48437500
110.0, 90.0, 20.0, 773.37109375
110.0, 100.0, 20.0, 841.94531250
110.0, 110.0, 20.0, 820.89062500
110.0, 120.0, 20.0, 791.87890625
110.0, 130.0, 20.0, 795.82812500
110.0, 140.0, 20.0, 759.91021729
110.0, 150.0, 20.0, 745.30078125
110.0, 160.0, 20.0, 721.23828125
110.0, 170.0, 20.0, 741.78521729
110.0, 180.0, 20.0, 726.13281250
110.0, 190.0, 20.0, 715.57421875
110.0, 200.0, 20.0, 709.70312500
110.0, 210.0, 20.0, 671.46478271
110.0, 220.0, 20.0, 627.91412354
110.0, 230.0, 20.0, 598.06250000
110.0, 240.0, 20.0, 597.29687500
110.0, 250.0, 20.0, 574.29687500
110.0, 260.0, 20.0, 538.03912354
120.0, 0.0, 20.0, 466.30859375
120.0, 10.0, 20.0, 592.08978271
120.0, 20.0, 20.0, 617.45312500
120.0, 30.0, 20.0, 658.58197021
120.0, 40.0, 20.0, 793.65228271
120.0, 50.0, 20.0, 822.44140625
120.0, 60.0, 20.0, 817.71087646
120.0, 70.0, 20.0, 814.55468750
120.0, 80.0, 20.0, 813.77337646
120.0, 90.0, 20.0, 806.98828125
120.0, 100.0, 20.0, 870.41802979
120.0, 110.0, 20.0, 836.94140625
120.0, 120.0, 20.0, 836.36718750
120.0, 130.0, 20.0, 811.50390625
120.0, 140.0, 20.0, 769.80468750
120.0, 150.0, 20.0, 716.86718750
120.0, 160.0, 20.0, 722.64837646
120.0, 170.0, 20.0, 603.21478271
120.0, 180.0, 20.0, 739.26947021
120.0, 190.0, 20.0, 727.28118896
120.0, 200.0, 20.0, 739.66802979
120.0, 210.0, 20.0, 726.06250000
120.0, 220.0, 20.0, 678.42187500
120.0, 230.0, 20.0, 635.30468750
120.0, 240.0, 20.0, 635.00781250
120.0, 250.0, 20.0, 629.37500000
120.0, 260.0, 20.0, 594.95312500
130.0, 0.0, 20.0, 478.38668823
130.0, 10.0, 20.0, 574.19140625
130.0, 20.0, 20.0, 655.51562500
130.0, 30.0, 20.0, 720.01947021
130.0, 40.0, 20.0, 764.28118896
130.0, 50.0, 20.0, 837.63281250
130.0, 60.0, 20.0, 866.98052979
130.0, 70.0, 20.0, 875.09381104
130.0, 80.0, 20.0, 901.53118896
130.0, 90.0, 20.0, 815.26947021
130.0, 100.0, 20.0, 877.34381104
130.0, 110.0, 20.0, 896.01562500
130.0, 120.0, 20.0, 899.18750000
130.0, 130.0, 20.0, 863.03521729
130.0, 140.0, 20.0, 835.24609375
130.0, 150.0, 20.0, 817.11718750
130.0, 160.0, 20.0, 709.91021729
130.0, 170.0, 20.0, 742.08197021
130.0, 180.0, 20.0, 572.73828125
130.0, 190.0, 20.0, 749.75390625
130.0, 200.0, 20.0, 757.32421875
130.0, 210.0, 20.0, 767.07812500
130.0, 220.0, 20.0, 745.85162354
130.0, 230.0, 20.0, 718.03521729
130.0, 240.0, 20.0, 700.84381104
130.0, 250.0, 20.0, 672.21881104
130.0, 260.0, 20.0, 645.36328125
140.0, 0.0, 20.0, 493.44918823
140.0, 10.0, 20.0, 514.24218750
140.0, 20.0, 20.0, 603.17968750
140.0, 30.0, 20.0, 711.78118896
140.0, 40.0, 20.0, 787.13671875
140.0, 50.0, 20.0, 887.92578125
140.0, 60.0, 20.0, 925.07421875
140.0, 70.0, 20.0, 901.98052979
140.0, 80.0, 20.0, 929.05468750
140.0, 90.0, 20.0, 900.78118896
140.0, 100.0, 20.0, 873.89062500
140.0, 110.0, 20.0, 918.81250000
140.0, 120.0, 20.0, 947.17187500
140.0, 130.0, 20.0, 926.88671875
140.0, 140.0, 20.0, 889.57031250
140.0, 150.0, 20.0, 828.76947021
140.0, 160.0, 20.0, 761.35937500
140.0, 170.0, 20.0, 714.92968750
140.0, 180.0, 20.0, 619.56640625
140.0, 190.0, 20.0, 644.66412354
140.0, 200.0, 20.0, 774.55078125
140.0, 210.0, 20.0, 782.83197021
140.0, 220.0, 20.0, 777.71087646
140.0, 230.0, 20.0, 754.98437500
140.0, 240.0, 20.0, 717.81250000
140.0, 250.0, 20.0, 678.46087646
140.0, 260.0, 20.0, 636.94140625
150.0, 0.0, 20.0, 438.76168823
150.0, 10.0, 20.0, 471.29690552
150.0, 20.0, 20.0, 593.39062500
150.0, 30.0, 20.0, 715.99609375
150.0, 40.0, 20.0, 782.57031250
150.0, 50.0, 20.0, 849.94921875
150.0, 60.0, 20.0, 897.39447021
150.0, 70.0, 20.0, 909.36328125
150.0, 80.0, 20.0, 948.73052979
150.0, 90.0, 20.0, 976.18750000
150.0, 100.0, 20.0, 978.80078125
150.0, 110.0, 20.0, 965.53118896
150.0, 120.0, 20.0, 984.62500000
150.0, 130.0, 20.0, 954.33587646
150.0, 140.0, 20.0, 899.07812500
150.0, 150.0, 20.0, 843.23052979
150.0, 160.0, 20.0, 766.75781250
150.0, 170.0, 20.0, 737.32812500
150.0, 180.0, 20.0, 702.88281250
150.0, 190.0, 20.0, 525.83978271
150.0, 200.0, 20.0, 649.29687500
150.0, 210.0, 20.0, 775.96478271
150.0, 220.0, 20.0, 790.71087646
150.0, 230.0, 20.0, 773.78912354
150.0, 240.0, 20.0, 727.62890625
150.0, 250.0, 20.0, 671.32421875
150.0, 260.0, 20.0, 616.72662354
160.0, 0.0, 20.0, 410.65039063
160.0, 10.0, 20.0, 547.58197021
160.0, 20.0, 20.0, 686.55468750
160.0, 30.0, 20.0, 727.37109375
160.0, 40.0, 20.0, 822.12890625
160.0, 50.0, 20.0, 873.67968750
160.0, 60.0, 20.0, 930.80078125
160.0, 70.0, 20.0, 961.83197021
160.0, 80.0, 20.0, 989.01171875
160.0, 90.0, 20.0, 1010.25402832
160.0, 100.0, 20.0, 1006.03497314
160.0, 110.0, 20.0, 986.27728271
160.0, 120.0, 20.0, 967.61328125
160.0, 130.0, 20.0, 917.93750000
160.0, 140.0, 20.0, 866.08197021
160.0, 150.0, 20.0, 794.28912354
160.0, 160.0, 20.0, 744.02728271
160.0, 170.0, 20.0, 703.89447021
160.0, 180.0, 20.0, 693.67968750
160.0, 190.0, 20.0, 631.31250000
160.0, 200.0, 20.0, 581.44531250
160.0, 210.0, 20.0, 719.01947021
160.0, 220.0, 20.0, 751.74609375
160.0, 230.0, 20.0, 752.85552979
160.0, 240.0, 20.0, 713.70312500
160.0, 250.0, 20.0, 649.13671875
160.0, 260.0, 20.0, 588.80468750
170.0, 0.0, 20.0, 329.18359375
170.0, 10.0, 20.0, 489.03518677
170.0, 20.0, 20.0, 692.50390625
170.0, 30.0, 20.0, 783.93359375
170.0, 40.0, 20.0, 850.19921875
170.0, 50.0, 20.0, 890.26562500
170.0, 60.0, 20.0, 913.82812500
170.0, 70.0, 20.0, 947.65228271
170.0, 80.0, 20.0, 990.84381104
170.0, 90.0, 20.0, 987.07812500
170.0, 100.0, 20.0, 972.50781250
170.0, 110.0, 20.0, 992.38281250
170.0, 120.0, 20.0, 961.76171875
170.0, 130.0, 20.0, 869.92187500
170.0, 140.0, 20.0, 792.86328125
170.0, 150.0, 20.0, 733.15228271
170.0, 160.0, 20.0, 691.07031250
170.0, 170.0, 20.0, 655.42578125
170.0, 180.0, 20.0, 642.73828125
170.0, 190.0, 20.0, 617.73052979
170.0, 200.0, 20.0, 504.06640625
170.0, 210.0, 20.0, 617.34381104
170.0, 220.0, 20.0, 656.27337646
170.0, 230.0, 20.0, 712.02728271
170.0, 240.0, 20.0, 688.99609375
170.0, 250.0, 20.0, 616.32812500
170.0, 260.0, 20.0, 549.82031250
180.0, 0.0, 20.0, 491.00390625
180.0, 10.0, 20.0, 401.29098511
180.0, 20.0, 20.0, 815.82031250
180.0, 30.0, 20.0, 857.78118896
180.0, 40.0, 20.0, 869.76171875
180.0, 50.0, 20.0, 873.80078125
180.0, 60.0, 20.0, 896.64447021
180.0, 70.0, 20.0, 918.79687500
180.0, 80.0, 20.0, 963.57031250
180.0, 90.0, 20.0, 950.35552979
180.0, 100.0, 20.0, 975.75000000
180.0, 110.0, 20.0, 957.53521729
180.0, 120.0, 20.0, 921.98052979
180.0, 130.0, 20.0, 867.12109375
180.0, 140.0, 20.0, 800.42187500
180.0, 150.0, 20.0, 729.75390625
180.0, 160.0, 20.0, 697.56640625
180.0, 170.0, 20.0, 694.19531250
180.0, 180.0, 20.0, 628.69921875
180.0, 190.0, 20.0, 577.92187500
180.0, 200.0, 20.0, 516.92578125
180.0, 210.0, 20.0, 560.33978271
180.0, 220.0, 20.0, 531.26171875
180.0, 230.0, 20.0, 671.30468750
180.0, 240.0, 20.0, 671.30859375
180.0, 250.0, 20.0, 594.93750000
180.0, 260.0, 20.0, 505.17581177
190.0, 0.0, 20.0, 576.62109375
190.0, 10.0, 20.0, 642.19921875
190.0, 20.0, 20.0, 818.48828125
190.0, 30.0, 20.0, 849.91412354
190.0, 40.0, 20.0, 848.16412354
190.0, 50.0, 20.0, 872.45312500
190.0, 60.0, 20.0, 857.50000000
190.0, 70.0, 20.0, 869.66802979
190.0, 80.0, 20.0, 926.53912354
190.0, 90.0, 20.0, 943.47662354
190.0, 100.0, 20.0, 946.82421875
190.0, 110.0, 20.0, 897.80078125
190.0, 120.0, 20.0, 869.34381104
190.0, 130.0, 20.0, 821.98828125
190.0, 140.0, 20.0, 829.31250000
190.0, 150.0, 20.0, 771.53912354
190.0, 160.0, 20.0, 708.48828125
190.0, 170.0, 20.0, 728.43750000
190.0, 180.0, 20.0, 712.27337646
190.0, 190.0, 20.0, 711.63281250
190.0, 200.0, 20.0, 529.85937500
190.0, 210.0, 20.0, 567.97662354
190.0, 220.0, 20.0, 527.10162354
190.0, 230.0, 20.0, 616.80468750
190.0, 240.0, 20.0, 630.51171875
190.0, 250.0, 20.0, 557.96478271
190.0, 260.0, 20.0, 459.22659302
200.0, 0.0, 20.0, 737.92187500
200.0, 10.0, 20.0, 609.28912354
200.0, 20.0, 20.0, 778.44140625
200.0, 30.0, 20.0, 920.54687500
200.0, 40.0, 20.0, 871.44140625
200.0, 50.0, 20.0, 886.79302979
200.0, 60.0, 20.0, 891.48052979
200.0, 70.0, 20.0, 848.25390625
200.0, 80.0, 20.0, 861.60162354
200.0, 90.0, 20.0, 912.16021729
200.0, 100.0, 20.0, 907.19531250
200.0, 110.0, 20.0, 891.39062500
200.0, 120.0, 20.0, 844.96881104
200.0, 130.0, 20.0, 816.67187500
200.0, 140.0, 20.0, 849.28521729
200.0, 150.0, 20.0, 764.45697021
200.0, 160.0, 20.0, 789.66412354
200.0, 170.0, 20.0, 739.86718750
200.0, 180.0, 20.0, 665.60162354
200.0, 190.0, 20.0, 754.85552979
200.0, 200.0, 20.0, 767.99218750
200.0, 210.0, 20.0, 735.17578125
200.0, 220.0, 20.0, 669.55468750
200.0, 230.0, 20.0, 634.35162354
200.0, 240.0, 20.0, 545.44140625
200.0, 250.0, 20.0, 525.56640625
200.0, 260.0, 20.0, 412.02340698
210.0, 0.0, 20.0, 879.58197021
210.0, 10.0, 20.0, 902.64837646
210.0, 20.0, 20.0, 876.18359375
210.0, 30.0, 20.0, 756.69531250
210.0, 40.0, 20.0, 934.17187500
210.0, 50.0, 20.0, 952.11718750
210.0, 60.0, 20.0, 857.03521729
210.0, 70.0, 20.0, 790.91021729
210.0, 80.0, 20.0, 820.69140625
210.0, 90.0, 20.0, 887.43750000
210.0, 100.0, 20.0, 917.66412354
210.0, 110.0, 20.0, 891.90228271
210.0, 120.0, 20.0, 805.08197021
210.0, 130.0, 20.0, 847.69921875
210.0, 140.0, 20.0, 885.43359375
210.0, 150.0, 20.0, 841.92968750
210.0, 160.0, 20.0, 754.83587646
210.0, 170.0, 20.0, 787.98052979
210.0, 180.0, 20.0, 758.75390625
210.0, 190.0, 20.0, 715.92187500
210.0, 200.0, 20.0, 723.62890625
210.0, 210.0, 20.0, 771.60552979
210.0, 220.0, 20.0, 619.06640625
210.0, 230.0, 20.0, 403.72268677
210.0, 240.0, 20.0, 464.92968750
210.0, 250.0, 20.0, 419.11331177
210.0, 260.0, 20.0, 358.39059448
220.0, 0.0, 20.0, 1051.83605957
220.0, 10.0, 20.0, 947.93359375
220.0, 20.0, 20.0, 936.53521729
220.0, 30.0, 20.0, 957.02728271
220.0, 40.0, 20.0, 959.43359375
220.0, 50.0, 20.0, 953.70697021
220.0, 60.0, 20.0, 882.59381104
220.0, 70.0, 20.0, 800.14837646
220.0, 80.0, 20.0, 811.02728271
220.0, 90.0, 20.0, 817.98437500
220.0, 100.0, 20.0, 874.45312500
220.0, 110.0, 20.0, 812.28521729
220.0, 120.0, 20.0, 755.88671875
220.0, 130.0, 20.0, 760.32421875
220.0, 140.0, 20.0, 890.19140625
220.0, 150.0, 20.0, 893.69140625
220.0, 160.0, 20.0, 866.72271729
220.0, 170.0, 20.0, 832.92578125
220.0, 180.0, 20.0, 824.39447021
220.0, 190.0, 20.0, 726.39447021
220.0, 200.0, 20.0, 657.97271729
220.0, 210.0, 20.0, 786.32812500
220.0, 220.0, 20.0, 767.40228271
220.0, 230.0, 20.0, 677.10552979
220.0, 240.0, 20.0, 394.39059448
220.0, 250.0, 20.0, 212.44529724
220.0, 260.0, 20.0, 267.15231323
230.0, 0.0, 20.0, 1041.80505371
230.0, 10.0, 20.0, 1027.66003418
230.0, 20.0, 20.0, 1023.69897461
230.0, 30.0, 20.0, 962.04302979
230.0, 40.0, 20.0, 943.91802979
230.0, 50.0, 20.0, 947.67578125
230.0, 60.0, 20.0, 847.94921875
230.0, 70.0, 20.0, 866.12500000
230.0, 80.0, 20.0, 836.95312500
230.0, 90.0, 20.0, 799.36718750
230.0, 100.0, 20.0, 809.49218750
230.0, 110.0, 20.0, 904.24218750
230.0, 120.0, 20.0, 894.80859375
230.0, 130.0, 20.0, 860.95312500
230.0, 140.0, 20.0, 890.86328125
230.0, 150.0, 20.0, 883.77337646
230.0, 160.0, 20.0, 738.05468750
230.0, 170.0, 20.0, 667.62500000
230.0, 180.0, 20.0, 749.19531250
230.0, 190.0, 20.0, 725.54302979
230.0, 200.0, 20.0, 691.59381104
230.0, 210.0, 20.0, 691.55078125
230.0, 220.0, 20.0, 588.23437500
230.0, 230.0, 20.0, 643.75000000
230.0, 240.0, 20.0, 415.30081177
230.0, 250.0, 20.0, 203.18359375
230.0, 260.0, 20.0, 236.29690552
