S3D
I=24,J=27,K=3
0.0, 0.0, 0.0, 1316.60205078
0.0, 10.0, 0.0, 1339.80505371
0.0, 20.0, 0.0, 1368.93798828
0.0, 30.0, 0.0, 1093.16394043
0.0, 40.0, 0.0, 818.42187500
0.0, 50.0, 0.0, 744.66412354
0.0, 60.0, 0.0, 805.27337646
0.0, 70.0, 0.0, 874.03118896
0.0, 80.0, 0.0, 941.19531250
0.0, 90.0, 0.0, 995.64062500
0.0, 100.0, 0.0, 1057.82800293
0.0, 110.0, 0.0, 1077.25000000
0.0, 120.0, 0.0, 1103.85900879
0.0, 130.0, 0.0, 1160.82800293
0.0, 140.0, 0.0, 1215.16394043
0.0, 150.0, 0.0, 1268.69494629
0.0, 160.0, 0.0, 1310.60900879
0.0, 170.0, 0.0, 1416.08605957
0.0, 180.0, 0.0, 1370.67199707
0.0, 190.0, 0.0, 1367.88305664
0.0, 200.0, 0.0, 1354.76599121
0.0, 210.0, 0.0, 1458.25805664
0.0, 220.0, 0.0, 1447.41394043
0.0, 230.0, 0.0, 1347.09399414
0.0, 240.0, 0.0, 1355.85205078
0.0, 250.0, 0.0, 1360.16394043
0.0, 260.0, 0.0, 1352.71899414
10.0, 0.0, 0.0, 1389.50805664
10.0, 10.0, 0.0, 1331.70300293
10.0, 20.0, 0.0, 1227.77294922
10.0, 30.0, 0.0, 1089.78894043
10.0, 40.0, 0.0, 851.34381104
10.0, 50.0, 0.0, 830.37500000
10.0, 60.0, 0.0, 882.75781250
10.0, 70.0, 0.0, 967.65618896
10.0, 80.0, 0.0, 1062.11694336
10.0, 90.0, 0.0, 1173.29699707
10.0, 100.0, 0.0, 1245.51599121
10.0, 110.0, 0.0, 1304.62500000
10.0, 120.0, 0.0, 1347.78100586
10.0, 130.0, 0.0, 1382.68798828
10.0, 140.0, 0.0, 1415.14794922
10.0, 150.0, 0.0, 1420.48400879
10.0, 160.0, 0.0, 1432.24194336
10.0, 170.0, 0.0, 1449.27294922
10.0, 180.0, 0.0, 1446.73400879
10.0, 190.0, 0.0, 1564.06201172
10.0, 200.0, 0.0, 1497.14099121
10.0, 210.0, 0.0, 1497.00805664
10.0, 220.0, 0.0, 1493.10205078
10.0, 230.0, 0.0, 1463.61694336
10.0, 240.0, 0.0, 1446.75000000
10.0, 250.0, 0.0, 1442.56201172
10.0, 260.0, 0.0, 1452.94494629
20.0, 0.0, 0.0, 1372.87500000
20.0, 10.0, 0.0, 1238.49194336
20.0, 20.0, 0.0, 1217.31994629
20.0, 30.0, 0.0, 1204.46899414
20.0, 40.0, 0.0, 830.17968750
20.0, 50.0, 0.0, 941.92187500
20.0, 60.0, 0.0, 984.38281250
20.0, 70.0, 0.0, 1065.08605957
20.0, 80.0, 0.0, 1139.66394043
20.0, 90.0, 0.0, 1225.00805664
20.0, 100.0, 0.0, 1292.76599121
20.0, 110.0, 0.0, 1354.28100586
20.0, 120.0, 0.0, 1407.37500000
20.0, 130.0, 0.0, 1441.72705078
20.0, 140.0, 0.0, 1449.70300293
20.0, 150.0, 0.0, 1459.44494629
20.0, 160.0, 0.0, 1473.88305664
20.0, 170.0, 0.0, 1476.12500000
20.0, 180.0, 0.0, 1503.88305664
20.0, 190.0, 0.0, 1532.14099121
20.0, 200.0, 0.0, 1586.68798828
20.0, 210.0, 0.0, 1594.68005371
20.0, 220.0, 0.0, 1583.67199707
20.0, 230.0, 0.0, 1551.50000000
20.0, 240.0, 0.0, 1518.41394043
20.0, 250.0, 0.0, 1505.87500000
20.0, 260.0, 0.0, 1515.62500000
30.0, 0.0, 0.0, 1252.00805664
30.0, 10.0, 0.0, 1072.29699707
30.0, 20.0, 0.0, 1080.48400879
30.0, 30.0, 0.0, 1146.92199707
30.0, 40.0, 0.0, 764.45312500
30.0, 50.0, 0.0, 938.35162354
30.0, 60.0, 0.0, 1015.09399414
30.0, 70.0, 0.0, 1071.89794922
30.0, 80.0, 0.0, 1133.47705078
30.0, 90.0, 0.0, 1231.51599121
30.0, 100.0, 0.0, 1322.43798828
30.0, 110.0, 0.0, 1371.67199707
30.0, 120.0, 0.0, 1414.57800293
30.0, 130.0, 0.0, 1445.46105957
30.0, 140.0, 0.0, 1485.35900879
30.0, 150.0, 0.0, 1511.40600586
30.0, 160.0, 0.0, 1539.00805664
30.0, 170.0, 0.0, 1549.64099121
30.0, 180.0, 0.0, 1555.96899414
30.0, 190.0, 0.0, 1627.12500000
30.0, 200.0, 0.0, 1659.87500000
30.0, 210.0, 0.0, 1695.12500000
30.0, 220.0, 0.0, 1694.25000000
30.0, 230.0, 0.0, 1652.68005371
30.0, 240.0, 0.0, 1621.50805664
30.0, 250.0, 0.0, 1598.06201172
30.0, 260.0, 0.0, 1597.95300293
40.0, 0.0, 0.0, 1056.11694336
40.0, 10.0, 0.0, 904.01562500
40.0, 20.0, 0.0, 898.37500000
40.0, 30.0, 0.0, 746.78912354
40.0, 40.0, 0.0, 762.35162354
40.0, 50.0, 0.0, 910.34381104
40.0, 60.0, 0.0, 1047.89099121
40.0, 70.0, 0.0, 1134.88305664
40.0, 80.0, 0.0, 1194.68005371
40.0, 90.0, 0.0, 1268.64794922
40.0, 100.0, 0.0, 1338.41394043
40.0, 110.0, 0.0, 1438.34399414
40.0, 120.0, 0.0, 1489.25000000
40.0, 130.0, 0.0, 1501.06201172
40.0, 140.0, 0.0, 1531.61694336
40.0, 150.0, 0.0, 1573.18005371
40.0, 160.0, 0.0, 1609.68798828
40.0, 170.0, 0.0, 1646.06994629
40.0, 180.0, 0.0, 1648.30505371
40.0, 190.0, 0.0, 1687.81201172
40.0, 200.0, 0.0, 1722.10205078
40.0, 210.0, 0.0, 1774.44494629
40.0, 220.0, 0.0, 1771.98400879
40.0, 230.0, 0.0, 1748.40600586
40.0, 240.0, 0.0, 1721.31994629
40.0, 250.0, 0.0, 1703.18005371
40.0, 260.0, 0.0, 1670.37500000
50.0, 0.0, 0.0, 922.93750000
50.0, 10.0, 0.0, 1036.92199707
50.0, 20.0, 0.0, 964.81250000
50.0, 30.0, 0.0, 726.25000000
50.0, 40.0, 0.0, 754.89837646
50.0, 50.0, 0.0, 935.60162354
50.0, 60.0, 0.0, 1043.56994629
50.0, 70.0, 0.0, 1200.11694336
50.0, 80.0, 0.0, 1327.37500000
50.0, 90.0, 0.0, 1379.24194336
50.0, 100.0, 0.0, 1381.35900879
50.0, 110.0, 0.0, 1467.47705078
50.0, 120.0, 0.0, 1521.60205078
50.0, 130.0, 0.0, 1542.80505371
50.0, 140.0, 0.0, 1569.60900879
50.0, 150.0, 0.0, 1638.46105957
50.0, 160.0, 0.0, 1691.85205078
50.0, 170.0, 0.0, 1722.92199707
50.0, 180.0, 0.0, 1725.75805664
50.0, 190.0, 0.0, 1715.32800293
50.0, 200.0, 0.0, 1751.84399414
50.0, 210.0, 0.0, 1814.59399414
50.0, 220.0, 0.0, 1827.53894043
50.0, 230.0, 0.0, 1803.16394043
50.0, 240.0, 0.0, 1787.89099121
50.0, 250.0, 0.0, 1764.51599121
50.0, 260.0, 0.0, 1728.34399414
60.0, 0.0, 0.0, 1076.71899414
60.0, 10.0, 0.0, 964.71087646
60.0, 20.0, 0.0, 1108.29699707
60.0, 30.0, 0.0, 992.78118896
60.0, 40.0, 0.0, 992.40618896
60.0, 50.0, 0.0, 1273.14099121
60.0, 60.0, 0.0, 1303.98400879
60.0, 70.0, 0.0, 1324.76599121
60.0, 80.0, 0.0, 1376.47705078
60.0, 90.0, 0.0, 1508.65600586
60.0, 100.0, 0.0, 1548.89794922
60.0, 110.0, 0.0, 1580.92199707
60.0, 120.0, 0.0, 1636.17199707
60.0, 130.0, 0.0, 1644.44494629
60.0, 140.0, 0.0, 1717.62500000
60.0, 150.0, 0.0, 1752.81994629
60.0, 160.0, 0.0, 1760.37500000
60.0, 170.0, 0.0, 1759.98400879
60.0, 180.0, 0.0, 1737.25805664
60.0, 190.0, 0.0, 1733.63305664
60.0, 200.0, 0.0, 1779.41394043
60.0, 210.0, 0.0, 1809.25000000
60.0, 220.0, 0.0, 1846.39794922
60.0, 230.0, 0.0, 1835.67199707
60.0, 240.0, 0.0, 1810.73400879
60.0, 250.0, 0.0, 1791.96899414
60.0, 260.0, 0.0, 1757.42199707
70.0, 0.0, 0.0, 1091.82800293
70.0, 10.0, 0.0, 966.03118896
70.0, 20.0, 0.0, 1138.81201172
70.0, 30.0, 0.0, 1172.18798828
70.0, 40.0, 0.0, 1261.74194336
70.0, 50.0, 0.0, 1428.75805664
70.0, 60.0, 0.0, 1519.46105957
70.0, 70.0, 0.0, 1532.65600586
70.0, 80.0, 0.0, 1579.19494629
70.0, 90.0, 0.0, 1670.25805664
70.0, 100.0, 0.0, 1697.14794922
70.0, 110.0, 0.0, 1748.43798828
70.0, 120.0, 0.0, 1772.04699707
70.0, 130.0, 0.0, 1772.15600586
70.0, 140.0, 0.0, 1889.15600586
70.0, 150.0, 0.0, 1887.50000000
70.0, 160.0, 0.0, 1886.16394043
70.0, 170.0, 0.0, 1858.76599121
70.0, 180.0, 0.0, 1826.64099121
70.0, 190.0, 0.0, 1806.05505371
70.0, 200.0, 0.0, 1824.47705078
70.0, 210.0, 0.0, 1826.04699707
70.0, 220.0, 0.0, 1838.08605957
70.0, 230.0, 0.0, 1833.14099121
70.0, 240.0, 0.0, 1804.73400879
70.0, 250.0, 0.0, 1782.93005371
70.0, 260.0, 0.0, 1745.54699707
80.0, 0.0, 0.0, 1048.95300293
80.0, 10.0, 0.0, 1086.66394043
80.0, 20.0, 0.0, 1179.58605957
80.0, 30.0, 0.0, 1207.87500000
80.0, 40.0, 0.0, 1347.21105957
80.0, 50.0, 0.0, 1587.23400879
80.0, 60.0, 0.0, 1696.47705078
80.0, 70.0, 0.0, 1688.67199707
80.0, 80.0, 0.0, 1702.73400879
80.0, 90.0, 0.0, 1811.80505371
80.0, 100.0, 0.0, 1886.52294922
80.0, 110.0, 0.0, 1846.79699707
80.0, 120.0, 0.0, 1903.18005371
80.0, 130.0, 0.0, 1987.05505371
80.0, 140.0, 0.0, 2028.26599121
80.0, 150.0, 0.0, 2038.48400879
80.0, 160.0, 0.0, 1991.02294922
80.0, 170.0, 0.0, 1933.24194336
80.0, 180.0, 0.0, 1910.33605957
80.0, 190.0, 0.0, 1844.56201172
80.0, 200.0, 0.0, 1815.85900879
80.0, 210.0, 0.0, 1797.83605957
80.0, 220.0, 0.0, 1790.85900879
80.0, 230.0, 0.0, 1782.10900879
80.0, 240.0, 0.0, 1757.78100586
80.0, 250.0, 0.0, 1738.04699707
80.0, 260.0, 0.0, 1695.25000000
90.0, 0.0, 0.0, 1091.78894043
90.0, 10.0, 0.0, 1211.97705078
90.0, 20.0, 0.0, 1329.04699707
90.0, 30.0, 0.0, 1422.56201172
90.0, 40.0, 0.0, 1564.79699707
90.0, 50.0, 0.0, 1751.31201172
90.0, 60.0, 0.0, 1880.64099121
90.0, 70.0, 0.0, 1810.46899414
90.0, 80.0, 0.0, 1854.53894043
90.0, 90.0, 0.0, 1876.07800293
90.0, 100.0, 0.0, 1959.51599121
90.0, 110.0, 0.0, 1985.14099121
90.0, 120.0, 0.0, 2013.64794922
90.0, 130.0, 0.0, 2052.85888672
90.0, 140.0, 0.0, 2085.50805664
90.0, 150.0, 0.0, 2032.85205078
90.0, 160.0, 0.0, 2013.34399414
90.0, 170.0, 0.0, 1995.60900879
90.0, 180.0, 0.0, 1951.78894043
90.0, 190.0, 0.0, 1881.50805664
90.0, 200.0, 0.0, 1813.41394043
90.0, 210.0, 0.0, 1797.66394043
90.0, 220.0, 0.0, 1747.26599121
90.0, 230.0, 0.0, 1730.89794922
90.0, 240.0, 0.0, 1711.60900879
90.0, 250.0, 0.0, 1689.30505371
90.0, 260.0, 0.0, 1653.78894043
100.0, 0.0, 0.0, 1165.86694336
100.0, 10.0, 0.0, 1403.53100586
100.0, 20.0, 0.0, 1465.72705078
100.0, 30.0, 0.0, 1636.74194336
100.0, 40.0, 0.0, 1759.55505371
100.0, 50.0, 0.0, 1894.00000000
100.0, 60.0, 0.0, 1997.18798828
100.0, 70.0, 0.0, 2065.98388672
100.0, 80.0, 0.0, 2026.03100586
100.0, 90.0, 0.0, 2104.35205078
100.0, 100.0, 0.0, 2171.24194336
100.0, 110.0, 0.0, 2156.46899414
100.0, 120.0, 0.0, 2178.99194336
100.0, 130.0, 0.0, 2174.41406250
100.0, 140.0, 0.0, 2127.91406250
100.0, 150.0, 0.0, 2026.25000000
100.0, 160.0, 0.0, 1986.25805664
100.0, 170.0, 0.0, 2063.30493164
100.0, 180.0, 0.0, 2004.78100586
100.0, 190.0, 0.0, 1979.60205078
100.0, 200.0, 0.0, 1905.02294922
100.0, 210.0, 0.0, 1834.13305664
100.0, 220.0, 0.0, 1757.92199707
100.0, 230.0, 0.0, 1714.35900879
100.0, 240.0, 0.0, 1706.06201172
100.0, 250.0, 0.0, 1670.19494629
100.0, 260.0, 0.0, 1622.79699707
110.0, 0.0, 0.0, 1269.21899414
110.0, 10.0, 0.0, 1380.35205078
110.0, 20.0, 0.0, 1597.39794922
110.0, 30.0, 0.0, 1795.30505371
110.0, 40.0, 0.0, 2058.79711914
110.0, 50.0, 0.0, 2194.34399414
110.0, 60.0, 0.0, 2181.01611328
110.0, 70.0, 0.0, 2284.37500000
110.0, 80.0, 0.0, 2265.60205078
110.0, 90.0, 0.0, 2244.67211914
110.0, 100.0, 0.0, 2384.34399414
110.0, 110.0, 0.0, 2317.99194336
110.0, 120.0, 0.0, 2248.81201172
110.0, 130.0, 0.0, 2253.77294922
110.0, 140.0, 0.0, 2145.57788086
110.0, 150.0, 0.0, 2092.39111328
110.0, 160.0, 0.0, 2016.46105957
110.0, 170.0, 0.0, 2077.21899414
110.0, 180.0, 0.0, 2052.55493164
110.0, 190.0, 0.0, 2030.78100586
110.0, 200.0, 0.0, 2023.47705078
110.0, 210.0, 0.0, 1938.38305664
110.0, 220.0, 0.0, 1841.45300293
110.0, 230.0, 0.0, 1757.42199707
110.0, 240.0, 0.0, 1763.89099121
110.0, 250.0, 0.0, 1739.89794922
110.0, 260.0, 0.0, 1664.19494629
120.0, 0.0, 0.0, 1327.89794922
120.0, 10.0, 0.0, 1704.26599121
120.0, 20.0, 0.0, 1803.63305664
120.0, 30.0, 0.0, 1874.25000000
120.0, 40.0, 0.0, 2251.07006836
120.0, 50.0, 0.0, 2328.79711914
120.0, 60.0, 0.0, 2307.68798828
120.0, 70.0, 0.0, 2311.11694336
120.0, 80.0, 0.0, 2294.98388672
120.0, 90.0, 0.0, 2272.02294922
120.0, 100.0, 0.0, 2461.42211914
120.0, 110.0, 0.0, 2370.24194336
120.0, 120.0, 0.0, 2364.44506836
120.0, 130.0, 0.0, 2286.00805664
120.0, 140.0, 0.0, 2163.00000000
120.0, 150.0, 0.0, 2005.83605957
120.0, 160.0, 0.0, 2022.46105957
120.0, 170.0, 0.0, 1682.65600586
120.0, 180.0, 0.0, 2072.40600586
120.0, 190.0, 0.0, 2040.78894043
120.0, 200.0, 0.0, 2073.21093750
120.0, 210.0, 0.0, 2037.65600586
120.0, 220.0, 0.0, 1923.06201172
120.0, 230.0, 0.0, 1843.13305664
120.0, 240.0, 0.0, 1852.50000000
120.0, 250.0, 0.0, 1831.11694336
120.0, 260.0, 0.0, 1771.34399414
130.0, 0.0, 0.0, 1349.12500000
130.0, 10.0, 0.0, 1648.77294922
130.0, 20.0, 0.0, 1879.75000000
130.0, 30.0, 0.0, 2051.65600586
130.0, 40.0, 0.0, 2154.56201172
130.0, 50.0, 0.0, 2353.07788086
130.0, 60.0, 0.0, 2449.89111328
130.0, 70.0, 0.0, 2488.33593750
130.0, 80.0, 0.0, 2554.72705078
130.0, 90.0, 0.0, 2293.71899414
130.0, 100.0, 0.0, 2457.54711914
130.0, 110.0, 0.0, 2508.21093750
130.0, 120.0, 0.0, 2507.21899414
130.0, 130.0, 0.0, 2404.85205078
130.0, 140.0, 0.0, 2333.14794922
130.0, 150.0, 0.0, 2283.83593750
130.0, 160.0, 0.0, 1992.75000000
130.0, 170.0, 0.0, 2089.12500000
130.0, 180.0, 0.0, 1611.08605957
130.0, 190.0, 0.0, 2103.40600586
130.0, 200.0, 0.0, 2117.47705078
130.0, 210.0, 0.0, 2151.29711914
130.0, 220.0, 0.0, 2094.63305664
130.0, 230.0, 0.0, 2027.85900879
130.0, 240.0, 0.0, 1978.42199707
130.0, 250.0, 0.0, 1900.98400879
130.0, 260.0, 0.0, 1832.81994629
140.0, 0.0, 0.0, 1376.21899414
140.0, 10.0, 0.0, 1460.35900879
140.0, 20.0, 0.0, 1713.10900879
140.0, 30.0, 0.0, 2019.28100586
140.0, 40.0, 0.0, 2206.88305664
140.0, 50.0, 0.0, 2477.70288086
140.0, 60.0, 0.0, 2587.09399414
140.0, 70.0, 0.0, 2526.25000000
140.0, 80.0, 0.0, 2584.33593750
140.0, 90.0, 0.0, 2495.39794922
140.0, 100.0, 0.0, 2417.26611328
140.0, 110.0, 0.0, 2544.05493164
140.0, 120.0, 0.0, 2619.70288086
140.0, 130.0, 0.0, 2562.53100586
140.0, 140.0, 0.0, 2470.67211914
140.0, 150.0, 0.0, 2311.92993164
140.0, 160.0, 0.0, 2127.25000000
140.0, 170.0, 0.0, 2003.60900879
140.0, 180.0, 0.0, 1739.28894043
140.0, 190.0, 0.0, 1798.94494629
140.0, 200.0, 0.0, 2158.21093750
140.0, 210.0, 0.0, 2181.35888672
140.0, 220.0, 0.0, 2168.71093750
140.0, 230.0, 0.0, 2109.99194336
140.0, 240.0, 0.0, 2011.60205078
140.0, 250.0, 0.0, 1904.21105957
140.0, 260.0, 0.0, 1797.21105957
150.0, 0.0, 0.0, 1201.39099121
150.0, 10.0, 0.0, 1310.21899414
150.0, 20.0, 0.0, 1672.46105957
150.0, 30.0, 0.0, 2033.92199707
150.0, 40.0, 0.0, 2185.62500000
150.0, 50.0, 0.0, 2368.51611328
150.0, 60.0, 0.0, 2490.88305664
150.0, 70.0, 0.0, 2512.86694336
150.0, 80.0, 0.0, 2614.99194336
150.0, 90.0, 0.0, 2682.27294922
150.0, 100.0, 0.0, 2687.68798828
150.0, 110.0, 0.0, 2652.94506836
150.0, 120.0, 0.0, 2706.71093750
150.0, 130.0, 0.0, 2628.57788086
150.0, 140.0, 0.0, 2480.06201172
150.0, 150.0, 0.0, 2339.35888672
150.0, 160.0, 0.0, 2136.38305664
150.0, 170.0, 0.0, 2063.07006836
150.0, 180.0, 0.0, 1966.90600586
150.0, 190.0, 0.0, 1470.10205078
150.0, 200.0, 0.0, 1807.46899414
150.0, 210.0, 0.0, 2152.23388672
150.0, 220.0, 0.0, 2186.09399414
150.0, 230.0, 0.0, 2142.85888672
150.0, 240.0, 0.0, 2022.46105957
150.0, 250.0, 0.0, 1878.41394043
150.0, 260.0, 0.0, 1739.72705078
160.0, 0.0, 0.0, 1127.22705078
160.0, 10.0, 0.0, 1529.04699707
160.0, 20.0, 0.0, 1929.04699707
160.0, 30.0, 0.0, 2030.57800293
160.0, 40.0, 0.0, 2297.29711914
160.0, 50.0, 0.0, 2428.01611328
160.0, 60.0, 0.0, 2578.80493164
160.0, 70.0, 0.0, 2652.04711914
160.0, 80.0, 0.0, 2710.22705078
160.0, 90.0, 0.0, 2757.32788086
160.0, 100.0, 0.0, 2747.00805664
160.0, 110.0, 0.0, 2696.00805664
160.0, 120.0, 0.0, 2647.73388672
160.0, 130.0, 0.0, 2520.51611328
160.0, 140.0, 0.0, 2389.65600586
160.0, 150.0, 0.0, 2207.64111328
160.0, 160.0, 0.0, 2080.07006836
160.0, 170.0, 0.0, 1973.26599121
160.0, 180.0, 0.0, 1944.63305664
160.0, 190.0, 0.0, 1760.24194336
160.0, 200.0, 0.0, 1619.64794922
160.0, 210.0, 0.0, 1992.19494629
160.0, 220.0, 0.0, 2075.70288086
160.0, 230.0, 0.0, 2075.57788086
160.0, 240.0, 0.0, 1973.91394043
160.0, 250.0, 0.0, 1804.41394043
160.0, 260.0, 0.0, 1652.00000000
170.0, 0.0, 0.0, 900.49218750
170.0, 10.0, 0.0, 1337.17199707
170.0, 20.0, 0.0, 1887.56201172
170.0, 30.0, 0.0, 2161.47705078
170.0, 40.0, 0.0, 2342.17993164
170.0, 50.0, 0.0, 2460.45288086
170.0, 60.0, 0.0, 2530.64794922
170.0, 70.0, 0.0, 2608.01611328
170.0, 80.0, 0.0, 2711.75000000
170.0, 90.0, 0.0, 2687.93798828
170.0, 100.0, 0.0, 2650.75805664
170.0, 110.0, 0.0, 2707.03100586
170.0, 120.0, 0.0, 2631.49194336
170.0, 130.0, 0.0, 2393.56201172
170.0, 140.0, 0.0, 2205.71093750
170.0, 150.0, 0.0, 2056.80493164
170.0, 160.0, 0.0, 1940.96105957
170.0, 170.0, 0.0, 1842.97705078
170.0, 180.0, 0.0, 1799.58605957
170.0, 190.0, 0.0, 1728.58605957
170.0, 200.0, 0.0, 1409.31994629
170.0, 210.0, 0.0, 1718.91394043
170.0, 220.0, 0.0, 1817.91394043
170.0, 230.0, 0.0, 1966.13305664
170.0, 240.0, 0.0, 1905.14794922
170.0, 250.0, 0.0, 1714.17199707
170.0, 260.0, 0.0, 1543.77294922
180.0, 0.0, 0.0, 1341.81201172
180.0, 10.0, 0.0, 1096.81201172
180.0, 20.0, 0.0, 2221.44506836
180.0, 30.0, 0.0, 2351.28906250
180.0, 40.0, 0.0, 2375.62500000
180.0, 50.0, 0.0, 2394.60888672
180.0, 60.0, 0.0, 2464.81201172
180.0, 70.0, 0.0, 2520.21899414
180.0, 80.0, 0.0, 2637.03906250
180.0, 90.0, 0.0, 2593.74194336
180.0, 100.0, 0.0, 2661.28906250
180.0, 110.0, 0.0, 2614.49194336
180.0, 120.0, 0.0, 2527.21093750
180.0, 130.0, 0.0, 2388.50805664
180.0, 140.0, 0.0, 2226.91406250
180.0, 150.0, 0.0, 2030.53100586
180.0, 160.0, 0.0, 1953.77294922
180.0, 170.0, 0.0, 1941.86694336
180.0, 180.0, 0.0, 1756.76599121
180.0, 190.0, 0.0, 1621.35900879
180.0, 200.0, 0.0, 1447.88305664
180.0, 210.0, 0.0, 1559.67199707
180.0, 220.0, 0.0, 1476.03100586
180.0, 230.0, 0.0, 1856.05505371
180.0, 240.0, 0.0, 1851.22705078
180.0, 250.0, 0.0, 1651.22705078
180.0, 260.0, 0.0, 1420.09399414
190.0, 0.0, 0.0, 1565.42199707
190.0, 10.0, 0.0, 1755.93005371
190.0, 20.0, 0.0, 2234.32788086
190.0, 30.0, 0.0, 2314.25000000
190.0, 40.0, 0.0, 2318.00000000
190.0, 50.0, 0.0, 2385.58593750
190.0, 60.0, 0.0, 2352.26611328
190.0, 70.0, 0.0, 2382.52294922
190.0, 80.0, 0.0, 2527.14794922
190.0, 90.0, 0.0, 2564.64794922
190.0, 100.0, 0.0, 2565.93798828
190.0, 110.0, 0.0, 2441.78100586
190.0, 120.0, 0.0, 2375.38305664
190.0, 130.0, 0.0, 2254.49194336
190.0, 140.0, 0.0, 2285.23388672
190.0, 150.0, 0.0, 2124.86694336
190.0, 160.0, 0.0, 1960.07800293
190.0, 170.0, 0.0, 2016.69494629
190.0, 180.0, 0.0, 1975.97705078
190.0, 190.0, 0.0, 1976.19494629
190.0, 200.0, 0.0, 1472.86694336
190.0, 210.0, 0.0, 1578.29699707
190.0, 220.0, 0.0, 1448.77294922
190.0, 230.0, 0.0, 1699.53894043
190.0, 240.0, 0.0, 1729.48400879
190.0, 250.0, 0.0, 1536.00000000
190.0, 260.0, 0.0, 1286.66394043
200.0, 0.0, 0.0, 1998.53100586
200.0, 10.0, 0.0, 1659.60900879
200.0, 20.0, 0.0, 2126.48388672
200.0, 30.0, 0.0, 2503.53906250
200.0, 40.0, 0.0, 2386.29711914
200.0, 50.0, 0.0, 2434.43798828
200.0, 60.0, 0.0, 2453.24194336
200.0, 70.0, 0.0, 2332.85888672
200.0, 80.0, 0.0, 2355.24194336
200.0, 90.0, 0.0, 2484.09399414
200.0, 100.0, 0.0, 2458.28100586
200.0, 110.0, 0.0, 2421.17211914
200.0, 120.0, 0.0, 2301.29711914
200.0, 130.0, 0.0, 2229.18798828
200.0, 140.0, 0.0, 2320.57788086
200.0, 150.0, 0.0, 2087.72705078
200.0, 160.0, 0.0, 2161.17993164
200.0, 170.0, 0.0, 2031.93005371
200.0, 180.0, 0.0, 1829.34399414
200.0, 190.0, 0.0, 2064.79711914
200.0, 200.0, 0.0, 2097.88305664
200.0, 210.0, 0.0, 2007.95300293
200.0, 220.0, 0.0, 1827.32800293
200.0, 230.0, 0.0, 1736.84399414
200.0, 240.0, 0.0, 1493.31994629
200.0, 250.0, 0.0, 1442.34399414
200.0, 260.0, 0.0, 1159.85205078
210.0, 0.0, 0.0, 2380.24194336
210.0, 10.0, 0.0, 2445.27294922
210.0, 20.0, 0.0, 2376.20288086
210.0, 30.0, 0.0, 2052.44506836
210.0, 40.0, 0.0, 2541.35205078
210.0, 50.0, 0.0, 2607.21093750
210.0, 60.0, 0.0, 2361.72705078
210.0, 70.0, 0.0, 2183.49194336
210.0, 80.0, 0.0, 2257.56201172
210.0, 90.0, 0.0, 2424.62500000
210.0, 100.0, 0.0, 2486.01611328
210.0, 110.0, 0.0, 2420.14111328
210.0, 120.0, 0.0, 2188.03100586
210.0, 130.0, 0.0, 2308.82006836
210.0, 140.0, 0.0, 2407.25000000
210.0, 150.0, 0.0, 2289.35205078
210.0, 160.0, 0.0, 2054.70288086
210.0, 170.0, 0.0, 2151.39111328
210.0, 180.0, 0.0, 2066.71093750
210.0, 190.0, 0.0, 1949.06201172
210.0, 200.0, 0.0, 1968.26599121
210.0, 210.0, 0.0, 2095.44506836
210.0, 220.0, 0.0, 1683.03100586
210.0, 230.0, 0.0, 1101.76599121
210.0, 240.0, 0.0, 1268.26599121
210.0, 250.0, 0.0, 1154.25000000
210.0, 260.0, 0.0, 1006.64801025
220.0, 0.0, 0.0, 2844.89794922
220.0, 10.0, 0.0, 2572.64111328
220.0, 20.0, 0.0, 2550.11694336
220.0, 30.0, 0.0, 2608.87500000
220.0, 40.0, 0.0, 2614.95288086
220.0, 50.0, 0.0, 2601.53100586
220.0, 60.0, 0.0, 2422.03100586
220.0, 70.0, 0.0, 2202.38305664
220.0, 80.0, 0.0, 2226.34399414
220.0, 90.0, 0.0, 2241.46899414
220.0, 100.0, 0.0, 2373.95288086
220.0, 110.0, 0.0, 2201.23388672
220.0, 120.0, 0.0, 2049.39794922
220.0, 130.0, 0.0, 2063.39111328
220.0, 140.0, 0.0, 2414.45288086
220.0, 150.0, 0.0, 2424.23388672
220.0, 160.0, 0.0, 2353.65600586
220.0, 170.0, 0.0, 2263.14111328
220.0, 180.0, 0.0, 2237.42211914
220.0, 190.0, 0.0, 1974.29699707
220.0, 200.0, 0.0, 1786.75000000
220.0, 210.0, 0.0, 2132.65600586
220.0, 220.0, 0.0, 2079.55493164
220.0, 230.0, 0.0, 1840.56994629
220.0, 240.0, 0.0, 1084.39099121
220.0, 250.0, 0.0, 593.26562500
220.0, 260.0, 0.0, 771.35162354
230.0, 0.0, 0.0, 2819.24194336
230.0, 10.0, 0.0, 2794.69506836
230.0, 20.0, 0.0, 2783.25000000
230.0, 30.0, 0.0, 2615.74194336
230.0, 40.0, 0.0, 2569.83593750
230.0, 50.0, 0.0, 2586.18798828
230.0, 60.0, 0.0, 2321.00000000
230.0, 70.0, 0.0, 2371.15600586
230.0, 80.0, 0.0, 2290.87500000
230.0, 90.0, 0.0, 2181.62500000
230.0, 100.0, 0.0, 2205.00000000
230.0, 110.0, 0.0, 2451.41406250
230.0, 120.0, 0.0, 2424.76611328
230.0, 130.0, 0.0, 2331.34399414
230.0, 140.0, 0.0, 2411.49194336
230.0, 150.0, 0.0, 2393.73388672
230.0, 160.0, 0.0, 2000.98400879
230.0, 170.0, 0.0, 1812.60900879
230.0, 180.0, 0.0, 2032.16394043
230.0, 190.0, 0.0, 1968.37500000
230.0, 200.0, 0.0, 1875.07800293
230.0, 210.0, 0.0, 1873.85205078
230.0, 220.0, 0.0, 1596.21899414
230.0, 230.0, 0.0, 1745.93005371
230.0, 240.0, 0.0, 1134.18798828
230.0, 250.0, 0.0, 567.08587646
230.0, 260.0, 0.0, 675.25000000
0.0, 0.0, 10.0, 1020.92999268
0.0, 10.0, 10.0, 1040.05102539
0.0, 20.0, 10.0, 1063.02697754
0.0, 30.0, 10.0, 781.16412354
0.0, 40.0, 10.0, 512.10162354
0.0, 50.0, 10.0, 477.03909302
0.0, 60.0, 10.0, 534.12500000
0.0, 70.0, 10.0, 585.60937500
0.0, 80.0, 10.0, 630.43750000
0.0, 90.0, 10.0, 664.56250000
0.0, 100.0, 10.0, 704.21087646
0.0, 110.0, 10.0, 720.00781250
0.0, 120.0, 10.0, 746.72662354
0.0, 130.0, 10.0, 796.72662354
0.0, 140.0, 10.0, 839.64062500
0.0, 150.0, 10.0, 890.81250000
0.0, 160.0, 10.0, 926.11718750
0.0, 170.0, 10.0, 1011.83599854
0.0, 180.0, 10.0, 971.67968750
0.0, 190.0, 10.0, 966.33587646
0.0, 200.0, 10.0, 953.53912354
0.0, 210.0, 10.0, 1035.05505371
0.0, 220.0, 10.0, 1026.26599121
0.0, 230.0, 10.0, 940.42968750
0.0, 240.0, 10.0, 952.17968750
0.0, 250.0, 10.0, 959.31250000
0.0, 260.0, 10.0, 953.64837646
10.0, 0.0, 10.0, 1087.03894043
10.0, 10.0, 10.0, 1043.06201172
10.0, 20.0, 10.0, 956.00781250
10.0, 30.0, 10.0, 753.60937500
10.0, 40.0, 10.0, 534.42968750
10.0, 50.0, 10.0, 539.34381104
10.0, 60.0, 10.0, 577.26562500
10.0, 70.0, 10.0, 641.25781250
10.0, 80.0, 10.0, 714.62500000
10.0, 90.0, 10.0, 804.81250000
10.0, 100.0, 10.0, 859.36718750
10.0, 110.0, 10.0, 907.51562500
10.0, 120.0, 10.0, 938.97662354
10.0, 130.0, 10.0, 959.99218750
10.0, 140.0, 10.0, 995.88281250
10.0, 150.0, 10.0, 1021.27301025
10.0, 160.0, 10.0, 1026.92199707
10.0, 170.0, 10.0, 1028.29699707
10.0, 180.0, 10.0, 1016.17199707
10.0, 190.0, 10.0, 1138.99194336
10.0, 200.0, 10.0, 1082.21899414
10.0, 210.0, 10.0, 1083.71899414
10.0, 220.0, 10.0, 1080.53894043
10.0, 230.0, 10.0, 1056.32800293
10.0, 240.0, 10.0, 1032.57800293
10.0, 250.0, 10.0, 1023.03100586
10.0, 260.0, 10.0, 1035.57800293
20.0, 0.0, 10.0, 1088.42602539
20.0, 10.0, 10.0, 968.98828125
20.0, 20.0, 10.0, 948.86718750
20.0, 30.0, 10.0, 894.09381104
20.0, 40.0, 10.0, 516.17187500
20.0, 50.0, 10.0, 621.68750000
20.0, 60.0, 10.0, 651.59381104
20.0, 70.0, 10.0, 712.78912354
20.0, 80.0, 10.0, 774.93750000
20.0, 90.0, 10.0, 850.66412354
20.0, 100.0, 10.0, 906.57812500
20.0, 110.0, 10.0, 955.23437500
20.0, 120.0, 10.0, 995.99218750
20.0, 130.0, 10.0, 1021.53100586
20.0, 140.0, 10.0, 1038.43005371
20.0, 150.0, 10.0, 1062.57800293
20.0, 160.0, 10.0, 1083.31994629
20.0, 170.0, 10.0, 1093.91394043
20.0, 180.0, 10.0, 1107.59399414
20.0, 190.0, 10.0, 1135.34399414
20.0, 200.0, 10.0, 1186.60900879
20.0, 210.0, 10.0, 1174.89794922
20.0, 220.0, 10.0, 1152.00000000
20.0, 230.0, 10.0, 1120.61694336
20.0, 240.0, 10.0, 1080.89099121
20.0, 250.0, 10.0, 1071.86694336
20.0, 260.0, 10.0, 1084.42199707
30.0, 0.0, 10.0, 984.41021729
30.0, 10.0, 10.0, 835.56250000
30.0, 20.0, 10.0, 844.05468750
30.0, 30.0, 10.0, 880.87500000
30.0, 40.0, 10.0, 492.03118896
30.0, 50.0, 10.0, 616.00000000
30.0, 60.0, 10.0, 670.27337646
30.0, 70.0, 10.0, 717.03912354
30.0, 80.0, 10.0, 771.13281250
30.0, 90.0, 10.0, 850.92187500
30.0, 100.0, 10.0, 927.97662354
30.0, 110.0, 10.0, 973.64062500
30.0, 120.0, 10.0, 1008.99200439
30.0, 130.0, 10.0, 1032.73400879
30.0, 140.0, 10.0, 1074.09399414
30.0, 150.0, 10.0, 1117.62500000
30.0, 160.0, 10.0, 1160.30505371
30.0, 170.0, 10.0, 1172.68005371
30.0, 180.0, 10.0, 1171.69494629
30.0, 190.0, 10.0, 1187.54699707
30.0, 200.0, 10.0, 1233.99194336
30.0, 210.0, 10.0, 1192.23400879
30.0, 220.0, 10.0, 1242.52294922
30.0, 230.0, 10.0, 1191.75805664
30.0, 240.0, 10.0, 1162.69494629
30.0, 250.0, 10.0, 1142.61694336
30.0, 260.0, 10.0, 1148.28100586
40.0, 0.0, 10.0, 820.39062500
40.0, 10.0, 10.0, 695.60937500
40.0, 20.0, 10.0, 661.62500000
40.0, 30.0, 10.0, 479.65618896
40.0, 40.0, 10.0, 462.13281250
40.0, 50.0, 10.0, 595.71881104
40.0, 60.0, 10.0, 688.80468750
40.0, 70.0, 10.0, 763.71881104
40.0, 80.0, 10.0, 813.63281250
40.0, 90.0, 10.0, 882.35937500
40.0, 100.0, 10.0, 952.57031250
40.0, 110.0, 10.0, 1035.33605957
40.0, 120.0, 10.0, 1071.89794922
40.0, 130.0, 10.0, 1075.03100586
40.0, 140.0, 10.0, 1101.85205078
40.0, 150.0, 10.0, 1166.96899414
40.0, 160.0, 10.0, 1228.28100586
40.0, 170.0, 10.0, 1267.56994629
40.0, 180.0, 10.0, 1260.02294922
40.0, 190.0, 10.0, 1244.55505371
40.0, 200.0, 10.0, 1258.43798828
40.0, 210.0, 10.0, 1315.59399414
40.0, 220.0, 10.0, 1301.04699707
40.0, 230.0, 10.0, 1290.10205078
40.0, 240.0, 10.0, 1253.33605957
40.0, 250.0, 10.0, 1231.33605957
40.0, 260.0, 10.0, 1207.56201172
50.0, 0.0, 10.0, 715.50000000
50.0, 10.0, 10.0, 777.87500000
50.0, 20.0, 10.0, 692.35937500
50.0, 30.0, 10.0, 446.85159302
50.0, 40.0, 10.0, 471.68750000
50.0, 50.0, 10.0, 586.26562500
50.0, 60.0, 10.0, 699.07812500
50.0, 70.0, 10.0, 813.88281250
50.0, 80.0, 10.0, 935.80468750
50.0, 90.0, 10.0, 993.48437500
50.0, 100.0, 10.0, 1013.87500000
50.0, 110.0, 10.0, 1095.46105957
50.0, 120.0, 10.0, 1137.64794922
50.0, 130.0, 10.0, 1153.97705078
50.0, 140.0, 10.0, 1183.96105957
50.0, 150.0, 10.0, 1254.40600586
50.0, 160.0, 10.0, 1301.53894043
50.0, 170.0, 10.0, 1326.28100586
50.0, 180.0, 10.0, 1326.67199707
50.0, 190.0, 10.0, 1279.68005371
50.0, 200.0, 10.0, 1278.96105957
50.0, 210.0, 10.0, 1378.71105957
50.0, 220.0, 10.0, 1378.78894043
50.0, 230.0, 10.0, 1349.50000000
50.0, 240.0, 10.0, 1316.03894043
50.0, 250.0, 10.0, 1283.71105957
50.0, 260.0, 10.0, 1257.24194336
60.0, 0.0, 10.0, 843.13281250
60.0, 10.0, 10.0, 717.53118896
60.0, 20.0, 10.0, 799.34381104
60.0, 30.0, 10.0, 688.77337646
60.0, 40.0, 10.0, 682.69531250
60.0, 50.0, 10.0, 942.46881104
60.0, 60.0, 10.0, 908.03118896
60.0, 70.0, 10.0, 956.52337646
60.0, 80.0, 10.0, 1001.68798828
60.0, 90.0, 10.0, 1119.96105957
60.0, 100.0, 10.0, 1160.49194336
60.0, 110.0, 10.0, 1187.47705078
60.0, 120.0, 10.0, 1231.34399414
60.0, 130.0, 10.0, 1241.44494629
60.0, 140.0, 10.0, 1300.35900879
60.0, 150.0, 10.0, 1334.39794922
60.0, 160.0, 10.0, 1349.29699707
60.0, 170.0, 10.0, 1353.73400879
60.0, 180.0, 10.0, 1318.39794922
60.0, 190.0, 10.0, 1266.23400879
60.0, 200.0, 10.0, 1298.54699707
60.0, 210.0, 10.0, 1346.37500000
60.0, 220.0, 10.0, 1383.32800293
60.0, 230.0, 10.0, 1348.26599121
60.0, 240.0, 10.0, 1328.10900879
60.0, 250.0, 10.0, 1307.29699707
60.0, 260.0, 10.0, 1279.64794922
70.0, 0.0, 10.0, 858.78118896
70.0, 10.0, 10.0, 719.71881104
70.0, 20.0, 10.0, 839.04687500
70.0, 30.0, 10.0, 837.11718750
70.0, 40.0, 10.0, 909.40618896
70.0, 50.0, 10.0, 1050.36694336
70.0, 60.0, 10.0, 1116.03100586
70.0, 70.0, 10.0, 1154.88305664
70.0, 80.0, 10.0, 1194.60205078
70.0, 90.0, 10.0, 1275.35900879
70.0, 100.0, 10.0, 1295.46105957
70.0, 110.0, 10.0, 1342.85900879
70.0, 120.0, 10.0, 1357.31201172
70.0, 130.0, 10.0, 1360.96899414
70.0, 140.0, 10.0, 1458.03894043
70.0, 150.0, 10.0, 1462.98400879
70.0, 160.0, 10.0, 1465.27294922
70.0, 170.0, 10.0, 1441.75000000
70.0, 180.0, 10.0, 1408.03894043
70.0, 190.0, 10.0, 1362.68005371
70.0, 200.0, 10.0, 1371.93798828
70.0, 210.0, 10.0, 1366.88305664
70.0, 220.0, 10.0, 1370.56201172
70.0, 230.0, 10.0, 1367.39099121
70.0, 240.0, 10.0, 1335.25000000
70.0, 250.0, 10.0, 1305.56201172
70.0, 260.0, 10.0, 1265.03100586
80.0, 0.0, 10.0, 821.48437500
80.0, 10.0, 10.0, 821.75000000
80.0, 20.0, 10.0, 848.87500000
80.0, 30.0, 10.0, 886.77337646
80.0, 40.0, 10.0, 1016.14099121
80.0, 50.0, 10.0, 1192.57800293
80.0, 60.0, 10.0, 1285.06201172
80.0, 70.0, 10.0, 1279.97705078
80.0, 80.0, 10.0, 1303.05505371
80.0, 90.0, 10.0, 1400.25805664
80.0, 100.0, 10.0, 1463.18798828
80.0, 110.0, 10.0, 1433.68798828
80.0, 120.0, 10.0, 1487.28894043
80.0, 130.0, 10.0, 1558.96105957
80.0, 140.0, 10.0, 1594.74194336
80.0, 150.0, 10.0, 1605.95300293
80.0, 160.0, 10.0, 1572.44494629
80.0, 170.0, 10.0, 1531.93798828
80.0, 180.0, 10.0, 1503.60205078
80.0, 190.0, 10.0, 1437.65600586
80.0, 200.0, 10.0, 1407.49194336
80.0, 210.0, 10.0, 1381.83605957
80.0, 220.0, 10.0, 1355.87500000
80.0, 230.0, 10.0, 1337.46899414
80.0, 240.0, 10.0, 1316.81994629
80.0, 250.0, 10.0, 1291.14794922
80.0, 260.0, 10.0, 1244.21899414
90.0, 0.0, 10.0, 853.09381104
90.0, 10.0, 10.0, 917.52337646
90.0, 20.0, 10.0, 997.86718750
90.0, 30.0, 10.0, 1077.21899414
90.0, 40.0, 10.0, 1186.71899414
90.0, 50.0, 10.0, 1325.23400879
90.0, 60.0, 10.0, 1450.09399414
90.0, 70.0, 10.0, 1392.29699707
90.0, 80.0, 10.0, 1438.14794922
90.0, 90.0, 10.0, 1460.36694336
90.0, 100.0, 10.0, 1546.71105957
90.0, 110.0, 10.0, 1572.20300293
90.0, 120.0, 10.0, 1599.04699707
90.0, 130.0, 10.0, 1641.76599121
90.0, 140.0, 10.0, 1665.28100586
90.0, 150.0, 10.0, 1621.25805664
90.0, 160.0, 10.0, 1601.43005371
90.0, 170.0, 10.0, 1591.78100586
90.0, 180.0, 10.0, 1561.19494629
90.0, 190.0, 10.0, 1482.01599121
90.0, 200.0, 10.0, 1405.96105957
90.0, 210.0, 10.0, 1381.43005371
90.0, 220.0, 10.0, 1329.81201172
90.0, 230.0, 10.0, 1306.90600586
90.0, 240.0, 10.0, 1277.23400879
90.0, 250.0, 10.0, 1264.04699707
90.0, 260.0, 10.0, 1232.39794922
100.0, 0.0, 10.0, 904.95312500
100.0, 10.0, 10.0, 1081.49194336
100.0, 20.0, 10.0, 1132.03100586
100.0, 30.0, 10.0, 1263.56201172
100.0, 40.0, 10.0, 1360.45300293
100.0, 50.0, 10.0, 1465.60205078
100.0, 60.0, 10.0, 1559.93005371
100.0, 70.0, 10.0, 1614.32800293
100.0, 80.0, 10.0, 1583.76599121
100.0, 90.0, 10.0, 1657.97705078
100.0, 100.0, 10.0, 1716.00000000
100.0, 110.0, 10.0, 1714.10900879
100.0, 120.0, 10.0, 1753.92199707
100.0, 130.0, 10.0, 1740.75805664
100.0, 140.0, 10.0, 1702.40600586
100.0, 150.0, 10.0, 1617.58605957
100.0, 160.0, 10.0, 1585.82800293
100.0, 170.0, 10.0, 1644.85900879
100.0, 180.0, 10.0, 1592.28894043
100.0, 190.0, 10.0, 1563.86694336
100.0, 200.0, 10.0, 1482.68005371
100.0, 210.0, 10.0, 1417.62500000
100.0, 220.0, 10.0, 1352.50000000
100.0, 230.0, 10.0, 1302.86694336
100.0, 240.0, 10.0, 1285.04699707
100.0, 250.0, 10.0, 1250.19494629
100.0, 260.0, 10.0, 1205.56994629
110.0, 0.0, 10.0, 990.12500000
110.0, 10.0, 10.0, 1070.92199707
110.0, 20.0, 10.0, 1248.20300293
110.0, 30.0, 10.0, 1406.71105957
110.0, 40.0, 10.0, 1617.30505371
110.0, 50.0, 10.0, 1726.35900879
110.0, 60.0, 10.0, 1730.13305664
110.0, 70.0, 10.0, 1807.00000000
110.0, 80.0, 10.0, 1807.06994629
110.0, 90.0, 10.0, 1793.39099121
110.0, 100.0, 10.0, 1908.58605957
110.0, 110.0, 10.0, 1855.28894043
110.0, 120.0, 10.0, 1800.95300293
110.0, 130.0, 10.0, 1803.44494629
110.0, 140.0, 10.0, 1716.10900879
110.0, 150.0, 10.0, 1670.54699707
110.0, 160.0, 10.0, 1607.96105957
110.0, 170.0, 10.0, 1649.47705078
110.0, 180.0, 10.0, 1619.36694336
110.0, 190.0, 10.0, 1600.05505371
110.0, 200.0, 10.0, 1597.89794922
110.0, 210.0, 10.0, 1523.56201172
110.0, 220.0, 10.0, 1433.68798828
110.0, 230.0, 10.0, 1359.89099121
110.0, 240.0, 10.0, 1359.64794922
110.0, 250.0, 10.0, 1324.64099121
110.0, 260.0, 10.0, 1243.78894043
120.0, 0.0, 10.0, 1037.91394043
120.0, 10.0, 10.0, 1335.93005371
120.0, 20.0, 10.0, 1419.31201172
120.0, 30.0, 10.0, 1481.89794922
120.0, 40.0, 10.0, 1786.94494629
120.0, 50.0, 10.0, 1850.00805664
120.0, 60.0, 10.0, 1834.25805664
120.0, 70.0, 10.0, 1840.06994629
120.0, 80.0, 10.0, 1833.75000000
120.0, 90.0, 10.0, 1813.37500000
120.0, 100.0, 10.0, 1966.10205078
120.0, 110.0, 10.0, 1892.75000000
120.0, 120.0, 10.0, 1890.85205078
120.0, 130.0, 10.0, 1829.31994629
120.0, 140.0, 10.0, 1730.27294922
120.0, 150.0, 10.0, 1604.07800293
120.0, 160.0, 10.0, 1609.87500000
120.0, 170.0, 10.0, 1344.27294922
120.0, 180.0, 10.0, 1635.36694336
120.0, 190.0, 10.0, 1607.78894043
120.0, 200.0, 10.0, 1634.22705078
120.0, 210.0, 10.0, 1609.43798828
120.0, 220.0, 10.0, 1516.46105957
120.0, 230.0, 10.0, 1423.14099121
120.0, 240.0, 10.0, 1427.51599121
120.0, 250.0, 10.0, 1412.01599121
120.0, 260.0, 10.0, 1354.21105957
130.0, 0.0, 10.0, 1055.39099121
130.0, 10.0, 10.0, 1288.13305664
130.0, 20.0, 10.0, 1475.18798828
130.0, 30.0, 10.0, 1618.33605957
130.0, 40.0, 10.0, 1703.24194336
130.0, 50.0, 10.0, 1865.60900879
130.0, 60.0, 10.0, 1946.02294922
130.0, 70.0, 10.0, 1966.63305664
130.0, 80.0, 10.0, 2020.89794922
130.0, 90.0, 10.0, 1823.77294922
130.0, 100.0, 10.0, 1964.34399414
130.0, 110.0, 10.0, 2003.43005371
130.0, 120.0, 10.0, 2000.72705078
130.0, 130.0, 10.0, 1919.95300293
130.0, 140.0, 10.0, 1861.47705078
130.0, 150.0, 10.0, 1818.81994629
130.0, 160.0, 10.0, 1585.03100586
130.0, 170.0, 10.0, 1648.28100586
130.0, 180.0, 10.0, 1278.33605957
130.0, 190.0, 10.0, 1659.92199707
130.0, 200.0, 10.0, 1674.36694336
130.0, 210.0, 10.0, 1695.28100586
130.0, 220.0, 10.0, 1649.53894043
130.0, 230.0, 10.0, 1589.06994629
130.0, 240.0, 10.0, 1545.02294922
130.0, 250.0, 10.0, 1478.86694336
130.0, 260.0, 10.0, 1422.14099121
140.0, 0.0, 10.0, 1078.75805664
140.0, 10.0, 10.0, 1135.52294922
140.0, 20.0, 10.0, 1344.89794922
140.0, 30.0, 10.0, 1594.97705078
140.0, 40.0, 10.0, 1746.46105957
140.0, 50.0, 10.0, 1960.06994629
140.0, 60.0, 10.0, 2048.55493164
140.0, 70.0, 10.0, 2004.26599121
140.0, 80.0, 10.0, 2061.25805664
140.0, 90.0, 10.0, 1994.97705078
140.0, 100.0, 10.0, 1933.14099121
140.0, 110.0, 10.0, 2031.50805664
140.0, 120.0, 10.0, 2089.21899414
140.0, 130.0, 10.0, 2041.02294922
140.0, 140.0, 10.0, 1962.81994629
140.0, 150.0, 10.0, 1833.32800293
140.0, 160.0, 10.0, 1682.75805664
140.0, 170.0, 10.0, 1581.98400879
140.0, 180.0, 10.0, 1372.59399414
140.0, 190.0, 10.0, 1423.30505371
140.0, 200.0, 10.0, 1710.50000000
140.0, 210.0, 10.0, 1727.71105957
140.0, 220.0, 10.0, 1717.66394043
140.0, 230.0, 10.0, 1669.56201172
140.0, 240.0, 10.0, 1584.27294922
140.0, 250.0, 10.0, 1492.37500000
140.0, 260.0, 10.0, 1400.30505371
150.0, 0.0, 10.0, 951.60162354
150.0, 10.0, 10.0, 1028.16003418
150.0, 20.0, 10.0, 1313.68005371
150.0, 30.0, 10.0, 1603.35205078
150.0, 40.0, 10.0, 1725.98400879
150.0, 50.0, 10.0, 1872.88305664
150.0, 60.0, 10.0, 1975.71105957
150.0, 70.0, 10.0, 2002.99194336
150.0, 80.0, 10.0, 2092.54711914
150.0, 90.0, 10.0, 2146.83593750
150.0, 100.0, 10.0, 2149.37500000
150.0, 110.0, 10.0, 2118.32006836
150.0, 120.0, 10.0, 2157.80493164
150.0, 130.0, 10.0, 2091.39111328
150.0, 140.0, 10.0, 1968.71105957
150.0, 150.0, 10.0, 1852.68005371
150.0, 160.0, 10.0, 1687.26599121
150.0, 170.0, 10.0, 1627.66394043
150.0, 180.0, 10.0, 1551.68005371
150.0, 190.0, 10.0, 1161.23400879
150.0, 200.0, 10.0, 1429.43005371
150.0, 210.0, 10.0, 1705.40600586
150.0, 220.0, 10.0, 1734.65600586
150.0, 230.0, 10.0, 1698.21105957
150.0, 240.0, 10.0, 1597.28894043
150.0, 250.0, 10.0, 1474.81994629
150.0, 260.0, 10.0, 1355.92199707
160.0, 0.0, 10.0, 892.79302979
160.0, 10.0, 10.0, 1199.02001953
160.0, 20.0, 10.0, 1518.07800293
160.0, 30.0, 10.0, 1602.95300293
160.0, 40.0, 10.0, 1815.48400879
160.0, 50.0, 10.0, 1915.78100586
160.0, 60.0, 10.0, 2046.35205078
160.0, 70.0, 10.0, 2115.16406250
160.0, 80.0, 10.0, 2169.54711914
160.0, 90.0, 10.0, 2210.49194336
160.0, 100.0, 10.0, 2199.10205078
160.0, 110.0, 10.0, 2153.89111328
160.0, 120.0, 10.0, 2110.67211914
160.0, 130.0, 10.0, 2003.14794922
160.0, 140.0, 10.0, 1893.32800293
160.0, 150.0, 10.0, 1743.83605957
160.0, 160.0, 10.0, 1639.80505371
160.0, 170.0, 10.0, 1553.73400879
160.0, 180.0, 10.0, 1532.28894043
160.0, 190.0, 10.0, 1387.55505371
160.0, 200.0, 10.0, 1277.58605957
160.0, 210.0, 10.0, 1576.21105957
160.0, 220.0, 10.0, 1645.91394043
160.0, 230.0, 10.0, 1647.28894043
160.0, 240.0, 10.0, 1563.29699707
160.0, 250.0, 10.0, 1419.96105957
160.0, 260.0, 10.0, 1290.21105957
170.0, 0.0, 10.0, 714.28912354
170.0, 10.0, 10.0, 1058.23803711
170.0, 20.0, 10.0, 1489.04699707
170.0, 30.0, 10.0, 1712.35205078
170.0, 40.0, 10.0, 1858.41394043
170.0, 50.0, 10.0, 1955.27294922
170.0, 60.0, 10.0, 2009.92199707
170.0, 70.0, 10.0, 2080.14794922
170.0, 80.0, 10.0, 2168.95288086
170.0, 90.0, 10.0, 2153.63305664
170.0, 100.0, 10.0, 2119.84399414
170.0, 110.0, 10.0, 2160.69506836
170.0, 120.0, 10.0, 2094.14794922
170.0, 130.0, 10.0, 1896.50000000
170.0, 140.0, 10.0, 1740.37500000
170.0, 150.0, 10.0, 1618.53894043
170.0, 160.0, 10.0, 1527.76599121
170.0, 170.0, 10.0, 1449.34399414
170.0, 180.0, 10.0, 1417.73400879
170.0, 190.0, 10.0, 1361.40600586
170.0, 200.0, 10.0, 1108.16394043
170.0, 210.0, 10.0, 1356.83605957
170.0, 220.0, 10.0, 1439.27294922
170.0, 230.0, 10.0, 1560.38305664
170.0, 240.0, 10.0, 1510.68798828
170.0, 250.0, 10.0, 1352.71899414
170.0, 260.0, 10.0, 1209.66394043
180.0, 0.0, 10.0, 1065.75402832
180.0, 10.0, 10.0, 872.25390625
180.0, 20.0, 10.0, 1767.60900879
180.0, 30.0, 10.0, 1868.78894043
180.0, 40.0, 10.0, 1886.35205078
180.0, 50.0, 10.0, 1903.02294922
180.0, 60.0, 10.0, 1957.33605957
180.0, 70.0, 10.0, 2008.77294922
180.0, 80.0, 10.0, 2106.16406250
180.0, 90.0, 10.0, 2074.83593750
180.0, 100.0, 10.0, 2126.16406250
180.0, 110.0, 10.0, 2084.99194336
180.0, 120.0, 10.0, 2010.45300293
180.0, 130.0, 10.0, 1892.93798828
180.0, 140.0, 10.0, 1763.18005371
180.0, 150.0, 10.0, 1605.81994629
180.0, 160.0, 10.0, 1540.89794922
180.0, 170.0, 10.0, 1531.42199707
180.0, 180.0, 10.0, 1384.96105957
180.0, 190.0, 10.0, 1275.10900879
180.0, 200.0, 10.0, 1140.10205078
180.0, 210.0, 10.0, 1230.86694336
180.0, 220.0, 10.0, 1165.14794922
180.0, 230.0, 10.0, 1473.44494629
180.0, 240.0, 10.0, 1470.35900879
180.0, 250.0, 10.0, 1306.78894043
180.0, 260.0, 10.0, 1114.91394043
190.0, 0.0, 10.0, 1249.68395996
190.0, 10.0, 10.0, 1399.10498047
190.0, 20.0, 10.0, 1783.62500000
190.0, 30.0, 10.0, 1845.90600586
190.0, 40.0, 10.0, 1846.46899414
190.0, 50.0, 10.0, 1898.62500000
190.0, 60.0, 10.0, 1868.75000000
190.0, 70.0, 10.0, 1895.08605957
190.0, 80.0, 10.0, 2017.01599121
190.0, 90.0, 10.0, 2051.48388672
190.0, 100.0, 10.0, 2053.81201172
190.0, 110.0, 10.0, 1948.64794922
190.0, 120.0, 10.0, 1891.72705078
190.0, 130.0, 10.0, 1794.28894043
190.0, 140.0, 10.0, 1817.06994629
190.0, 150.0, 10.0, 1691.64099121
190.0, 160.0, 10.0, 1555.91394043
190.0, 170.0, 10.0, 1597.41394043
190.0, 180.0, 10.0, 1566.21899414
190.0, 190.0, 10.0, 1564.90600586
190.0, 200.0, 10.0, 1164.41394043
190.0, 210.0, 10.0, 1248.34399414
190.0, 220.0, 10.0, 1147.32800293
190.0, 230.0, 10.0, 1348.68798828
190.0, 240.0, 10.0, 1375.40600586
190.0, 250.0, 10.0, 1218.41394043
190.0, 260.0, 10.0, 1013.17999268
200.0, 0.0, 10.0, 1597.30505371
200.0, 10.0, 10.0, 1324.07397461
200.0, 20.0, 10.0, 1695.46899414
200.0, 30.0, 10.0, 1996.70300293
200.0, 40.0, 10.0, 1900.41394043
200.0, 50.0, 10.0, 1936.71899414
200.0, 60.0, 10.0, 1948.30505371
200.0, 70.0, 10.0, 1852.69494629
200.0, 80.0, 10.0, 1878.56201172
200.0, 90.0, 10.0, 1986.66394043
200.0, 100.0, 10.0, 1968.48400879
200.0, 110.0, 10.0, 1935.77294922
200.0, 120.0, 10.0, 1837.06994629
200.0, 130.0, 10.0, 1775.94494629
200.0, 140.0, 10.0, 1849.63305664
200.0, 150.0, 10.0, 1666.18005371
200.0, 160.0, 10.0, 1721.19494629
200.0, 170.0, 10.0, 1615.31994629
200.0, 180.0, 10.0, 1454.03100586
200.0, 190.0, 10.0, 1645.68005371
200.0, 200.0, 10.0, 1672.64099121
200.0, 210.0, 10.0, 1599.28894043
200.0, 220.0, 10.0, 1455.43005371
200.0, 230.0, 10.0, 1383.15600586
200.0, 240.0, 10.0, 1188.80505371
200.0, 250.0, 10.0, 1145.47705078
200.0, 260.0, 10.0, 911.96087646
210.0, 0.0, 10.0, 1903.37500000
210.0, 10.0, 10.0, 1955.09399414
210.0, 20.0, 10.0, 1895.45300293
210.0, 30.0, 10.0, 1636.93798828
210.0, 40.0, 10.0, 2021.79699707
210.0, 50.0, 10.0, 2072.38305664
210.0, 60.0, 10.0, 1872.00000000
210.0, 70.0, 10.0, 1729.46899414
210.0, 80.0, 10.0, 1796.93798828
210.0, 90.0, 10.0, 1937.50000000
210.0, 100.0, 10.0, 1994.07800293
210.0, 110.0, 10.0, 1937.69494629
210.0, 120.0, 10.0, 1749.42199707
210.0, 130.0, 10.0, 1841.75000000
210.0, 140.0, 10.0, 1925.35205078
210.0, 150.0, 10.0, 1831.34399414
210.0, 160.0, 10.0, 1642.86694336
210.0, 170.0, 10.0, 1713.50805664
210.0, 180.0, 10.0, 1650.68798828
210.0, 190.0, 10.0, 1556.63305664
210.0, 200.0, 10.0, 1572.82800293
210.0, 210.0, 10.0, 1675.38305664
210.0, 220.0, 10.0, 1344.17199707
210.0, 230.0, 10.0, 879.06250000
210.0, 240.0, 10.0, 1010.53900146
210.0, 250.0, 10.0, 915.14062500
210.0, 260.0, 10.0, 791.68750000
220.0, 0.0, 10.0, 2276.22705078
220.0, 10.0, 10.0, 2049.54711914
220.0, 20.0, 10.0, 2032.89794922
220.0, 30.0, 10.0, 2080.12500000
220.0, 40.0, 10.0, 2084.26611328
220.0, 50.0, 10.0, 2072.32006836
220.0, 60.0, 10.0, 1923.35900879
220.0, 70.0, 10.0, 1749.34399414
220.0, 80.0, 10.0, 1767.35900879
220.0, 90.0, 10.0, 1787.42199707
220.0, 100.0, 10.0, 1905.92199707
220.0, 110.0, 10.0, 1764.90600586
220.0, 120.0, 10.0, 1642.89794922
220.0, 130.0, 10.0, 1652.93005371
220.0, 140.0, 10.0, 1934.13305664
220.0, 150.0, 10.0, 1941.84399414
220.0, 160.0, 10.0, 1882.98400879
220.0, 170.0, 10.0, 1810.76599121
220.0, 180.0, 10.0, 1791.35205078
220.0, 190.0, 10.0, 1579.89099121
220.0, 200.0, 10.0, 1430.25805664
220.0, 210.0, 10.0, 1707.24194336
220.0, 220.0, 10.0, 1664.82800293
220.0, 230.0, 10.0, 1470.13305664
220.0, 240.0, 10.0, 860.54687500
220.0, 250.0, 10.0, 467.07809448
220.0, 260.0, 10.0, 598.92187500
230.0, 0.0, 10.0, 2253.82006836
230.0, 10.0, 10.0, 2229.70288086
230.0, 20.0, 10.0, 2220.88305664
230.0, 30.0, 10.0, 2067.23388672
230.0, 40.0, 10.0, 2051.00805664
230.0, 50.0, 10.0, 2063.44506836
230.0, 60.0, 10.0, 1846.66394043
230.0, 70.0, 10.0, 1886.37500000
230.0, 80.0, 10.0, 1821.60205078
230.0, 90.0, 10.0, 1740.41394043
230.0, 100.0, 10.0, 1764.62500000
230.0, 110.0, 10.0, 1966.56994629
230.0, 120.0, 10.0, 1943.30505371
230.0, 130.0, 10.0, 1869.73400879
230.0, 140.0, 10.0, 1933.46105957
230.0, 150.0, 10.0, 1918.43005371
230.0, 160.0, 10.0, 1602.74194336
230.0, 170.0, 10.0, 1451.49194336
230.0, 180.0, 10.0, 1627.98400879
230.0, 190.0, 10.0, 1577.03100586
230.0, 200.0, 10.0, 1502.41394043
230.0, 210.0, 10.0, 1501.40600586
230.0, 220.0, 10.0, 1277.75000000
230.0, 230.0, 10.0, 1396.67199707
230.0, 240.0, 10.0, 903.50000000
230.0, 250.0, 10.0, 445.96881104
230.0, 260.0, 10.0, 525.44531250
0.0, 0.0, 20.0, 467.27340698
0.0, 10.0, 20.0, 476.07809448
0.0, 20.0, 20.0, 485.27731323
0.0, 30.0, 20.0, 333.92968750
0.0, 40.0, 20.0, 177.44529724
0.0, 50.0, 20.0, 161.17579651
0.0, 60.0, 20.0, 189.68750000
0.0, 70.0, 20.0, 218.04299927
0.0, 80.0, 20.0, 238.72270203
0.0, 90.0, 20.0, 253.57029724
0.0, 100.0, 20.0, 267.88281250
0.0, 110.0, 20.0, 272.77731323
0.0, 120.0, 20.0, 290.78909302
0.0, 130.0, 20.0, 320.85159302
0.0, 140.0, 20.0, 341.17968750
0.0, 150.0, 20.0, 362.50000000
0.0, 160.0, 20.0, 373.07418823
0.0, 170.0, 20.0, 411.07809448
0.0, 180.0, 20.0, 389.51559448
0.0, 190.0, 20.0, 382.62500000
0.0, 200.0, 20.0, 376.14059448
0.0, 210.0, 20.0, 416.22659302
0.0, 220.0, 20.0, 409.26168823
0.0, 230.0, 20.0, 367.45309448
0.0, 240.0, 20.0, 374.95309448
0.0, 250.0, 20.0, 377.89059448
0.0, 260.0, 20.0, 373.51559448
10.0, 0.0, 20.0, 500.37500000
10.0, 10.0, 20.0, 478.68359375
10.0, 20.0, 20.0, 433.72268677
10.0, 30.0, 20.0, 325.76950073
10.0, 40.0, 20.0, 189.47659302
10.0, 50.0, 20.0, 191.74220276
10.0, 60.0, 20.0, 205.57029724
10.0, 70.0, 20.0, 245.75000000
10.0, 80.0, 20.0, 274.09381104
10.0, 90.0, 20.0, 309.69531250
10.0, 100.0, 20.0, 333.20700073
10.0, 110.0, 20.0, 352.79690552
10.0, 120.0, 20.0, 366.44918823
10.0, 130.0, 20.0, 378.06640625
10.0, 140.0, 20.0, 398.73440552
10.0, 150.0, 20.0, 416.64840698
10.0, 160.0, 20.0, 419.87890625
10.0, 170.0, 20.0, 409.54299927
10.0, 180.0, 20.0, 410.14450073
10.0, 190.0, 20.0, 387.97268677
10.0, 200.0, 20.0, 414.91409302
10.0, 210.0, 20.0, 435.69140625
10.0, 220.0, 20.0, 437.25781250
10.0, 230.0, 20.0, 430.29690552
10.0, 240.0, 20.0, 416.11331177
10.0, 250.0, 20.0, 407.75781250
10.0, 260.0, 20.0, 407.73831177
20.0, 0.0, 20.0, 501.18359375
20.0, 10.0, 20.0, 441.59381104
20.0, 20.0, 20.0, 428.34768677
20.0, 30.0, 20.0, 397.21481323
20.0, 40.0, 20.0, 185.79690552
20.0, 50.0, 20.0, 220.16799927
20.0, 60.0, 20.0, 240.93359375
20.0, 70.0, 20.0, 277.28118896
20.0, 80.0, 20.0, 303.35940552
20.0, 90.0, 20.0, 334.62500000
20.0, 100.0, 20.0, 356.67581177
20.0, 110.0, 20.0, 379.21881104
20.0, 120.0, 20.0, 396.82809448
20.0, 130.0, 20.0, 408.10940552
20.0, 140.0, 20.0, 419.71481323
20.0, 150.0, 20.0, 435.46481323
20.0, 160.0, 20.0, 452.73049927
20.0, 170.0, 20.0, 450.51950073
20.0, 180.0, 20.0, 460.27340698
20.0, 190.0, 20.0, 476.18359375
20.0, 200.0, 20.0, 499.99218750
20.0, 210.0, 20.0, 502.02340698
20.0, 220.0, 20.0, 499.09381104
20.0, 230.0, 20.0, 481.11331177
20.0, 240.0, 20.0, 453.95700073
20.0, 250.0, 20.0, 441.33981323
20.0, 260.0, 20.0, 437.44918823
30.0, 0.0, 20.0, 451.76559448
30.0, 10.0, 20.0, 371.21090698
30.0, 20.0, 20.0, 373.80468750
30.0, 30.0, 20.0, 391.26168823
30.0, 40.0, 20.0, 178.83979797
30.0, 50.0, 20.0, 214.52340698
30.0, 60.0, 20.0, 253.57420349
30.0, 70.0, 20.0, 282.96090698
30.0, 80.0, 20.0, 309.81250000
30.0, 90.0, 20.0, 340.38668823
30.0, 100.0, 20.0, 368.25781250
30.0, 110.0, 20.0, 392.95700073
30.0, 120.0, 20.0, 410.76950073
30.0, 130.0, 20.0, 425.05859375
30.0, 140.0, 20.0, 444.86331177
30.0, 150.0, 20.0, 466.39059448
30.0, 160.0, 20.0, 486.77731323
30.0, 170.0, 20.0, 500.48831177
30.0, 180.0, 20.0, 504.44918823
30.0, 190.0, 20.0, 519.88671875
30.0, 200.0, 20.0, 547.97271729
30.0, 210.0, 20.0, 528.92968750
30.0, 220.0, 20.0, 555.17968750
30.0, 230.0, 20.0, 527.81250000
30.0, 240.0, 20.0, 504.82418823
30.0, 250.0, 20.0, 483.42968750
30.0, 260.0, 20.0, 476.23831177
40.0, 0.0, 20.0, 371.35940552
40.0, 10.0, 20.0, 292.59768677
40.0, 20.0, 20.0, 279.98831177
40.0, 30.0, 20.0, 190.77729797
40.0, 40.0, 20.0, 160.76170349
40.0, 50.0, 20.0, 210.71479797
40.0, 60.0, 20.0, 265.81250000
40.0, 70.0, 20.0, 305.28118896
40.0, 80.0, 20.0, 327.45309448
40.0, 90.0, 20.0, 356.48049927
40.0, 100.0, 20.0, 382.00000000
40.0, 110.0, 20.0, 423.80081177
40.0, 120.0, 20.0, 446.85549927
40.0, 130.0, 20.0, 454.28909302
40.0, 140.0, 20.0, 469.87109375
40.0, 150.0, 20.0, 498.86718750
40.0, 160.0, 20.0, 525.79302979
40.0, 170.0, 20.0, 550.07031250
40.0, 180.0, 20.0, 556.17578125
40.0, 190.0, 20.0, 556.55078125
40.0, 200.0, 20.0, 556.73437500
40.0, 210.0, 20.0, 594.94531250
40.0, 220.0, 20.0, 587.32031250
40.0, 230.0, 20.0, 582.89447021
40.0, 240.0, 20.0, 560.22662354
40.0, 250.0, 20.0, 535.48828125
40.0, 260.0, 20.0, 515.16021729
50.0, 0.0, 20.0, 317.17581177
50.0, 10.0, 20.0, 330.17190552
50.0, 20.0, 20.0, 290.51559448
50.0, 30.0, 20.0, 173.88670349
50.0, 40.0, 20.0, 157.00390625
50.0, 50.0, 20.0, 214.21879578
50.0, 60.0, 20.0, 260.74218750
50.0, 70.0, 20.0, 308.67190552
50.0, 80.0, 20.0, 365.01559448
50.0, 90.0, 20.0, 395.08590698
50.0, 100.0, 20.0, 412.94918823
50.0, 110.0, 20.0, 459.66799927
50.0, 120.0, 20.0, 485.08590698
50.0, 130.0, 20.0, 486.78518677
50.0, 140.0, 20.0, 498.42581177
50.0, 150.0, 20.0, 526.81250000
50.0, 160.0, 20.0, 551.12109375
50.0, 170.0, 20.0, 576.41802979
50.0, 180.0, 20.0, 591.10937500
50.0, 190.0, 20.0, 575.03118896
50.0, 200.0, 20.0, 582.14837646
50.0, 210.0, 20.0, 628.43750000
50.0, 220.0, 20.0, 624.18359375
50.0, 230.0, 20.0, 610.02337646
50.0, 240.0, 20.0, 594.42187500
50.0, 250.0, 20.0, 570.23828125
50.0, 260.0, 20.0, 548.11718750
60.0, 0.0, 20.0, 375.37500000
60.0, 10.0, 20.0, 301.81640625
60.0, 20.0, 20.0, 340.61718750
60.0, 30.0, 20.0, 268.20700073
60.0, 40.0, 20.0, 261.06250000
60.0, 50.0, 20.0, 352.22659302
60.0, 60.0, 20.0, 354.21881104
60.0, 70.0, 20.0, 363.53118896
60.0, 80.0, 20.0, 395.94918823
60.0, 90.0, 20.0, 462.27340698
60.0, 100.0, 20.0, 488.59381104
60.0, 110.0, 20.0, 514.01562500
60.0, 120.0, 20.0, 537.39447021
60.0, 130.0, 20.0, 540.95312500
60.0, 140.0, 20.0, 568.20697021
60.0, 150.0, 20.0, 586.64837646
60.0, 160.0, 20.0, 594.53118896
60.0, 170.0, 20.0, 595.42187500
60.0, 180.0, 20.0, 588.25781250
60.0, 190.0, 20.0, 568.05859375
60.0, 200.0, 20.0, 578.18750000
60.0, 210.0, 20.0, 606.22662354
60.0, 220.0, 20.0, 628.44140625
60.0, 230.0, 20.0, 605.52337646
60.0, 240.0, 20.0, 591.34771729
60.0, 250.0, 20.0, 583.81250000
60.0, 260.0, 20.0, 569.05468750
70.0, 0.0, 20.0, 378.58200073
70.0, 10.0, 20.0, 300.74218750
70.0, 20.0, 20.0, 366.79299927
70.0, 30.0, 20.0, 344.40618896
70.0, 40.0, 20.0, 382.06640625
70.0, 50.0, 20.0, 444.39840698
70.0, 60.0, 20.0, 456.78909302
70.0, 70.0, 20.0, 462.07031250
70.0, 80.0, 20.0, 484.26559448
70.0, 90.0, 20.0, 526.94140625
70.0, 100.0, 20.0, 544.17578125
70.0, 110.0, 20.0, 563.98052979
70.0, 120.0, 20.0, 575.24218750
70.0, 130.0, 20.0, 575.83587646
70.0, 140.0, 20.0, 624.89447021
70.0, 150.0, 20.0, 629.51171875
70.0, 160.0, 20.0, 632.38671875
70.0, 170.0, 20.0, 626.25781250
70.0, 180.0, 20.0, 620.58978271
70.0, 190.0, 20.0, 600.01562500
70.0, 200.0, 20.0, 602.98437500
70.0, 210.0, 20.0, 606.49218750
70.0, 220.0, 20.0, 608.04302979
70.0, 230.0, 20.0, 609.64062500
70.0, 240.0, 20.0, 585.50781250
70.0, 250.0, 20.0, 565.92968750
70.0, 260.0, 20.0, 551.22662354
80.0, 0.0, 20.0, 356.82418823
80.0, 10.0, 20.0, 353.46481323
80.0, 20.0, 20.0, 359.11718750
80.0, 30.0, 20.0, 377.85940552
80.0, 40.0, 20.0, 442.48831177
80.0, 50.0, 20.0, 520.76947021
80.0, 60.0, 20.0, 547.00390625
80.0, 70.0, 20.0, 528.45697021
80.0, 80.0, 20.0, 536.08197021
80.0, 90.0, 20.0, 581.78912354
80.0, 100.0, 20.0, 619.16412354
80.0, 110.0, 20.0, 607.95697021
80.0, 120.0, 20.0, 635.55468750
80.0, 130.0, 20.0, 668.13671875
80.0, 140.0, 20.0, 685.14837646
80.0, 150.0, 20.0, 690.17187500
80.0, 160.0, 20.0, 674.65618896
80.0, 170.0, 20.0, 654.87500000
80.0, 180.0, 20.0, 651.59381104
80.0, 190.0, 20.0, 621.70312500
80.0, 200.0, 20.0, 615.61718750
80.0, 210.0, 20.0, 606.25390625
80.0, 220.0, 20.0, 594.04302979
80.0, 230.0, 20.0, 584.62890625
80.0, 240.0, 20.0, 574.65618896
80.0, 250.0, 20.0, 555.09771729
80.0, 260.0, 20.0, 529.09381104
90.0, 0.0, 20.0, 373.82809448
90.0, 10.0, 20.0, 403.19140625
90.0, 20.0, 20.0, 435.28909302
90.0, 30.0, 20.0, 468.72268677
90.0, 40.0, 20.0, 521.52337646
90.0, 50.0, 20.0, 580.97271729
90.0, 60.0, 20.0, 617.07421875
90.0, 70.0, 20.0, 586.18750000
90.0, 80.0, 20.0, 598.71087646
90.0, 90.0, 20.0, 614.62500000
90.0, 100.0, 20.0, 652.02728271
90.0, 110.0, 20.0, 666.50390625
90.0, 120.0, 20.0, 678.57031250
90.0, 130.0, 20.0, 698.77337646
90.0, 140.0, 20.0, 715.67187500
90.0, 150.0, 20.0, 704.09771729
90.0, 160.0, 20.0, 699.82031250
90.0, 170.0, 20.0, 690.60937500
90.0, 180.0, 20.0, 672.61328125
90.0, 190.0, 20.0, 638.75000000
90.0, 200.0, 20.0, 601.30078125
90.0, 210.0, 20.0, 593.65618896
90.0, 220.0, 20.0, 574.52337646
90.0, 230.0, 20.0, 568.01171875
90.0, 240.0, 20.0, 556.45697021
90.0, 250.0, 20.0, 545.45697021
90.0, 260.0, 20.0, 524.64837646
100.0, 0.0, 20.0, 397.04299927
100.0, 10.0, 20.0, 472.26950073
100.0, 20.0, 20.0, 492.25000000
100.0, 30.0, 20.0, 555.08197021
100.0, 40.0, 20.0, 599.27728271
100.0, 50.0, 20.0, 640.05468750
100.0, 60.0, 20.0, 668.96881104
100.0, 70.0, 20.0, 677.58587646
100.0, 80.0, 20.0, 679.20312500
100.0, 90.0, 20.0, 700.84771729
100.0, 100.0, 20.0, 727.90618896
100.0, 110.0, 20.0, 728.40228271
100.0, 120.0, 20.0, 757.11718750
100.0, 130.0, 20.0, 758.34381104
100.0, 140.0, 20.0, 747.00781250
100.0, 150.0, 20.0, 717.40228271
100.0, 160.0, 20.0, 704.61718750
100.0, 170.0, 20.0, 729.87109375
100.0, 180.0, 20.0, 699.98828125
100.0, 190.0, 20.0, 681.09381104
100.0, 200.0, 20.0, 644.35162354
100.0, 210.0, 20.0, 615.03521729
100.0, 220.0, 20.0, 586.42968750
100.0, 230.0, 20.0, 565.78521729
100.0, 240.0, 20.0, 559.73828125
100.0, 250.0, 20.0, 546.69921875
100.0, 260.0, 20.0, 526.37109375
110.0, 0.0, 20.0, 443.75000000
110.0, 10.0, 20.0, 467.18750000
110.0, 20.0, 20.0, 546.60552979
110.0, 30.0, 20.0, 619.63671875
110.0, 40.0, 20.0, 711.18359375
110.0, 50.0, 20.0, 753.26562500
110.0, 60.0, 20.0, 728.87109375
110.0, 70.0, 20.0, 782.52337646
110.0, 80.0, 20.0, 789.36328125
110.0, 90.0, 20.0, 790.44140625
110.0, 100.0, 20.0, 846.10937500
110.0, 110.0, 20.0, 817.09771729
110.0, 120.0, 20.0, 793.64447021
110.0, 130.0, 20.0, 797.75390625
110.0, 140.0, 20.0, 761.62500000
110.0, 150.0, 20.0, 744.68750000
110.0, 160.0, 20.0, 719.68750000
110.0, 170.0, 20.0, 741.21478271
110.0, 180.0, 20.0, 727.80468750
110.0, 190.0, 20.0, 717.82421875
110.0, 200.0, 20.0, 713.62109375
110.0, 210.0, 20.0, 676.78118896
110.0, 220.0, 20.0, 634.93359375
110.0, 230.0, 20.0, 600.98052979
110.0, 240.0, 20.0, 599.95697021
110.0, 250.0, 20.0, 582.35937500
110.0, 260.0, 20.0, 545.58978271
120.0, 0.0, 20.0, 466.30859375
120.0, 10.0, 20.0, 591.71087646
120.0, 20.0, 20.0, 628.57031250
120.0, 30.0, 20.0, 651.69140625
120.0, 40.0, 20.0, 790.95312500
120.0, 50.0, 20.0, 820.22662354
120.0, 60.0, 20.0, 814.72662354
120.0, 70.0, 20.0, 817.45697021
120.0, 80.0, 20.0, 814.62890625
120.0, 90.0, 20.0, 804.35937500
120.0, 100.0, 20.0, 874.47662354
120.0, 110.0, 20.0, 837.47271729
120.0, 120.0, 20.0, 836.40618896
120.0, 130.0, 20.0, 811.56250000
120.0, 140.0, 20.0, 769.71881104
120.0, 150.0, 20.0, 715.48052979
120.0, 160.0, 20.0, 722.29302979
120.0, 170.0, 20.0, 604.28521729
120.0, 180.0, 20.0, 741.00781250
120.0, 190.0, 20.0, 729.19140625
120.0, 200.0, 20.0, 742.16021729
120.0, 210.0, 20.0, 730.19531250
120.0, 220.0, 20.0, 684.58978271
120.0, 230.0, 20.0, 638.69921875
120.0, 240.0, 20.0, 639.82812500
120.0, 250.0, 20.0, 632.76171875
120.0, 260.0, 20.0, 608.22271729
130.0, 0.0, 20.0, 478.38668823
130.0, 10.0, 20.0, 574.63671875
130.0, 20.0, 20.0, 653.86718750
130.0, 30.0, 20.0, 719.77728271
130.0, 40.0, 20.0, 759.87500000
130.0, 50.0, 20.0, 832.47271729
130.0, 60.0, 20.0, 866.58978271
130.0, 70.0, 20.0, 877.03118896
130.0, 80.0, 20.0, 900.99609375
130.0, 90.0, 20.0, 813.65618896
130.0, 100.0, 20.0, 876.25781250
130.0, 110.0, 20.0, 896.62500000
130.0, 120.0, 20.0, 897.00390625
130.0, 130.0, 20.0, 860.62500000
130.0, 140.0, 20.0, 833.78521729
130.0, 150.0, 20.0, 816.21881104
130.0, 160.0, 20.0, 711.03118896
130.0, 170.0, 20.0, 743.72271729
130.0, 180.0, 20.0, 574.47271729
130.0, 190.0, 20.0, 752.24609375
130.0, 200.0, 20.0, 759.05859375
130.0, 210.0, 20.0, 769.65618896
130.0, 220.0, 20.0, 749.08197021
130.0, 230.0, 20.0, 722.73052979
130.0, 240.0, 20.0, 702.74218750
130.0, 250.0, 20.0, 671.96881104
130.0, 260.0, 20.0, 645.64062500
140.0, 0.0, 20.0, 493.44918823
140.0, 10.0, 20.0, 513.45312500
140.0, 20.0, 20.0, 603.98437500
140.0, 30.0, 20.0, 715.53521729
140.0, 40.0, 20.0, 786.72271729
140.0, 50.0, 20.0, 886.60162354
140.0, 60.0, 20.0, 923.45312500
140.0, 70.0, 20.0, 901.11718750
140.0, 80.0, 20.0, 927.35552979
140.0, 90.0, 20.0, 897.85937500
140.0, 100.0, 20.0, 870.73437500
140.0, 110.0, 20.0, 917.51562500
140.0, 120.0, 20.0, 946.17968750
140.0, 130.0, 20.0, 925.32812500
140.0, 140.0, 20.0, 890.19531250
140.0, 150.0, 20.0, 830.77337646
140.0, 160.0, 20.0, 762.60552979
140.0, 170.0, 20.0, 717.25390625
140.0, 180.0, 20.0, 622.41021729
140.0, 190.0, 20.0, 646.53521729
140.0, 200.0, 20.0, 777.07812500
140.0, 210.0, 20.0, 784.07421875
140.0, 220.0, 20.0, 778.68359375
140.0, 230.0, 20.0, 758.96881104
140.0, 240.0, 20.0, 720.51171875
140.0, 250.0, 20.0, 678.64447021
140.0, 260.0, 20.0, 637.45697021
150.0, 0.0, 20.0, 438.76168823
150.0, 10.0, 20.0, 472.87109375
150.0, 20.0, 20.0, 595.19921875
150.0, 30.0, 20.0, 724.57421875
150.0, 40.0, 20.0, 782.46087646
150.0, 50.0, 20.0, 851.41412354
150.0, 60.0, 20.0, 897.51947021
150.0, 70.0, 20.0, 908.02337646
150.0, 80.0, 20.0, 948.54302979
150.0, 90.0, 20.0, 975.91802979
150.0, 100.0, 20.0, 978.54302979
150.0, 110.0, 20.0, 965.50390625
150.0, 120.0, 20.0, 985.51562500
150.0, 130.0, 20.0, 955.89062500
150.0, 140.0, 20.0, 899.40618896
150.0, 150.0, 20.0, 845.50781250
150.0, 160.0, 20.0, 768.59771729
150.0, 170.0, 20.0, 740.20312500
150.0, 180.0, 20.0, 705.74218750
150.0, 190.0, 20.0, 528.42578125
150.0, 200.0, 20.0, 650.12500000
150.0, 210.0, 20.0, 776.36718750
150.0, 220.0, 20.0, 790.67968750
150.0, 230.0, 20.0, 775.34381104
150.0, 240.0, 20.0, 729.54302979
150.0, 250.0, 20.0, 673.01947021
150.0, 260.0, 20.0, 618.05859375
160.0, 0.0, 20.0, 410.65039063
160.0, 10.0, 20.0, 546.87890625
160.0, 20.0, 20.0, 691.17968750
160.0, 30.0, 20.0, 730.01171875
160.0, 40.0, 20.0, 825.93750000
160.0, 50.0, 20.0, 873.47271729
160.0, 60.0, 20.0, 932.63281250
160.0, 70.0, 20.0, 963.94531250
160.0, 80.0, 20.0, 990.75000000
160.0, 90.0, 20.0, 1011.64801025
160.0, 100.0, 20.0, 1007.12097168
160.0, 110.0, 20.0, 987.78912354
160.0, 120.0, 20.0, 968.98437500
160.0, 130.0, 20.0, 919.56250000
160.0, 140.0, 20.0, 868.34381104
160.0, 150.0, 20.0, 796.81250000
160.0, 160.0, 20.0, 746.91802979
160.0, 170.0, 20.0, 706.71881104
160.0, 180.0, 20.0, 696.81250000
160.0, 190.0, 20.0, 632.30468750
160.0, 200.0, 20.0, 581.69531250
160.0, 210.0, 20.0, 718.63671875
160.0, 220.0, 20.0, 751.44921875
160.0, 230.0, 20.0, 752.94921875
160.0, 240.0, 20.0, 715.08197021
160.0, 250.0, 20.0, 649.29687500
160.0, 260.0, 20.0, 589.43359375
170.0, 0.0, 20.0, 329.18359375
170.0, 10.0, 20.0, 486.10159302
170.0, 20.0, 20.0, 682.18359375
170.0, 30.0, 20.0, 782.51562500
170.0, 40.0, 20.0, 850.00390625
170.0, 50.0, 20.0, 894.27728271
170.0, 60.0, 20.0, 918.14062500
170.0, 70.0, 20.0, 950.48828125
170.0, 80.0, 20.0, 992.80468750
170.0, 90.0, 20.0, 988.32421875
170.0, 100.0, 20.0, 974.16802979
170.0, 110.0, 20.0, 994.42578125
170.0, 120.0, 20.0, 963.76171875
170.0, 130.0, 20.0, 871.70697021
170.0, 140.0, 20.0, 797.19921875
170.0, 150.0, 20.0, 738.19921875
170.0, 160.0, 20.0, 695.19531250
170.0, 170.0, 20.0, 659.02728271
170.0, 180.0, 20.0, 644.19531250
170.0, 190.0, 20.0, 618.60552979
170.0, 200.0, 20.0, 504.03909302
170.0, 210.0, 20.0, 617.64447021
170.0, 220.0, 20.0, 656.13671875
170.0, 230.0, 20.0, 711.68359375
170.0, 240.0, 20.0, 689.19531250
170.0, 250.0, 20.0, 616.81250000
170.0, 260.0, 20.0, 550.73828125
180.0, 0.0, 20.0, 491.00390625
180.0, 10.0, 20.0, 401.08401489
180.0, 20.0, 20.0, 811.65618896
180.0, 30.0, 20.0, 859.00781250
180.0, 40.0, 20.0, 864.94531250
180.0, 50.0, 20.0, 873.92968750
180.0, 60.0, 20.0, 896.89062500
180.0, 70.0, 20.0, 920.48052979
180.0, 80.0, 20.0, 966.98828125
180.0, 90.0, 20.0, 953.80468750
180.0, 100.0, 20.0, 978.77337646
180.0, 110.0, 20.0, 960.38671875
180.0, 120.0, 20.0, 925.00390625
180.0, 130.0, 20.0, 868.44531250
180.0, 140.0, 20.0, 805.54687500
180.0, 150.0, 20.0, 731.28912354
180.0, 160.0, 20.0, 699.89447021
180.0, 170.0, 20.0, 695.01562500
180.0, 180.0, 20.0, 628.77337646
180.0, 190.0, 20.0, 578.30468750
180.0, 200.0, 20.0, 517.60552979
180.0, 210.0, 20.0, 558.94140625
180.0, 220.0, 20.0, 530.64062500
180.0, 230.0, 20.0, 671.66021729
180.0, 240.0, 20.0, 670.76562500
180.0, 250.0, 20.0, 595.11718750
180.0, 260.0, 20.0, 505.53909302
190.0, 0.0, 20.0, 576.62109375
190.0, 10.0, 20.0, 643.51562500
190.0, 20.0, 20.0, 821.31640625
190.0, 30.0, 20.0, 850.78118896
190.0, 40.0, 20.0, 850.69921875
190.0, 50.0, 20.0, 873.66412354
190.0, 60.0, 20.0, 858.23437500
190.0, 70.0, 20.0, 870.08587646
190.0, 80.0, 20.0, 927.16412354
190.0, 90.0, 20.0, 943.69531250
190.0, 100.0, 20.0, 946.49609375
190.0, 110.0, 20.0, 897.52337646
190.0, 120.0, 20.0, 869.83978271
190.0, 130.0, 20.0, 822.83587646
190.0, 140.0, 20.0, 831.45697021
190.0, 150.0, 20.0, 772.61718750
190.0, 160.0, 20.0, 709.82812500
190.0, 170.0, 20.0, 728.08978271
190.0, 180.0, 20.0, 713.25000000
190.0, 190.0, 20.0, 712.49218750
190.0, 200.0, 20.0, 530.18750000
190.0, 210.0, 20.0, 568.44531250
190.0, 220.0, 20.0, 523.32031250
190.0, 230.0, 20.0, 616.84381104
190.0, 240.0, 20.0, 630.43750000
190.0, 250.0, 20.0, 557.12109375
190.0, 260.0, 20.0, 458.97659302
200.0, 0.0, 20.0, 737.92187500
200.0, 10.0, 20.0, 610.61718750
200.0, 20.0, 20.0, 781.95312500
200.0, 30.0, 20.0, 919.43359375
200.0, 40.0, 20.0, 875.12890625
200.0, 50.0, 20.0, 890.83978271
200.0, 60.0, 20.0, 894.16021729
200.0, 70.0, 20.0, 849.87890625
200.0, 80.0, 20.0, 862.62109375
200.0, 90.0, 20.0, 912.61718750
200.0, 100.0, 20.0, 907.33197021
200.0, 110.0, 20.0, 891.34381104
200.0, 120.0, 20.0, 844.83587646
200.0, 130.0, 20.0, 816.17968750
200.0, 140.0, 20.0, 849.72271729
200.0, 150.0, 20.0, 765.01947021
200.0, 160.0, 20.0, 790.42968750
200.0, 170.0, 20.0, 741.14062500
200.0, 180.0, 20.0, 667.14837646
200.0, 190.0, 20.0, 755.45312500
200.0, 200.0, 20.0, 768.15228271
200.0, 210.0, 20.0, 734.84771729
200.0, 220.0, 20.0, 669.08197021
200.0, 230.0, 20.0, 635.09771729
200.0, 240.0, 20.0, 545.89062500
200.0, 250.0, 20.0, 524.95312500
200.0, 260.0, 20.0, 411.97659302
210.0, 0.0, 20.0, 879.58197021
210.0, 10.0, 20.0, 900.91802979
210.0, 20.0, 20.0, 873.72271729
210.0, 30.0, 20.0, 754.29687500
210.0, 40.0, 20.0, 929.71478271
210.0, 50.0, 20.0, 953.99609375
210.0, 60.0, 20.0, 859.40228271
210.0, 70.0, 20.0, 793.06640625
210.0, 80.0, 20.0, 823.07031250
210.0, 90.0, 20.0, 888.69921875
210.0, 100.0, 20.0, 918.43359375
210.0, 110.0, 20.0, 892.46478271
210.0, 120.0, 20.0, 805.20697021
210.0, 130.0, 20.0, 847.74609375
210.0, 140.0, 20.0, 885.97271729
210.0, 150.0, 20.0, 842.64447021
210.0, 160.0, 20.0, 755.70697021
210.0, 170.0, 20.0, 788.14447021
210.0, 180.0, 20.0, 759.64837646
210.0, 190.0, 20.0, 716.32812500
210.0, 200.0, 20.0, 724.16412354
210.0, 210.0, 20.0, 772.01947021
210.0, 220.0, 20.0, 619.34771729
210.0, 230.0, 20.0, 403.93750000
210.0, 240.0, 20.0, 464.99218750
210.0, 250.0, 20.0, 418.73440552
210.0, 260.0, 20.0, 356.49218750
220.0, 0.0, 20.0, 1051.83605957
220.0, 10.0, 20.0, 944.81250000
220.0, 20.0, 20.0, 937.26947021
220.0, 30.0, 20.0, 959.19140625
220.0, 40.0, 20.0, 960.37890625
220.0, 50.0, 20.0, 954.35552979
220.0, 60.0, 20.0, 883.85552979
220.0, 70.0, 20.0, 802.49218750
220.0, 80.0, 20.0, 808.56640625
220.0, 90.0, 20.0, 819.19531250
220.0, 100.0, 20.0, 875.39062500
220.0, 110.0, 20.0, 812.54687500
220.0, 120.0, 20.0, 756.19140625
220.0, 130.0, 20.0, 760.75000000
220.0, 140.0, 20.0, 890.76947021
220.0, 150.0, 20.0, 894.21087646
220.0, 160.0, 20.0, 866.94531250
220.0, 170.0, 20.0, 833.23437500
220.0, 180.0, 20.0, 824.66412354
220.0, 190.0, 20.0, 726.72662354
220.0, 200.0, 20.0, 658.22662354
220.0, 210.0, 20.0, 786.66412354
220.0, 220.0, 20.0, 767.72271729
220.0, 230.0, 20.0, 677.63671875
220.0, 240.0, 20.0, 395.25000000
220.0, 250.0, 20.0, 212.90620422
220.0, 260.0, 20.0, 267.87500000
230.0, 0.0, 20.0, 1041.80505371
230.0, 10.0, 20.0, 1028.35900879
230.0, 20.0, 20.0, 1025.12902832
230.0, 30.0, 20.0, 964.42578125
230.0, 40.0, 20.0, 945.45697021
230.0, 50.0, 20.0, 950.03118896
230.0, 60.0, 20.0, 849.67578125
230.0, 70.0, 20.0, 866.79302979
230.0, 80.0, 20.0, 836.39062500
230.0, 90.0, 20.0, 799.13671875
230.0, 100.0, 20.0, 810.19140625
230.0, 110.0, 20.0, 904.89062500
230.0, 120.0, 20.0, 895.25000000
230.0, 130.0, 20.0, 860.99218750
230.0, 140.0, 20.0, 890.75390625
230.0, 150.0, 20.0, 884.11718750
230.0, 160.0, 20.0, 738.11328125
230.0, 170.0, 20.0, 667.71478271
230.0, 180.0, 20.0, 749.21087646
230.0, 190.0, 20.0, 725.60162354
230.0, 200.0, 20.0, 691.73052979
230.0, 210.0, 20.0, 691.81250000
230.0, 220.0, 20.0, 588.48828125
230.0, 230.0, 20.0, 643.94921875
230.0, 240.0, 20.0, 415.53118896
230.0, 250.0, 20.0, 203.46879578
230.0, 260.0, 20.0, 235.50390625
