S
I=18,J=16
0.000000, 0.000000, 1556.593994
15.000000, 0.000000, 1670.437988
30.000000, 0.000000, 2346.500000
45.000000, 0.000000, 2661.108887
60.000000, 0.000000, 2403.508057
75.000000, 0.000000, 2191.593994
90.000000, 0.000000, 2056.375000
105.000000, 0.000000, 1979.640991
120.000000, 0.000000, 1934.078003
135.000000, 0.000000, 1819.062012
150.000000, 0.000000, 1657.133057
165.000000, 0.000000, 1514.171997
180.000000, 0.000000, 1336.109009
195.000000, 0.000000, 1221.241943
210.000000, 0.000000, 1232.750000
225.000000, 0.000000, 1168.265991
240.000000, 0.000000, 1153.515991
255.000000, 0.000000, 1192.711060
0.000000, 15.000000, 1708.555054
15.000000, 15.000000, 1786.125000
30.000000, 15.000000, 1975.555054
45.000000, 15.000000, 2685.352051
60.000000, 15.000000, 2735.422119
75.000000, 15.000000, 2502.602051
90.000000, 15.000000, 2231.179932
105.000000, 15.000000, 2092.758057
120.000000, 15.000000, 1907.633057
135.000000, 15.000000, 1703.538940
150.000000, 15.000000, 1422.265991
165.000000, 15.000000, 1163.258057
180.000000, 15.000000, 1009.773010
195.000000, 15.000000, 927.757813
210.000000, 15.000000, 846.085876
225.000000, 15.000000, 760.523376
240.000000, 15.000000, 862.812500
255.000000, 15.000000, 1009.320007
0.000000, 30.000000, 1795.288940
15.000000, 30.000000, 1866.711060
30.000000, 30.000000, 1840.241943
45.000000, 30.000000, 3053.320068
60.000000, 30.000000, 2828.781006
75.000000, 30.000000, 2580.593994
90.000000, 30.000000, 2285.445068
105.000000, 30.000000, 2032.397949
120.000000, 30.000000, 1765.991943
135.000000, 30.000000, 1552.437988
150.000000, 30.000000, 1223.125000
165.000000, 30.000000, 954.531189
180.000000, 30.000000, 725.984375
195.000000, 30.000000, 575.828125
210.000000, 30.000000, 502.328094
225.000000, 30.000000, 486.304688
240.000000, 30.000000, 647.632813
255.000000, 30.000000, 838.070313
0.000000, 45.000000, 2146.914063
15.000000, 45.000000, 2168.477051
30.000000, 45.000000, 2714.679932
45.000000, 45.000000, 3102.102051
60.000000, 45.000000, 3002.991943
75.000000, 45.000000, 2699.733887
90.000000, 45.000000, 2371.202881
105.000000, 45.000000, 2059.687988
120.000000, 45.000000, 1713.602051
135.000000, 45.000000, 1387.383057
150.000000, 45.000000, 1013.757996
165.000000, 45.000000, 716.343811
180.000000, 45.000000, 475.031189
195.000000, 45.000000, 251.039093
210.000000, 45.000000, 86.656250
225.000000, 45.000000, 130.164093
240.000000, 45.000000, 349.710907
255.000000, 45.000000, 630.476624
0.000000, 60.000000, 2143.608887
15.000000, 60.000000, 2325.116943
30.000000, 60.000000, 2982.281006
45.000000, 60.000000, 3162.789063
60.000000, 60.000000, 3030.852051
75.000000, 60.000000, 2779.195068
90.000000, 60.000000, 2399.125000
105.000000, 60.000000, 2090.375000
120.000000, 60.000000, 1728.093994
135.000000, 60.000000, 1225.593994
150.000000, 60.000000, 724.125000
165.000000, 60.000000, 317.265594
180.000000, 60.000000, 52.062500
195.000000, 60.000000, -168.554703
210.000000, 60.000000, -332.179688
225.000000, 60.000000, -276.906189
240.000000, 60.000000, 18.750000
255.000000, 60.000000, 391.445313
0.000000, 75.000000, 2266.906006
15.000000, 75.000000, 2498.477051
30.000000, 75.000000, 3034.147949
45.000000, 75.000000, 2816.647949
60.000000, 75.000000, 2919.781006
75.000000, 75.000000, 2731.547119
90.000000, 75.000000, 2429.945068
105.000000, 75.000000, 2077.414063
120.000000, 75.000000, 1611.461060
135.000000, 75.000000, 1147.265991
150.000000, 75.000000, 544.023376
165.000000, 75.000000, -129.515594
180.000000, 75.000000, -559.351624
195.000000, 75.000000, -942.335876
210.000000, 75.000000, -984.023376
225.000000, 75.000000, -757.117188
240.000000, 75.000000, -375.789093
255.000000, 75.000000, 103.601601
0.000000, 90.000000, 2304.304932
15.000000, 90.000000, 2558.414063
30.000000, 90.000000, 2626.945068
45.000000, 90.000000, 2734.733887
60.000000, 90.000000, 2790.647949
75.000000, 90.000000, 2639.406006
90.000000, 90.000000, 2368.585938
105.000000, 90.000000, 2012.812012
120.000000, 90.000000, 1463.163940
135.000000, 90.000000, 909.257813
150.000000, 90.000000, 83.406250
165.000000, 90.000000, -885.460876
180.000000, 90.000000, -1797.718994
195.000000, 90.000000, -2045.156006
210.000000, 90.000000, -1721.265991
225.000000, 90.000000, -1199.890991
240.000000, 90.000000, -715.226624
255.000000, 90.000000, -164.117203
0.000000, 105.000000, 2222.562012
15.000000, 105.000000, 2369.233887
30.000000, 105.000000, 2566.445068
45.000000, 105.000000, 2709.522949
60.000000, 105.000000, 2750.945068
75.000000, 105.000000, 2592.960938
90.000000, 105.000000, 2364.102051
105.000000, 105.000000, 1978.343994
120.000000, 105.000000, 1431.555054
135.000000, 105.000000, 698.773376
150.000000, 105.000000, -287.468811
165.000000, 105.000000, -1624.656006
180.000000, 105.000000, -3069.304932
195.000000, 105.000000, -3376.452881
210.000000, 105.000000, -2428.108887
225.000000, 105.000000, -1705.569946
240.000000, 105.000000, -994.273376
255.000000, 105.000000, -344.320313
0.000000, 120.000000, 1748.211060
15.000000, 120.000000, 2061.133057
30.000000, 120.000000, 2257.500000
45.000000, 120.000000, 2637.468994
60.000000, 120.000000, 2626.452881
75.000000, 120.000000, 2561.031006
90.000000, 120.000000, 2175.664063
105.000000, 120.000000, 1979.437988
120.000000, 120.000000, 1419.305054
135.000000, 120.000000, 601.007813
150.000000, 120.000000, -494.257813
165.000000, 120.000000, -1853.319946
180.000000, 120.000000, -2991.539063
195.000000, 120.000000, -3524.141113
210.000000, 120.000000, -2792.741943
225.000000, 120.000000, -1876.203003
240.000000, 120.000000, -937.367188
255.000000, 120.000000, -404.554688
0.000000, 135.000000, 1581.500000
15.000000, 135.000000, 1800.647949
30.000000, 135.000000, 2077.616943
45.000000, 135.000000, 2296.281006
60.000000, 135.000000, 2582.414063
75.000000, 135.000000, 2611.866943
90.000000, 135.000000, 2090.977051
105.000000, 135.000000, 1796.421997
120.000000, 135.000000, 1539.444946
135.000000, 135.000000, 898.312500
150.000000, 135.000000, 22.281250
165.000000, 135.000000, -995.359375
180.000000, 135.000000, -2151.241943
195.000000, 135.000000, -2407.195068
210.000000, 135.000000, -2160.397949
225.000000, 135.000000, -1492.125000
240.000000, 135.000000, -891.015625
255.000000, 135.000000, -357.445313
0.000000, 150.000000, 1271.883057
15.000000, 150.000000, 1502.296997
30.000000, 150.000000, 1842.663940
45.000000, 150.000000, 2159.218994
60.000000, 150.000000, 2431.054932
75.000000, 150.000000, 2516.102051
90.000000, 150.000000, 2393.039063
105.000000, 150.000000, 2062.406006
120.000000, 150.000000, 1715.991943
135.000000, 150.000000, 1126.102051
150.000000, 150.000000, 507.398407
165.000000, 150.000000, -252.054703
180.000000, 150.000000, -945.750000
195.000000, 150.000000, -1494.515991
210.000000, 150.000000, -954.890625
225.000000, 150.000000, -666.500000
240.000000, 150.000000, -709.500000
255.000000, 150.000000, -222.750000
0.000000, 165.000000, 1054.538940
15.000000, 165.000000, 1263.022949
30.000000, 165.000000, 1594.727051
45.000000, 165.000000, 2021.750000
60.000000, 165.000000, 2385.687988
75.000000, 165.000000, 2488.750000
90.000000, 165.000000, 2378.687988
105.000000, 165.000000, 2181.202881
120.000000, 165.000000, 1850.062012
135.000000, 165.000000, 1326.788940
150.000000, 165.000000, 858.640625
165.000000, 165.000000, 378.617188
180.000000, 165.000000, -32.773441
195.000000, 165.000000, -550.109375
210.000000, 165.000000, 41.945309
225.000000, 165.000000, -132.234406
240.000000, 165.000000, 25.664061
255.000000, 165.000000, 178.835907
0.000000, 180.000000, 1202.616943
15.000000, 180.000000, 1369.515991
30.000000, 180.000000, 1580.772949
45.000000, 180.000000, 1859.234009
60.000000, 180.000000, 2171.843994
75.000000, 180.000000, 2496.202881
90.000000, 180.000000, 2383.272949
105.000000, 180.000000, 2267.687988
120.000000, 180.000000, 2006.647949
135.000000, 180.000000, 1551.218994
150.000000, 180.000000, 1248.444946
165.000000, 180.000000, 1074.390991
180.000000, 180.000000, 635.625000
195.000000, 180.000000, 286.054688
210.000000, 180.000000, 523.546875
225.000000, 180.000000, 589.453125
240.000000, 180.000000, 902.945313
255.000000, 180.000000, 948.359375
0.000000, 195.000000, 1219.758057
15.000000, 195.000000, 1125.022949
30.000000, 195.000000, 1490.241943
45.000000, 195.000000, 1769.453003
60.000000, 195.000000, 2156.539063
75.000000, 195.000000, 2455.327881
90.000000, 195.000000, 2442.062012
105.000000, 195.000000, 2217.202881
120.000000, 195.000000, 2063.883057
135.000000, 195.000000, 1901.187988
150.000000, 195.000000, 1432.078003
165.000000, 195.000000, 1299.272949
180.000000, 195.000000, 1166.500000
195.000000, 195.000000, 1125.062012
210.000000, 195.000000, 1098.937988
225.000000, 195.000000, 701.679688
240.000000, 195.000000, 1477.133057
255.000000, 195.000000, 1691.906006
0.000000, 210.000000, 1308.680054
15.000000, 210.000000, 1198.741943
30.000000, 210.000000, 1278.930054
45.000000, 210.000000, 2023.897949
60.000000, 210.000000, 2144.147949
75.000000, 210.000000, 2273.460938
90.000000, 210.000000, 2559.891113
105.000000, 210.000000, 2341.750000
120.000000, 210.000000, 2002.296997
135.000000, 210.000000, 2132.281006
150.000000, 210.000000, 1942.843994
165.000000, 210.000000, 1703.312012
180.000000, 210.000000, 1552.687988
195.000000, 210.000000, 1389.921997
210.000000, 210.000000, 1463.852051
225.000000, 210.000000, 987.289124
240.000000, 210.000000, 1356.366943
255.000000, 210.000000, 1933.288940
0.000000, 225.000000, 1508.500000
15.000000, 225.000000, 1428.397949
30.000000, 225.000000, 1625.953003
45.000000, 225.000000, 2011.772949
60.000000, 225.000000, 2065.008057
75.000000, 225.000000, 2523.906006
90.000000, 225.000000, 2449.125000
105.000000, 225.000000, 2338.000000
120.000000, 225.000000, 2007.859009
135.000000, 225.000000, 1885.156006
150.000000, 225.000000, 2067.508057
165.000000, 225.000000, 1920.961060
180.000000, 225.000000, 1795.508057
195.000000, 225.000000, 1402.430054
210.000000, 225.000000, 1550.805054
225.000000, 225.000000, 1765.055054
240.000000, 225.000000, 1741.694946
255.000000, 225.000000, 1680.046997
