S
I=18,J=16
0.000000, 0.000000, 1556.593994
15.000000, 0.000000, 1670.437988
30.000000, 0.000000, 2346.500000
45.000000, 0.000000, 2661.108887
60.000000, 0.000000, 2403.508057
75.000000, 0.000000, 2191.593994
90.000000, 0.000000, 2056.375000
105.000000, 0.000000, 1979.640991
120.000000, 0.000000, 1934.078003
135.000000, 0.000000, 1819.062012
150.000000, 0.000000, 1657.133057
165.000000, 0.000000, 1514.171997
180.000000, 0.000000, 1336.109009
195.000000, 0.000000, 1221.241943
210.000000, 0.000000, 1232.750000
225.000000, 0.000000, 1168.265991
240.000000, 0.000000, 1153.515991
255.000000, 0.000000, 1192.711060
0.000000, 15.000000, 1708.555054
15.000000, 15.000000, 1774.468994
30.000000, 15.000000, 1977.680054
45.000000, 15.000000, 2717.062012
60.000000, 15.000000, 2789.141113
75.000000, 15.000000, 2562.343994
90.000000, 15.000000, 2290.952881
105.000000, 15.000000, 2124.656006
120.000000, 15.000000, 1941.633057
135.000000, 15.000000, 1677.930054
150.000000, 15.000000, 1369.444946
165.000000, 15.000000, 1164.546997
180.000000, 15.000000, 1021.640991
195.000000, 15.000000, 966.632813
210.000000, 15.000000, 923.125000
225.000000, 15.000000, 797.953125
240.000000, 15.000000, 888.781189
255.000000, 15.000000, 1047.508057
0.000000, 30.000000, 1795.288940
15.000000, 30.000000, 1869.180054
30.000000, 30.000000, 1839.602051
45.000000, 30.000000, 3127.320068
60.000000, 30.000000, 2850.093994
75.000000, 30.000000, 2628.718994
90.000000, 30.000000, 2347.616943
105.000000, 30.000000, 2045.444946
120.000000, 30.000000, 1778.897949
135.000000, 30.000000, 1620.147949
150.000000, 30.000000, 1204.055054
165.000000, 30.000000, 923.851624
180.000000, 30.000000, 708.507813
195.000000, 30.000000, 577.367188
210.000000, 30.000000, 534.000000
225.000000, 30.000000, 505.921906
240.000000, 30.000000, 680.148376
255.000000, 30.000000, 875.984375
0.000000, 45.000000, 2146.914063
15.000000, 45.000000, 2185.227051
30.000000, 45.000000, 2741.016113
45.000000, 45.000000, 3165.531006
60.000000, 45.000000, 3043.633057
75.000000, 45.000000, 2745.327881
90.000000, 45.000000, 2405.047119
105.000000, 45.000000, 2116.125000
120.000000, 45.000000, 1836.328003
135.000000, 45.000000, 1350.727051
150.000000, 45.000000, 1024.781006
165.000000, 45.000000, 643.484375
180.000000, 45.000000, 376.468811
195.000000, 45.000000, 191.531204
210.000000, 45.000000, 122.257797
225.000000, 45.000000, 289.148407
240.000000, 45.000000, 419.984406
255.000000, 45.000000, 657.453125
0.000000, 60.000000, 2143.608887
15.000000, 60.000000, 2344.797119
30.000000, 60.000000, 3041.929932
45.000000, 60.000000, 3198.272949
60.000000, 60.000000, 3083.516113
75.000000, 60.000000, 2799.335938
90.000000, 60.000000, 2455.429932
105.000000, 60.000000, 2149.250000
120.000000, 60.000000, 1846.609009
135.000000, 60.000000, 1336.055054
150.000000, 60.000000, 818.578125
165.000000, 60.000000, 349.406189
180.000000, 60.000000, 35.156250
195.000000, 60.000000, -212.945297
210.000000, 60.000000, -254.453094
225.000000, 60.000000, -131.023407
240.000000, 60.000000, 46.984379
255.000000, 60.000000, 378.992188
0.000000, 75.000000, 2266.906006
15.000000, 75.000000, 2545.343994
30.000000, 75.000000, 3086.797119
45.000000, 75.000000, 2850.016113
60.000000, 75.000000, 2959.195068
75.000000, 75.000000, 2768.406006
90.000000, 75.000000, 2479.483887
105.000000, 75.000000, 2143.172119
120.000000, 75.000000, 1754.390991
135.000000, 75.000000, 1268.984009
150.000000, 75.000000, 666.546875
165.000000, 75.000000, -59.046879
180.000000, 75.000000, -552.296875
195.000000, 75.000000, -931.437500
210.000000, 75.000000, -907.554688
225.000000, 75.000000, -572.132813
240.000000, 75.000000, -246.375000
255.000000, 75.000000, 120.132797
0.000000, 90.000000, 2304.304932
15.000000, 90.000000, 2623.179932
30.000000, 90.000000, 2689.383057
45.000000, 90.000000, 2792.858887
60.000000, 90.000000, 2865.477051
75.000000, 90.000000, 2705.352051
90.000000, 90.000000, 2421.797119
105.000000, 90.000000, 2135.797119
120.000000, 90.000000, 1574.852051
135.000000, 90.000000, 1051.508057
150.000000, 90.000000, 265.234406
165.000000, 90.000000, -772.335876
180.000000, 90.000000, -1742.616943
195.000000, 90.000000, -2065.602051
210.000000, 90.000000, -1619.991943
225.000000, 90.000000, -1091.218994
240.000000, 90.000000, -621.851624
255.000000, 90.000000, -81.460938
0.000000, 105.000000, 2222.562012
15.000000, 105.000000, 2432.750000
30.000000, 105.000000, 2649.289063
45.000000, 105.000000, 2784.937988
60.000000, 105.000000, 2827.702881
75.000000, 105.000000, 2662.710938
90.000000, 105.000000, 2438.070068
105.000000, 105.000000, 2069.827881
120.000000, 105.000000, 1546.437988
135.000000, 105.000000, 885.914124
150.000000, 105.000000, -39.656250
165.000000, 105.000000, -1288.468994
180.000000, 105.000000, -2723.804932
195.000000, 105.000000, -3113.156006
210.000000, 105.000000, -2278.952881
225.000000, 105.000000, -1510.055054
240.000000, 105.000000, -774.945313
255.000000, 105.000000, -262.742188
0.000000, 120.000000, 1748.211060
15.000000, 120.000000, 2126.585938
30.000000, 120.000000, 2315.491943
45.000000, 120.000000, 2706.062012
60.000000, 120.000000, 2670.047119
75.000000, 120.000000, 2617.858887
90.000000, 120.000000, 2253.241943
105.000000, 120.000000, 2084.297119
120.000000, 120.000000, 1565.031006
135.000000, 120.000000, 810.898376
150.000000, 120.000000, -142.765594
165.000000, 120.000000, -1568.906006
180.000000, 120.000000, -2160.718994
195.000000, 120.000000, -3086.008057
210.000000, 120.000000, -2393.983887
225.000000, 120.000000, -1504.069946
240.000000, 120.000000, -750.031189
255.000000, 120.000000, -283.492188
0.000000, 135.000000, 1581.500000
15.000000, 135.000000, 1846.671997
30.000000, 135.000000, 2112.022949
45.000000, 135.000000, 2351.585938
60.000000, 135.000000, 2615.570068
75.000000, 135.000000, 2655.687988
90.000000, 135.000000, 2152.289063
105.000000, 135.000000, 1871.397949
120.000000, 135.000000, 1677.038940
135.000000, 135.000000, 1117.227051
150.000000, 135.000000, 375.390594
165.000000, 135.000000, -766.671875
180.000000, 135.000000, -1484.758057
195.000000, 135.000000, -2005.968994
210.000000, 135.000000, -1664.796997
225.000000, 135.000000, -1228.227051
240.000000, 135.000000, -698.257813
255.000000, 135.000000, -238.937500
0.000000, 150.000000, 1271.883057
15.000000, 150.000000, 1526.046997
30.000000, 150.000000, 1881.586060
45.000000, 150.000000, 2195.233887
60.000000, 150.000000, 2464.945068
75.000000, 150.000000, 2530.241943
90.000000, 150.000000, 2433.539063
105.000000, 150.000000, 2108.125000
120.000000, 150.000000, 1810.805054
135.000000, 150.000000, 1355.062012
150.000000, 150.000000, 850.500000
165.000000, 150.000000, 130.132797
180.000000, 150.000000, -492.578094
195.000000, 150.000000, -1037.694946
210.000000, 150.000000, -497.460907
225.000000, 150.000000, -529.164124
240.000000, 150.000000, -448.234406
255.000000, 150.000000, -48.156250
0.000000, 165.000000, 1054.538940
15.000000, 165.000000, 1283.586060
30.000000, 165.000000, 1627.647949
45.000000, 165.000000, 2033.890991
60.000000, 165.000000, 2375.156006
75.000000, 165.000000, 2483.375000
90.000000, 165.000000, 2437.289063
105.000000, 165.000000, 2223.664063
120.000000, 165.000000, 1918.741943
135.000000, 165.000000, 1454.961060
150.000000, 165.000000, 1088.477051
165.000000, 165.000000, 714.757813
180.000000, 165.000000, 233.914093
195.000000, 165.000000, -322.335907
210.000000, 165.000000, 129.093796
225.000000, 165.000000, 162.367203
240.000000, 165.000000, 295.898407
255.000000, 165.000000, 386.023407
0.000000, 180.000000, 1202.616943
15.000000, 180.000000, 1401.930054
30.000000, 180.000000, 1613.055054
45.000000, 180.000000, 1847.647949
60.000000, 180.000000, 2159.031006
75.000000, 180.000000, 2477.022949
90.000000, 180.000000, 2393.531006
105.000000, 180.000000, 2299.547119
120.000000, 180.000000, 2060.312012
135.000000, 180.000000, 1573.758057
150.000000, 180.000000, 1322.194946
165.000000, 180.000000, 1232.008057
180.000000, 180.000000, 863.289124
195.000000, 180.000000, 525.328125
210.000000, 180.000000, 602.070313
225.000000, 180.000000, 892.757813
240.000000, 180.000000, 1141.711060
255.000000, 180.000000, 1074.312012
0.000000, 195.000000, 1219.758057
15.000000, 195.000000, 1143.578003
30.000000, 195.000000, 1501.522949
45.000000, 195.000000, 1801.102051
60.000000, 195.000000, 2158.891113
75.000000, 195.000000, 2457.585938
90.000000, 195.000000, 2421.641113
105.000000, 195.000000, 2232.968994
120.000000, 195.000000, 2093.547119
135.000000, 195.000000, 1951.180054
150.000000, 195.000000, 1543.015991
165.000000, 195.000000, 1392.930054
180.000000, 195.000000, 1236.147949
195.000000, 195.000000, 1246.633057
210.000000, 195.000000, 1241.015991
225.000000, 195.000000, 860.031189
240.000000, 195.000000, 1545.180054
255.000000, 195.000000, 1789.062012
0.000000, 210.000000, 1308.680054
15.000000, 210.000000, 1219.538940
30.000000, 210.000000, 1289.140991
45.000000, 210.000000, 2049.531006
60.000000, 210.000000, 2155.210938
75.000000, 210.000000, 2290.039063
90.000000, 210.000000, 2551.789063
105.000000, 210.000000, 2395.375000
120.000000, 210.000000, 2002.147949
135.000000, 210.000000, 2134.406006
150.000000, 210.000000, 1926.281006
165.000000, 210.000000, 1694.336060
180.000000, 210.000000, 1592.883057
195.000000, 210.000000, 1357.680054
210.000000, 210.000000, 1528.656006
225.000000, 210.000000, 1088.616943
240.000000, 210.000000, 1508.430054
255.000000, 210.000000, 2076.772949
0.000000, 225.000000, 1508.500000
15.000000, 225.000000, 1432.477051
30.000000, 225.000000, 1633.413940
45.000000, 225.000000, 2027.375000
60.000000, 225.000000, 2073.508057
75.000000, 225.000000, 2531.804932
90.000000, 225.000000, 2426.718994
105.000000, 225.000000, 2352.664063
120.000000, 225.000000, 2011.031006
135.000000, 225.000000, 1858.758057
150.000000, 225.000000, 2094.929932
165.000000, 225.000000, 1923.413940
180.000000, 225.000000, 1832.703003
195.000000, 225.000000, 1415.116943
210.000000, 225.000000, 1511.515991
225.000000, 225.000000, 1781.531006
240.000000, 225.000000, 1757.562012
255.000000, 225.000000, 1662.913940
